1.000000000000000000e+00 0.000000000000000000e+00 0.000000000000000000e+00
1.000000000000000000e+00 0.000000000000000000e+00 0.000000000000000000e+00
1.000000000000000000e+00 0.000000000000000000e+00 0.000000000000000000e+00
1.000000000000000000e+00 0.000000000000000000e+00 0.000000000000000000e+00
1.000000000000000000e+00 0.000000000000000000e+00 0.000000000000000000e+00
1.000000000000000000e+00 0.000000000000000000e+00 0.000000000000000000e+00
1.000000000000000000e+00 0.000000000000000000e+00 0.000000000000000000e+00
1.000000000000000000e+00 0.000000000000000000e+00 0.000000000000000000e+00
1.000000000000000000e+00 0.000000000000000000e+00 0.000000000000000000e+00
1.000000000000000000e+00 0.000000000000000000e+00 0.000000000000000000e+00
1.000000000000000000e+00 0.000000000000000000e+00 0.000000000000000000e+00
1.000000000000000000e+00 0.000000000000000000e+00 0.000000000000000000e+00
1.000000000000000000e+00 0.000000000000000000e+00 0.000000000000000000e+00
1.000000000000000000e+00 0.000000000000000000e+00 0.000000000000000000e+00
1.000000000000000000e+00 0.000000000000000000e+00 0.000000000000000000e+00
1.000000000000000000e+00 0.000000000000000000e+00 0.000000000000000000e+00
1.000000000000000000e+00 0.000000000000000000e+00 0.000000000000000000e+00
1.000000000000000000e+00 0.000000000000000000e+00 0.000000000000000000e+00
1.000000000000000000e+00 0.000000000000000000e+00 0.000000000000000000e+00
1.000000000000000000e+00 0.000000000000000000e+00 0.000000000000000000e+00
1.000000000000000000e+00 0.000000000000000000e+00 0.000000000000000000e+00
1.000000000000000000e+00 0.000000000000000000e+00 0.000000000000000000e+00
9.999999807732826707e-01 1.029668210840492656e-04 -1.668947874731468084e-04
9.999999024074990306e-01 2.919221567613661098e-04 -3.316217875734312642e-04
9.999997183521521782e-01 5.655389933623583857e-04 -4.934298961647798441e-04
9.999993625879438630e-01 9.221053605471547353e-04 -6.515854612385031100e-04
9.999987515304413765e-01 1.359534248351746419e-03 -8.053755859914754969e-04
9.999977863342631723e-01 1.875375203005140781e-03 -9.541113198573939348e-04
9.999963555479189914e-01 2.466827541977479818e-03 -1.097130723487470434e-03
9.999943380630746947e-01 3.130755121807296711e-03 -1.233801794236755222e-03
9.999916062967646457e-01 3.863702585515508148e-03 -1.363525239325690972e-03
9.999880295410323860e-01 4.661913009869675557e-03 -1.485737084515376030e-03
9.999834774117092318e-01 5.521346866446962681e-03 -1.599911106861033562e-03
9.999778233265805838e-01 6.437702204397280359e-03 -1.705561080892490375e-03
9.999709479430585191e-01 7.406435957074495452e-03 -1.802242828413551856e-03
9.999627424866657233e-01 8.422786269333404352e-03 -1.889556063013566939e-03
9.999531119041106253e-01 9.481795737336902799e-03 -1.967146021342735217e-03
9.999419777784376295e-01 1.057833544823689326e-02 -2.034704874215180308e-03
9.999292809485905709e-01 1.170712970313928653e-02 -2.091972911666600821e-03
9.999149837816336817e-01 1.286278130339171127e-02 -2.138739497201297239e-03
9.998990720527092257e-01 1.403979727749203599e-02 -2.174843787610192865e-03
9.998815563954437380e-01 1.523261492385083807e-02 -2.200175215919619384e-03
9.998624732937907433e-01 1.643562804328876567e-02 -2.214673736231614204e-03
9.998418855950577111e-01 1.764321323453860169e-02 -2.218329830430919563e-03
9.998198825329419615e-01 1.884975612617036805e-02 -2.211184277951797582e-03
9.997965792586174238e-01 2.004967741927388483e-02 -2.193327691008757716e-03
9.997721158870994662e-01 2.123745861691328507e-02 -2.164899818888830086e-03
9.997466560750961628e-01 2.240766731879752574e-02 -2.126088626068620060e-03
9.997203851551654807e-01 2.355498196276393369e-02 -2.077129150047007412e-03
9.996935078590778456e-01 2.467421589851216679e-02 -2.018302145864517543e-03
9.996662456706949529e-01 2.576034068350791656e-02 -1.949932525304476708e-03
9.996388338552766317e-01 2.680850849604523786e-02 -1.872387599731457951e-03
9.996115182178124670e-01 2.781407356605322678e-02 -1.786075136412809683e-03
9.995845516476452586e-01 2.877261253029124097e-02 -1.691441238984129920e-03
9.995581905102299825e-01 2.967994362502850147e-02 -1.588968063455644883e-03
9.995326909493105205e-01 3.053214463607899568e-02 -1.479171381811217670e-03
9.995083051640533123e-01 3.132556953309180436e-02 -1.362598005824158234e-03
9.994852777257530185e-01 3.205686372221380753e-02 -1.239823084204412246e-03
9.994638419976259458e-01 3.272297785858311464e-02 -1.111447286601556072e-03
9.994442167189702131e-01 3.332118016752027428e-02 -9.780938883198015896e-04
9.994266028116491896e-01 3.384906723070910811e-02 -8.404057698582697048e-04
9.994111804625214202e-01 3.430457320105625291e-02 -6.990423455761134944e-04
9.994017492679200254e-01 3.458313373686119213e-02 -3.878813625469036534e-04
9.993977589398235217e-01 3.470033997024470074e-02 -7.656592826867021943e-05
9.993992557745770000e-01 3.465650135054808983e-02 2.334655269567621630e-04
9.994061843647392696e-01 3.445266674433582199e-02 5.407880903986611587e-04
9.994183896863869654e-01 3.409061577586105368e-02 8.439967825052950047e-04
9.994356209945101099e-01 3.357284699109099046e-02 1.141712851596192240e-03
9.994575374364218501e-01 3.290256290463802746e-02 1.432589923205481851e-03
9.994837152627804588e-01 3.208365199720392830e-02 1.715319980009940692e-03
9.995136564879454344e-01 3.112066773987564455e-02 1.988639148609616745e-03
9.995467988264302717e-01 3.001880473096371627e-02 2.251333269754861137e-03
9.995825267105907797e-01 2.878387204114935677e-02 2.502243228959927322e-03
9.996201831767579371e-01 2.742226387355325978e-02 2.740270024841472574e-03
9.996590823930864289e-01 2.594092765694921629e-02 2.964379553003114714e-03
9.996985225926707797e-01 2.434732970265258978e-02 3.173607083887129178e-03
9.997377991701424937e-01 2.264941856849505414e-02 3.367061413762030032e-03
9.997762176990746541e-01 2.085558628657787836e-02 3.543928668937350399e-03
9.998131066310961268e-01 1.897462762495582406e-02 3.703475744416882647e-03
9.998478294455621640e-01 1.701569756678401879e-02 3.845053359535468424e-03
9.998797960307952426e-01 1.498826720347458917e-02 3.968098714681791810e-03
9.999084730940431820e-01 1.290207825075551269e-02 4.072137734992703831e-03
9.999329593485504208e-01 1.087004905152426197e-02 3.989902321335366334e-03
9.999529577396617519e-01 8.885353286649626259e-03 3.890149668874188105e-03
9.999686808340380040e-01 6.956938541242966428e-03 3.773432873869457440e-03
9.999804022411427074e-01 5.093444336192745441e-03 3.640380951576839812e-03
9.999884487153999357e-01 3.303163375562809603e-03 3.491695486156262771e-03
9.999931914520342469e-01 1.594004688220801089e-03 3.328146955155543776e-03
9.999950367556733610e-01 -2.654116959236027182e-05 3.150570749937688011e-03
9.999944162699699879e-01 -1.551434698816950243e-03 2.959862914754620745e-03
9.999917769620066954e-01 -2.974117692602365731e-03 2.756975628273532642e-03
9.999875710570355070e-01 -4.288541000698699659e-03 2.542912452238540923e-03
9.999822461171931076e-01 -5.489189717664653620e-03 2.318723372609151397e-03
9.999762354523185071e-01 -6.571105704719458832e-03 2.085499658972002606e-03
9.999699490420389525e-01 -7.529907370076030330e-03 1.844368568291600069e-03
9.999637651361054091e-01 -8.361806647094486775e-03 1.596487919170192166e-03
9.999580226848234776e-01 -9.063623123486009431e-03 1.343040562749556145e-03
9.999530147336687103e-01 -9.632795288013040053e-03 1.085228776232019564e-03
9.999489828961591886e-01 -1.006738887364838630e-02 8.242686047480407780e-04
9.999461129971836115e-01 -1.036610228798517074e-02 5.613841769753250780e-04
9.999445319556803380e-01 -1.052826913287678925e-02 2.978020195397063931e-04
9.999443059512681531e-01 -1.055385782590424065e-02 3.474539481779838910e-05
9.999443832079470962e-01 -1.054642382426963093e-02 -5.968559605048622549e-05
9.999449644665752146e-01 -1.049021693999195592e-02 -1.533436321477188132e-04
9.999460364591526984e-01 -1.038575376765877960e-02 -2.457993479051668023e-04
9.999475769920352919e-01 -1.023377143782365495e-02 -3.366311962593308317e-04
9.999495554488943005e-01 -1.003522305549667260e-02 -4.254273560791268279e-04
9.999519334437076967e-01 -9.791272166673161553e-03 -5.117875848896834366e-04
9.999546656101750974e-01 -9.503286282991064288e-03 -5.953250086930429860e-04
9.999577005115795059e-01 -9.172829498692046390e-03 -6.756678410010674186e-04
9.999609816530646844e-01 -8.801654237999055261e-03 -7.524610235431621616e-04
9.999644485765971647e-01 -8.391692174799359957e-03 -8.253677814902013552e-04
9.999680380175627326e-01 -7.945044370121810001e-03 -8.940710864453422840e-04
9.999716851010295171e-01 -7.463970676304323634e-03 -9.582750208911985706e-04
9.999753245552045477e-01 -6.950878459946102650e-03 -1.017706038249884763e-03
9.999788919195272685e-01 -6.408310698711863068e-03 -1.072114113206336329e-03
9.999823247251747871e-01 -5.838933509785622714e-03 -1.121273777464418253e-03
9.999855636264917136e-01 -5.245523170242436667e-03 -1.164985036647765660e-03
9.999885534629852080e-01 -4.630952691801541211e-03 -1.203074164620927941e-03
9.999912442330168849e-01 -3.998178014328069782e-03 -1.235394372088781346e-03
9.999935919621480984e-01 -3.350223884048438450e-03 -1.261826346930676425e-03
9.999955594512150991e-01 -2.690169483723709593e-03 -1.282278664337452431e-03
9.999970893691813023e-01 -1.918167659851150852e-03 -1.463582439054151273e-03
9.999981049864162808e-01 -1.054340569642628171e-03 -1.636640754421083300e-03
9.999983735339401658e-01 -1.031700537565404278e-04 -1.800695772276158764e-03
9.999976561367572847e-01 9.304808087315768464e-04 -1.955035295200666361e-03
9.999957135847084011e-01 2.041392144526944612e-03 -2.098995839279386207e-03
9.999923121394717063e-01 3.224013281186029721e-03 -2.231965467937820254e-03
9.999872292631956094e-01 4.472490169446547044e-03 -2.353386374155970375e-03
9.999802591564914689e-01 5.780694101778818296e-03 -2.462757199456924381e-03
9.999712179978565985e-01 7.142251589150510997e-03 -2.559635079258993241e-03
9.999599487829323730e-01 8.550575251586063977e-03 -2.643637405460601188e-03
9.999463256702054714e-01 9.998895572356296738e-03 -2.714443298493355011e-03
9.999302577496544941e-01 1.148029336065644820e-02 -2.771794782523916492e-03
9.999116921622378529e-01 1.298773276351999559e-02 -2.815497659000184422e-03
9.998906165107830368e-01 1.451409466455889918e-02 -2.845422075310173257e-03
9.998670605165209668e-01 1.605221030499319121e-02 -2.861502786939118179e-03
9.998410968899474893e-01 1.759489496139236483e-02 -2.863739113156225403e-03
9.998128413996067998e-01 1.913498151463757443e-02 -2.852194587920260822e-03
9.997824521374915063e-01 2.066535374584638901e-02 -2.826996309345174933e-03
9.997501279947534902e-01 2.217897919737862183e-02 -2.788333992695116691e-03
9.997161063760376942e-01 2.366894144053858368e-02 -2.736458733464664644e-03
9.996806601947134663e-01 2.512847159616116502e-02 -2.671681488627750210e-03
9.996440942043279820e-01 2.655097895985177384e-02 -2.594371285591594474e-03
9.996067407335104127e-01 2.793008059016111044e-02 -2.504953169755733643e-03
9.995689549021017362e-01 2.925962972531784972e-02 -2.403905902838569548e-03
9.995311094052898859e-01 3.053374290220650655e-02 -2.291759425284894524e-03
9.994935889598471901e-01 3.174682565994688122e-02 -2.169092097100060700e-03
9.994567845120801985e-01 3.289359671958370229e-02 -2.036527732365150511e-03
9.994210873107290949e-01 3.396911054090790555e-02 -1.894732443470523425e-03
9.993868829497579709e-01 3.496877816718485521e-02 -1.744411311762964368e-03
9.993545454857455379e-01 3.588838627844677387e-02 -1.586304901837262173e-03
9.993244317324532222e-01 3.672411438391292443e-02 -1.421185637121426086e-03
9.992968758311795430e-01 3.747255009394066805e-02 -1.249854054712850899e-03
9.992721841897952428e-01 3.813070242160581519e-02 -1.073134957628884504e-03
9.992506308760311651e-01 3.869601307350052644e-02 -8.918734827488313107e-04
9.992324535418043441e-01 3.916636569857591399e-02 -7.069311027554150148e-04
9.992178499453003848e-01 3.954009307281561303e-02 -5.191815803422268182e-04
9.992069751263775723e-01 3.981598220619298606e-02 -3.295068928495426984e-04
9.991999392788305512e-01 3.999327736673938261e-02 -1.387931453332361250e-04
9.991968063503824382e-01 4.007168102464823273e-02 5.207351013154489037e-05
9.991975933881838134e-01 4.005135272718403361e-02 2.422109313519461133e-04
9.992022706343379745e-01 3.993290592278880835e-02 4.307450018392995020e-04
9.992107623627662916e-01 3.971740276021833854e-02 6.168135885713297130e-04
9.992229484358193803e-01 3.940634689583531747e-02 7.995704250476308710e-04
9.992386665466472806e-01 3.900167434937462652e-02 9.781889033523287653e-04
9.992577151016848180e-01 3.850574245561073222e-02 1.151865759328372712e-03
9.992798566868767995e-01 3.792131696642606770e-02 1.319824635391017836e-03
9.993048220516543845e-01 3.725155736482052560e-02 1.481319505968029665e-03
9.993323145363272042e-01 3.650000045942339982e-02 1.635637951056114403e-03
9.993620148616234600e-01 3.567054233506551653e-02 1.782104263932824881e-03
9.993935861936918963e-01 3.476741874192372517e-02 1.920082379666687017e-03
9.994266793940719262e-01 3.379518401263172100e-02 2.048978611731351249e-03
9.994609383619841303e-01 3.275868860351720258e-02 2.168244184757503728e-03
9.994960053758269458e-01 3.166305536272067539e-02 2.277377552253478758e-03
9.995315263419776164e-01 3.051365463431116379e-02 2.375926488995212804e-03
9.995671558618486330e-01 2.931607831356449617e-02 2.463489948730097218e-03
9.996025620325897920e-01 2.807611297423262195e-02 2.539719678857456104e-03
9.996374309027412641e-01 2.679971219382405387e-02 2.604321584838994227e-03
9.996714705114335686e-01 2.549296820755389201e-02 2.657056838251866011e-03
9.997044144482318817e-01 2.416208302562599872e-02 2.697742723619359680e-03
9.997360248802835692e-01 2.281333915180490737e-02 2.726253220432023425e-03
9.997660950038538274e-01 2.145307004375333199e-02 2.742519318096141561e-03
9.997944508884274439e-01 2.008763045729614408e-02 2.746529062906027333e-03
9.998209526931021163e-01 1.872336681757853089e-02 2.738327337519658525e-03
9.998454952467822343e-01 1.736658775998436294e-02 2.718015374810787282e-03
9.998680079954749278e-01 1.602353498265502579e-02 2.685750009361327455e-03
9.998884543315796902e-01 1.470035455049914855e-02 2.641742671231816532e-03
9.999068303312244055e-01 1.340306878772572555e-02 2.586258127991506849e-03
9.999231629362379525e-01 1.213754889219781884e-02 2.519612982290119971e-03
9.999375076270656804e-01 1.090948840033633543e-02 2.442173933498295764e-03
9.999499456416595100e-01 9.724377625960688859e-03 2.354355813122260312e-03
9.999605808029566889e-01 8.587479190403618512e-03 2.256619404800577246e-03
9.999695360238676223e-01 7.503804754557471396e-03 2.149469060709054309e-03
9.999769495636280370e-01 6.478093056281324959e-03 2.033450127127623980e-03
9.999829711128519483e-01 5.514789348908235612e-03 1.909146192755878336e-03
9.999877577866067568e-01 4.618026328526480227e-03 1.777176174099220820e-03
9.999914701053010946e-01 3.791606629352963290e-03 1.638191252884396362e-03
9.999942680421403107e-01 3.038986957952337278e-03 1.492871681002173054e-03
9.999963072134050446e-01 2.363263928357307257e-03 1.341923468918306819e-03
9.999977352839066747e-01 1.767161651382054364e-03 1.186074973844993864e-03
9.999986886547674869e-01 1.253021122651025183e-03 1.026073404228108627e-03
9.999992894942697497e-01 8.227914451392850416e-04 8.626812572856641442e-04
9.999996431650570727e-01 4.780229133782070371e-04 6.966727064355041294e-04
9.999998360926026786e-01 2.198619779516723487e-04 5.288299554807945023e-04
9.999999341107492778e-01 4.904810051424549522e-05 3.599395763857918349e-04
9.999999813104558655e-01 -3.408749868326200311e-05 1.907888473766401868e-04
9.999999994078367926e-01 -2.962120686802523244e-05 2.216210794699240475e-05
9.999999876373477647e-01 6.196548753476874825e-05 -1.451628528602633454e-04
9.999999231657445975e-01 2.397903517016833537e-04 -3.104183587831590746e-04
9.999997620124104758e-01 5.025765862528256030e-04 -4.728503434787952389e-04
9.999994404519926272e-01 8.486607871543087444e-04 -6.317217670215905748e-04
9.999988768661918215e-01 1.276002647332541125e-03 -7.863159367175016293e-04
9.999979740031635922e-01 1.782196346419884529e-03 -9.359397176422523711e-04
9.999966215954732007e-01 2.364483569960042393e-03 -1.079926618813465897e-03
9.999946992810219148e-01 3.019768092461241286e-03 -1.217639741459846823e-03
9.999920797659507254e-01 3.744631851913072206e-03 -1.348474576457153826e-03
9.999886321643073339e-01 4.535352436803107880e-03 -1.471861638662593169e-03
9.999842254463155999e-01 5.387921900313672949e-03 -1.587268926598164919e-03
9.999787319254461737e-01 6.298066810285822548e-03 -1.694204196710670258e-03
9.999720307141772846e-01 7.261269437751247460e-03 -1.792217042272118560e-03
9.999640110793520664e-01 8.272789981403049983e-03 -1.880900767878869234e-03
9.999558438937917737e-01 9.224731783851180048e-03 -1.793006959980196447e-03
9.999472604329399106e-01 1.012896251344399916e-02 -1.697277438098239617e-03
9.999384303002334384e-01 1.098154892990857966e-02 -1.594196727464566431e-03
9.999295258282103749e-01 1.177881788185232599e-02 -1.484280800526144870e-03
9.999207188714709371e-01 1.251737188600944226e-02 -1.368074514126241953e-03
9.999121776424424457e-01 1.319410333575662259e-02 -1.246148928154008602e-03
9.999040636478484512e-01 1.380620728328327794e-02 -1.119098518991342751e-03
9.998965287812930924e-01 1.435119274706378630e-02 -9.875383014162318618e-04
9.998897126238902588e-01 1.482689250358462836e-02 -8.521008728801379110e-04
9.998837400004683129e-01 1.523147132958660270e-02 -7.134333942662857142e-04
9.998787188336544229e-01 1.556343266835713383e-02 -5.721945213594723488e-04
9.998747383322036386e-01 1.582162370082191086e-02 -4.290513013199691479e-04
9.998718675433895253e-01 1.600523880931699686e-02 -2.846760484579586572e-04
9.998701542922547869e-01 1.611382142895621816e-02 -1.397432135543242150e-04
9.998696245231597501e-01 1.614726428843327177e-02 5.073739128242575700e-06
9.998702820515026346e-01 1.610580804890686737e-02 1.491054331500706238e-04
9.998721087258589657e-01 1.599003835630685016e-02 2.916896457177703557e-04
9.998750649932387491e-01 1.580088132896790079e-02 4.321743244688976181e-04
9.998790908528238930e-01 1.553959750894417374e-02 5.699205419444929900e-04
9.998841071765597333e-01 1.520777431168180913e-02 7.043053748018554723e-04
9.998886129602925221e-01 1.491026090007633968e-02 6.678480808180196687e-04
9.998927444659306829e-01 1.463229783526957123e-02 6.290089556678868593e-04
9.998965005936149009e-01 1.437506892862873940e-02 5.879802529444177897e-04
9.998998816754482988e-01 1.413965580452617929e-02 5.449633547574385742e-04
9.999028891833320332e-01 1.392703342565875489e-02 5.001677913465064820e-04
9.999055254469579879e-01 1.373806613617741673e-02 4.538102280550251346e-04
9.999077933880324842e-01 1.357350423824657884e-02 4.061134245402942965e-04
9.999096962763008856e-01 1.343398111508604248e-02 3.573051711959995239e-04
9.999112375123393459e-01 1.332001091093779586e-02 3.076172078416556082e-04
9.999124204413902817e-01 1.323198677575847942e-02 2.572841297876058862e-04
9.999132482017512036e-01 1.317017967977800706e-02 2.065422864143306634e-04
9.999137236104052029e-01 1.313473780039777113e-02 1.556286774111312527e-04
9.999138490877168550e-01 1.312568648123998982e-02 1.047798518019096544e-04
9.999136266221289038e-01 1.314292876051472228e-02 5.423081484503863956e-05
9.999130577749006932e-01 1.318624646325441269e-02 4.213947830567615069e-06
9.999121437240421351e-01 1.325530184938861211e-02 -4.504205428832268446e-05
9.999108853457414625e-01 1.334963980710488114e-02 -9.331322260110221632e-05
9.999092833307697825e-01 1.346869057847632258e-02 -1.403813265842697422e-04
9.999073383325887132e-01 1.361177300194239478e-02 -1.860348545363689542e-04
9.999050511432054922e-01 1.377809825391752320e-02 -2.300699577264367400e-04
9.999038870862949624e-01 1.386382713067317585e-02 -1.054126780226178543e-04
9.999035994451515030e-01 1.388494428432018868e-02 1.907661049360505541e-05
9.999041891060910237e-01 1.384169194270217992e-02 1.428227732893780290e-04
9.999056407429117721e-01 1.373460873235611383e-02 2.652571387281186990e-04
9.999079232696927999e-01 1.356452563578754676e-02 3.858200894540942403e-04
9.999109905793455155e-01 1.333256062679654200e-02 5.039635986696626305e-04
9.999147825513210464e-01 1.304011201470225804e-02 6.191537001065873947e-04
9.999192263070957321e-01 1.268885053377100114e-02 7.308728808267993347e-04
9.999242376877174321e-01 1.228071021947137360e-02 8.386223863619433287e-04
9.999297229238756080e-01 1.181787811834852063e-02 9.419244281148608528e-04
9.999355804657155122e-01 1.130278288331263391e-02 1.040324283399752690e-03
9.999417029370143428e-01 1.073808231095734964e-02 1.133392278991031009e-03
9.999479791764088743e-01 1.012664988214166846e-02 1.220725649583598695e-03
9.999542963271413898e-01 9.471560371462050751e-03 1.301950263139059222e-03
9.999605419362919134e-01 8.776074595384810925e-03 1.376722205702444590e-03
9.999666060246871213e-01 8.043623372676380820e-03 1.444729218921352466e-03
9.999723830896147803e-01 7.277790774332704854e-03 1.505691984182358414e-03
9.999777740040965979e-01 6.482296743440590578e-03 1.559365247996167929e-03
9.999826877787530988e-01 5.660979168274966021e-03 1.605538784010608708e-03
9.999870431551758365e-01 4.817775494419199861e-03 1.644038187806089700e-03
9.999907700031517299e-01 3.956703963765212384e-03 1.674725501427879208e-03
9.999938104979887443e-01 3.081844569882609235e-03 1.697499665429262573e-03
9.999961200584995824e-01 2.197319820421438346e-03 1.712296797034617213e-03
9.999976680308186872e-01 1.307275397915064717e-03 1.719090293876583599e-03
9.999984381080793128e-01 4.158608105663072095e-04 1.717890763611350279e-03
9.999984284809603219e-01 -4.727898756755548977e-04 1.708745780564908511e-03
9.999976517191367931e-01 -1.354577133208708858e-03 1.691739471405130906e-03
9.999961343886428766e-01 -2.225454807765055339e-03 1.666991932663812546e-03
9.999939164149814763e-01 -3.081448604750806376e-03 1.634658483743598985e-03
9.999910502064105478e-01 -3.918674141610850245e-03 1.594928759831410478e-03
9.999875995561169351e-01 -4.733354483541094698e-03 1.548025649897258370e-03
9.999836383458732270e-01 -5.521837082951399148e-03 1.494204085680325526e-03
9.999792490772043685e-01 -6.280610046555954243e-03 1.433749688248412042e-03
9.999745212589961074e-01 -7.006317657806909391e-03 1.366977279358426922e-03
9.999695496828231445e-01 -7.695775086557086336e-03 1.294229265441229583e-03
9.999644326190116894e-01 -8.345982222303186329e-03 1.215873902581090290e-03
9.999592699675622365e-01 -8.954136572085488049e-03 1.132303451356282513e-03
9.999541613985237776e-01 -9.517645169066809088e-03 1.043932230851392926e-03
9.999492045162359233e-01 -1.003413544294612207e-02 9.511945815429792865e-04
9.999444930810437171e-01 -1.050146500864532553e-02 8.545427470979111151e-04
9.999401153206705084e-01 -1.091773033510779790e-02 7.544446854082884502e-04
9.999361523614339609e-01 -1.128127426153283444e-02 6.513818194188443315e-04
9.999326768069597415e-01 -1.159069233391201922e-02 5.458467384831678509e-04
9.999297514890296279e-01 -1.184483794030557514e-02 4.383408611151507102e-04
9.999274284117686262e-01 -1.204282622887511804e-02 3.293720700831829400e-04
9.999257479065857268e-01 -1.218403679825316027e-02 2.194523308283113320e-04
9.999247380112159522e-01 -1.226811515536079845e-02 1.090953041753874042e-04
9.999244140819431026e-01 -1.229497294126706206e-02 -1.186035750308921002e-06
9.999247786436915586e-01 -1.226478693110234948e-02 -1.108817675879449310e-04
9.999258214782469345e-01 -1.217799681938144980e-02 -2.194873621155449684e-04
9.999275199464776609e-01 -1.203530180734719256e-02 -3.265059844434742677e-04
9.999298395361652103e-01 -1.183765601410273136e-02 -4.314507487574807112e-04
9.999327346229844871e-01 -1.158626273834769543e-02 -5.338469156013221206e-04
9.999361494283810492e-01 -1.128256760245967098e-02 -6.332340219864487831e-04
9.999400191546355954e-01 -1.092825061545535902e-02 -7.291679349509564648e-04
9.999442712743483730e-01 -1.052521719601209362e-02 -8.212228195615511438e-04
9.999488269489656966e-01 -1.007558820121552505e-02 -9.089930127600560081e-04
9.999536025488586777e-01 -9.581689011007005208e-03 -9.920947948994932389e-04
9.999585112458747593e-01 -9.046037722416926455e-03 -1.070168051293320750e-03
9.999634646482461475e-01 -8.471332511568835724e-03 -1.142877816614169774e-03
9.999683744472704916e-01 -7.860438225103153972e-03 -1.209915695524356200e-03
9.999731540452737599e-01 -7.216372266077376689e-03 -1.271001153498184551e-03
9.999777201350253941e-01 -6.542289842529729754e-03 -1.325882672403958700e-03
9.999819942019767538e-01 -5.841468649723168330e-03 -1.374338766049630969e-03
9.999859039224112678e-01 -5.117293059594477979e-03 -1.416178851557724000e-03
9.999893844327942816e-01 -4.373237893098084507e-03 -1.451243973119744788e-03
9.999923794482387107e-01 -3.612851852936440483e-03 -1.479407375384543836e-03
9.999948422110185309e-01 -2.839740695590943671e-03 -1.500574924455373325e-03
9.999967362533953574e-01 -2.057550222594239052e-03 -1.514685375202820192e-03
9.999980359626151616e-01 -1.269949171604410620e-03 -1.521710484341107054e-03
9.999987269397114797e-01 -4.806120880453155575e-04 -1.521654969458988453e-03
9.999988061476476897e-01 3.067977421397037868e-04 -1.514556314938963815e-03
9.999982818482668900e-01 1.088645218712248680e-03 -1.500484426435055516e-03
9.999971733314272360e-01 1.861340133490253530e-03 -1.479541136305172460e-03
9.999955104435012121e-01 2.621353579443757610e-03 -1.451859563104404040e-03
9.999933329260497494e-01 3.365233987021100728e-03 -1.417603328935897102e-03
9.999906895788752692e-01 4.089622714445137822e-03 -1.376965639121910737e-03
9.999876372647490408e-01 4.791269121338983909e-03 -1.330168229295161045e-03
9.999842397758513801e-01 5.467045058005336883e-03 -1.277460185615939730e-03
9.999805665843043423e-01 6.113958705968270887e-03 -1.219116644390410512e-03
9.999757865775023014e-01 6.832129799336587525e-03 -1.322328089623836349e-03
9.999700994050254588e-01 7.601898064816252354e-03 -1.418358161789161700e-03
9.999634208812325786e-01 8.419427439422789983e-03 -1.506800170455792256e-03
9.999556739193681265e-01 9.280680821315213241e-03 -1.587284720587684361e-03
9.999467909465005189e-01 1.018143984810123207e-02 -1.659481232078645774e-03
9.999367161626157019e-01 1.111732542093798494e-02 -1.723099271068942321e-03
9.999254075983933232e-01 1.208381887490760261e-02 -1.777889687548793018e-03
9.999128389302349706e-01 1.307628369314109418e-02 -1.823645554694586527e-03
9.998990010159057862e-01 1.408998765967640031e-02 -1.860202906355048124e-03
9.998839031196019578e-01 1.512012534409934265e-02 -1.887441270101481881e-03
9.998675738012541281e-01 1.616184080965735181e-02 -1.905283994272232708e-03
9.998500614513085027e-01 1.721025043577701502e-02 -1.913698368469681117e-03
9.998314344589653846e-01 1.826046574577292608e-02 -1.912695538000929460e-03
9.998117810087694401e-01 1.930761613101484100e-02 -1.902330213783083070e-03
9.997912085074127653e-01 2.034687136392271042e-02 -1.882700180252697272e-03
9.997698426494900925e-01 2.137346379387703235e-02 -1.853945604818603909e-03
9.997478261376163688e-01 2.238271012244908223e-02 -1.816248153370179962e-03
9.997253170786517540e-01 2.337003265724858780e-02 -1.769829917291737900e-03
9.997024870836679344e-01 2.433097994712473539e-02 -1.714952158331207793e-03
9.996795191046208284e-01 2.526124670540330630e-02 -1.651913878521371398e-03
9.996566050453844499e-01 2.615669293225571582e-02 -1.581050223149126858e-03
9.996339431887557581e-01 2.701336215212880865e-02 -1.502730725507979729e-03
9.996117354842101177e-01 2.782749868736742599e-02 -1.417357402847496412e-03
9.995901847435054721e-01 2.859556389468394244e-02 -1.325362713548096545e-03
9.995694917926817302e-01 2.931425129691827766e-02 -1.227207386098549523e-03
9.995498526295516495e-01 2.998050054853691054e-02 -1.123378130936067290e-03
9.995314556354351065e-01 3.059151017949100423e-02 -1.014385246625014491e-03
9.995144788886688447e-01 3.114474906834511017e-02 -9.007601322008432785e-04
9.994990876253543322e-01 3.163796660195625915e-02 -7.830527177924661002e-04
9.994854318899371037e-01 3.206920148539006699e-02 -6.618288258610037630e-04
9.994736444146065102e-01 3.243678917217192315e-02 -5.376674755582371316e-04
9.994638387622314379e-01 3.273936789135882541e-02 -4.111581428169813410e-04
9.994561077626941126e-01 3.297588325425744593e-02 -2.828979888409570865e-04
9.994505222671459244e-01 3.314559142988760670e-02 -1.534890696665470880e-04
9.994471302389817957e-01 3.324806088448366975e-02 -2.353553942596202570e-05
9.994459561943266346e-01 3.328317268642894122e-02 1.063591401465566752e-04
9.994470009986539116e-01 3.325111938402308676e-02 2.355949715544747238e-04
9.994502420199281589e-01 3.315240246938543078e-02 3.635781624849805833e-04
9.994556336324912360e-01 3.298782844759458321e-02 4.897238238322184408e-04
9.994631080599047923e-01 3.275850353585500752e-02 6.134586130174381289e-04
9.994757759291731380e-01 3.236296873403488039e-02 9.010313939357846545e-04
9.994929201018959430e-01 3.181986225481552716e-02 1.182929447765031315e-03
9.995142043598508330e-01 3.113246182832700090e-02 1.457880101080310294e-03
9.995392195831246385e-01 3.030469329253502805e-02 1.724649181335202036e-03
9.995674920394224117e-01 2.934110958632198465e-02 1.982046474933926283e-03
9.995984927767535000e-01 2.824686701152367974e-02 2.228930969465195248e-03
9.996316479361662122e-01 2.702769886165200600e-02 2.464215858103102098e-03
9.996663497860962533e-01 2.568988652572742892e-02 2.686873284665958119e-03
9.997019682685077679e-01 2.424022818692419048e-02 2.895938808401150085e-03
9.997378628395268141e-01 2.268600524751646086e-02 3.090515568260039127e-03
9.997733943838068571e-01 2.103494662377905153e-02 3.269778127266685566e-03
9.998079369824783846e-01 1.929519106687239624e-02 3.432975978589416968e-03
9.998408893191816915e-01 1.747524767812120780e-02 3.579436696112066503e-03
9.998716855172691265e-01 1.558395479924347925e-02 3.708568713683715618e-03
9.998998052136137682e-01 1.363043746974418151e-02 3.819863718807444287e-03
9.999247826903273628e-01 1.162406365458864416e-02 3.912898648308709391e-03
9.999462149047634307e-01 9.574399455146508087e-03 3.987337275494471506e-03
9.999637682800825988e-01 7.491163524990734381e-03 4.042931380460287015e-03
9.999771841429621055e-01 5.384180919210501681e-03 4.079521497503105568e-03
9.999862827212580019e-01 3.263336611244604772e-03 4.097037236025492975e-03
9.999909656420707948e-01 1.138528914693874225e-03 4.095497173840703144e-03
9.999912168991800243e-01 -9.803769509976064354e-04 4.075008324371768784e-03
9.999871022876457571e-01 -3.083594912767421807e-03 4.035765181843398164e-03
9.999787673319723291e-01 -5.161463478624567745e-03 3.978048351153453191e-03
9.999664337620377541e-01 -7.204490324235465759e-03 3.902222771641705289e-03
9.999503946174922442e-01 -9.203395807717644136e-03 3.808735546409451264e-03
9.999310080860138727e-01 -1.114915519770951803e-02 3.698113391149076071e-03
9.999086902032373603e-01 -1.303303941024523682e-02 3.570959718586342192e-03
9.998839065619318234e-01 -1.484665406191784491e-02 3.427951376593365695e-03
9.998571631947572591e-01 -1.658197666002359655e-02 3.269835059775877406e-03
9.998289968083985402e-01 -1.823139176458749011e-02 3.097423415859482023e-03
9.997999645568456106e-01 -1.978772397210736347e-02 2.911590869487698779e-03
9.997706335479344952e-01 -2.124426858625325099e-02 2.713269187097442931e-03
9.997415702799076209e-01 -2.259481985636131729e-02 2.503442807359389233e-03
9.997133302037120028e-01 -2.383369668012657455e-02 2.283143962271116153e-03
9.996864476021075641e-01 -2.495576568220990096e-02 2.053447614384932163e-03
9.996614259685409065e-01 -2.595646159534894387e-02 1.815466235858859091e-03
9.996387290573698348e-01 -2.683180488485179677e-02 1.570344455060641506e-03
9.996187727626523190e-01 -2.757841657094976806e-02 1.319253596355219812e-03
9.996019179656540077e-01 -2.819353021632450482e-02 1.063386138491212354e-03
9.995884644718304735e-01 -2.867500105818027514e-02 8.039501166968100916e-04
9.995786461366936715e-01 -2.902131227551763698e-02 5.421634932241189021e-04
9.995726272570821802e-01 -2.923157839282895798e-02 2.792485206652197132e-04
9.995705002803583206e-01 -2.930554583135847047e-02 1.642612192184430588e-05
9.995722848593957544e-01 -2.924359062845317478e-02 -2.450896897413673038e-04
9.995779282563389545e-01 -2.904671335449663175e-02 -5.040973275817280282e-04
9.995873070734612176e-01 -2.871653126559602434e-02 -7.594130626683319105e-04
9.996002302654550808e-01 -2.825526773871675154e-02 -1.009876347480703762e-03
9.996164433645677860e-01 -2.766573904445512183e-02 -1.254355010151926575e-03
9.996356338285503629e-01 -2.695133852122332321e-02 -1.491750298125643333e-03
9.996574374017799247e-01 -2.611601822338689011e-02 -1.721001750442923729e-03
9.996814453624767172e-01 -2.516426812491392648e-02 -1.941091878348411405e-03
9.997072125139653265e-01 -2.410109296940894999e-02 -2.151050634421715086e-03
9.997342657656659304e-01 -2.293198686702106748e-02 -2.349959651017405771e-03
9.997621131401571715e-01 -2.166290574861192558e-02 -2.536956229453412801e-03
9.997902530363663720e-01 -2.030023779768414666e-02 -2.711237062140802075e-03
9.998181835758211955e-01 -1.885077199081443625e-02 -2.872061670714148255e-03
9.998454118589682471e-01 -1.732166488758572764e-02 -3.018755544214948416e-03
9.998714629618170591e-01 -1.572040582112218393e-02 -3.150712962511645863e-03
9.998958885095213800e-01 -1.405478065013197539e-02 -3.267399491415889142e-03
9.999182746728306759e-01 -1.233283424267334928e-02 -3.368354137378482341e-03
9.999382494454426284e-01 -1.056283187048994571e-02 -3.453191151218225861e-03
9.999554890749245972e-01 -8.753219700521751301e-03 -3.521601472045922821e-03
9.999697235367523973e-01 -6.912584576905781222e-03 -3.573353804382906670e-03
9.999807409598154839e-01 -5.049613292266694024e-03 -3.608295323422730516e-03
9.999883909320814723e-01 -3.173051551214274395e-03 -3.626352005426280306e-03
9.999925866366133898e-01 -1.291662831590345041e-03 -3.627528582351226792e-03
9.999933057903633848e-01 5.858126499480305165e-04 -3.611908121970324945e-03
9.999905903807060348e-01 2.450698662014901517e-03 -3.579651236901654644e-03
9.999845452170852411e-01 4.294423168505633395e-03 -3.530994928128512820e-03
9.999753353370081088e-01 6.108557824670596270e-03 -3.466251070698296664e-03
9.999631823265123787e-01 7.884856564858464673e-03 -3.385804551330249320e-03
9.999483596347767955e-01 9.615293094492383119e-03 -3.290111069605051834e-03
9.999311869803759745e-01 1.129209710716826305e-02 -3.179694616231175733e-03
9.999120239624841311e-01 1.290778905731068162e-02 -3.055144643563272207e-03
9.998912630038333527e-01 1.445521332941844886e-02 -2.917112945070053382e-03
9.998693217632023122e-01 1.592756965639384806e-02 -2.766310261800861928e-03
9.998466351634799354e-01 1.731844265158323515e-02 -2.603502635073593700e-03
9.998236471867966157e-01 1.862182933176673855e-02 -2.429507525598596351e-03
9.998008025907810792e-01 1.983216452123055112e-02 -2.245189720064762022e-03
9.997760210008704851e-01 2.104726581786824091e-02 -2.218314204590603883e-03
9.997501592916121504e-01 2.224552962902011030e-02 -2.180799939900256775e-03
9.997234040589295656e-01 2.342150051195786634e-02 -2.132877341092356219e-03
9.996959626587388348e-01 2.456985590089013141e-02 -2.074823773539731780e-03
9.996680605322896263e-01 2.568543004987939096e-02 -2.006962000338109037e-03
9.996399381839461418e-01 2.676323709458861694e-02 -1.929658427424531426e-03
9.996118478650590777e-01 2.779849313017577692e-02 -1.843321156267315039e-03
9.995840500226598202e-01 2.878663720879304569e-02 -1.748397854877629465e-03
9.995568095756677263e-01 2.972335116670185573e-02 -1.645373458659958208e-03
9.995303920840802325e-01 3.060457819791212106e-02 -1.534767713302074340e-03
9.995050598781710649e-01 3.142654009842150292e-02 -1.417132572503546940e-03
9.994810682150467862e-01 3.218575311249803617e-02 -1.293049463855300415e-03
9.994586615290088627e-01 3.287904231995057713e-02 -1.163126436612823156e-03
9.994380698400705532e-01 3.350355451090526737e-02 -1.027995205454763526e-03
9.994195053817398477e-01 3.405676950219831134e-02 -8.883081045903469964e-04
9.994031595048697980e-01 3.453650985705915971e-02 -7.447349667774373367e-04
9.993891999090890321e-01 3.494094897725470716e-02 -5.979599419428612873e-04
9.993777682471656210e-01 3.526861754426464934e-02 -4.486782701627215018e-04
9.993689781407472106e-01 3.551840829333797328e-02 -2.975930237678516953e-04
9.993629136383900269e-01 3.568957911142658923e-02 -1.454118332931070908e-04
9.993632897219851818e-01 3.567891898941069617e-02 1.739454091535769882e-04
9.993694361621683342e-01 3.550337351448549367e-02 4.908196789277242391e-04
9.993812105618710140e-01 3.516461755629428365e-02 8.037609220191295999e-04
9.993983682023305226e-01 3.466506814241938211e-02 1.111344716921070907e-03
9.994205676140964778e-01 3.400786976319531557e-02 1.412178627661314894e-03
9.994473778676541409e-01 3.319687653308499992e-02 1.704908388519086682e-03
9.994782874327500233e-01 3.223663128370522768e-02 1.988223896155866428e-03
9.995127144284264853e-01 3.113234167278475240e-02 2.260864985176550164e-03
9.995500180621237352e-01 2.988985340333983817e-02 2.521626963434609337e-03
9.995895110363869351e-01 2.851562065822647180e-02 2.769365883734505474e-03
9.996304726860475443e-01 2.701667386698358708e-02 3.003003529002712044e-03
9.996721625974952508e-01 2.540058493446120322e-02 3.221532088531227096e-03
9.997138344550009492e-01 2.367543007401384791e-02 3.424018503578781999e-03
9.997547498570942270e-01 2.184975040185666711e-02 3.609608461476033429e-03
9.997941918487667223e-01 1.993251046330134918e-02 3.777530018448017717e-03
9.998314779226928906e-01 1.793305487574007109e-02 3.927096832659990149e-03
9.998659722545901740e-01 1.586106328712354879e-02 4.057710990524168726e-03
9.998970969540372788e-01 1.372650386195867385e-02 4.168865411079508004e-03
9.999243421322245862e-01 1.153958551919787544e-02 4.260145815270637362e-03
9.999472746118209798e-01 9.310709157477295439e-03 4.331232249193136576e-03
9.999655312724764489e-01 7.153377650272825863e-03 4.215010423914573520e-03
9.999788671857893219e-01 5.061253913219089691e-03 4.080407055886351407e-03
9.999876531513496314e-01 3.043690268191358381e-03 3.928141602556649119e-03
9.999923196171754958e-01 1.109643233801548435e-03 3.759011799598249628e-03
9.999933458242253881e-01 -7.323661735480935676e-04 3.573889490131422660e-03
9.999912482796028401e-01 -2.474289789761767444e-03 3.373716128745429810e-03
9.999865687886417831e-01 -4.108587144170691360e-03 3.159497986397853848e-03
9.999798622810248672e-01 -5.628257649524553291e-03 2.932301083347513358e-03
9.999716846665558379e-01 -7.026870016754455626e-03 2.693245878080100745e-03
9.999625809522462161e-01 -8.298588788254603055e-03 2.443501740731666375e-03
9.999530738441262390e-01 -9.438197900820425798e-03 2.184281239825365886e-03
9.999436530448824190e-01 -1.044112120611027754e-02 1.916834271237896365e-03
9.999347654423488274e-01 -1.130343989241122671e-02 1.642442058233508327e-03
9.999268063644011217e-01 -1.202190676648413718e-02 1.362411051177016405e-03
9.999201120533314224e-01 -1.259395736828943999e-02 1.078066755194848850e-03
9.999149534877763701e-01 -1.301771790445436540e-02 7.907475136258865700e-04
9.999115316532271036e-01 -1.329200999848341447e-02 5.017982746202700149e-04
9.999099743335906343e-01 -1.341635226702677861e-02 2.125643677296062527e-04
9.999103344667270576e-01 -1.339095874213017123e-02 -7.561468319331452782e-05
9.999125900769134656e-01 -1.321673416944354335e-02 -3.614112849877671764e-04
9.999154062649016073e-01 -1.299821567974795283e-02 -4.766347757477048196e-04
9.999189154909048360e-01 -1.272068978191600620e-02 -5.890466357070672527e-04
9.999230501736509069e-01 -1.238575047847891540e-02 -6.981414576730615544e-04
9.999277318826800265e-01 -1.199524900547543557e-02 -8.034318197050707060e-04
9.999328728983003511e-01 -1.155128395335213755e-02 -9.044504441933814065e-04
9.999383779265154093e-01 -1.105619029732699682e-02 -1.000752253523869368e-03
9.999441459357045758e-01 -1.051252739185717933e-02 -1.091916313387229645e-03
9.999500720799379128e-01 -9.923065988367382739e-03 -1.177547655308190449e-03
9.999560496725691250e-01 -9.290774339689500394e-03 -1.257278970524915987e-03
9.999619721731969335e-01 -8.618803458714468721e-03 -1.330772167940700223e-03
9.999677351512163970e-01 -7.910471602537770194e-03 -1.397719789497943975e-03
9.999732381899886224e-01 -7.169248056865108569e-03 -1.457846276986742408e-03
9.999783866971206914e-01 -6.398736298607357945e-03 -1.510909084995179464e-03
9.999830935884335137e-01 -5.602656617407476836e-03 -1.556699635433125969e-03
9.999872808158565274e-01 -4.784828279280599166e-03 -1.595044109812940531e-03
9.999908807126761667e-01 -3.949151317587805583e-03 -1.625804076245445729e-03
9.999938371332078857e-01 -3.099588038181888550e-03 -1.648876948903882410e-03
9.999961063679960738e-01 -2.240144326740766724e-03 -1.664196278517738551e-03
9.999976578199852861e-01 -1.374850847025470973e-03 -1.671731873277559075e-03
9.999984744316728902e-01 -5.077442190534876658e-04 -1.671489750355876569e-03
9.999982192321086316e-01 4.601182920400605659e-04 -1.830406452181191062e-03
9.999969044028923504e-01 1.507765340626729834e-03 -1.979497068250841377e-03
9.999942988035143143e-01 2.629926219067532222e-03 -2.118123005878815197e-03
9.999901786113370994e-01 3.821012419377624574e-03 -2.245697493231280529e-03
9.999843328564440581e-01 5.075145176101393540e-03 -2.361688043242984956e-03
9.999765687339139397e-01 6.386184243455378731e-03 -2.465618653805886750e-03
9.999667165900826271e-01 7.747757768117209676e-03 -2.557071734391895990e-03
9.999546344861728331e-01 9.153293112965229031e-03 -2.635689750567072991e-03
9.999402122512571767e-01 1.059604848169256631e-02 -2.701176579231448840e-03
9.999233749467008048e-01 1.206914518962991408e-02 -2.753298568869287991e-03
9.999040856757930307e-01 1.356560042240462227e-02 -2.791885300609147844e-03
9.998823476850052794e-01 1.507836032132090810e-02 -2.816830047459405097e-03
9.998582057169466131e-01 1.660033323263389662e-02 -2.828089930688942790e-03
9.998317465893671319e-01 1.812442295725911687e-02 -2.825685773948849976e-03
9.998030989892073839e-01 1.964356183794064778e-02 -2.809701657362537186e-03
9.997724324854252442e-01 2.115074352250639195e-02 -2.780284175431232529e-03
9.997399557788769764e-01 2.263905524455873258e-02 -2.737641404191859095e-03
9.997059142216070393e-01 2.410170946675220874e-02 -2.682041584607624922e-03
9.996705866512527461e-01 2.553207473664685645e-02 -2.613811530651933591e-03
9.996342815986557495e-01 2.692370561092714831e-02 -2.533334771948437397e-03
9.995973329379607142e-01 2.827037151045735247e-02 -2.441049442140901839e-03
9.995600950582881339e-01 2.956608437610552115e-02 -2.337445925374780770e-03
9.995229376443133251e-01 3.080512500340168089e-02 -2.223064274369138810e-03
9.994862401596436019e-01 3.198206794278505433e-02 -2.098491414536358436e-03
9.994503861316517135e-01 3.309180486132153043e-02 -1.964358149464154411e-03
9.994157573393334104e-01 3.412956627121778441e-02 -1.821335983808502861e-03
9.993827280067829610e-01 3.509094154010756333e-02 -1.670133780258405707e-03
9.993516591040212393e-01 3.597189710783218336e-02 -1.511494267727415053e-03
9.993228928542183809e-01 3.676879284418340527e-02 -1.346190418308003834e-03
9.992967475418894630e-01 3.747839649173841103e-02 -1.175021710800312541e-03
9.992735127105196735e-01 3.809789614742301045e-02 -9.988102988049351542e-04
9.992534448304242201e-01 3.862491074573512484e-02 -8.183971014594792776e-04
9.992367635086275568e-01 3.905749851560721270e-02 -6.346378349103485011e-04
9.992236483023368976e-01 3.939416339165952019e-02 -4.483990025542377873e-04
9.992142361863802780e-01 3.963385936908740692e-02 -2.605538619675063340e-04
9.992086197130012337e-01 3.977599279964002393e-02 -7.197838627441216302e-05
9.992068458898630823e-01 3.982042263410057875e-02 1.164527625054067315e-04
9.992089157892525275e-01 3.976745862439568652e-02 3.038702308377632137e-04
9.992147848885151173e-01 3.961785750597492800e-02 4.894139247713755365e-04
9.992243641289325629e-01 3.937281718844748424e-02 6.722368980509253918e-04
9.992413764870839987e-01 3.893115909788016915e-02 1.018278524781324364e-03
9.992649081567119840e-01 3.831188134297834613e-02 1.357800691400768821e-03
9.992944957730428568e-01 3.751876412653737392e-02 1.689270229082514771e-03
9.993295690918021501e-01 3.655636784962196240e-02 2.011198719655022706e-03
9.993694625839339984e-01 3.543000886534912464e-02 2.322149054895400640e-03
9.994134286626757957e-01 3.414573197476161726e-02 2.620741751530719383e-03
9.994606522849885932e-01 3.271027976404324022e-02 2.905660996189584396e-03
9.995102666466149088e-01 3.113105889436392285e-02 3.175660394679538472e-03
9.995613696725188513e-01 2.941610346906741238e-02 3.429568400197447690e-03
9.996130409924500748e-01 2.757403561763464503e-02 3.666293395460777996e-03
9.996643590850694538e-01 2.561402345169315822e-02 3.884828404325436739e-03
9.997144182735798745e-01 2.354573656504091450e-02 4.084255409273241343e-03
9.997623452611238415e-01 2.137929926688673585e-02 4.263749252244482951e-03
9.998073149052372210e-01 1.912524175489768719e-02 4.422581097684904518e-03
9.998485649471706704e-01 1.679444945176373008e-02 4.560121438387791659e-03
9.998854094335966058e-01 1.439811074539477584e-02 4.675842626745704313e-03
9.999172505946882783e-01 1.194766338810085080e-02 4.769320916375758765e-03
9.999435889732768423e-01 9.454739823730188425e-03 4.840238001728796972e-03
9.999640316341630308e-01 6.931111723339296662e-03 4.888382046206528331e-03
9.999782983200088404e-01 4.388634019175998227e-03 4.913648192451900397e-03
9.999868373020850409e-01 1.942152994387797739e-03 4.749145643792872067e-03
9.999894997653090423e-01 -4.134571659632170146e-04 4.564043285154890418e-03
9.999869401878253017e-01 -2.667757934376904175e-03 4.359306899940784512e-03
9.999798750111383860e-01 -4.810838084779623866e-03 4.135988374170482956e-03
9.999690662395335217e-01 -6.833356988522644448e-03 3.895220252755617237e-03
9.999553045234038651e-01 -8.726584836070343937e-03 3.638209953217223791e-03
9.999393920558379278e-01 -1.048243962808461001e-02 3.366233670922012984e-03
9.999221256105519373e-01 -1.209352080340522946e-02 3.080630010558458622e-03
9.999042800418341814e-01 -1.355313939446517631e-02 2.782793378861912748e-03
9.998865925538547028e-01 -1.485534462260460799e-02 2.474167173568752459e-03
9.998697480278422312e-01 -1.599494686627584566e-02 2.156236803280698212e-03
9.998543656716988304e-01 -1.696753695406635898e-02 1.830522572403804268e-03
9.998409872281430744e-01 -1.776950175169857496e-02 1.498572464646208326e-03
9.998300669450453926e-01 -1.839803602767248886e-02 1.161954857768090262e-03
9.998219634759094587e-01 -1.885115059606085747e-02 8.222512014273110001e-04
9.998169338401520223e-01 -1.912767674728430012e-02 4.810486891009279373e-04
9.998151295326738186e-01 -1.922726698868676420e-02 1.399329542255884121e-04
9.998165948309335471e-01 -1.915039212665392218e-02 -1.995191800800790480e-04
9.998212673060883349e-01 -1.889833473115914292e-02 -5.357468690485598165e-04
9.998289805034838995e-01 -1.847317903229464889e-02 -8.672123039987863395e-04
9.998394687175891082e-01 -1.787779730686545401e-02 -1.192407632236475125e-03
9.998523737480692342e-01 -1.711583282179399493e-02 -1.509861712012985392e-03
9.998672534877386386e-01 -1.619167941018020973e-02 -1.818146675798941198e-03
9.998835921602392540e-01 -1.511045776561930655e-02 -2.115884275448991474e-03
9.999008119960134389e-01 -1.387798855097851364e-02 -2.401751983143873316e-03
9.999182861099804587e-01 -1.250076242939174645e-02 -2.674488822332730595e-03
9.999353523237033414e-01 -1.098590713779492613e-02 -2.932900903303037841e-03
9.999513276591008859e-01 -9.341151736868353456e-03 -3.175866638519249472e-03
9.999655232201826172e-01 -7.574788185675708149e-03 -3.402341613535361537e-03
9.999772591740293537e-01 -5.695630404420788662e-03 -3.611363090138921313e-03
9.999858795424005908e-01 -3.712971004346205060e-03 -3.802054119457799145e-03
9.999907665208859209e-01 -1.636535879580362264e-03 -3.973627244082852429e-03
9.999913540533310607e-01 5.235631286378021262e-04 -4.125387769848055421e-03
9.999871404051244861e-01 2.756877269832046489e-03 -4.256736589774243011e-03
9.999776994995219770e-01 5.052671384555401310e-03 -4.367172544822978293e-03
9.999626908061044483e-01 7.399975614467050634e-03 -4.456294308512747000e-03
9.999418675992070016e-01 9.787638058432530930e-03 -4.523801785100202769e-03
9.999150834361666407e-01 1.220437810167351519e-02 -4.569497013894578685e-03
9.998822967398585115e-01 1.463884013812254484e-02 -4.593284575315179606e-03
9.998435734065582725e-01 1.707964740182509045e-02 -4.595171497474330284e-03
9.997990873979338833e-01 1.951545562165202252e-02 -4.575266665320013200e-03
9.997491193142059585e-01 2.193500621484190810e-02 -4.533779737648570632e-03
9.996940529834591471e-01 2.432717873900850855e-02 -4.471019580541459211e-03
9.996343701390020264e-01 2.668104232916933619e-02 -4.387392228934539236e-03
9.995706432918537443e-01 2.898590585594424882e-02 -4.283398391039535714e-03
9.995035269382109844e-01 3.123136655313532919e-02 -4.159630513155162558e-03
9.994337472715202342e-01 3.340735687716357011e-02 -4.016769424985862369e-03
9.993620905950034716e-01 3.550418937698426175e-02 -3.855580587892706249e-03
9.992893906527198222e-01 3.751259937077066481e-02 -3.676909970505609377e-03
9.992165151151134461e-01 3.942378524445738774e-02 -3.481679577810112801e-03
9.991443514682444293e-01 4.122944620677130440e-02 -3.270882661176556343e-03
9.990737925643411455e-01 4.292181735525170405e-02 -3.045578637825448447e-03
9.990057220948866945e-01 4.449370192759293657e-02 -2.806887748930332778e-03
9.989410002461723836e-01 4.593850063208121393e-02 -2.555985485967266629e-03
9.988804497912382452e-01 4.725023796963420675e-02 -2.294096815054407889e-03
9.988248428615701391e-01 4.842358547772934035e-02 -2.022490228918638003e-03
9.987748886271139437e-01 4.945388184312501934e-02 -1.742471655815688641e-03
9.987312220944483121e-01 5.033714984560117012e-02 -1.455378254255980646e-03
9.986943942107314731e-01 5.107011010890013386e-02 -1.162572121791584801e-03
9.986648634357713217e-01 5.165019164762749831e-02 -8.654339454412015437e-04
9.986429889167477425e-01 5.207553921012866155e-02 -5.653566206084642901e-04
9.986290253702841957e-01 5.234501742739858937e-02 -2.637388646192376576e-04
9.986231197452620778e-01 5.245821178706569499e-02 3.802114970405270997e-05
9.986253097075671326e-01 5.241542645961004554e-02 3.385321156746105733e-04
9.986355239554111085e-01 5.221767901145353552e-02 6.364158454218609741e-04
9.986535843415514924e-01 5.186669204663287708e-02 9.303134299874947152e-04
9.986792097471840490e-01 5.136488182567866545e-02 1.218891283653608573e-03
9.987120216220345403e-01 5.071534391730939118e-02 1.500847049698567776e-03
9.987515510767325244e-01 4.992183594582591533e-02 1.774915345096467418e-03
9.987972473873811818e-01 4.898875750484614489e-02 2.039873321955730512e-03
9.988484877487685543e-01 4.792112731640201656e-02 2.294546023754819898e-03
9.989045880922881038e-01 4.672455772353596715e-02 2.537811514705793671e-03
9.989648147676748469e-01 4.540522661443627955e-02 2.768605760889783843e-03
9.990283968744015919e-01 4.396984688684100334e-02 2.985927242194090503e-03
9.990945390192291775e-01 4.242563357286478765e-02 3.188841274570030325e-03
9.991624342711110662e-01 4.078026875645517080e-02 3.376484022753908475e-03
9.992312770835012348e-01 3.904186442820769404e-02 3.548066184377515753e-03
9.993002759571089078e-01 3.721892343506202211e-02 3.702876327362103048e-03
9.993686656232153576e-01 3.532029869522598786e-02 3.840283863658213413e-03
9.994357185386818498e-01 3.335515086126529527e-02 3.959741643774185131e-03
9.995007554985138043e-01 3.133290462637016577e-02 4.060788158132733541e-03
9.995631551900233669e-01 2.926320388007484438e-02 4.143049333104779214e-03
9.996223625339024643e-01 2.715586592987569853e-02 4.206239911582174834e-03
9.996778956814653672e-01 2.502083501399575069e-02 4.250164410148791518e-03
9.997293515634855243e-01 2.286813533773236762e-02 4.274717647268408069e-03
9.997764099139293537e-01 2.070782387118809756e-02 4.279884839398251720e-03
9.998188357209362165e-01 1.854994314955384083e-02 4.265741264524105722e-03
9.998564800870494151e-01 1.640447431836860107e-02 4.232451495258439216e-03
9.998892795103964115e-01 1.428129066525441089e-02 4.180268206306433747e-03
9.999172536276710321e-01 1.219011187650763384e-02 4.109530563744677803e-03
9.999405014878399722e-01 1.014045925166272635e-02 4.020662206132823852e-03
9.999591964519376486e-01 8.141612101829202516e-03 3.914168829950707106e-03
9.999735798386475416e-01 6.202565548383104713e-03 3.790635394186578008e-03
9.999839534571410837e-01 4.331989927659643178e-03 3.650722961064901614e-03
9.999906711874729792e-01 2.538191994867915885e-03 3.495165191868483505e-03
9.999941297843902843e-01 8.290781067819500555e-04 3.324764518559479229e-03
9.999947590924476160e-01 -7.878804518782649754e-04 3.140388013423452921e-03
9.999930118686505276e-01 -2.305679848803025844e-03 2.942962980243093649e-03
9.999893534133734718e-01 -3.717813657384613259e-03 2.733472291552982089e-03
9.999842512109820003e-01 -5.018300265085758743e-03 2.512949497339670747e-03
9.999781647784837801e-01 -6.201707634905083248e-03 2.282473731143603267e-03
9.999715359137535398e-01 -7.263175333566396046e-03 2.043164439907226189e-03
9.999647795246061621e-01 -8.198433755219725061e-03 1.796175964117067113e-03
9.999582752064789526e-01 -9.003820484022404674e-03 1.542691994829385217e-03
9.999523597200292713e-01 -9.676293752874686946e-03 1.283919934073759215e-03
9.999473205009015153e-01 -1.021344296876417097e-02 1.021085184921630444e-03
9.999433903126647705e-01 -1.061349628761502385e-02 7.554253972117415785e-04
9.999407431308829919e-01 -1.087532523326747470e-02 4.881846945642416384e-04
9.999394913219044057e-01 -1.099844636628918154e-02 2.206079079100110580e-04
9.999396841547018022e-01 -1.098302001882897269e-02 -4.606515967192707480e-05
9.999413076584381388e-01 -1.082984612177185189e-02 -3.106054124656225141e-04
9.999442858128294587e-01 -1.054035716016181456e-02 -5.718000620920929899e-04
9.999484830333035257e-01 -1.011660830235096460e-02 -8.284581245215443500e-04
9.999537078888468544e-01 -9.561264757732021100e-03 -1.079415791166473716e-03
9.999597179677225389e-01 -8.877586427328793689e-03 -1.323541651575879099e-03
9.999662257853250136e-01 -8.069409921050622533e-03 -1.559741745748539649e-03
9.999729056096745561e-01 -7.141128025133990434e-03 -1.786964424613770620e-03
9.999794010637699238e-01 -6.097666713241323491e-03 -2.004204997806320523e-03
9.999853333504876707e-01 -4.944459804875480508e-03 -2.210510148504972808e-03
9.999903099351671321e-01 -3.687421385176978608e-03 -2.404982095829390817e-03
9.999939335136261986e-01 -2.332916110743702819e-03 -2.586782486113986014e-03
9.999958110892296359e-01 -8.877275367606038935e-04 -2.755135995317004732e-03
9.999955629818341185e-01 6.409753886701121620e-04 -2.909333625891292845e-03
9.999928315939605739e-01 2.245673506695938793e-03 -3.048735682650970374e-03
9.999872897653249160e-01 3.918534140022998831e-03 -3.172774413522415696e-03
9.999786485557691229e-01 5.651449119501089809e-03 -3.280956302571102091e-03
9.999666643084883511e-01 7.436073960341691227e-03 -3.372864004345807291e-03
9.999511448600065799e-01 9.263867995473960490e-03 -3.448157910371572703e-03
9.999319547803208197e-01 1.112613526680262914e-02 -3.506577340540657610e-03
9.999090195456705743e-01 1.301406596967230253e-02 -3.547941354180144183e-03
9.998823285671265548e-01 1.491877824181494540e-02 -3.572149177695180776e-03
9.998519370202122447e-01 1.683136008558389768e-02 -3.579180247873773105e-03
9.998179664436503966e-01 1.874291121144918554e-02 -3.569093872165479773e-03
9.997806040986156884e-01 2.064458459159929093e-02 -3.542028509483179186e-03
9.997401011031243900e-01 2.252762751508011543e-02 -3.498200677294127821e-03
9.996967693789594600e-01 2.438342194017879480e-02 -3.437903492933574133e-03
9.996509774703838946e-01 2.620352394566644039e-02 -3.361504859161982845e-03
9.996031453144262890e-01 2.797970208995090302e-02 -3.269445305968051406e-03
9.995537380613599421e-01 2.970397449602654727e-02 -3.162235502469492882e-03
9.995032590607964007e-01 3.136864449018267331e-02 -3.040453454460911864e-03
9.994522421432904258e-01 3.296633463356316018e-02 -2.904741404685915601e-03
9.994012433392580608e-01 3.449001899765802293e-02 -2.755802454256413639e-03
9.993508321861584998e-01 3.593305354744563002e-02 -2.594396924798158741e-03
9.993015827811497775e-01 3.728920450898188382e-02 -2.421338481865131006e-03
9.992540647397262221e-01 3.855267461154543440e-02 -2.237490040938297856e-03
9.992088342211620233e-01 3.971812710780282113e-02 -2.043759477912990025e-03
9.991664251789650342e-01 4.078070748867849288e-02 -1.841095166393952060e-03
9.991273409890754076e-01 4.173606282254987976e-02 -1.630481364371884475e-03
9.990920466003743172e-01 4.258035866091022803e-02 -1.412933472966426338e-03
9.990609613413845569e-01 4.331029346465597313e-02 -1.189493189906408975e-03
9.990344525040819601e-01 4.392311051659502502e-02 -9.612235802983047249e-04
9.990128298107576743e-01 4.441660729660365514e-02 -7.292040870277442842e-04
9.989963408531755684e-01 4.478914230607849989e-02 -4.945255028658714471e-04
9.989851675751786342e-01 4.503963933796125557e-02 -2.582849260298545322e-04
9.989794238507512247e-01 4.516758919770497843e-02 -2.158072059074695034e-05
9.989791541896897442e-01 4.517304888917288846e-02 2.144924972548555291e-04
9.989843335828365589e-01 4.505663828769737589e-02 4.488488264202765681e-04
9.989948684786429389e-01 4.481953433047440594e-02 6.804159814335988560e-04
9.990105988630014755e-01 4.446346276222577082e-02 9.081401063663239407e-04
9.990313013951704901e-01 4.399068748172721421e-02 1.130990482733679756e-03
9.990566935345263078e-01 4.340399754246561381e-02 1.347964112312689420e-03
9.990864385761312194e-01 4.270669186843266407e-02 1.558090156234032695e-03
9.991201514979763942e-01 4.190256175394805466e-02 1.760434212134637071e-03
9.991574055095000517e-01 4.099587122447496956e-02 1.954102411621233288e-03
9.991977391798114727e-01 3.999133534366319798e-02 2.138245320803672245e-03
9.992406640151486608e-01 3.889409656032460916e-02 2.312061627224263217e-03
9.992856723486088777e-01 3.770969919768024647e-02 2.474801597149419753e-03
9.993322454012089073e-01 3.644406219596028201e-02 2.625770287915537259e-03
9.993798613719159230e-01 3.510345022820652444e-02 2.764330500843893441e-03
9.994280034154476855e-01 3.369444331781919905e-02 2.889905461169163525e-03
9.994761673703331795e-01 3.222390509488425037e-02 3.001981212469953877e-03
9.995238691058742075e-01 3.069894983647991626e-02 3.100108714251707982e-03
9.995706513651247960e-01 2.912690844384789937e-02 3.183905632613177449e-03
9.996160899916365361e-01 2.751529351637727744e-02 3.253057815324595335e-03
9.996597994403001453e-01 2.587176368864216661e-02 3.307320444152350193e-03
9.997014374868959941e-01 2.420408740211793183e-02 3.346518858871428120e-03
9.997407090666736718e-01 2.252010628754804941e-02 3.370549049099938119e-03
9.997773691891107539e-01 2.082769833713415258e-02 3.379377811853507847e-03
9.998112248936270596e-01 1.913474104768577572e-02 3.373042574532579205e-03
9.998421362291167735e-01 1.744907471652820327e-02 3.351650884902050796e-03
9.998700162583655793e-01 1.577846607128760917e-02 3.315379571478464620e-03
9.998948301063895761e-01 1.413057241264094495e-02 3.264473579582503025e-03
9.999165930891414922e-01 1.251290644575062463e-02 3.199244490121553111e-03
9.999353679755432767e-01 1.093280197144488701e-02 3.120068729916864510e-03
9.999512614511265607e-01 9.397380602323498686e-03 3.027385484062104695e-03
9.999644198654102922e-01 7.913519661957569423e-03 2.921694322376672086e-03
9.999750243572798070e-01 6.487821417323606614e-03 2.803552553482140282e-03
9.999832854628373235e-01 5.126583785692796075e-03 2.673572321370772803e-03
9.999894373183079166e-01 3.835772647524897730e-03 2.532417460541360171e-03
9.999937315764749757e-01 2.620995886636174298e-03 2.380800126843173308e-03
9.999964311587090648e-01 1.487479268167823335e-03 2.219477222090360941e-03
9.999978039659028761e-01 4.400442538172860945e-04 2.049246631286601780e-03
9.999981166705445013e-01 -5.169121574562891234e-04 1.870943291936127961e-03
9.999976287088007121e-01 -1.379435486356725329e-03 1.685435115417893443e-03
9.999965865859397063e-01 -2.144029662182240017e-03 1.493618780772360986e-03
9.999952186008297383e-01 -2.807670689278680097e-03 1.296415421504548693e-03
9.999937300857774103e-01 -3.367818047462427938e-03 1.094766226153191498e-03
9.999922992468186500e-01 -3.822423793535624937e-03 8.896279734253705138e-04
