1.000000000000000000e+00 0.000000000000000000e+00 0.000000000000000000e+00
9.999997662113112584e-01 3.225507222851108514e-04 -6.029510336894518437e-04
9.999989063579041160e-01 8.630588855783715829e-04 -1.201016168543755838e-03
9.999970814761998117e-01 1.619493032174294973e-03 -1.792854957002676733e-03
9.999938222708461000e-01 2.589337699769801281e-03 -2.377145737360386937e-03
9.999885361511531290e-01 3.769600294091172976e-03 -2.952588519694895972e-03
9.999805156469095957e-01 5.156818899601148427e-03 -3.517907830856511001e-03
9.999689481126005086e-01 6.747071035622592000e-03 -4.071855515266400820e-03
9.999529266173453612e-01 8.535983366720130416e-03 -4.613213487719067946e-03
9.999314619070698296e-01 1.051874237680679169e-02 -5.140796433767465951e-03
9.999034953156128447e-01 1.269010601612252827e-02 -5.653454452616116059e-03
9.998679124927356554e-01 1.504441632892225544e-02 -6.150075636776491418e-03
9.998235578094375464e-01 1.757561306739353207e-02 -6.629588582071421071e-03
9.997692492946637088e-01 2.027724829400394044e-02 -7.090964820932874578e-03
9.997037939525033057e-01 2.314250197018613564e-02 -7.533221171341405141e-03
9.996260033053760985e-01 2.616419852405937538e-02 -7.955421993226368185e-03
9.995347090065629381e-01 2.933482438383852239e-02 -8.356681343702949266e-03
9.994287783647899381e-01 3.264654645679550965e-02 -8.736165022182808271e-03
9.993071296244619983e-01 3.609123152623427283e-02 -9.093092496175207359e-03
9.991687468475822786e-01 3.966046653105607250e-02 -9.426738698507923855e-03
9.990126942473817051e-01 4.334557968428039143e-02 -9.736435686752404825e-03
9.988381298292107191e-01 4.713766237851037960e-02 -1.002157415584247965e-02
9.986443182012638697e-01 5.102759181796292370e-02 -1.028160479523462789e-02
9.984306424261720769e-01 5.500605430849581784e-02 -1.051603948247051626e-02
9.981966147943170942e-01 5.906356912923362013e-02 -1.072445230566643551e-02
9.979418864108079434e-01 6.319051290208896332e-02 -1.090648040826277219e-02
9.976662555002864252e-01 6.737714436885965108e-02 -1.106182465031002767e-02
9.973696743469616655e-01 7.161362947980298710e-02 -1.119025008163306370e-02
9.970522548013601716e-01 7.589006669278114403e-02 -1.129158622338658630e-02
9.967142723000489424e-01 8.019651237834980739e-02 -1.136572715577380439e-02
9.963561683598650687e-01 8.452300622361930138e-02 -1.141263141102654387e-02
9.959785515237774556e-01 8.885959652642221041e-02 -1.143232167211655909e-02
9.955821967512252790e-01 9.319636527131665293e-02 -1.142488427906135709e-02
9.951680432614223859e-01 9.752345288025714154e-02 -1.139046854607969096e-02
9.947371908535004303e-01 1.018310825333644948e-01 -1.132928589421811072e-02
9.942908947422969268e-01 1.061095839590859985e-01 -1.124160880538738368e-02
9.938305589628984027e-01 1.103494165980941910e-01 -1.112776960499384238e-02
9.933577284105616911e-01 1.145411920514418508e-01 -1.098815908150501189e-02
9.928740795952020193e-01 1.186756957306627502e-01 -1.082322495233247611e-02
9.923814102011325744e-01 1.227439076355573699e-01 -1.063347018633135216e-02
9.918816275530421001e-01 1.267370221941859498e-01 -1.041945119399123425e-02
9.913767360982234100e-01 1.306464671089536678e-01 -1.018177589701724575e-02
9.909175572117788766e-01 1.341471698488614361e-01 -9.323751803164644081e-03
9.904887077519141103e-01 1.373344229995091814e-01 -8.448473889792718419e-03
9.900939645354401852e-01 1.402027791384761746e-01 -7.557954438640088202e-03
9.897367691713241378e-01 1.427475028579048011e-01 -6.654222499942984148e-03
9.894202012231558818e-01 1.449645683025454213e-01 -5.739319868010753223e-03
9.891469547881668323e-01 1.468506559227522879e-01 -4.815297226178676983e-03
9.889193186246648670e-01 1.484031486321367999e-01 -3.884210451468008297e-03
9.887391599304371503e-01 1.496201275385163065e-01 -2.948117066060147902e-03
9.886079118463135806e-01 1.505003673929272978e-01 -2.009072819949905483e-03
9.885265647317197368e-01 1.510433318753546528e-01 -1.069128386917709813e-03
9.884956612326686320e-01 1.512491688080298824e-01 -1.303261542785215431e-04
9.885152951371871666e-01 1.511187053582485340e-01 8.053029142574633916e-04
9.885851139885621919e-01 1.506534432632248843e-01 1.735742363833404781e-03
9.887043254029109773e-01 1.498555540801098929e-01 2.658993303016357352e-03
9.888717070143135945e-01 1.487278744355038373e-01 3.573077448340010107e-03
9.890856199479769462e-01 1.472739012211331522e-01 4.476040178372433717e-03
9.893440256995228443e-01 1.454977866563476607e-01 5.365953615256004693e-03
9.896445062764289702e-01 1.434043331142118016e-01 6.240919749587375831e-03
9.899842874358506517e-01 1.409989875866621833e-01 7.099073621994005795e-03
9.903602648315054102e-01 1.382878356458922264e-01 7.938586571868924691e-03
9.907308564150758556e-01 1.355941844883979119e-01 8.160153326817961433e-03
9.911044490363994930e-01 1.328232446215536211e-01 8.364067819390827094e-03
9.914795710992210243e-01 1.299813824016502750e-01 8.549922939786907747e-03
9.918547898252678685e-01 1.270751138142912073e-01 8.717352069555407701e-03
9.922287194420190692e-01 1.241110902355150869e-01 8.866029984354545021e-03
9.926000288473210142e-01 1.210960837262639450e-01 8.995673668692315966e-03
9.929674486933764976e-01 1.180369718928852701e-01 9.106043037606467716e-03
9.933297778378515908e-01 1.149407223505859721e-01 9.196941560520361172e-03
9.936858891155759821e-01 1.118143768307641589e-01 9.268216782856665906e-03
9.940347343905058253e-01 1.086650349768672336e-01 9.319760741398130238e-03
9.943753488542220742e-01 1.054998378768040868e-01 9.351510269848642073e-03
9.947068545441830612e-01 1.023259513829214429e-01 9.363447191562226588e-03
9.950284630621741844e-01 9.915054927309513433e-02 9.355598396965253763e-03
9.953394774808250745e-01 9.598079630854797206e-02 9.328035803790168251e-03
9.956392934336155687e-01 9.282383124555891596e-02 9.280876198858933196e-03
9.959273993913916323e-01 8.968674985925295662e-02 9.214280960792355438e-03
9.962033761359743167e-01 8.657658803814866078e-02 9.128455663668362183e-03
9.964668954488885566e-01 8.350030500808926226e-02 9.023649562299115162e-03
9.967177180404860337e-01 8.046476674360338033e-02 8.900154960434607243e-03
9.969556907517032052e-01 7.747672962365120819e-02 8.758306463820433874e-03
9.971993006479565880e-01 7.422209343334049136e-02 9.199813715279196377e-03
9.974433658312897855e-01 7.081106597736346042e-02 9.619037580043112920e-03
9.976857685343389903e-01 6.725181130567647880e-02 1.001509759404474974e-02
9.979244196831749125e-01 6.355281623307963701e-02 1.038716694766485087e-02
9.981572775788432050e-01 5.972287173743952987e-02 1.073447451613524298e-02
9.983823660657554777e-01 5.577105332853549841e-02 1.105630678390807572e-02
9.985977920222871562e-01 5.170670041225344099e-02 1.135200965100689741e-02
9.988017620146675268e-01 4.753939468600944934e-02 1.162099010935694135e-02
9.989925979626168573e-01 4.327893761256904059e-02 1.186271777727359103e-02
9.991687516741468711e-01 3.893532703061926281e-02 1.207672628067114375e-02
9.993288181174475593e-01 3.451873297133203899e-02 1.226261447013633765e-02
9.994715473097491865e-01 3.003947276051294538e-02 1.242004746378607902e-02
9.995958547163604768e-01 2.550798549555444161e-02 1.254875750678569914e-02
9.997008300676157866e-01 2.093480599511352014e-02 1.264854463952842442e-02
9.997857445170573731e-01 1.633053832703602187e-02 1.271927716775028694e-02
9.998500560806560244e-01 1.170582902640025097e-02 1.276089192925609038e-02
9.998934133140404690e-01 7.071340120523584780e-03 1.277339435343715322e-02
9.999156572023597533e-01 2.437722081268114439e-03 1.275685831134387369e-02
9.999168212553147805e-01 -2.184413173073485731e-03 1.271142575570783154e-02
9.998971298178533917e-01 -6.784519103668782032e-03 1.263730615196000800e-02
9.998679799299488025e-01 -1.102965999612830553e-02 1.193191692445792589e-02
9.998245146948334661e-01 -1.501417757221748528e-02 1.120337123398659762e-02
9.997699311450400916e-01 -1.872997558306436008e-02 1.045341794781160481e-02
9.997073231949065164e-01 -2.216962197639097201e-02 9.683846593748532405e-03
9.996396496329882364e-01 -2.532635928149115645e-02 8.896482732510856486e-03
9.995697040711070125e-01 -2.819411313106393729e-02 8.093183373832210301e-03
9.995000871095645056e-01 -3.076749904875879585e-02 7.275832448658149133e-03
9.994331809520348164e-01 -3.304182763297971309e-02 6.446336346627424239e-03
9.993711266764591095e-01 -3.501310826564153766e-02 5.606619525086944597e-03
9.993158043402058377e-01 -3.667805146939543542e-02 4.758620193073527516e-03
9.992688160691280963e-01 -3.803407002862490421e-02 3.904286071108758072e-03
9.992314722511878022e-01 -3.907927897860083433e-02 3.045570225343238041e-03
9.992047809262416536e-01 -3.981249455396083242e-02 2.184426972597962834e-03
9.991894404345789127e-01 -4.023323217256936923e-02 1.322807851219840554e-03
9.991858353580106433e-01 -4.034170351427365797e-02 4.626576514231690949e-04
9.991940357588684485e-01 -4.013881273656717819e-02 -3.940895020520726860e-04
9.992137996942695999e-01 -3.962615185118856936e-02 -1.245514022561324419e-03
9.992445789555496338e-01 -3.880599526769934471e-02 -2.089714697064523619e-03
9.992855279559226256e-01 -3.768129349257210575e-02 -2.924812491737566189e-03
9.993355156632912628e-01 -3.625566595573780776e-02 -3.748954334116341020e-03
9.993931404497783388e-01 -3.453339292131756694e-02 -4.560316877053955525e-03
9.994567477050800841e-01 -3.251940642580137403e-02 -5.357110248289088938e-03
9.995244500372622021e-01 -3.021928017559317656e-02 -6.137581787646857918e-03
9.995941498622600285e-01 -2.763921832693390368e-02 -6.900019771868697721e-03
9.996635641622448887e-01 -2.478604306500442958e-02 -7.642757124845502015e-03
9.997302511733582309e-01 -2.166718089570484132e-02 -8.364175108664237066e-03
9.997916387452702169e-01 -1.829064756334906200e-02 -9.062706988431508751e-03
9.998450540988009783e-01 -1.466503151038308153e-02 -9.736841661369746714e-03
9.998877546936681959e-01 -1.079947580124121509e-02 -1.038512723825553430e-02
9.999169599065170777e-01 -6.703658441537743359e-03 -1.100617456294808449e-02
9.999298832099847711e-01 -2.387771035820805861e-03 -1.159866065360041533e-02
9.999237645368613814e-01 2.137504258107885032e-03 -1.216133204721533100e-02
9.998959025096579856e-01 6.861019503046413871e-03 -1.269300802755770480e-02
9.998436862152508819e-01 1.177118748974802405e-02 -1.319258371511330442e-02
9.997646262069062040e-01 1.685600996193004769e-02 -1.365903299683546290e-02
9.996563844220124340e-01 2.210310752057725175e-02 -1.409141127287934572e-02
9.995168027133252142e-01 2.749975114581052621e-02 -1.448885799741579140e-02
9.993439297044797165e-01 3.303289525086618855e-02 -1.485059899095943735e-02
9.991360456968971793e-01 3.868921215917170420e-02 -1.517594850244544449e-02
9.988916853749036928e-01 4.445512787263764670e-02 -1.546431100054155433e-02
9.986096580787038324e-01 5.031685897763327892e-02 -1.571518267537242233e-02
9.982890654405830455e-01 5.626045051517385848e-02 -1.592815263393568270e-02
9.979293162080343782e-01 6.227181462408783175e-02 -1.610290377496863615e-02
9.975301381080656782e-01 6.833676975077217219e-02 -1.623921333183567933e-02
9.970915866393221805e-01 7.444108020694775729e-02 -1.633695307509681546e-02
9.966140507124023884e-01 8.057049584789101326e-02 -1.639608916972656524e-02
9.960982550933614732e-01 8.671079163816605706e-02 -1.641668168541490086e-02
9.955452596403708831e-01 9.284780687005475541e-02 -1.639888376192824224e-02
9.949564553583151172e-01 9.896748380173933657e-02 -1.634294043506775290e-02
9.943335573302355401e-01 1.050559054878065224e-01 -1.624918713226292111e-02
9.936785946174702122e-01 1.110993325837027201e-01 -1.611804785021083916e-02
9.929938972516141327e-01 1.170842389181863258e-01 -1.595003303014963514e-02
9.922820804705951847e-01 1.229973456433313822e-01 -1.574573714927693033e-02
9.915460263778382854e-01 1.288256537899051257e-01 -1.550583604943646561e-02
9.907888632273450513e-01 1.345564750765845530e-01 -1.523108402645131573e-02
9.900139425582764607e-01 1.401774608440613523e-01 -1.492231070534246092e-02
9.892248144200955773e-01 1.456766290091438543e-01 -1.458041772810834795e-02
9.884252009433766029e-01 1.510423889590151447e-01 -1.420637528173584498e-02
9.876189685219570746e-01 1.562635643313500244e-01 -1.380121849465707276e-02
9.868100988792138928e-01 1.613294136515429911e-01 -1.336604372996123141e-02
9.860026592949564517e-01 1.662296488233764025e-01 -1.290200480332645908e-02
9.852007722698885583e-01 1.709544514936152115e-01 -1.241030915287335591e-02
9.844085849019793555e-01 1.754944873338374067e-01 -1.189221398698656063e-02
9.836302382436397096e-01 1.798409183039257619e-01 -1.134902243463784162e-02
9.828698369005873792e-01 1.839854129807352856e-01 -1.078207972091378870e-02
9.821314191229950641e-01 1.879201550522422992e-01 -1.019276938834787725e-02
9.814189276272666795e-01 1.916378500917633176e-01 -9.582509582328577191e-03
9.807361813728848743e-01 1.951317307384487498e-01 -8.952749416352382555e-03
9.800868485035431066e-01 1.983955604191102173e-01 -8.304965430264382373e-03
9.794744206455174851e-01 2.014236357524870902e-01 -7.640658151930321447e-03
9.789021887392415078e-01 2.042107877803086002e-01 -6.961348770063031585e-03
9.783732205625823575e-01 2.067523821700192610e-01 -6.268575923230644900e-03
9.778903400866250095e-01 2.090443185319124375e-01 -5.563892607449496923e-03
9.774561087870583531e-01 2.110830289888004918e-01 -4.848863202253117163e-03
9.770728090166962421e-01 2.128654761294196396e-01 -4.125060612768322033e-03
9.767424295274078627e-01 2.143891504677273852e-01 -3.394063523154336806e-03
9.764666532128722931e-01 2.156520675193343006e-01 -2.657453754800603689e-03
9.762468471271978920e-01 2.166527645937671442e-01 -1.916813720958656991e-03
9.760840548185940602e-01 2.173902973873528821e-01 -1.173723968023546952e-03
9.759789910019773806e-01 2.178642364465172565e-01 -4.297607924967029782e-04
9.759320385796211861e-01 2.180746635554876023e-01 3.135060782338840689e-04
9.759432480046994485e-01 2.180221680860599809e-01 1.054515753761799297e-03
9.760123389687894724e-01 2.177078433305175420e-01 1.791718409948717637e-03
9.761387043810313413e-01 2.171332828222491962e-01 2.523577492408213968e-03
9.763214165936456856e-01 2.163005766323840839e-01 3.248571906684576821e-03
9.765592358158250441e-01 2.152123076150931347e-01 3.965198207062365157e-03
9.768506206455915830e-01 2.138715475593625515e-01 4.671972795112627579e-03
9.771937406370138079e-01 2.122818531912545603e-01 5.367434138000410498e-03
9.775864908081660642e-01 2.104472619581579662e-01 6.050145015265094572e-03
9.780265079833931896e-01 2.083722875154995768e-01 6.718694801262923080e-03
9.785111888518049916e-01 2.060619148270208256e-01 7.371701788755476333e-03
9.790377096125152390e-01 2.035215947821810978e-01 8.007815557267129736e-03
9.796030470659944367e-01 2.007572382286691992e-01 8.625719387849362443e-03
9.802040010001116244e-01 1.977752093144937162e-01 9.224132723813109613e-03
9.808372177090877164e-01 1.945823180327639623e-01 9.801813674856671779e-03
9.814992144737935131e-01 1.911858118631120929e-01 1.035756155986216134e-02
9.821864048227366695e-01 1.875933664067624684e-01 1.089021948149503094e-02
9.828951243848471631e-01 1.838130749175037881e-01 1.139867692365627815e-02
9.836216571379554630e-01 1.798534366382102678e-01 1.188187236084291103e-02
9.843622618508391930e-01 1.757233438619970611e-01 1.233879586660575726e-02
9.851131985120633594e-01 1.714320676484527850e-01 1.276849170659004502e-02
9.858707545357379143e-01 1.669892421385055781e-01 1.317006090013663269e-02
9.866312705329237653e-01 1.624048474261460262e-01 1.354266373314090902e-02
9.873911654378877412e-01 1.576891909612205267e-01 1.388552220383935422e-02
9.881469607808746058e-01 1.528528874745602728e-01 1.419792238244365658e-02
9.888953039036255666e-01 1.479068374345354764e-01 1.447921666508759572e-02
9.896329899206133263e-01 1.428622040624173140e-01 1.472882590240571013e-02
9.903569822379154619e-01 1.377303889523663893e-01 1.494624138323271366e-02
9.910644314528158638e-01 1.325230063601178787e-01 1.513102665440011103e-02
9.917526924705676317e-01 1.272518562421671440e-01 1.528281915840677685e-02
9.924193396901821451e-01 1.219288961441484520e-01 1.540133167184237067e-02
9.930621801285112182e-01 1.165662120528318246e-01 1.548635352882907039e-02
9.936792643710822270e-01 1.111759883404447036e-01 1.553775161539501862e-02
9.942688952589330276e-01 1.057704769425909103e-01 1.555547112257339541e-02
9.948296342428200045e-01 1.003619659216583027e-01 1.553953604810032023e-02
9.953603053593693684e-01 9.496274757608672012e-02 1.549004943882504801e-02
9.958599968077047615e-01 8.958508626206178327e-02 1.540719336830567027e-02
9.963280601294857153e-01 8.424118609800981816e-02 1.529122864649908910e-02
9.967641070198071107e-01 7.894315872364666975e-02 1.514249426092009222e-02
9.971680038206878205e-01 7.370299128428266233e-02 1.496140655109551992e-02
9.975398637725889639e-01 6.853251480766367476e-02 1.474845812053082912e-02
9.978800371222131815e-01 6.344337313494062547e-02 1.450421649269501879e-02
9.981890992064404999e-01 5.844699255955967954e-02 1.422932251967570436e-02
9.984678366523621618e-01 5.355455231815052508e-02 1.392448855412272389e-02
9.987172318517240077e-01 4.877695606609287055e-02 1.359049639685440229e-02
9.989384458844625669e-01 4.412480445762875098e-02 1.322819503401889522e-02
9.991328000802212062e-01 3.960836893644895801e-02 1.283849817896336350e-02
9.993017564186236212e-01 3.523756682792325567e-02 1.242238163495157019e-02
9.994468969785575974e-01 3.102193780888132593e-02 1.198088049557779686e-02
9.995699026537152587e-01 2.697062181540198222e-02 1.151508620015018712e-02
9.996725313561278803e-01 2.309233843374260131e-02 1.102614346146421620e-02
9.997565959314437256e-01 1.939536780463629526e-02 1.051524708326777129e-02
9.998239420092756014e-01 1.588753305697829590e-02 9.983638684349298992e-03
9.998764260091795864e-01 1.257618427366644087e-02 9.432603345580813439e-03
9.999158935178346086e-01 9.468183980274056180e-03 8.863466195443760534e-03
9.999441582459086542e-01 6.569894136502095819e-03 8.277588948586690754e-03
9.999629817640817153e-01 3.887164601128668354e-03 7.676366410841314533e-03
9.999740542069183169e-01 1.425323033555513878e-03 7.061222962891416585e-03
9.999789761209291195e-01 -8.108338108907815582e-04 6.433609033482183895e-03
9.999792416194087652e-01 -2.817047438984304677e-03 5.794997571710895287e-03
9.999714055539051794e-01 -4.912141181731031342e-03 5.749814204427504231e-03
9.999593834431099726e-01 -6.988342245066006368e-03 5.691744256068179998e-03
9.999433316304984221e-01 -9.040998918696046063e-03 5.620967663666631350e-03
9.999234417627775873e-01 -1.106553108418482576e-02 5.537692737339176136e-03
9.998999387881782885e-01 -1.305744055388603948e-02 5.442155559960817901e-03
9.998730786669296489e-01 -1.501232115720052031e-02 5.334619322441900083e-03
9.998431458170976560e-01 -1.692586854877209737e-02 5.215373596945376521e-03
9.998104503212172922e-01 -1.879388971465907610e-02 5.084733550571554628e-03
9.997753249211354110e-01 -2.061231215403734954e-02 4.943039102203632476e-03
9.997381218301913952e-01 -2.237719271558757245e-02 4.790654025352500574e-03
9.996992093932842716e-01 -2.408472606937207827e-02 4.627964999962460094e-03
9.996589686264969465e-01 -2.573125279669730842e-02 4.455380616240564758e-03
9.996177896687624687e-01 -2.731326708216381960e-02 4.273330333651253858e-03
9.995760681785647028e-01 -2.882742399380913353e-02 4.082263398275331155e-03
9.995342017088607589e-01 -3.027054633893017446e-02 3.882647721768938808e-03
9.994925860933026041e-01 -3.163963108481429587e-02 3.674968725175088626e-03
9.994516118764218415e-01 -3.293185533519543684e-02 3.459728150838898252e-03
9.994116608197374241e-01 -3.414458185477074054e-02 3.237442845659602771e-03
9.993731025147579716e-01 -3.527536413555117101e-02 3.008643518879429955e-03
9.993362911325935904e-01 -3.632195100016785000e-02 2.773873477563579010e-03
9.993148736846211300e-01 -3.696018292832920632e-02 1.931159077727996783e-03
9.993037936195318105e-01 -3.729268767672606899e-02 1.088470732582267654e-03
9.993033418082863939e-01 -3.731984679144437211e-02 2.477100034595739343e-04
9.993135098688911144e-01 -3.704271979001989845e-02 -5.892329620975339912e-04
9.993339933682862108e-01 -3.646303941079549055e-02 -1.420483244986979867e-03
9.993641980956804449e-01 -3.558320600288637781e-02 -2.244184933813718388e-03
9.994032493268436568e-01 -3.440628104302821677e-02 -3.058504874815904263e-03
9.994500039738243302e-01 -3.293597975058991378e-02 -3.861636397678943483e-03
9.995030654903179768e-01 -3.117666275841200416e-02 -4.651803021317700571e-03
9.995608013795731495e-01 -2.913332678524650429e-02 -5.427262142257846533e-03
9.996213631294050828e-01 -2.681159424575244726e-02 -6.186308706535233702e-03
9.996827083777193312e-01 -2.421770172652500108e-02 -6.927278864101437360e-03
9.997426250920826707e-01 -2.135848725173633902e-02 -7.648553602623384996e-03
9.997987575284776884e-01 -1.824137625982016550e-02 -8.348562355348284128e-03
9.998486337176301086e-01 -1.487436621335586420e-02 -9.025786575428140085e-03
9.998896942123920439e-01 -1.126600976795712541e-02 -9.678763266818986993e-03
9.999193218168159758e-01 -7.425396432533570498e-03 -1.030608845964756798e-02
9.999348720069691776e-01 -3.362132662696094496e-03 -1.090642061583100599e-02
9.999337037454243404e-01 9.136796588244044601e-04 -1.147848394879997548e-02
9.999132103859295073e-01 5.391466386285386631e-03 -1.202107163946693376e-02
9.998708503621830390e-01 1.006020593429491489e-02 -1.253304892914798054e-02
9.998041773550866429e-01 1.490845575644070622e-02 -1.301335606903423169e-02
9.997108696364472857e-01 1.992438045495903073e-02 -1.346101110505421028e-02
9.995887582939346760e-01 2.509578147586800576e-02 -1.387511247660295523e-02
9.994358540522221279e-01 3.041012832198422902e-02 -1.425484140765819960e-02
9.992503724186315717e-01 3.585459119405488837e-02 -1.459946406927178572e-02
9.990307568982045305e-01 4.141607494835852776e-02 -1.490833349331844790e-02
9.987757000428035825e-01 4.708125423804699478e-02 -1.518089121869731217e-02
9.984841621214270990e-01 5.283660968569894867e-02 -1.541666865289695321e-02
9.981553872241475389e-01 5.866846491648849971e-02 -1.561528813392614075e-02
9.977889166396568532e-01 6.456302426546427220e-02 -1.577646368004363350e-02
9.973845993759659079e-01 7.050641095906114153e-02 -1.590000141744751794e-02
9.969425997249591331e-01 7.648470556045063040e-02 -1.598579967905613269e-02
9.964634018038058816e-01 8.248398446093434255e-02 -1.603384877067105113e-02
9.959478110392181449e-01 8.849035819548352333e-02 -1.604423040409591258e-02
9.953969525937286233e-01 9.449000935983847826e-02 -1.601711680012772934e-02
9.948122667660592722e-01 1.004692299093361829e-01 -1.595276946767336390e-02
9.941955014297717552e-01 1.064144576257862324e-01 -1.585153766850673149e-02
9.935487016052725329e-01 1.123123115481420436e-01 -1.571385658030796315e-02
9.928741962894505058e-01 1.181496261752182780e-01 -1.554024517355353900e-02
9.921745826943519919e-01 1.239134842640249173e-01 -1.533130382050089044e-02
9.914527080709989448e-01 1.295912480651000009e-01 -1.508771165688301691e-02
9.907116493164345172e-01 1.351705888561552660e-01 -1.481022371895674913e-02
9.899546905810955311e-01 1.406395146569899279e-01 -1.449966788019899089e-02
9.891852991095011483e-01 1.459863960315380405e-01 -1.415694161319440945e-02
9.884070995598950304e-01 1.511999899066377717e-01 -1.378300860309031838e-02
9.876238470578527773e-01 1.562694613611851635e-01 -1.337889523940415971e-02
9.868393992449847607e-01 1.611844033633049456e-01 -1.294568701295930289e-02
9.860576875868086733e-01 1.659348544565980021e-01 -1.248452484430761893e-02
9.852826882037786227e-01 1.705113144189965013e-01 -1.199660136919246042e-02
9.845183924865092973e-01 1.749047579388938733e-01 -1.148315720544027148e-02
9.837687777506596287e-01 1.791066463726818103e-01 -1.094547722417639826e-02
9.830377781789830793e-01 1.831089376653282086e-01 -1.038488684647916049e-02
9.823292562879952783e-01 1.869040945309271007e-01 -9.802748384558492706e-03
9.816469751448364534e-01 1.904850910030581601e-01 -9.200457444316809466e-03
9.809945715465154814e-01 1.938454174751713666e-01 -8.579439403767513683e-03
9.803755303591062953e-01 1.969790843589834251e-01 -7.941145979298765492e-03
9.797931601989031680e-01 1.998806244940029841e-01 -7.287051889224454605e-03
9.792505706213017191e-01 2.025450944438118295e-01 -6.618651621507474526e-03
9.787506509664972709e-01 2.049680748146810172e-01 -5.937456310017017076e-03
9.782960509942018046e-01 2.071456697295993021e-01 -5.244990721233716569e-03
9.778891634226669627e-01 2.090745055859766222e-01 -4.542790350983030509e-03
9.775321084705201891e-01 2.107517292183304081e-01 -3.832398628593477498e-03
9.772267204834060861e-01 2.121750055783672428e-01 -3.115364223873563158e-03
9.769745367112719903e-01 2.133425150342573851e-01 -2.393238450506624850e-03
9.767767882864126783e-01 2.142529503788053735e-01 -1.667572757899225344e-03
9.766343934371373159e-01 2.149055136228973650e-01 -9.399163022046220627e-04
9.765479529571587936e-01 2.152999126363168425e-01 -2.118135861923881817e-04
9.765177479365232394e-01 2.154363576830319038e-01 5.151978431417117291e-04
9.765437397460823288e-01 2.153155578826362881e-01 1.239589650829307690e-03
9.766255722541195006e-01 2.149387176140408195e-01 1.959844935867306910e-03
9.767625762407418089e-01 2.143075328620243913e-01 2.674460430599617192e-03
9.769537759629889351e-01 2.134241874921201931e-01 3.381948688968744541e-03
9.771978978112492165e-01 2.122913494247791188e-01 4.080840274467218559e-03
9.774933809854702282e-01 2.109121666660563332e-01 4.769685957773396254e-03
9.778383901077806195e-01 2.092902631394269186e-01 5.447058932977858446e-03
9.782308296764772315e-01 2.074297342519613174e-01 6.111557060014945371e-03
9.786683602548857941e-01 2.053351421181670577e-01 6.761805139431384913e-03
9.791484162773828048e-01 2.030115103564985313e-01 7.396457223975621414e-03
9.796682253439112920e-01 2.004643183669969631e-01 8.014198969704995276e-03
9.802819080631759441e-01 1.973895904293543335e-01 9.205027049847115325e-03
9.809677819768005680e-01 1.938933488165000829e-01 1.037219199655419095e-02
9.817197466335355616e-01 1.899836470569332414e-01 1.151327237151729063e-02
9.825311600639756726e-01 1.856693542510900186e-01 1.262588955452218636e-02
9.833948965656630348e-01 1.809601583693732085e-01 1.370771184377160556e-02
9.843034085421913382e-01 1.758665684917445071e-01 1.475645891987482743e-02
9.852487919828949448e-01 1.703999154774600566e-01 1.576990667133074467e-02
9.862228551274654365e-01 1.645723505527672548e-01 1.674589236938161044e-02
9.872171898168595749e-01 1.583968413140627030e-01 1.768232017011801480e-02
9.882232449891256154e-01 1.518871646643089879e-01 1.857716691185436544e-02
9.892324017374046763e-01 1.450578962314102438e-01 1.942848816626038116e-02
9.902360493086038717e-01 1.379243958585371355e-01 2.023442449272530932e-02
9.912256613863977828e-01 1.305027888076284448e-01 2.099320783714703903e-02
9.921928719726595958e-01 1.228099423778024335e-01 2.170316800897357026e-02
9.931295501584780361e-01 1.148634377092667691e-01 2.236273916406669032e-02
9.940278730608647084e-01 1.066815366193604453e-01 2.297046621597959720e-02
9.948803961952499275e-01 9.828314339920463105e-02 2.352501109469367149e-02
9.956801205578970082e-01 8.968776158548380506e-02 2.402515876987015506e-02
9.964205557072033370e-01 8.091544581034586237e-02 2.446982295533364424e-02
9.970957781590276126e-01 7.198674892138498538e-02 2.485805141287245057e-02
9.976951932913047383e-01 6.324375278280330859e-02 2.458728337363340691e-02
9.982132438016690923e-01 5.460424938318585164e-02 2.426316639878836959e-02
9.986517484880211848e-01 4.608820437450834862e-02 2.388656422616034988e-02
9.990131465784650722e-01 3.771522416102435216e-02 2.345847404371364381e-02
9.993004595079533203e-01 2.950449507406851385e-02 2.298002272536502771e-02
9.995172474760871673e-01 2.147472548984992458e-02 2.245246249769171712e-02
9.996675613124195170e-01 1.364409127274935837e-02 2.187716609180029304e-02
9.997558902241322487e-01 6.030184863258633045e-03 2.125562143958934641e-02
9.997871060399716736e-01 -1.350031737444687581e-03 2.058942597726891657e-02
9.997664045935032995e-01 -8.480269903541216153e-03 1.988028062125144976e-02
9.996992449079973309e-01 -1.534495312816984772e-02 1.912998348239862770e-02
9.995912868547469632e-01 -2.192925153002490274e-02 1.834042338412774156e-02
9.994483279567345502e-01 -2.821911214419012270e-02 1.751357324811517180e-02
9.992762400008641244e-01 -3.420128508015109203e-02 1.665148340837708379e-02
9.990809061052221551e-01 -3.986334568630173214e-02 1.575627491047837739e-02
9.988681588638553821e-01 -4.519371291026318821e-02 1.483013284766040996e-02
9.986437201613246328e-01 -5.018166408712438492e-02 1.387529977994206472e-02
9.984131432137917095e-01 -5.481734642266519741e-02 1.289406927590426230e-02
9.981817573536316823e-01 -5.909178546532255216e-02 1.188877961008756416e-02
9.979546160315130310e-01 -6.299689087890504580e-02 1.086180764188993120e-02
9.977088867915280268e-01 -6.684657329713619700e-02 1.041708142668967482e-02
9.974600234512367436e-01 -7.053006986540692747e-02 9.950554600438685227e-03
9.972103878852781600e-01 -7.403978229582237891e-02 9.463379569089672150e-03
9.969623294855101125e-01 -7.736855179112690772e-02 8.956748817777523269e-03
9.967181640925922848e-01 -8.050967076697136682e-02 8.431891748755891008e-03
9.964801534478993084e-01 -8.345689321089604096e-02 7.890071505644892513e-03
9.962504853436153773e-01 -8.620444372724145321e-02 7.332581795824882030e-03
9.960312546391498767e-01 -8.874702532371500641e-02 6.760743721436347775e-03
9.958244453010954844e-01 -9.107982600020939068e-02 6.175902628009729764e-03
9.956319136119923252e-01 -9.319852420367091828e-02 5.579424978283228226e-03
9.954553726803393454e-01 -9.509929321437010641e-02 4.972695257302809334e-03
9.952963783707569068e-01 -9.677880452888114327e-02 4.357112913466735203e-03
9.951563167591105374e-01 -9.823423030351056962e-02 3.734089338805542547e-03
9.950363932028853942e-01 -9.946324491893560049e-02 3.105044890503671617e-03
9.949376231022908357e-01 -1.004640257225484778e-01 2.471405954494669370e-03
9.948608244125798361e-01 -1.012352529996077694e-01 1.834602050918761242e-03
9.948066119529974660e-01 -1.017761092179391702e-01 1.196062980337248786e-03
9.947753935427097183e-01 -1.020862775837901165e-01 5.572160088667822263e-04
9.947673679790965950e-01 -1.021659399387181560e-01 -8.051691016120788875e-05
9.947825248589808877e-01 -1.020157740192820239e-01 -7.157218807877711690e-04
9.948206462287796370e-01 -1.016369500930101727e-01 -1.346995778225308551e-03
9.948813100352581484e-01 -1.010311269758467634e-01 -1.972948934842209696e-03
9.949638953345933956e-01 -1.002004474282183755e-01 -2.592207801136585041e-03
9.950675892038682857e-01 -9.914753291921846179e-02 -3.203417584158689806e-03
9.951913952859706702e-01 -9.787547774135173240e-02 -3.805244865335467505e-03
9.953341438862159940e-01 -9.638784245198668554e-02 -4.396380198995495509e-03
9.954945035269121556e-01 -9.468864661228332258e-02 -4.975540692104814949e-03
9.956709938545988958e-01 -9.278236079003011894e-02 -5.541472564822451374e-03
9.958619997838927818e-01 -9.067389778965234681e-02 -6.092953690489955054e-03
9.960657867518272202e-01 -8.836860307073522713e-02 -6.628796112604797182e-03
9.962805169473738509e-01 -8.587224431580559036e-02 -7.147848535217343584e-03
9.965042663725545147e-01 -8.319100010887719998e-02 -7.648998782060706728e-03
9.967350425842866901e-01 -8.033144768840042027e-02 -8.131176218598013331e-03
9.969708029599450017e-01 -7.730054974175488980e-02 -8.593354130078596428e-03
9.972094733246528175e-01 -7.410564021324217432e-02 -9.034552047659030749e-03
9.974489667746332389e-01 -7.075440910360757119e-02 -9.453838013691685804e-03
9.976872025286298573e-01 -6.725488624635103663e-02 -9.850330776436010127e-03
9.979221246385276967e-01 -6.361542405435813285e-02 -1.022320190372785938e-02
9.981517203909299196e-01 -5.984467923955105739e-02 -1.057167780456916457e-02
9.983740382336299124e-01 -5.595159351816342969e-02 -1.089504164719077434e-02
9.985969537119512296e-01 -5.162373162254561831e-02 -1.179480740152487502e-02
9.988158127964830157e-01 -4.697458788672277674e-02 -1.266346944611983216e-02
9.990257544267160394e-01 -4.201569255484237375e-02 -1.349914734058721248e-02
9.992218310122947811e-01 -3.675928364252970676e-02 -1.430003684258603427e-02
9.993990623564001918e-01 -3.121828438346372497e-02 -1.506441476942318655e-02
9.995524901028198794e-01 -2.540627793636021647e-02 -1.579064383050080705e-02
9.996772321770387437e-01 -1.933747921602016473e-02 -1.647717739328462272e-02
9.997685366832979037e-01 -1.302670375102065597e-02 -1.712256414178631517e-02
9.998218347167692199e-01 -6.489333514032726881e-03 -1.772545258363387652e-02
9.998327915532680965e-01 2.587202822377388661e-04 -1.828459535973723724e-02
9.997973556886596835e-01 7.201057380868352772e-03 -1.879885330941487992e-02
9.997118052165722135e-01 1.432083157453257517e-02 -1.926719924368369002e-02
9.995727910563532159e-01 2.160079655201829069e-02 -1.968872138025860516e-02
9.993773765733712233e-01 2.902335430145458126e-02 -2.006262639566724210e-02
9.991230731705927903e-01 3.657060582554588074e-02 -2.038824205273818968e-02
9.988078714735131314e-01 4.422440387858610211e-02 -2.066501936552607790e-02
9.984302677794634207e-01 5.196640739378519808e-02 -2.089253426842248296e-02
9.979892854963936522e-01 5.977813723350629271e-02 -2.107048876167693166e-02
9.974844913546108138e-01 6.764103286527953229e-02 -2.119871151170306389e-02
9.969160062366956288e-01 7.553650954367829851e-02 -2.127715789123912210e-02
9.963239451260823554e-01 8.312574804204851675e-02 -2.070534844844578587e-02
9.956942586079722268e-01 9.049512914700373611e-02 -2.008929824806272510e-02
9.950331819472955086e-01 9.762899633173606484e-02 -1.943066333963357206e-02
9.943471748844361358e-01 1.045124062583564217e-01 -1.873118692577714628e-02
9.936428603052954722e-01 1.111311551458124686e-01 -1.799269275433784676e-02
9.929269623313283777e-01 1.174718008819353177e-01 -1.721707848055744131e-02
9.922062444392366620e-01 1.235216810311840219e-01 -1.640630905852507801e-02
9.914874481967916875e-01 1.292689269420667086e-01 -1.556241021642091465e-02
9.907772331721519388e-01 1.347024742039566458e-01 -1.468746206451878276e-02
9.900821185400638935e-01 1.398120697414425295e-01 -1.378359287870839674e-02
9.894084268705303220e-01 1.445882758650063882e-01 -1.285297309559741731e-02
9.887622305449221827e-01 1.490224716194587795e-01 -1.189780954821910430e-02
9.881493012020630129e-01 1.531068517861113865e-01 -1.092033996416088421e-02
9.875750625734358579e-01 1.568344239012367525e-01 -9.922827740695376944e-03
9.870445470231425933e-01 1.601990036522140393e-01 -8.907557004381923618e-03
9.865623560652717616e-01 1.631952090042801951e-01 -7.876827955745941898e-03
9.861326250894737466e-01 1.658184533955091577e-01 -6.832952493154969761e-03
9.857589924852200314e-01 1.680649383161285093e-01 -5.778250103999836053e-03
9.854445733167560562e-01 1.699316455612306653e-01 -4.715044005847747466e-03
9.851919376643127890e-01 1.714163294140783611e-01 -3.645657515437451032e-03
9.849465009744499122e-01 1.728304593313689519e-01 -3.166287067009879684e-03
9.847293468575166742e-01 1.740716250451251890e-01 -2.680597618566397597e-03
9.845414807068284535e-01 1.751378910844212100e-01 -2.189674005405208360e-03
9.843837568571069951e-01 1.760276976312773189e-01 -1.694606066104919909e-03
9.842568734367097560e-01 1.767398605059265493e-01 -1.196486547829576051e-03
9.841613683423787728e-01 1.772735706496060826e-01 -6.964090416883859718e-04
9.840976163565400281e-01 1.776283931306471831e-01 -1.954659470459180594e-04
9.840658274187512600e-01 1.778042656951305811e-01 3.052535366808757514e-04
9.840660460545449517e-01 1.778014968786266192e-01 8.046653924639933595e-04
9.840981519566851521e-01 1.776207636906552423e-01 1.301692744230740096e-03
9.841618617057777962e-01 1.772631088785810438e-01 1.795267793502680360e-03
9.842567316092698526e-01 1.767299377728051013e-01 2.284333736016241814e-03
9.843821616301766664e-01 1.760230147104260012e-01 2.767846660098900475e-03
9.845374003694058462e-01 1.751444590301126369e-01 3.244777428347476317e-03
9.847215510583330333e-01 1.740967406268487672e-01 3.714113543841235723e-03
9.849335785113529917e-01 1.728826750515575494e-01 4.174861001729427562e-03
9.851723169815103098e-01 1.715054181374674191e-01 4.626046126569066837e-03
9.854364788560380228e-01 1.699684601325036348e-01 5.066717395263798350e-03
9.857246641227306316e-01 1.682756193150408974e-01 5.495947244879167450e-03
9.860353705325917151e-01 1.664310350690743345e-01 5.912833863994966868e-03
9.863670043791590292e-01 1.644391603942950975e-01 6.316502965613687848e-03
9.867178918103682861e-01 1.623047538267131107e-01 6.706109538987979277e-03
9.870862905848064583e-01 1.600328707463652966e-01 7.080839577072358011e-03
9.874704021807766408e-01 1.576288540502772950e-01 7.439911775658111098e-03
9.878683841637914131e-01 1.550983241711972327e-01 7.782579199628274387e-03
9.882783627159705819e-01 1.524471684256621939e-01 8.108130911184247697e-03
9.886984452293866577e-01 1.496815296786513372e-01 8.415893554359014234e-03
9.891267328647177504e-01 1.468077943163727528e-01 8.705232889655255962e-03
9.895613329766584920e-01 1.438325795235604887e-01 8.975555272240219595e-03
9.900003713084437607e-01 1.407627198669505753e-01 9.226309066802071066e-03
9.904420038595714848e-01 1.376052531922783706e-01 9.456985991932490357e-03
9.908844283333855252e-01 1.343674058481051092e-01 9.667122386753750768e-03
9.913258950746014486e-01 1.310565772559422748e-01 9.856300392460177334e-03
9.917647174111215991e-01 1.276803238523999962e-01 1.002414904149663555e-02
9.921992813195742444e-01 1.242463424353360268e-01 1.017034524725182396e-02
9.926280543398952050e-01 1.207624529521242190e-01 1.029461468740089543e-02
9.930495936709122784e-01 1.172365807740917004e-01 1.039673257438784686e-02
9.934625533862400104e-01 1.136767385067963404e-01 1.047652430698885889e-02
9.938656907177830790e-01 1.100910073910363884e-01 1.053386599743729758e-02
9.942578713627069353e-01 1.064875183542175890e-01 1.056868486921169054e-02
9.946644635125371225e-01 1.025553405630390269e-01 1.118081683014733943e-02
9.950768318609056751e-01 9.840562610040617941e-02 1.176584248517059325e-02
9.954913828549536436e-01 9.404821058173913617e-02 1.232251750842237696e-02
9.959045247720005323e-01 8.949339378559978408e-02 1.284966077486500088e-02
9.963126999249179994e-01 8.475191978246468527e-02 1.334615746554952513e-02
9.967124164820406751e-01 7.983495534224228918e-02 1.381096209545803338e-02
9.971002796126753331e-01 7.475406659660974173e-02 1.424310144154667356e-02
9.974730216722015319e-01 6.952119395426847870e-02 1.464167734763804386e-02
9.978275311466842101e-01 6.414862529039060124e-02 1.500586938224091060e-02
9.981608800859377295e-01 5.864896745539933953e-02 1.533493732523227501e-02
9.984703497661320259e-01 5.303511617232436332e-02 1.562822345963396295e-02
9.987534543382986518e-01 4.732022441580837485e-02 1.588515464545618011e-02
9.990079622374054003e-01 4.151766938892594710e-02 1.610524415375740037e-02
9.992319151478802342e-01 3.564101823582743050e-02 1.628809324066719799e-02
9.994236443453824448e-01 2.970399264837945974e-02 1.643339244311062958e-02
9.995817842609719950e-01 2.372043254301021975e-02 1.654092258032451371e-02
9.997052831423079988e-01 1.770425899949651730e-02 1.661055544792431130e-02
9.997934107167355533e-01 1.166943666611825782e-02 1.664225419421464305e-02
9.998457627926891078e-01 5.629935845183405875e-03 1.663607337157978205e-02
9.998622627682997033e-01 -4.003055208086012118e-04 1.659215865908097304e-02
9.998431600489775528e-01 -6.407419739271662251e-03 1.651074625575995464e-02
9.997890254085579631e-01 -1.237764691147608814e-02 1.639216194753558356e-02
9.997007433608732230e-01 -1.829737191202235325e-02 1.623681985391614221e-02
9.995795016398635324e-01 -2.415316059301161541e-02 1.604522086396816677e-02
9.994267779161241094e-01 -2.993179501272225443e-02 1.581795077402164615e-02
9.992443239056757465e-01 -3.562030750216300945e-02 1.555567814239356556e-02
9.990341470523746992e-01 -4.120601339904022414e-02 1.525915187892611970e-02
9.987984899884144729e-01 -4.667654229708332464e-02 1.492919858931848059e-02
9.985398079975491559e-01 -5.201986767891071672e-02 1.456671969604620559e-02
9.982607447227803688e-01 -5.722433482224760504e-02 1.417268835908357810e-02
9.979641063741485629e-01 -6.227868689186812079e-02 1.374814622065408803e-02
9.976528347028804644e-01 -6.717208915265804325e-02 1.329419999882505525e-02
9.973299790154480648e-01 -7.189415126221689045e-02 1.281201795493570710e-02
9.969986675051305536e-01 -7.643494762398865550e-02 1.230282625961442132e-02
9.966620781795448858e-01 -8.078503580360270331e-02 1.176790528151947478e-02
9.963234096604609569e-01 -8.493547303152865213e-02 1.120858582195511516e-02
9.959858521272350051e-01 -8.887783083394890093e-02 1.062624531720465261e-02
9.956525586676069350e-01 -9.260420785062678517e-02 1.002230402882365971e-02
9.953266172896513275e-01 -9.610724091324419904e-02 9.398221240292912310e-03
9.950110238366222104e-01 -9.938011447000370813e-02 8.755491476389534386e-03
9.947086560325574256e-01 -1.024165684520950137e-01 8.095640759445164175e-03
9.944222488710863228e-01 -1.052109046848321433e-01 7.420222914372115106e-03
9.941543715431828687e-01 -1.077579919508467599e-01 6.730815932002801559e-03
9.939074060818875456e-01 -1.100532698147012739e-01 6.029018397953314970e-03
9.936835278835203233e-01 -1.120927513177384094e-01 5.316445991936214963e-03
9.934846882458491235e-01 -1.138730246490343018e-01 4.594728060254803931e-03
9.933125990442595032e-01 -1.153912538931343851e-01 3.865504262152350250e-03
9.931687196473609758e-01 -1.166451789480254519e-01 3.130421288801809275e-03
9.930542461538108823e-01 -1.176331146977670772e-01 2.391129652036952727e-03
9.929701030125628325e-01 -1.183539495136278902e-01 1.649280538471908052e-03
9.929169370693419205e-01 -1.188071431457271288e-01 9.065227234552826517e-04
9.928951140629999061e-01 -1.189927240543632025e-01 1.644995383743308188e-04
9.929047175765609579e-01 -1.189112862167222978e-01 -5.751541158243590312e-04
9.929455504292828971e-01 -1.185639854308108559e-01 -1.310814716392173871e-03
9.930171384779563626e-01 -1.179525351245540588e-01 -2.040873035380394267e-03
9.931187367779833464e-01 -1.170792016643525946e-01 -2.763737032440850838e-03
9.932493380375326808e-01 -1.159467991442865442e-01 -3.477834730691708055e-03
9.934076832812999136e-01 -1.145586836248791429e-01 -4.181617081766007479e-03
9.935922746241292458e-01 -1.129187467791486488e-01 -4.873560825169504646e-03
9.938013900390383348e-01 -1.110314088938247762e-01 -5.552171345863961445e-03
9.940640355879590828e-01 -1.085829003505689450e-01 -6.815441072272498957e-03
9.943673685064795542e-01 -1.056816466369996516e-01 -8.057883638623567282e-03
9.947067075664085545e-01 -1.023352833668090961e-01 -9.276816859315740321e-03
9.950767905986538375e-01 -9.855238167943998484e-02 -1.046960728084414885e-02
9.954718302570141342e-01 -9.434244404732451683e-02 -1.163367511293746798e-02
9.958855748262839258e-01 -8.971589891464784583e-02 -1.276649942399552332e-02
9.963113735825082085e-01 -8.468409370067242481e-02 -1.386562360365094053e-02
9.967422461658520527e-01 -7.925928569206343310e-02 -1.492866108508023731e-02
9.971709553797138970e-01 -7.345463035176112709e-02 -1.595330130931674195e-02
9.975900827843197094e-01 -6.728416658699179487e-02 -1.693731590348926050e-02
9.979921064101732187e-01 -6.076279854600376285e-02 -1.787856503485429557e-02
9.983694798775907264e-01 -5.390627355181824149e-02 -1.877500389293798588e-02
9.987147121744119893e-01 -4.673115583119144545e-02 -1.962468924328816811e-02
9.990204473161738985e-01 -3.925479575731591342e-02 -2.042578598848248522e-02
9.992795430928649303e-01 -3.149529439449123142e-02 -2.117657366535834890e-02
9.994851480950964762e-01 -2.347146321074406947e-02 -2.187545280211947163e-02
9.996307762112395245e-01 -1.520277890859998704e-02 -2.252095105520095578e-02
9.997103777967215610e-01 -6.709333413103615168e-03 -2.311172904367862074e-02
9.997184067379634165e-01 1.988220852238072392e-03 -2.364658579868912647e-02
9.996498826667791215e-01 1.086873017878309082e-02 -2.412446374684372799e-02
9.995004476265882953e-01 1.991060296207563043e-02 -2.454445314998258965e-02
9.992664165492656236e-01 2.909187686731306427e-02 -2.490579592879161447e-02
9.989448209703085668e-01 3.839028929063227624e-02 -2.520788880470370766e-02
9.985334454893191047e-01 4.778335056358255784e-02 -2.545028570299595963e-02
9.980308565713112978e-01 5.724841928591611895e-02 -2.563269936989245532e-02
9.974364233805207425e-01 6.676277912131234338e-02 -2.575500216756630018e-02
9.967503304403841913e-01 7.630371635320576384e-02 -2.581722602294606386e-02
9.959735820191675248e-01 8.584859747450733491e-02 -2.581956151888510978e-02
9.951079982481811914e-01 9.537494607630500609e-02 -2.576235612924263410e-02
9.941562030864159460e-01 1.048605183068070240e-01 -2.564611161243876558e-02
9.931216043495373347e-01 1.142833761926411312e-01 -2.547148059076972254e-02
9.920083661203544789e-01 1.236219581495339587e-01 -2.523926235490077732e-02
9.908213739501409156e-01 1.328551460573778598e-01 -2.495039794421267942e-02
9.895661933437583935e-01 1.419623283344171316e-01 -2.460596456380869865e-02
9.882490220949131654e-01 1.509234585151338626e-01 -2.420716940777780865e-02
9.868766370998663939e-01 1.597191089145348353e-01 -2.375534296558059338e-02
9.854563363276678256e-01 1.683305190459233325e-01 -2.325193189404956701e-02
9.839958766619963937e-01 1.767396385477734699e-01 -2.269849154139497865e-02
9.825034083538244367e-01 1.849291644658761780e-01 -2.209667821174894631e-02
9.809874068355846077e-01 1.928825728274036755e-01 -2.144824125918069410e-02
9.795322876262242406e-01 2.002745232881220083e-01 -2.016479270096355192e-02
9.781186872833207424e-01 2.071925326254192568e-01 -1.884393249854109803e-02
9.767590578711999871e-01 2.136255847993552837e-01 -1.748879405437385806e-02
9.754652406128352382e-01 2.195638363746847121e-01 -1.610252816112780691e-02
9.742483752050099532e-01 2.249985832658291662e-01 -1.468829559436868847e-02
9.731188170753914957e-01 2.299222256415311694e-01 -1.324926063256210221e-02
9.720860628896924593e-01 2.343282320080614101e-01 -1.178858548482741159e-02
9.711586845246320543e-01 2.382111034316125309e-01 -1.030942558964237366e-02
9.703442716417824965e-01 2.415663387877376722e-01 -8.814925732089962801e-03
9.696493829288691524e-01 2.443904018406575507e-01 -7.308216913425358112e-03
9.690795060185010135e-01 2.466806908601916759e-01 -5.792413894817841080e-03
9.686390260490032045e-01 2.484355113810939597e-01 -4.270613327146169889e-03
9.683312027970228941e-01 2.496540526006819638e-01 -2.745892370720021299e-03
9.681581562855786638e-01 2.503363677976875312e-01 -1.221307702760206617e-03
9.681208607526871068e-01 2.504833590399158094e-01 3.001051936277060461e-04
9.682191468529257605e-01 2.500967663321241874e-01 1.815332567446766672e-03
9.684517119554507669e-01 2.491791612399410494e-01 3.321382873569978834e-03
9.688161383952347272e-01 2.477339449119470571e-01 4.815287289611258278e-03
9.693089195277696524e-01 2.457653503114704541e-01 6.294100380047236258e-03
9.699254934294267994e-01 2.432784483633835815e-01 7.754901006851170481e-03
9.706602840744336103e-01 2.402791576203856250e-01 9.194793579406043693e-03
9.715067498035521165e-01 2.367742569590679524e-01 1.061090972842568259e-02
9.724574388777856848e-01 2.327714007296498855e-01 1.200041047910855793e-02
9.735040518818252053e-01 2.282791357058335524e-01 1.336048898786765249e-02
9.746375107058073972e-01 2.233069191139672449e-01 1.468837389482564697e-02
9.758480337899712032e-01 2.178651369648517966e-01 1.598133333096051975e-02
9.771252172649963486e-01 2.119651218682911120e-01 1.723667960447878775e-02
9.784581215616123817e-01 2.056191694810520498e-01 1.845177457585450709e-02
9.798353629972839096e-01 1.988405527243609916e-01 1.962403571520374493e-02
9.812452097766074521e-01 1.916435329083938932e-01 2.075094281949889374e-02
9.826756817670594391e-01 1.840433669192020893e-01 2.183004535082821301e-02
9.841146533348311687e-01 1.760563096587047238e-01 2.285897034076526946e-02
9.855499584488768283e-01 1.676996109810149904e-01 2.383543079024800712e-02
9.869694971874417577e-01 1.589915064383398136e-01 2.475723447951495501e-02
9.883613427128469242e-01 1.499512012364818403e-01 2.562229308895546537e-02
9.897138477198822448e-01 1.405988469026109577e-01 2.642863151955348114e-02
9.910157493135035578e-01 1.309555102850226693e-01 2.717439729128275083e-02
9.922562712352022141e-01 1.210431346341411807e-01 2.785786988966769753e-02
9.934252223367820989e-01 1.108844926536722980e-01 2.847746992504644054e-02
9.945130901973529003e-01 1.005031315577427919e-01 2.903176796610175067e-02
9.954998281403162341e-01 9.024298471693532886e-02 2.891894577090473040e-02
9.963782717356880481e-01 8.002625664748336254e-02 2.874277901573188757e-02
9.971483121380856351e-01 6.987696277853427951e-02 2.850373801308057203e-02
9.978107657794299534e-01 5.981894479585986302e-02 2.820246173555309918e-02
9.983673488188959944e-01 4.987578579598294509e-02 2.783975567983875896e-02
9.988206428166898077e-01 4.007072747741820956e-02 2.741658878393116866e-02
9.991740520770375777e-01 3.042659015101142894e-02 2.693408944499808486e-02
9.994317532122196646e-01 2.096569628644120997e-02 2.639354069816783610e-02
9.995986375751551023e-01 1.170979823387892360e-02 2.579637462778518534e-02
9.996802472911973103e-01 2.680010670789755370e-03 2.514416609217932572e-02
9.996827056890988938e-01 -6.103251773643224645e-03 2.443862585049339300e-02
9.996126429856315720e-01 -1.462033136735755613e-02 2.368159318552441953e-02
9.994771181176478336e-01 -2.285237835493441824e-02 2.287502811975317477e-02
9.992835376394161306e-01 -3.078139613224744470e-02 2.202100332280423206e-02
9.990395726122345277e-01 -3.839028048559004619e-02 2.112169580752619458e-02
9.987530744083930045e-01 -4.566285296501627206e-02 2.017937850883219988e-02
9.984319903335819868e-01 -5.258388855529486094e-02 1.919641183455092492e-02
9.980842799421784095e-01 -5.913913789291883744e-02 1.817523527100770378e-02
9.977178328800034857e-01 -6.531534435244921999e-02 1.711835911811441027e-02
9.973403890407948058e-01 -7.110025638886061095e-02 1.602835641964894461e-02
9.969594617674738535e-01 -7.648263557361036080e-02 1.490785514441766296e-02
9.965822647690152358e-01 -8.145226080033224347e-02 1.375953066338974663e-02
9.962156433599599348e-01 -8.599992916115704877e-02 1.258609855694258449e-02
9.958660105638768023e-01 -9.011745400679338491e-02 1.139030777532376755e-02
9.955392885556983984e-01 -9.379766070305457781e-02 1.017493416456665030e-02
9.952408558520067228e-01 -9.703438058413026146e-02 8.942774359621669805e-03
9.949755005939469044e-01 -9.982244357942497703e-02 7.696640036591852196e-03
9.947473802052353431e-01 -1.021576699572466357e-01 6.439352506870588654e-03
9.945599876481804325e-01 -1.040368615861872598e-01 5.173737627829390340e-03
9.944161244440387071e-01 -1.054577930649646944e-01 3.902620997622940728e-03
9.943178805704568912e-01 -1.064192030151266816e-01 2.628823395772042926e-03
9.942666212981038365e-01 -1.069207857697431902e-01 1.355156426529928503e-03
9.942629809806289298e-01 -1.069631836264375441e-01 8.441831868701075818e-05
9.943068637664334020e-01 -1.065479797662418626e-01 -1.180610166547040171e-03
9.943974511569583230e-01 -1.056776918722040354e-01 -2.437169768620038590e-03
9.945332162937957632e-01 -1.043557664147905933e-01 -3.682526750057171956e-03
9.947119448154171373e-01 -1.025865735062514994e-01 -4.913976954664419153e-03
9.949307620832176235e-01 -1.003754021645174022e-01 -6.128849944773936617e-03
9.951861665354909681e-01 -9.772845577010505491e-02 -7.324513256442760634e-03
9.954740688865585385e-01 -9.465284744805776973e-02 -8.498376806094960073e-03
9.957898368463902194e-01 -9.115659506220744057e-02 -9.647897475710537699e-03
9.961283449936046974e-01 -8.724861547197715339e-02 -1.077058389643751474e-02
9.964840293918393321e-01 -8.293871767340137147e-02 -1.186400144257843126e-02
9.968509464963869471e-01 -7.823759442674807496e-02 -1.292577743943606507e-02
9.972228358551551430e-01 -7.315681196366033423e-02 -1.395360657966647662e-02
9.975931860660047779e-01 -6.770879736750499978e-02 -1.494525653376368134e-02
9.979553034121255717e-01 -6.190682323185076746e-02 -1.589857373128229778e-02
9.983023825591880174e-01 -5.576498922372053607e-02 -1.681148928059240238e-02
9.986275786635677720e-01 -4.929820021028314542e-02 -1.768202498655769769e-02
9.989240802110304074e-01 -4.252214064954474432e-02 -1.850829941773665666e-02
9.991851818809949215e-01 -3.545324499671390767e-02 -1.928853396772355067e-02
9.994043567139506701e-01 -2.810866393735314550e-02 -2.002105884925876184e-02
9.995753268498235311e-01 -2.050622632506863066e-02 -2.070431895491648897e-02
9.996921321040111996e-01 -1.266439677398891427e-02 -2.133687951467195046e-02
9.997491956562182258e-01 -4.602228933108087200e-03 -2.191743147858264337e-02
9.997413861457283835e-01 3.660685450978161393e-03 -2.244479655228021064e-02
9.996640754957202279e-01 1.210427149615487391e-02 -2.291793181401688764e-02
9.995131918287789574e-01 2.070802990573134689e-02 -2.333593384465964052e-02
9.992852668857191700e-01 2.945109910613667031e-02 -2.369804230625166194e-02
9.989774774197490714e-01 3.831232038801776763e-02 -2.400364291049771753e-02
9.985876801071255082e-01 4.727030557286882734e-02 -2.425226972566866049e-02
9.981144395927440405e-01 5.630350667118026731e-02 -2.444360677881323926e-02
9.975570493732789368e-01 6.539028695179843753e-02 -2.457748891962800025e-02
9.969155453100315700e-01 7.450899280694839311e-02 -2.465390192265350458e-02
9.961907116568581300e-01 8.363802577411677541e-02 -2.467298181539721164e-02
9.953840795836074173e-01 9.275591406532347760e-02 -2.463501343127246987e-02
9.944979182705164789e-01 1.018413829564936979e-01 -2.454042819762171715e-02
9.935352187420789516e-01 1.108734234045892775e-01 -2.438980118029119779e-02
9.924996706981653594e-01 1.198313582874410976e-01 -2.418384741698251239e-02
9.913956326839016286e-01 1.286949057000854324e-01 -2.392341758167618182e-02
9.902280960164231427e-01 1.374442387907931218e-01 -2.360949303157972370e-02
9.890026429547597031e-01 1.460600416785765299e-01 -2.324318029610203049e-02
9.877253996576629280e-01 1.545235610602433973e-01 -2.282570507413560559e-02
9.864029845223358794e-01 1.628166531873534439e-01 -2.235840581131513100e-02
9.850424525342303950e-01 1.709218259699427922e-01 -2.184272693283168670e-02
9.836512362841195456e-01 1.788222760427841118e-01 -2.128021180977467813e-02
9.822370843235854743e-01 1.865019207094363862e-01 -2.067249553784645047e-02
9.808079975342447465e-01 1.939454247576609114e-01 -2.002129760668436981e-02
9.793721641800479105e-01 2.011382222153073329e-01 -1.932841453600344858e-02
9.779378942966651111e-01 2.080665331870289458e-01 -1.859571255144178148e-02
9.765917346656303177e-01 2.144096310869634259e-01 -1.723663231701339643e-02
9.753131625783888481e-01 2.202569302913740257e-01 -1.584698539473928733e-02
9.741131665248479177e-01 2.255999182005121173e-01 -1.442993031530679510e-02
9.730019393935198657e-01 2.304311794527511836e-01 -1.298862822913970233e-02
9.719888055236919344e-01 2.347443601275238934e-01 -1.152623748456891965e-02
9.710821562326326095e-01 2.385341322348199511e-01 -1.004590906621251681e-02
9.702893939414134472e-01 2.417961593628800421e-01 -8.550782838934293389e-03
9.696168849565408587e-01 2.445270642691584895e-01 -7.043984529284536000e-03
9.690699209099901124e-01 2.467243991034103745e-01 -5.528623364757116743e-03
9.686526888167311666e-01 2.483866188479880166e-01 -4.007790281574705182e-03
9.683682496753844848e-01 2.495130584510687477e-01 -2.484556604057015523e-03
9.682185255129148738e-01 2.501039140153972218e-01 -9.619730929282372354e-04
9.682042947566963376e-01 2.501602282898715557e-01 5.569307438475020085e-04
9.683251958051420916e-01 2.496838805954572083e-01 2.069147185990012801e-03
9.685797386595689229e-01 2.486775812018698073e-01 3.571690789908118710e-03
9.689653244732048254e-01 2.471448700585253122e-01 5.061598938355817145e-03
9.694782728664196325e-01 2.450901196736325616e-01 6.535932553829943217e-03
9.701138568486241676e-01 2.425185418301748774e-01 7.991777073654966063e-03
9.708663451752265194e-01 2.394361977280455300e-01 9.426243777956394565e-03
9.717290519511359026e-01 2.358500110489206436e-01 1.083647155345211430e-02
9.726943932693706829e-01 2.317677833557384992e-01 1.221962916627067179e-02
9.737539506434438330e-01 2.271982111630999335e-01 1.357291810592832146e-02
9.748985409547522574e-01 2.221509039497189253e-01 1.489357605026984249e-02
9.761182925909301922e-01 2.166364023304591380e-01 1.617888098772828423e-02
9.774027273981368280e-01 2.106661955646966788e-01 1.742615601883645837e-02
9.787408480100200370e-01 2.042527375509151921e-01 1.863277484370547479e-02
9.801212300495099061e-01 1.974094604456404500e-01 1.979616792637943490e-02
9.815321186278970211e-01 1.901507850489967399e-01 2.091382931081814042e-02
9.829615284904692496e-01 1.824921271200608541e-01 2.198332404701877976e-02
9.843973470812766857e-01 1.744498988232968395e-01 2.300229616975889985e-02
9.858274397236058695e-01 1.660415045628586550e-01 2.396847715694688102e-02
9.872397560399549521e-01 1.572853305342677421e-01 2.487969477994086617e-02
9.886224366683337150e-01 1.482007274123130214e-01 2.573388224479150957e-02
9.899639192732655468e-01 1.388079856989352934e-01 2.652908751152733419e-02
9.912530428026029572e-01 1.291283033738298558e-01 2.726348266867256037e-02
9.924791489077249285e-01 1.191837456215322638e-01 2.793537323248153348e-02
9.936321794271426588e-01 1.089971965493881229e-01 2.854320723517090458e-02
9.947027688339565854e-01 9.859230295816909240e-02 2.908558396396120418e-02
9.956823305674726843e-01 8.799341037794286557e-02 2.956126221317295980e-02
9.965631362095777046e-01 7.722549173261536448e-02 2.996916791505705585e-02
9.973350998146137680e-01 6.663494242176465354e-02 2.970681887443816366e-02
9.979903131006852002e-01 5.614434594075237012e-02 2.937957158346679587e-02
9.985309355053524349e-01 4.577839014267638673e-02 2.898830028515551188e-02
9.989600630039979778e-01 3.556138337165883068e-02 2.853405164885941189e-02
9.992816794647374490e-01 2.551716887314529891e-02 2.801804022419271747e-02
9.995005995623403861e-01 1.566904334999953685e-02 2.744164298432757651e-02
9.996224039952685825e-01 6.039680362604967281e-03 2.680639304289579236e-02
9.996533678400333356e-01 -3.348940833657299346e-03 2.611397263905520377e-02
9.996003829508345317e-01 -1.247560053412738457e-02 2.536620549328570326e-02
9.994708753689550695e-01 -2.131989755430192812e-02 2.456504864201886074e-02
9.992727187452596915e-01 -2.986230168629363385e-02 2.371258386222677150e-02
9.990141448005213087e-01 -3.808419952813801856e-02 2.281100879761920400e-02
9.987036518527743212e-01 -4.596793369103548133e-02 2.186262789621036887e-02
9.983499124295148741e-01 -5.349683550288326234e-02 2.086984326486586785e-02
9.979616809567221081e-01 -6.065525143126679342e-02 1.983514554022829460e-02
9.975477024780499136e-01 -6.742856354334444968e-02 1.876110486739146141e-02
9.971166233080049901e-01 -7.380320440206390720e-02 1.765036206812672578e-02
9.966769044644897546e-01 -7.976666686659399097e-02 1.650562006966139333e-02
9.962367386607750008e-01 -8.530750931886028898e-02 1.532963565328217259e-02
9.958039715667723613e-01 -9.041535687715769598e-02 1.412521156970224928e-02
9.953860279762822838e-01 -9.508089918188376843e-02 1.289518905549913788e-02
9.949898434424171434e-01 -9.929588534774991260e-02 1.164244077229867683e-02
9.946218018691533880e-01 -1.030531166719495240e-01 1.036986417802597191e-02
9.942876794742080415e-01 -1.063464376695309049e-01 9.080375327719691567e-03
9.939925954681680942e-01 -1.091707259766956928e-01 7.776903090337699068e-03
9.937409697277508336e-01 -1.115218816211594327e-01 6.462383757865481672e-03
9.935364876777011967e-01 -1.133968161074423442e-01 5.139756014039997128e-03
9.933820725363325943e-01 -1.147934417054765760e-01 3.811956222255303596e-03
9.932798650240756144e-01 -1.157106612647541416e-01 2.481913985828219926e-03
9.932312105823626336e-01 -1.161483588049644078e-01 1.152547928848934693e-03
9.932366541013620820e-01 -1.161073910592586717e-01 -1.732383576272126038e-04
9.932959421089418983e-01 -1.155895800694976966e-01 -1.492560261250314548e-03
9.934080323291781811e-01 -1.145977068556280759e-01 -2.802556043562689364e-03
9.935711104760712731e-01 -1.131355061051982358e-01 -4.100390741318564458e-03
9.937826141062354735e-01 -1.112076617554205032e-01 -5.383260128071889854e-03
9.940392633125646471e-01 -1.088198032705111756e-01 -6.648394786305437607e-03
9.943370979987250502e-01 -1.059785023526284842e-01 -7.893064335214848917e-03
9.946715214313625042e-01 -1.026912697668362212e-01 -9.114581852907007245e-03
