1.000000000000000000e+00 0.000000000000000000e+00 0.000000000000000000e+00
1.000000000000000000e+00 0.000000000000000000e+00 0.000000000000000000e+00
1.000000000000000000e+00 0.000000000000000000e+00 0.000000000000000000e+00
1.000000000000000000e+00 0.000000000000000000e+00 0.000000000000000000e+00
1.000000000000000000e+00 0.000000000000000000e+00 0.000000000000000000e+00
1.000000000000000000e+00 0.000000000000000000e+00 0.000000000000000000e+00
1.000000000000000000e+00 0.000000000000000000e+00 0.000000000000000000e+00
1.000000000000000000e+00 0.000000000000000000e+00 0.000000000000000000e+00
1.000000000000000000e+00 0.000000000000000000e+00 0.000000000000000000e+00
1.000000000000000000e+00 0.000000000000000000e+00 0.000000000000000000e+00
1.000000000000000000e+00 0.000000000000000000e+00 0.000000000000000000e+00
1.000000000000000000e+00 0.000000000000000000e+00 0.000000000000000000e+00
1.000000000000000000e+00 0.000000000000000000e+00 0.000000000000000000e+00
1.000000000000000000e+00 0.000000000000000000e+00 0.000000000000000000e+00
1.000000000000000000e+00 0.000000000000000000e+00 0.000000000000000000e+00
1.000000000000000000e+00 0.000000000000000000e+00 0.000000000000000000e+00
1.000000000000000000e+00 0.000000000000000000e+00 0.000000000000000000e+00
1.000000000000000000e+00 0.000000000000000000e+00 0.000000000000000000e+00
1.000000000000000000e+00 0.000000000000000000e+00 0.000000000000000000e+00
1.000000000000000000e+00 0.000000000000000000e+00 0.000000000000000000e+00
1.000000000000000000e+00 0.000000000000000000e+00 0.000000000000000000e+00
1.000000000000000000e+00 0.000000000000000000e+00 0.000000000000000000e+00
9.999978999830669846e-01 1.012650988468190901e-03 -1.781787710067781654e-03
9.999899163427926618e-01 2.759942547664036554e-03 -3.542653261919386128e-03
9.999723869441463631e-01 5.232031935361555405e-03 -5.277496976378369224e-03
9.999402068553517875e-01 8.416950220654875747e-03 -6.981319502942354149e-03
9.998869370329843687e-01 1.230062900380836724e-02 -8.649234731800570231e-03
9.998049322980486764e-01 1.686692926890380126e-02 -1.027648307285767421e-02
9.996854868713807019e-01 2.209767365348120835e-02 -1.185844517061260782e-02
9.995189955228380718e-01 2.797268354395911552e-02 -1.339065608482102772e-02
9.992951281813894360e-01 3.446982247152653722e-02 -1.486881992521054199e-02
9.990030156559939201e-01 4.156504728726006376e-02 -1.628882488550783408e-02
9.986314439348995542e-01 4.923246853603026330e-02 -1.764675857913903037e-02
9.981690543695767026e-01 5.744442132682297392e-02 -1.893892353768194745e-02
9.976045469155703227e-01 6.617154781493121696e-02 -2.016185269498193752e-02
9.969268835031337428e-01 7.538289217366339612e-02 -2.131232464624236919e-02
9.961254885525757663e-01 8.504600864641438662e-02 -2.238737844371534863e-02
9.951904436392936537e-01 9.512708294276864263e-02 -2.338432767003959314e-02
9.941126733569755070e-01 1.055910668851221118e-01 -2.430077351778116290e-02
9.928841195285013077e-01 1.164018258369637487e-01 -2.513461660004804796e-02
9.914979010748961041e-01 1.275222980633624603e-01 -2.588406722258490208e-02
9.899484570733793065e-01 1.389146648018718677e-01 -2.654765386258649620e-02
9.882316708138578765e-01 1.505405294715571884e-01 -2.712422962331855966e-02
9.863449729944467892e-01 1.623611041322005899e-01 -2.761297646586682517e-02
9.842874225737259231e-01 1.743374010368751170e-01 -2.801340705897283415e-02
9.820597642112784964e-01 1.864304269092425248e-01 -2.832536413367593361e-02
9.796644616676154493e-01 1.986013774302226309e-01 -2.854901727982858337e-02
9.771057069875581647e-01 2.108118293426452794e-01 -2.868485717476247643e-02
9.743894057444292267e-01 2.230239275798743814e-01 -2.873368728862150251e-02
9.715231390627152575e-01 2.352005648950029615e-01 -2.869661316428332234e-02
9.685161035513966121e-01 2.473055516079981919e-01 -2.857502942056167408e-02
9.653790306570982915e-01 2.593037732933741735e-01 -2.837060467385297061e-02
9.621240872754071027e-01 2.711613344924789226e-01 -2.808526461411129521e-02
9.587647597319175485e-01 2.828456868422765669e-01 -2.772117350482352152e-02
9.553157234559509492e-01 2.943257403551812201e-01 -2.728071440264082104e-02
9.517927008160583791e-01 3.055719569498428489e-01 -2.676646840997114543e-02
9.482123096665482365e-01 3.165564257083690047e-01 -2.618119328295692022e-02
9.445919051699767088e-01 3.272529197092036157e-01 -2.552780171798982659e-02
9.409494174156441959e-01 3.376369346455475040e-01 -2.480933963268618092e-02
9.373031872543892140e-01 3.476857097768314420e-01 -2.402896474275590527e-02
9.336718026226304978e-01 3.573782320669826595e-01 -2.318992571534514435e-02
9.300739374420223804e-01 3.666952246315023922e-01 -2.229554215326652253e-02
9.265281949642583115e-01 3.756191208410476490e-01 -2.134918563419088006e-02
9.230529571926862076e-01 3.841340256095356342e-01 -2.035426199553299481e-02
9.196662417625255381e-01 3.922256655288252070e-01 -1.931419502057498891e-02
9.163855674080969571e-01 3.998813296004585238e-01 -1.823241164542531434e-02
9.132278288963097124e-01 4.070898023598596427e-01 -1.711232877069860867e-02
9.102091820673995359e-01 4.138412911930010596e-01 -1.595734172718663024e-02
9.073449394021392278e-01 4.201273496139411590e-01 -1.477081441199354535e-02
9.046494763338194245e-01 4.259407982084390532e-01 -1.355607108119992812e-02
9.021361483463726794e-01 4.312756448590162606e-01 -1.231638975751806614e-02
8.998172187490797169e-01 4.361270057553565671e-01 -1.105499718688258970e-02
8.977037968942616075e-01 4.404910285656833957e-01 -9.775065256630605104e-03
8.958057865071826775e-01 4.443648190042843171e-01 -8.479708769896260323e-03
8.941318437261740470e-01 4.477463718817925598e-01 -7.171984456013333169e-03
8.926893444041740233e-01 4.506345075718088955e-01 -5.854891084948843187e-03
8.914843601983412080e-01 4.530288146730122034e-01 -4.531370544889718258e-03
8.905216429696014568e-01 4.549295994925668940e-01 -3.204309735846743584e-03
8.898046170261159071e-01 4.563378428263402120e-01 -1.876543128281503523e-03
8.893353787706996805e-01 4.572551643656376785e-01 -5.508558340563734970e-04
8.891147033491003659e-01 4.576837949198488409e-01 7.700129627816099023e-04
8.891420579406723590e-01 4.576265565101952371e-01 2.083366365961244505e-03
8.898195526000362010e-01 4.562854789360096253e-01 4.973007876690494281e-03
8.910279305521711102e-01 4.538808549943364468e-01 7.835960141784791694e-03
8.927534278111861621e-01 4.504192848166579943e-01 1.066730779281123767e-02
8.949778236453369562e-01 4.459074730019075283e-01 1.346209067918423610e-02
8.976785767732711196e-01 4.403524109137224030e-01 1.621527044092076555e-02
9.008289794293565800e-01 4.337616026326259755e-01 1.892170146392991095e-02
9.043983324256137379e-01 4.261433300817087377e-01 2.157610698276663658e-02
9.083521447794568049e-01 4.175069521670101147e-01 2.417306105103016883e-02
9.126523617247208620e-01 4.078632320493367214e-01 2.670697704481626508e-02
9.172576249561061879e-01 3.972246859019005760e-01 2.917210329582435591e-02
9.221235687546419646e-01 3.856059457267340118e-01 3.156252636400300876e-02
9.272031551887637280e-01 3.730241280308458918e-01 3.387218235157792717e-02
9.324470508730442475e-01 3.594991994382902845e-01 3.609487652833573423e-02
9.378040467939342539e-01 3.450543296826444895e-01 3.822431138067763218e-02
9.432215214891965793e-01 3.297162219380923576e-01 4.025412301425007611e-02
9.486459464180311274e-01 3.135154101623089384e-01 4.217792563374343079e-02
9.540234307196158170e-01 2.964865130968225571e-01 4.398936359759265252e-02
9.593003007816619521e-01 2.786684348527730393e-01 4.568217030583495569e-02
9.644237081954858404e-01 2.601045026457264320e-01 4.725023293442229266e-02
9.693422578415390456e-01 2.408425332627917026e-01 4.868766178892038055e-02
9.740066461215776128e-01 2.209348212610020568e-01 4.998886282634837364e-02
9.783702978292322383e-01 2.004380436980321700e-01 5.114861169845712208e-02
9.823899889288162379e-01 1.794130783502491111e-01 5.216212751570502293e-02
9.860264416857129621e-01 1.579247348183017985e-01 5.302514443051961623e-02
9.892448782400871110e-01 1.360414005713465047e-01 5.373397910136011590e-02
9.920155188977850536e-01 1.138346067301194281e-01 5.428559213316736659e-02
9.943140121599740588e-01 9.137852111249530895e-02 5.467764169902053495e-02
9.961217848264740660e-01 6.874937863001716332e-02 5.490852773206579551e-02
9.974263023528276983e-01 4.602486139716825686e-02 5.497742533138951643e-02
9.982212319499176312e-01 2.328344277346118540e-02 5.488430634134255220e-02
9.985065035884989060e-01 6.037108973400914791e-04 5.462994842767229103e-02
9.982882669854961089e-01 -2.193631198662237061e-02 5.421593136917131350e-02
9.975787456636674433e-01 -4.425983800307725646e-02 5.364462069167412472e-02
9.963959921436523759e-01 -6.629195406284843495e-02 5.291913917247269283e-02
9.947635511033977584e-01 -8.796021951783064563e-02 5.204332711838915299e-02
9.927100397940740173e-01 -1.091952080545887521e-01 5.102169265245775492e-02
9.902686570259026100e-01 -1.299309829821544970e-01 4.985935351801962928e-02
9.874766335530905659e-01 -1.501054975558482329e-01 4.856197211447608325e-02
9.843746376488092809e-01 -1.696609146652838240e-01 4.713568560982586003e-02
9.810061500577613725e-01 -1.885438429662982529e-01 4.558703302982018701e-02
9.774168223669862376e-01 -2.067054892247112419e-01 4.392288120482052555e-02
9.736538321954407715e-01 -2.241017291499558250e-01 4.215035136973229596e-02
9.697652475426032925e-01 -2.406931012343246912e-01 4.027674806920531619e-02
9.657994112446578461e-01 -2.564447300085883619e-01 3.830949183119831264e-02
9.618043548608802285e-01 -2.713261866325974991e-01 3.625605684965253067e-02
9.578272495511336304e-01 -2.853112958410408684e-01 3.412391467421984487e-02
9.539138997015050858e-01 -2.983778989636955425e-01 3.192048465389944745e-02
9.501082832928812172e-01 -3.105075830596259467e-01 2.965309163290567526e-02
9.464521413572062336e-01 -3.216853861842181583e-01 2.732893116021203883e-02
9.429846173835206846e-01 -3.318994884952856106e-01 2.495504225607343002e-02
9.397419462599253537e-01 -3.411408983539574447e-01 2.253828758441581148e-02
9.367571912921865973e-01 -3.494031418432589353e-01 2.008534071229385598e-02
9.340600270345359446e-01 -3.566819632656793582e-01 1.760267999784759577e-02
9.316765651009305538e-01 -3.629750432392105375e-01 1.509658853602036110e-02
9.296292197833719850e-01 -3.682817400312199396e-01 1.257315950522887478e-02
9.279366101680408541e-01 -3.726028587851946683e-01 1.003830619585603309e-02
9.266134954848749272e-01 -3.759404523328054304e-01 7.497775960007576831e-03
9.256707406233458668e-01 -3.782976563609164455e-01 4.957167298358827398e-03
9.251153090664087086e-01 -3.796785608309034554e-01 2.421949291077220550e-03
9.249502809053259389e-01 -3.800881187305036879e-01 -1.025174170581040836e-04
9.255240018530652701e-01 -3.786649954566064791e-01 -4.260828650326519557e-03
9.267238544785185717e-01 -3.756496016570943230e-01 -8.383720711123102132e-03
9.285289632136897175e-01 -3.710507204284144156e-01 -1.246358756641979468e-02
9.309095764082225832e-01 -3.648771936041838027e-01 -1.649270233649843126e-02
9.338273372176114639e-01 -3.571383214446310905e-01 -2.046314573114796018e-02
9.372356021479750776e-01 -3.478443708431050996e-01 -2.436674520068057501e-02
9.410798169391539902e-01 -3.370071796690528587e-01 -2.819502703736595506e-02
9.452979608103825315e-01 -3.246408424676799354e-01 -3.193918352966654967e-02
9.498210707003413855e-01 -3.107624601446519752e-01 -3.559005709316778038e-02
9.545738569042839794e-01 -2.953929335353158159e-01 -3.913814306078591126e-02
9.594754203587151364e-01 -2.785577779958133826e-01 -4.257361249433642275e-02
9.644400796882958149e-01 -2.602879335099168023e-01 -4.588635596655865623e-02
9.693783129884120386e-01 -2.406205424760577138e-01 -4.906604874901777935e-02
9.741978152005598135e-01 -2.195996655544032450e-01 -5.210223722587963707e-02
9.788046669416847756e-01 -1.972769049650917594e-01 -5.498444564429576242e-02
9.831046049429837952e-01 -1.737119046878765616e-01 -5.770230152733746981e-02
9.870043780879941275e-01 -1.489726983487634770e-01 -6.024567724440670069e-02
9.904131667403637262e-01 -1.231358783677236196e-01 -6.260484439683207392e-02
9.932440370097204152e-01 -9.628656428043964877e-02 -6.477063688202724934e-02
9.954153962538375700e-01 -6.851815402813285494e-02 -6.673461780340488037e-02
9.968524119028724373e-01 -3.993184930014213874e-02 -6.848924485242915972e-02
9.974883530357147032e-01 -1.063595444816738469e-02 -7.002802845774086515e-02
9.972658133882843501e-01 1.925504232541987507e-02 -7.134567691922087673e-02
9.961377758658488402e-01 4.962158737281893717e-02 -7.243822295261934108e-02
9.940684822556916656e-01 8.034035236681294490e-02 -7.330312657412199617e-02
9.910340776119785922e-01 1.112856620256972295e-01 -7.393935004270733857e-02
9.870230064538048076e-01 1.423310167296534257e-01 -7.434740161684280646e-02
9.820361470585347030e-01 1.733506632848717255e-01 -7.452934611483208460e-02
9.760866801918655078e-01 2.042211647540980446e-01 -7.448878162139974113e-02
9.691996989555267117e-01 2.348229204482003840e-01 -7.423078307223807126e-02
9.614115763893458233e-01 2.650415898442186058e-01 -7.376181478523920199e-02
9.527691164086132813e-01 2.947693791508874672e-01 -7.308961520878776152e-02
9.433285210552729838e-01 3.239061561034474179e-01 -7.222305815294328968e-02
9.331542124958756013e-01 3.523603668274674083e-01 -7.117199550611424952e-02
9.223175514809713871e-01 3.800497376813766204e-01 -6.994708688759194992e-02
9.108954950366081604e-01 4.069017542644850494e-01 -6.855962183813989197e-02
8.989692351025492245e-01 4.328539186910290160e-01 -6.702134002189488737e-02
8.866228569185061748e-01 4.578537942910743674e-01 -6.534425453700039299e-02
8.739420515479123797e-01 4.818588537288498452e-01 -6.354048285731504764e-02
8.610129114387680138e-01 5.048361518817315874e-01 -6.162208920900759390e-02
8.479208317917954485e-01 5.267618485851918164e-01 -5.960094138212278930e-02
8.347495341572084282e-01 5.476206085296679849e-01 -5.748858414397585437e-02
8.215802224832097211e-01 5.674049063060270237e-01 -5.529613060766502830e-02
8.084908760928393168e-01 5.861142640251092439e-01 -5.303417215502552462e-02
7.955556789922202388e-01 6.037544473203421136e-01 -5.071270684835410547e-02
7.828445806528598894e-01 6.203366431391906799e-01 -4.834108570784073633e-02
7.704229800286446217e-01 6.358766397968452777e-01 -4.592797579052149831e-02
7.583515220655000499e-01 6.503940265426987333e-01 -4.348133868186553064e-02
7.466859942888195434e-01 6.639114265842273044e-01 -4.100842279626794318e-02
7.354773101250804412e-01 6.764537742930026853e-01 -3.851576776639090149e-02
7.247715653217337017e-01 6.880476443122441887e-01 -3.600921916916551002e-02
7.146101540554898879e-01 6.987206375837645700e-01 -3.349395187266748092e-02
7.050299319452284497e-01 7.085008269681205562e-01 -3.097450037727662170e-02
6.960634141005798137e-01 7.174162631689293690e-01 -2.845479465169115790e-02
6.877389974413059548e-01 7.254945400903904940e-01 -2.593820011620815574e-02
6.800811977311345125e-01 7.327624175379033877e-01 -2.342756059083069692e-02
6.731108930136285862e-01 7.392454982848742917e-01 -2.092524319490296492e-02
6.668455663634749175e-01 7.449679559365338655e-01 -1.843318435080702061e-02
6.612995420351177600e-01 7.499523096825438939e-01 -1.595293620134521917e-02
6.564842101755599124e-01 7.542192419026548800e-01 -1.348571289498385131e-02
6.529284710794345248e-01 7.573552960381416677e-01 -9.869925894971189051e-03
6.504735704079522840e-01 7.595029567148309235e-01 -6.280272764909660722e-03
6.491212501142109570e-01 7.606801427128410120e-01 -2.715259894368293216e-03
6.488693978142601182e-01 7.608993830652339696e-01 8.267457505886171253e-04
6.497122174707989917e-01 7.601678663133702996e-01 4.347424327942347663e-03
6.516403259348193533e-01 7.584875339168362096e-01 7.848413548419927790e-03
6.546407776505825948e-01 7.558552157575265662e-01 1.133122136595674651e-02
6.586970206932228900e-01 7.522628074670170140e-01 1.479714049310130140e-02
6.637887881687488667e-01 7.476974909735244479e-01 1.824716437785929568e-02
6.698919299263960125e-01 7.421420011814985340e-01 2.168190439339392692e-02
6.769781905682327183e-01 7.355749430314338921e-01 2.510150814704376759e-02
6.850149409360685171e-01 7.279711643014035172e-01 2.850557900912385409e-02
6.939648716447377463e-01 7.193021903577784260e-01 3.189309719363136314e-02
7.037856588328961216e-01 7.095367275830960496e-01 3.526234299027743158e-02
7.144296141187658211e-01 6.986412423361431090e-01 3.861082304686027505e-02
7.258433327579182359e-01 6.865806219558520107e-01 4.193520092746624850e-02
7.379673561557046346e-01 6.733189234230948506e-01 4.523123351709621570e-02
7.507358671096313607e-01 6.588202137580897455e-01 4.849371519525258467e-02
7.640764383328463305e-01 6.430495039771931820e-01 5.171643204374551384e-02
7.779098567869341396e-01 6.259737753986646114e-01 5.489212866674685054e-02
7.917669618635173601e-01 6.081962477317915949e-01 5.659029727472381088e-02
8.056222856179369174e-01 5.895628321196608734e-01 5.821048172906175683e-02
8.194118791996549689e-01 5.700831626777975725e-01 5.974463211101441185e-02
8.330705211640548891e-01 5.497727102303386904e-01 6.118444256604214926e-02
8.465322917851798579e-01 5.286532065405759040e-01 6.252143072188660888e-02
8.597312227920436145e-01 5.067530020875405938e-01 6.374702743443820541e-02
8.726020151026966376e-01 4.841073420963943885e-01 6.485267588606245803e-02
8.850808139043930822e-01 4.607585462229184525e-01 6.582993863868639994e-02
8.971060272058416496e-01 4.367560787072619077e-01 6.667061082208218525e-02
9.086191709408653061e-01 4.121564979812466500e-01 6.736683723931365109e-02
9.195657210200878229e-01 3.870232776239266315e-01 6.791123082123702581e-02
9.298959506004503828e-01 3.614264941473090964e-01 6.829698958574703660e-02
9.395657294521878589e-01 3.354423812394167759e-01 6.851800907910551852e-02
9.485372618026886027e-01 3.091527546240969149e-01 6.856898721649691553e-02
9.567797395364356916e-01 2.826443163999186603e-01 6.844551851146594978e-02
9.642698891828296315e-01 2.560078523452528620e-01 6.814417489604233935e-02
9.709923937149171902e-01 2.293373399587440020e-01 6.766257068315643941e-02
9.769401737262746188e-01 2.027289886840892286e-01 6.699940969890386122e-02
9.821145168955801585e-01 1.762802366116976716e-01 6.615451319360460269e-02
9.865250495734850800e-01 1.500887297702798440e-01 6.512882779866088767e-02
9.901980280732813888e-01 1.232581596508404154e-01 6.569137310795963858e-02
9.931724341868823913e-01 9.614733196083491418e-02 6.606263903986729635e-02
9.954252387567780191e-01 6.885391305411829588e-02 6.624046136743048929e-02
9.969423675951843977e-01 4.147760718139369140e-02 6.622378591538484460e-02
9.977189184892191198e-01 1.411910040410545991e-02 6.601269921118421702e-02
9.977592079068374753e-01 -1.312102224435078568e-02 6.560843738498312039e-02
9.970766453694630549e-01 -4.014335633088071675e-02 6.501337304182244758e-02
9.956934393811066597e-01 -6.685072453332407960e-02 6.423098062590371082e-02
9.936401445104875441e-01 -9.314916185896031375e-02 6.326578156406241493e-02
9.909550643944823323e-01 -1.189488141399047960e-01 6.212327117121347470e-02
9.876835297939292602e-01 -1.441647282224961246e-01 6.080982988825032326e-02
9.838770741764703009e-01 -1.687175169146722109e-01 5.933262187474671462e-02
9.795925314938750406e-01 -1.925338869107448558e-01 5.769948427728256030e-02
9.748910818151730329e-01 -2.155470232713277146e-01 5.591881063283440229e-02
9.698372703054707333e-01 -2.376968293014687095e-01 5.399943184976164351e-02
9.644980238091156455e-01 -2.589300255777878812e-01 5.195049805032504048e-02
9.589416871674828480e-01 -2.792001162095046340e-01 4.978136427976290190e-02
9.532370985774332173e-01 -2.984672340216573128e-01 4.750148271418817847e-02
9.474527199970937952e-01 -3.166978791279608796e-01 4.512030356194423469e-02
9.416558350527594046e-01 -3.338645672836791367e-01 4.264718637964530490e-02
9.359118233014210864e-01 -3.499454054986923524e-01 4.009132304201141334e-02
9.302835162380783673e-01 -3.649236127156272325e-01 3.746167313728297754e-02
9.248306372514941698e-01 -3.787870030183492775e-01 3.476691212634596545e-02
9.196093249342057740e-01 -3.915274479535126861e-01 3.201539221748987002e-02
9.146717368120185210e-01 -4.031403332520197003e-01 2.921511557863113590e-02
9.100657287091690195e-01 -4.136240236563776262e-01 2.637371923882343011e-02
9.058346036116482480e-01 -4.229793478127050199e-01 2.349847082084661337e-02
9.020169230121345416e-01 -4.312091133759232697e-01 2.059627409328401021e-02
8.986463732767663304e-01 -4.383176606882201454e-01 1.767368322806134665e-02
8.957516795157244305e-01 -4.443104616888653435e-01 1.473692459071143657e-02
8.933565597088051202e-01 -4.491937691427335122e-01 1.179192486767304850e-02
8.914797123741765583e-01 -4.529743198618743638e-01 8.844344339650606762e-03
8.901348318148487593e-01 -4.556590943494160939e-01 5.899614134781918338e-03
8.893306458780766421e-01 -4.572551342147843645e-01 2.962976333202308604e-03
8.890709721678055066e-01 -4.577694177798553588e-01 3.952583972557932590e-05
8.893547897145491765e-01 -4.572087934956885480e-01 -2.865747010836822845e-03
8.901763241911538893e-01 -4.555799700922979478e-01 -5.747914104068083813e-03
8.915251458317525746e-01 -4.528895617603286294e-01 -8.602068395997135297e-03
8.933862802336058895e-01 -4.491441860839303080e-01 -1.142328486589202531e-02
8.957403331689920423e-01 -4.443506118805759519e-01 -1.420658443720444059e-02
8.989304177377940297e-01 -4.376985150528543977e-01 -1.855136775788397696e-02
9.028227740852659000e-01 -4.294058926210951310e-01 -2.283985336387286957e-02
9.073634101039350641e-01 -4.194749005945408449e-01 -2.706459989122523419e-02
9.124891718935126406e-01 -4.079080950669435324e-01 -3.121765551167843267e-02
9.181280748240332468e-01 -3.947093437533750748e-01 -3.529049884758337502e-02
9.241997161750307166e-01 -3.798848340829229508e-01 -3.927400000356866955e-02
9.306157901031297808e-01 -3.634441575711803707e-01 -4.315840420016447271e-02
9.372807251872996570e-01 -3.454014461104348288e-01 -4.693334029527718165e-02
9.440924629884098751e-01 -3.257765314547133029e-01 -5.058785614828041621e-02
9.509433928057200447e-01 -3.045960947966829258e-01 -5.411048229324513792e-02
9.577214530392085257e-01 -2.818947692654384385e-01 -5.748932472515313336e-02
9.643114032755313314e-01 -2.577161548143067638e-01 -6.071218676012788557e-02
9.705962635163286611e-01 -2.321137027540838282e-01 -6.376671891718477259e-02
9.764589080989691805e-01 -2.051514265671198489e-01 -6.664059461210540547e-02
9.817837922018851637e-01 -1.769043970254881859e-01 -6.932170820070322759e-02
9.864587789006054042e-01 -1.474589833625404856e-01 -7.179839062525440740e-02
9.903770251901811150e-01 -1.169128085053437321e-01 -7.405963668733420158e-02
9.934388769431440336e-01 -8.537439517422826252e-02 -7.609533688753054859e-02
9.955537161848212468e-01 -5.296249078085916301e-02 -7.789650593632826969e-02
9.966417000497189704e-01 -1.980507205408017085e-02 -7.945549954401280590e-02
9.966353299175472191e-01 1.396195549097322547e-02 -8.076621101743090836e-02
9.954807918942948364e-01 4.819633362568677415e-02 -8.182423957764735356e-02
9.931390161120272619e-01 8.275125959326697089e-02 -8.262702317918189932e-02
9.895864120712380974e-01 1.174773708748416967e-01 -8.317392993201469520e-02
9.848152499277434968e-01 1.522248415669143762e-01 -8.346630393376400225e-02
9.788336724370044761e-01 1.868455193990133656e-01 -8.350746330600712641e-02
9.716653382052462540e-01 2.211950303566534715e-01 -8.330265036224536457e-02
9.633487128379919495e-01 2.551347799215437084e-01 -8.285893596709147102e-02
9.539360394020270917e-01 2.885337859205258093e-01 -8.218508212852121408e-02
9.434920323198316972e-01 3.212702873799742620e-01 -8.129136856425200897e-02
9.320923486017238524e-01 3.532330858369160942e-01 -8.018939029438001964e-02
9.198218966773009653e-01 3.843225893053117126e-01 -7.889183416750550348e-02
9.067730458152446493e-01 4.144515435038291784e-01 -7.741224260050451333e-02
8.930437983285614001e-01 4.435454490182792475e-01 -7.576477271752841969e-02
8.787359828289018626e-01 4.715426759183581340e-01 -7.396395856198655083e-02
8.639535203003562147e-01 4.983942982861804261e-01 -7.202448320342037802e-02
8.488008064164407340e-01 5.240636796852110590e-01 -6.996096646305413613e-02
8.333812440740188121e-01 5.485258465839295550e-01 -6.778777273694110150e-02
8.177959502857425900e-01 5.717666901523716927e-01 -6.551884209968660000e-02
8.021426519927996601e-01 5.937820378603145821e-01 -6.316754660890272488e-02
7.865147765419754355e-01 6.145766352486033979e-01 -6.074657256845990977e-02
7.710007348814164052e-01 6.341630755293587995e-01 -5.826782849583671264e-02
7.556833891894640942e-01 6.525607107403932350e-01 -5.574237770484036236e-02
7.406396917498845323e-01 6.697945734703163456e-01 -5.318039377157251363e-02
7.259404784037285507e-01 6.858943330802788063e-01 -5.059113669600957125e-02
7.116503977378840773e-01 7.008933052125626562e-01 -4.798294729007654413e-02
6.978279561512253926e-01 7.148275284609423297e-01 -4.536325719420052083e-02
6.845256588774620843e-01 7.277349175758326405e-01 -4.273861192240409335e-02
6.717902277351216478e-01 7.396544986134342414e-01 -4.011470443400455554e-02
6.596628776211852507e-01 7.506257280776440499e-01 -3.749641690165614327e-02
6.481796353847191217e-01 7.606878953632439933e-01 -3.488786856683789850e-02
6.373716865537905063e-01 7.698796056687849942e-01 -3.229246782419981782e-02
6.272657373140488879e-01 7.782383389618480196e-01 -2.971296693833974309e-02
6.178843810496683631e-01 7.858000794861229599e-01 -2.715151805719691336e-02
6.092464605822967005e-01 7.925990096291621878e-01 -2.460972943539428345e-02
6.013674189300860506e-01 7.986672616500977151e-01 -2.208872101169869623e-02
5.942596329254234977e-01 8.040347207292004583e-01 -1.958917869305127138e-02
5.879327253613146897e-01 8.087288729827467604e-01 -1.711140688119670850e-02
5.823938524795789773e-01 8.127746924315957244e-01 -1.465537893626078954e-02
5.776479645753161973e-01 8.161945613727350501e-01 -1.222078540530741574e-02
5.741914848221885137e-01 8.186739578079248458e-01 -8.784699604886113400e-03
5.718685887025670711e-01 8.203276634893595931e-01 -5.378090690887969531e-03
5.706770460535969258e-01 8.211722119060428371e-01 -1.997551177707727194e-03
5.706123462096032162e-01 8.212184745241908335e-01 1.360402541843891075e-03
5.716678317736701986e-01 8.204717489410462417e-01 4.699254435505950678e-03
5.738347570584421131e-01 8.189318631549344918e-01 8.022415551059116495e-03
5.771022737482003340e-01 8.165932951148561214e-01 1.133315234393720075e-02
5.814573464058057084e-01 8.134453084279422708e-01 1.463451578804197614e-02
5.868846005653898246e-01 8.094721067266447134e-01 1.792927051961878265e-02
5.933661063724890994e-01 8.046530107344384009e-01 2.121982336609853914e-02
6.008811011116674816e-01 7.989626635177452529e-01 2.450815074237550073e-02
6.094056545480105447e-01 7.923712707624390728e-01 2.779572455829749586e-02
6.189122818496599621e-01 7.848448841438293577e-01 3.108343647608164534e-02
6.293695099949370153e-01 7.763457369336884684e-01 3.437152058806677846e-02
6.407414050330845212e-01 7.668326418549982204e-01 3.765947485654302235e-02
6.529870693846594465e-01 7.562614617855432098e-01 4.094598197033513104e-02
6.660601205427368887e-01 7.445856641381441987e-01 4.422883062767717782e-02
6.799081650542482258e-01 7.317569695037745570e-01 4.750483864946664775e-02
6.944722844781874294e-01 7.177261043148851494e-01 5.076977975542164290e-02
7.096865530539734346e-01 7.024436657411511353e-01 5.401831628752797043e-02
7.250774224563255599e-01 6.863917367697224270e-01 5.593926462638974806e-02
7.406270223383069062e-01 6.694248325676215305e-01 5.781084812047739691e-02
7.562739994869224214e-01 6.515324647970128780e-01 5.962526794681940329e-02
7.719537891599425050e-01 6.327089718875272828e-01 6.137420188630244439e-02
7.875989649717746177e-01 6.129541595143029875e-01 6.304885360144150963e-02
8.031396884608865694e-01 5.922739226049670291e-01 6.464001530500862458e-02
8.185042609763053534e-01 5.706808317941755027e-01 6.613814417874636087e-02
8.336197774908372660e-01 5.481946656961639297e-01 6.753345250333075978e-02
8.484128784048756700e-01 5.248428693650639687e-01 6.881601099461118198e-02
8.628105914433388257e-01 5.006609190188456848e-01 6.997586431979967159e-02
8.767412515141996820e-01 4.756925736594624921e-01 7.100315720998671976e-02
8.901354820820893687e-01 4.499899957420601115e-01 7.188826901763450961e-02
9.029272174471265622e-01 4.236137255962057480e-01 7.262195402044362147e-02
9.150547415689129771e-01 3.966324978868476792e-01 7.319548428092559345e-02
9.264617160118039374e-01 3.691228929541754966e-01 7.360079147041205527e-02
9.370981674736917899e-01 3.411688212427165245e-01 7.383060379205813595e-02
9.469214044263268848e-01 3.128608449956317150e-01 7.387857402010226948e-02
9.558968328120140967e-01 2.842953476556656645e-01 7.373939473491424035e-02
9.639986426005454634e-01 2.555735676328650952e-01 7.340889708722081464e-02
9.712103403062221085e-01 2.268005188968982011e-01 7.288412986954535822e-02
9.775902201804234082e-01 1.971162082821281691e-01 7.390981114787292805e-02
9.831418159870951579e-01 1.668770159637280870e-01 7.472837989279033921e-02
9.878142006625268978e-01 1.361909633019498522e-01 7.533410235549292677e-02
9.915670005019832089e-01 1.051716854495281933e-01 7.572252775162661986e-02
9.943711675661194294e-01 7.393713879645397169e-02 7.589059244613076405e-02
9.962095360514904296e-01 4.260818180189773069e-02 7.583669606261166096e-02
9.970771407839015277e-01 1.130707043421100289e-02 7.556074660785389030e-02
9.969812848721130161e-01 -1.984408637951118673e-02 7.506417289179781460e-02
9.959413532510367206e-01 -5.072486394624307893e-02 7.434990382033100642e-02
9.939883787407081117e-01 -8.121800473172445523e-02 7.342231546208394244e-02
9.911643767239711744e-01 -1.112108028961579648e-01 7.228714805812044841e-02
9.875214730146468778e-01 -1.405963512507474311e-01 7.095139627712349073e-02
9.831208564528448601e-01 -1.692746181496350699e-01 6.942317695262342769e-02
9.780315928613909637e-01 -1.971533298257222566e-01 6.771157922477968882e-02
9.723293400214371163e-01 -2.241486424086077678e-01 6.582650241991455653e-02
9.660950042360548773e-01 -2.501855967595280617e-01 6.377848713104064537e-02
9.594133779634271830e-01 -2.751983577877152864e-01 6.157854482725352852e-02
9.523717951625289002e-01 -2.991302476180145442e-01 5.923799095164087453e-02
9.450588367464021200e-01 -3.219335885108592921e-01 5.676828591155808762e-02
9.375631132800544831e-01 -3.435693765654088128e-01 5.418088767442325038e-02
9.299721462069748812e-01 -3.640068108619932685e-01 5.148711891142373348e-02
9.223713628369828443e-01 -3.832227048326448116e-01 4.869805083300576126e-02
9.148432144289622148e-01 -4.012008073955900533e-01 4.582440507982284833e-02
9.074664212402934194e-01 -4.179310609295504575e-01 4.287647430833611134e-02
9.003153436013393573e-01 -4.334088217201625404e-01 3.986406146891525309e-02
8.934594740433724480e-01 -4.476340663277235121e-01 3.679643723339162675e-02
8.869630423269474484e-01 -4.606106046455533676e-01 3.368231459647613724e-02
8.808847228899648885e-01 -4.723453174662756715e-01 3.052983935112922598e-02
8.752774327182327729e-01 -4.828474333442542288e-01 2.734659491533964967e-02
8.701882068600206299e-01 -4.921278565947972972e-01 2.413961985573630578e-02
8.656581386626812646e-01 -5.001985555241268422e-01 2.091543639806827531e-02
8.617223721968367833e-01 -5.070720175200933433e-01 1.768008822054534593e-02
8.584101351441137950e-01 -5.127607754991506672e-01 1.443918587793607822e-02
8.557448015561465171e-01 -5.172770084173413663e-01 1.119795828761572729e-02
8.537439752541184923e-01 -5.206322171048369807e-01 7.961308810380488682e-03
8.524195861508011562e-01 -5.228369755490549498e-01 4.733874567633550301e-03
8.517779933756114419e-01 -5.239007568911351331e-01 1.520087743434522971e-03
8.518200907151799450e-01 -5.238318327662542240e-01 -1.675762282040028830e-03
8.525414115060362397e-01 -5.226372441564587357e-01 -4.849467036695847416e-03
8.539322317000586082e-01 -5.203228415800669193e-01 -7.996838299627913663e-03
8.564040923679272499e-01 -5.161514060093149725e-01 -1.264211352309369679e-02
8.598125064492357916e-01 -5.103186330216342714e-01 -1.724570181518687850e-02
8.641157456116970170e-01 -5.028207497405713378e-01 -2.180231551035299864e-02
8.692619192865929101e-01 -4.936514698912533028e-01 -2.630613473389477319e-02
8.751890582126691243e-01 -4.828028375359916802e-01 -3.075069159383994263e-02
8.818252248264336624e-01 -4.702662192177009537e-01 -3.512877041265358852e-02
8.890886767073209462e-01 -4.560334344623075409e-01 -3.943232697621744387e-02
8.968881118887032100e-01 -4.400980110880029494e-01 -4.365242996407622811e-02
9.051230264525226277e-01 -4.224565472416075829e-01 -4.777922783656291666e-02
9.136842151707481596e-01 -4.031101566057626595e-01 -5.180194444411048704e-02
9.224544447559065441e-01 -3.820659669733004193e-01 -5.570890644388865054e-02
9.313093262581518816e-01 -3.593386356616125044e-01 -5.948760521348590152e-02
9.401184080638808060e-01 -3.349518384582922947e-01 -6.312479530254873350e-02
9.487465036637957594e-01 -3.089396824875477732e-01 -6.660663053579235493e-02
9.570552588538105976e-01 -2.813479882035095359e-01 -6.991883766826502422e-02
9.649049514775249747e-01 -2.522353823541167994e-01 -7.304692601469681135e-02
9.721565035986327041e-01 -2.216741429277579445e-01 -7.597642977734106462e-02
9.786736717272714881e-01 -1.897507394373962319e-01 -7.869317796121191866e-02
9.843253662693793871e-01 -1.565660179029157439e-01 -8.118358490360215451e-02
9.889880377697944924e-01 -1.222349898074925334e-01 -8.343495269394246572e-02
9.925480559456949514e-01 -8.688619804955532988e-02 -8.543577527446227782e-02
9.949039991383366033e-01 -5.066065003051602872e-02 -8.717603294786177570e-02
9.959687677120007132e-01 -1.371032765644720347e-02 -8.864746551611836500e-02
9.956714359067373454e-01 2.380369502588797204e-02 -8.984381244154461543e-02
9.939587631277311264e-01 6.171347508033581120e-02 -9.076100931326459842e-02
9.907962975709495579e-01 9.984669439237112143e-02 -9.139733151185078230e-02
9.861690218630844162e-01 1.380293378592977738e-01 -9.175347821542541304e-02
9.800815109582781126e-01 1.760884592897506429e-01 -9.183259263980239617e-02
9.725575954060294848e-01 2.138549331955512667e-01 -9.164021745751479986e-02
9.636395465533701410e-01 2.511660918194715264e-01 -9.118418746675052700e-02
9.533868224763436539e-01 2.878681540017400953e-01 -9.047446454387325643e-02
9.418744327930456128e-01 3.238183651772940097e-01 -8.952292249287160941e-02
9.291909956486950062e-01 3.588867847720401683e-01 -8.834309142384802471e-02
9.154365701833786506e-01 3.929576770566868271e-01 -8.694987263162053115e-02
9.007203523097230269e-01 4.259304824948353385e-01 -8.535923555379364147e-02
8.851583207681360532e-01 4.577203671912790095e-01 -8.358790828233633730e-02
8.688709147686042300e-01 4.882583668013291134e-01 -8.165307236046126516e-02
8.519808149876189063e-01 5.174911571086391326e-01 -7.957207133915723818e-02
8.346108873887850832e-01 5.453804957034328327e-01 -7.736214094394143481e-02
8.168823354641050472e-01 5.719023874755553294e-01 -7.504016686983974727e-02
7.989130921801554930e-01 5.970460310196594733e-01 -7.262247433116958417e-02
7.808164691366148435e-01 6.208126038710255479e-01 -7.012465167197921845e-02
7.627000679673422434e-01 6.432139422980676091e-01 -6.756140869423936379e-02
7.446649483604520503e-01 6.642711668396753533e-01 -6.494646895358220651e-02
7.268050385323731044e-01 6.840132985976226099e-01 -6.229249414485934361e-02
7.092067676421682787e-01 7.024759041513364277e-01 -5.961103786274115496e-02
6.919488953892009020e-01 7.196997994502982721e-01 -5.691252546448388044e-02
6.751025116911836266e-01 7.357298356460219013e-01 -5.420625645526584019e-02
6.587311786069542929e-01 7.506137829188587185e-01 -5.150042572356854087e-02
6.428911872302182084e-01 7.644013221850891604e-01 -4.880216003274512326e-02
6.276319038157246455e-01 7.771431492813049013e-01 -4.611756638264428304e-02
6.129961816078494108e-01 7.888901918720601092e-01 -4.345178915222094179e-02
5.990208174596722834e-01 7.996929359007722837e-01 -4.080907328556850761e-02
5.857370351390055463e-01 8.096008558415331846e-01 -3.819283116072877404e-02
5.731709800435268454e-01 8.186619412181939115e-01 -3.560571116010382425e-02
5.613442127616947719e-01 8.269223107275944784e-01 -3.304966632632821977e-02
5.502741914307636151e-01 8.344259047218319791e-01 -3.052602182634562428e-02
5.399747351029525744e-01 8.412142466590465384e-01 -2.803554025192254301e-02
5.304564623078353858e-01 8.473262643212635670e-01 -2.557848405327034502e-02
5.217272006863310496e-01 8.527981620314278866e-01 -2.315467463293875705e-02
5.142769052549890363e-01 8.573945042401164285e-01 -1.985059348345419306e-02
5.079379387441602667e-01 8.612338974859564678e-01 -1.659344832392446734e-02
5.027103707593656434e-01 8.643514331407905482e-01 -1.337917983831359361e-02
4.985924797335486991e-01 8.667765274441866508e-01 -1.020346916534618092e-02
4.955811128273222566e-01 8.685330231998054096e-01 -7.061807942429498830e-03
4.936719697807001039e-01 8.696392980788517635e-01 -3.949562542208152720e-03
4.928598144406926562e-01 8.701083738805792667e-01 -8.620335414106419097e-04
4.931386173911559978e-01 8.699480228013727334e-01 2.205488533514997178e-03
4.945016327014091773e-01 8.691608683113027922e-01 5.257670152771492383e-03
4.969414113415995815e-01 8.677444796580693342e-01 8.299083417339826393e-03
5.004497533316751845e-01 8.656914603422881660e-01 1.133415541444818264e-02
5.050176002381632223e-01 8.629895321639341477e-01 1.436711737541277421e-02
5.106348692467682637e-01 8.596216176539491771e-01 1.740195277406167418e-02
5.172902297558537033e-01 8.555659249002303124e-01 2.044234357225439142e-02
5.249708232931655782e-01 8.507960399707295007e-01 2.349161390097476154e-02
5.336619275941212326e-01 8.452810333385045727e-01 2.655267056469521464e-02
5.433465659351018884e-01 8.389855879257155369e-01 2.962793987770762430e-02
5.540050633321693674e-01 8.318701575962887951e-01 3.271930048918461620e-02
5.656145520387776404e-01 8.238911661175808421e-01 3.582801203472714413e-02
5.781484299497697821e-01 8.150012577413675574e-01 3.895463967217359380e-02
5.915757770851377551e-01 8.051496115670271347e-01 4.209897482442088307e-02
6.058607373211354341e-01 7.942823326672361350e-01 4.525995276711076987e-02
6.209618749819618699e-01 7.823429334786036193e-01 4.843556806791243091e-02
6.368315188070312605e-01 7.692729190627323188e-01 5.162278930794085563e-02
6.534151091438389347e-01 7.550124893810972182e-01 5.481747499207589858e-02
6.706505679239053164e-01 7.395013705348397748e-01 5.801429307605092400e-02
6.884677149497725468e-01 7.226797848212518360e-01 6.120664709013193955e-02
7.067877580854061703e-01 7.044895662752153065e-01 6.438661240003003272e-02
7.255228888623507233e-01 6.848754239355527851e-01 6.754488668420052799e-02
7.445760184762943990e-01 6.637863492814950472e-01 7.067075918171464299e-02
7.638406917650770733e-01 6.411771570687030408e-01 7.375210362530909558e-02
7.832012180755901776e-01 6.170101402022364345e-01 7.677539996013489632e-02
8.025330574446757348e-01 5.912568094937055152e-01 7.972578989428957819e-02
8.217034977299656484e-01 5.638996785048600024e-01 8.258717096532512680e-02
8.405726527643960777e-01 5.349340427120574670e-01 8.534233307600511131e-02
8.589948029143260610e-01 5.043696916645086237e-01 8.797314030532875362e-02
8.768200874214940876e-01 4.722324835655479225e-01 9.046075921435454970e-02
8.938965426930413072e-01 4.385657048302349925e-01 9.278593285272496161e-02
9.100724626961708141e-01 4.034311337736527503e-01 9.492929728751742235e-02
9.251990376224904500e-01 3.669097287183535339e-01 9.687173482841243688e-02
9.391332062118082913e-01 3.291018673390800897e-01 9.859475537146671076e-02
9.517406371145663568e-01 2.901270765040425137e-01 1.000808946334677957e-01
9.628987372173478665e-01 2.501232102493167742e-01 1.013141157375426066e-01
9.724995718240310172e-01 2.092450572606461556e-01 1.022801988860550654e-01
9.804525747041572536e-01 1.676623871128790910e-01 1.029671029480515587e-01
9.866869266411478767e-01 1.255574747018077253e-01 1.033652828748096164e-01
9.911534899862839421e-01 8.312217249396890162e-02 1.034679480379118305e-01
9.938262038286580502e-01 4.055462786652441753e-02 1.032712488569014625e-01
9.947028688549099940e-01 -1.944234597828546629e-03 1.027743823323956640e-01
9.938052811100140937e-01 -4.417433061247567211e-02 1.019796111020422197e-01
9.911787073399900283e-01 -8.593999157842775738e-02 1.008921950803957635e-01
9.868907286615793417e-01 -1.270533586938313309e-01 9.952023926665509723e-02
9.810295111535280999e-01 -1.673374684621509734e-01 9.787446553375947489e-02
9.737015890544929997e-01 -2.066289220721009567e-01 9.596791981117863690e-02
9.650292665965611860e-01 -2.447800569368145940e-01 9.381562877836813197e-02
9.551477568754892511e-01 -2.816605681182183796e-01 9.143422183383267954e-02
9.442021801835188688e-01 -3.171585578547145290e-01 8.884153464629356012e-02
9.323445403500345563e-01 -3.511810205181357114e-01 8.605621008825757590e-02
9.197307869729868246e-01 -3.836537959998443381e-01 8.309731094739031265e-02
9.065180555785120609e-01 -4.145210452787145838e-01 7.998395671956093356e-02
8.928621585543264905e-01 -4.437443169099576368e-01 7.673499425290074283e-02
8.789153790108777953e-01 -4.713012821767148530e-01 7.336870927966337996e-02
8.648245992000235249e-01 -4.971842199926015948e-01 6.990258316325398402e-02
8.507297761197596397e-01 -5.213983310695935458e-01 6.635309668134836691e-02
8.367627604299801014e-01 -5.439599553659847375e-01 6.273558049187782926e-02
8.230464413807165869e-01 -5.648947585074715061e-01 5.906411016406453579e-02
8.096941903343033431e-01 -5.842359428187329229e-01 5.535144233129318109e-02
7.968095685746054979e-01 -6.020225277919915019e-01 5.160898762680712903e-02
7.844862611504349603e-01 -6.182977340640491981e-01 4.784681555850255757e-02
7.728081970686551117e-01 -6.331074948912860378e-01 4.407368630848075564e-02
7.618498167399972987e-01 -6.464991101257565598e-01 4.029710454047358975e-02
7.516764496823465924e-01 -6.585200500511910748e-01 3.652339059631742185e-02
7.423447686297258707e-01 -6.692169102344641685e-01 3.275776489798329361e-02
7.339032899673834098e-01 -6.786345137712761488e-01 2.900444188861881628e-02
7.263928944746302907e-01 -6.868151538593368910e-01 2.526673039845467317e-02
7.198473464448083003e-01 -6.937979673726245577e-01 2.154713787305080966e-02
7.142937931769408610e-01 -6.996184288647874228e-01 1.784747642541060011e-02
7.097532304725777674e-01 -7.043079540198957655e-01 1.416896915149908065e-02
7.062409230554618222e-01 -7.078936018221850812e-01 1.051235556909128031e-02
7.037667717362430242e-01 -7.103978654753621003e-01 6.877995396489405139e-03
7.028469904111209754e-01 -7.113382887296508805e-01 2.012741110452169295e-03
7.033239559273842811e-01 -7.108639394186646587e-01 -2.824464817368013171e-03
7.051880021980664326e-01 -7.089793192775690756e-01 -7.636237593413709376e-03
7.084218833841243734e-01 -7.056799280669149299e-01 -1.242500275279993793e-02
7.130007022452967691e-01 -7.009525751883205480e-01 -1.719281778566342928e-02
7.188916942576762947e-01 -6.947758080337365083e-01 -2.194119672839927107e-02
7.260538801420933774e-01 -6.871204642394354023e-01 -2.667093748167479600e-02
7.344376031693129470e-01 -6.779503586724302533e-01 -3.138195207117219082e-02
7.439839718361452858e-01 -6.672231188446949846e-01 -3.607310065836218105e-02
7.546242333403007096e-01 -6.548911843106010044e-01 -4.074203082904195167e-02
7.662791087490354869e-01 -6.409029861986790255e-01 -4.538502452371884904e-02
7.788581267942923381e-01 -6.252043220688482394e-01 -4.999685590485471176e-02
7.922589996596903772e-01 -6.077399384572848007e-01 -5.457066444851278036e-02
8.063670906432058860e-01 -5.884553284614563173e-01 -5.909784855398863418e-02
8.210550297230427841e-01 -5.672987442541878034e-01 -6.356798591849738278e-02
8.361825382017755715e-01 -5.442234143132023139e-01 -6.796878773921972983e-02
8.515965269794062431e-01 -5.191899423780867995e-01 -7.228609437701534468e-02
8.671315337070835128e-01 -4.921688498898805775e-01 -7.650392032409432386e-02
8.826105611284672525e-01 -4.631432064154234474e-01 -8.060455603262908775e-02
8.978463713766046128e-01 -4.321112741541370816e-01 -8.456873325693556320e-02
9.126432780625222119e-01 -3.990890743098953752e-01 -8.837585893293568862e-02
9.267994591767212409e-01 -3.641127665146928760e-01 -9.200432020055358817e-02
9.401097891152432329e-01 -3.272407195629321586e-01 -9.543185996660316639e-02
9.523691581694483377e-01 -2.885551445783262059e-01 -9.863601849192947524e-02
9.633762139774261213e-01 -2.481631624618071130e-01 -1.015946320525201035e-01
9.729374239213568476e-01 -2.061971877872190162e-01 -1.042863750617388230e-01
9.808713231898451568e-01 -1.628145322783015325e-01 -1.066913275374697795e-01
9.870127836346749284e-01 -1.181961626844372226e-01 -1.087915459086459397e-01
9.912171172138090069e-01 -7.254458911857364356e-02 -1.105716123549159852e-01
9.933638179843710114e-01 -2.608090825752063663e-02 -1.120191365933710659e-01
9.933597507163650642e-01 2.095892244841462970e-02 -1.131251845893011393e-01
9.911416133634129988e-01 6.832845281790506098e-02 -1.138846112232726887e-01
9.866775343437922396e-01 1.157755789853505690e-01 -1.142962784276941868e-01
9.799677116143460376e-01 1.630476484173673524e-01 -1.143631464161479760e-01
9.710440550621874944e-01 2.098966064872273551e-01 -1.140922328650159912e-01
9.599688518737993226e-01 2.560839574012662156e-01 -1.134944426175449883e-01
9.468325308650858974e-01 3.013853263801003490e-01 -1.125842779497620016e-01
9.317506511112381151e-01 3.455944394247798535e-01 -1.113794459822949751e-01
9.148602783715960030e-01 3.885263785044413831e-01 -1.099003848818132512e-01
8.963159369742731419e-01 4.300200191915256043e-01 -1.081697337012637455e-01
8.762853339269665032e-01 4.699396097353575330e-01 -1.062117719162682244e-01
8.549450466657103620e-01 5.081755005533301617e-01 -1.040518540071976167e-01
8.324763480854159292e-01 5.446440771099392286e-01 -1.017158620834553717e-01
8.090613153555088477e-01 5.792869842521831680e-01 -9.922969595145314514e-02
7.848793360391984608e-01 6.120697546841263881e-01 -9.661881565831546836e-02
7.601040897307899113e-01 6.429799680755500235e-01 -9.390784686667061343e-02
7.349010489241301070e-01 6.720250710686042073e-01 -9.112025484573152423e-02
7.094255115806969991e-01 6.992299837116598971e-01 -8.827808872541378915e-02
6.838211515412747632e-01 7.246346065999534902e-01 -8.540179417384986815e-02
6.582190523972353269e-01 7.482913273670875887e-01 -8.251008994044786715e-02
6.327371758936221058e-01 7.702626071693828846e-01 -7.961990178138551866e-02
6.074802070274587518e-01 7.906187091741389006e-01 -7.674634610580501060e-02
5.825397140175027078e-01 8.094356131653008823e-01 -7.390275515437866316e-02
5.579945613419646788e-01 8.267931441765512535e-01 -7.110073552617521275e-02
5.339115170915220698e-01 8.427733291357686340e-01 -6.835025227537451509e-02
5.103460010294856852e-01 8.574589841180211280e-01 -6.565973148220091704e-02
4.873429261602579832e-01 8.709325259682076936e-01 -6.303617505261839560e-02
4.649375935961390649e-01 8.832749956031735739e-01 -6.048528242807654082e-02
4.431566075509698055e-01 8.945652759597553239e-01 -5.801157481968301222e-02
4.220187839953626896e-01 9.048794849870976931e-01 -5.561851847005144095e-02
4.015360326316589346e-01 9.142905229422475522e-01 -5.330864425753843727e-02
3.817141972447339326e-01 9.228677532064099021e-01 -5.108366167278058367e-02
3.625538440988801403e-01 9.306767965979364510e-01 -4.894456580865164802e-02
3.440509918841287429e-01 9.377794204627434294e-01 -4.689173651239161855e-02
3.261977798120535010e-01 9.442335054650039528e-01 -4.492502925863670060e-02
3.089830728913611213e-01 9.500930748166269701e-01 -4.304385762370187274e-02
2.923930052604609142e-01 9.554083725494317836e-01 -4.124726748575816004e-02
2.764114638046992756e-01 9.602259792598769605e-01 -3.953400325404376331e-02
2.610205152246823368e-01 9.645889554821306389e-01 -3.790256655417836157e-02
2.462007803274465778e-01 9.685370044333688755e-01 -3.635126787640427515e-02
2.319317596540446669e-01 9.721066473051322987e-01 -3.487827173842090317e-02
2.181921146958573365e-01 9.753314055389710191e-01 -3.348163593242547281e-02
2.049599089386353878e-01 9.782419856252395629e-01 -3.215934542378560967e-02
1.922128128500026623e-01 9.808664629086930598e-01 -3.090934145202369615e-02
1.799282767269047012e-01 9.832304616852345358e-01 -2.972954635799330420e-02
1.680836750711732219e-01 9.853573295445814395e-01 -2.861788462783656367e-02
1.566564258848430202e-01 9.872683044683747688e-01 -2.757230060728837334e-02
1.456240879879001082e-01 9.889826736468616541e-01 -2.659077330122777694e-02
1.349644391714139302e-01 9.905179233436107733e-01 -2.567132863460845627e-02
1.246555377168372114e-01 9.918898794295795129e-01 -2.481204951312772009e-02
1.146757695433454488e-01 9.931128384368625994e-01 -2.401108398596575599e-02
1.050038829930916989e-01 9.941996891589163221e-01 -2.326665177912297724e-02
9.561901303127828822e-02 9.951620249570076737e-01 -2.257704943657539917e-02
8.650069642494595534e-02 9.960102470298858313e-01 -2.194065427777417213e-02
7.762887927146279454e-02 9.967536589718865025e-01 -2.135592735394236177e-02
6.898391807438039591e-02 9.974005529895138000e-01 -2.082141556209680944e-02
6.054657540973684693e-02 9.979582881727389054e-01 -2.033575305461946675e-02
5.229801108890128059e-02 9.984333612287571436e-01 -1.989766206336073331e-02
4.421976960341086893e-02 9.988314700860225770e-01 -1.950595324049759702e-02
3.629376453163232763e-02 9.991575707676969564e-01 -1.915952560350382347e-02
2.850226049517377847e-02 9.994159279183910671e-01 -1.885736615842880520e-02
2.082785317351214596e-02 9.996101593479932435e-01 -1.859854926404138839e-02
1.325344781709215242e-02 9.997432749328892809e-01 -1.838223578909799552e-02
5.762236641091431251e-03 9.998177101890911578e-01 -1.820767210587354024e-02
-1.662324566871216380e-03 9.998353548046111650e-01 -1.807418895499295075e-02
-9.036540332480105103e-03 9.997975763905256885e-01 -1.798120020937551966e-02
-1.637649961453730915e-02 9.997052396821292097e-01 -1.792820155862038731e-02
-2.369809992592880957e-02 9.995587213937987547e-01 -1.791476912929579682e-02
-3.101707124312052394e-02 9.993579209040164280e-01 -1.794055805123434544e-02
-3.834899950619329728e-02 9.991022669206960360e-01 -1.800530097497695520e-02
-4.572118834346261540e-02 9.987886045124015899e-01 -1.819540489875896491e-02
-5.317951581261536748e-02 9.984148378126040946e-01 -1.843710866136615348e-02
-6.074451680921669205e-02 9.979776750059862200e-01 -1.873072356928559903e-02
-6.843680814138500268e-02 9.974731370237568395e-01 -1.907669314468666416e-02
-7.627712602643504924e-02 9.968965228433717130e-01 -1.947559130201716865e-02
-8.428636087424995482e-02 9.962423676433043163e-01 -1.992812043788452434e-02
-9.248558890252901732e-02 9.955043935918213016e-01 -2.043510936989310564e-02
-1.008961000552739129e-01 9.946754530085563095e-01 -2.099751104854204534e-02
-1.095394216088129147e-01 9.937474636035894537e-01 -2.161639995336588765e-02
-1.184373367482293715e-01 9.927113354721804894e-01 -2.229296907001026423e-02
-1.276118972800641960e-01 9.915568895061303012e-01 -2.302852632865940927e-02
-1.370854295133535905e-01 9.902727668773093628e-01 -2.382449036595781985e-02
-1.468805321891907267e-01 9.888463292581279873e-01 -2.468238545208770174e-02
-1.570200651678876347e-01 9.872635494712359572e-01 -2.560383540178745934e-02
-1.675271273914641368e-01 9.855088923109333043e-01 -2.659055626266382949e-02
-1.784250224269222918e-01 9.835651853569372660e-01 -2.764434754604778305e-02
-1.897372096623942683e-01 9.814134797136160326e-01 -2.876708173482853126e-02
-2.014872389743235237e-01 9.790329007620156565e-01 -2.996069176922742591e-02
-2.136986664109256639e-01 9.764004892166904259e-01 -3.122715617554017858e-02
-2.263949481482522286e-01 9.734910330445255555e-01 -3.256848146486560069e-02
-2.394276363772981642e-01 9.703344676999907659e-01 -3.354992269262607740e-02
-2.528098145313616985e-01 9.668976674225880918e-01 -3.458710159229835823e-02
-2.665566021909449579e-01 9.631586897493542576e-01 -3.568031612595132240e-02
-2.806822650408313802e-01 9.590939482634290858e-01 -3.682978177669989084e-02
-2.952000693503852857e-01 9.546781548761575920e-01 -3.803560863690808036e-02
-3.101221175275576947e-01 9.498842689490519797e-01 -3.929777608483295270e-02
-3.254591636466570015e-01 9.446834558189576292e-01 -4.061610490193021811e-02
-3.412204080054286881e-01 9.390450576921979264e-01 -4.199022670384396083e-02
-3.574132699941519609e-01 9.329365803069142871e-01 -4.341955058849514965e-02
-3.740431388728275852e-01 9.263236992206319576e-01 -4.490322694658285818e-02
-3.911131024677302892e-01 9.191702900521576680e-01 -4.644010843528195015e-02
-4.086236543318894077e-01 9.114384874788721280e-01 -4.802870818710991418e-02
-4.265723805816218905e-01 9.030887782428492772e-01 -4.966715541498072789e-02
-4.449536284381454543e-01 8.940801338266315401e-01 -5.135314868335610211e-02
-4.637581594821310049e-01 8.843701887898803848e-01 -5.308390724580463321e-02
-4.829727917781134749e-01 8.739154709722712910e-01 -5.485612100228061394e-02
-5.025800363467641807e-01 8.626716898192757776e-01 -5.666589980526478415e-02
-5.225577349487484646e-01 8.505940889221013101e-01 -5.850872304158252768e-02
-5.428787077746597411e-01 8.376378684211779335e-01 -6.037939063362323527e-02
-5.635104213762227587e-01 8.237586821401349235e-01 -6.227197683516565163e-02
-5.847734950175607072e-01 8.085692080742389320e-01 -6.523767926913585924e-02
-6.066010625401750955e-01 7.920720531762565075e-01 -6.824347707185070278e-02
-6.289278620704937817e-01 7.741891758509786836e-01 -7.128128977619134499e-02
-6.516778353166354787e-01 7.548440208468030210e-01 -7.434151342742631452e-02
-6.747634995664789637e-01 7.339629511163309195e-01 -7.741293982997918266e-02
-6.980854765717028343e-01 7.114768866278481374e-01 -8.048269641646405015e-02
-7.215322288213652513e-01 6.873231418846087459e-01 -8.353621344181534625e-02
-7.449800571756388656e-01 6.614474425936874846e-01 -8.655722566392232142e-02
-7.682934150227002101e-01 6.338060885358852703e-01 -8.952781582896102153e-02
-7.913255922188089375e-01 6.043682145987214760e-01 -9.242850702581498212e-02
-8.139198162657712565e-01 5.731180858188003047e-01 -9.523841020256326728e-02
-8.359108077780572632e-01 5.400573461402733422e-01 -9.793543175713961824e-02
-8.571268118409903769e-01 5.052071257633354850e-01 -1.004965440639611074e-01
-8.773921062893235145e-01 4.686099000394353120e-01 -1.028981190690876762e-01
-8.965299626861390481e-01 4.303309856449671345e-01 -1.051163217372706182e-01
-9.143660069213915831e-01 3.904595590031024188e-01 -1.071275563065273995e-01
-9.307318956112615727e-01 3.491090891567006360e-01 -1.089089542296166752e-01
-9.454691942214222822e-01 3.064170935519553440e-01 -1.104388886696705124e-01
-9.584333158867162084e-01 2.625441507316130241e-01 -1.116974968442300681e-01
-9.694973592846363175e-01 2.176721380354146862e-01 -1.126671887795706456e-01
-9.785856389172594705e-01 1.729727780121220748e-01 -1.115829187084994012e-01
-9.855798807296949349e-01 1.284141675013290573e-01 -1.101920124489786101e-01
-9.905228930614943250e-01 8.422225725148746456e-02 -1.084950936132550864e-01
-9.934832203975928477e-01 4.061783878991472724e-02 -1.064962597069628453e-01
-9.945537390325712712e-01 -2.187293248978823546e-03 -1.042028912432590437e-01
-9.938495817144057387e-01 -4.399379445042095327e-02 -1.016253730966190233e-01
-9.915054985940466858e-01 -8.461771366622300450e-02 -9.877674253990569031e-02
-9.876727854197895340e-01 -1.238928327463348633e-01 -9.567228156623758251e-02
-9.825159232866804704e-01 -1.616723468617708159e-01 -9.232907289787725680e-02
-9.762090770951957763e-01 -1.978298669944148769e-01 -8.876553948968636532e-02
-9.689325929595568043e-01 -2.322597614942173427e-01 -8.500098644646279789e-02
-9.608696197522180737e-01 -2.648768840879995867e-01 -8.105516230601761407e-02
-9.522029589509087844e-01 -2.956157596486869710e-01 -7.694785388113145608e-02
-9.431122223760143308e-01 -3.244293155358902170e-01 -7.269852562247146321e-02
-9.337713516138176351e-01 -3.512872553427476285e-01 -6.832601107151910214e-02
-9.243465279620939334e-01 -3.761741740435295966e-01 -6.384826068816912281e-02
-9.149944792062815191e-01 -3.990875099226456890e-01 -5.928214737258737099e-02
-9.058611705192740615e-01 -4.200354206392066247e-01 -5.464332849709186563e-02
-8.970808518516968366e-01 -4.390346597815258378e-01 -4.994616129550676076e-02
-8.887754234754358107e-01 -4.561085176564070864e-01 -4.520366703956661680e-02
-8.805587865015988003e-01 -4.720730104748789846e-01 -4.199285354134148218e-02
-8.727021501989743468e-01 -4.867143273423613081e-01 -3.873271142299752889e-02
-8.652748673928553069e-01 -5.000440708464278794e-01 -3.543208264210340186e-02
-8.583398434053564063e-01 -5.120766169287150893e-01 -3.209910097555391389e-02
-8.519534239527916109e-01 -5.228282761906587472e-01 -2.874120944916731465e-02
-8.461653638508798148e-01 -5.323165259119935211e-01 -2.536519133269480447e-02
-8.410188597917265252e-01 -5.405593205185835748e-01 -2.197721256499617082e-02
-8.365506314523354359e-01 -5.475744854188275834e-01 -1.858287356745755986e-02
-8.327910366016362254e-01 -5.533791968116692495e-01 -1.518726854066103360e-02
-8.297642075641504800e-01 -5.579895482457921663e-01 -1.179505050138912950e-02
-8.274881982662314339e-01 -5.614202033446994422e-01 -8.410500488491991222e-03
-8.259751330493991794e-01 -5.636841331537804090e-01 -5.037599534109405384e-03
-8.252313504191171045e-01 -5.647924359492244584e-01 -1.680102151277480284e-03
-8.252575368589802896e-01 -5.647542370045455229e-01 1.658389777148705328e-03
-8.260488477472247570e-01 -5.635766656660395890e-01 4.974353714775120103e-03
-8.275950142436162560e-01 -5.612649070719124555e-01 8.264274718966607008e-03
-8.298804367566835483e-01 -5.578223258920619321e-01 1.152457609265708331e-02
-8.328842672445033735e-01 -5.532506595018006346e-01 1.475155328903202286e-02
-8.365804841380548584e-01 -5.475502779737181358e-01 1.794131191674475795e-02
-8.409379650934233341e-01 -5.407205081243151579e-01 2.108971071289847052e-02
-8.459205640618872035e-01 -5.327600185402870947e-01 2.419231038538008707e-02
-8.514872002924224192e-01 -5.236672619964017894e-01 2.724432926855341330e-02
-8.575919678186760819e-01 -5.134409709361653640e-01 3.024060677895158006e-02
-8.641842746929023766e-01 -5.020807007036063307e-01 3.317557569159123448e-02
-8.712090216658425756e-01 -4.895874139899025757e-01 3.604324427319796631e-02
-8.786068301211455989e-01 -4.759640985097183252e-01 3.883718929581707335e-02
-8.863143287996175790e-01 -4.612164082859642744e-01 4.155056090274710651e-02
-8.942645081374107630e-01 -4.453533171566065874e-01 4.417610019873550314e-02
-9.023871498448300388e-01 -4.283877713039220270e-01 4.670617027939270166e-02
-9.106093376334287726e-01 -4.103373258481490260e-01 4.913280119434999815e-02
-9.188560527434669334e-01 -3.912247489667141642e-01 5.144774905133427806e-02
-9.270508551442305789e-01 -3.710785757355607450e-01 5.364256911452215670e-02
-9.351166480232090406e-01 -3.499335930875727696e-01 5.570870233552738249e-02
-9.429765195333780214e-01 -3.278312370906771300e-01 5.763757428989139953e-02
-9.505546518598975148e-01 -3.048198842980233692e-01 5.942070499249908766e-02
-9.577772836690164882e-01 -2.809550203214026265e-01 6.104982755409770617e-02
-9.645737081199523555e-01 -2.562992710930375173e-01 6.251701314517739416e-02
-9.708772850886402406e-01 -2.309222855227545113e-01 6.381479928361791232e-02
-9.766264433162170633e-01 -2.049004623759841937e-01 6.493631809113289965e-02
-9.817656460940995533e-01 -1.783165190715232384e-01 6.587542090226082558e-02
-9.862462930431238339e-01 -1.512589055347776379e-01 6.662679548645752958e-02
-9.900275306987604829e-01 -1.238210719871595672e-01 6.718607218023732452e-02
-9.930769460712536301e-01 -9.610060530116545929e-02 6.754991543466480619e-02
-9.953711201178242485e-01 -6.819825397092924013e-02 6.771609766504477212e-02
-9.968960220604742295e-01 -4.021686650496479609e-02 6.768355283336602302e-02
-9.976472305318306866e-01 -1.226027183284495239e-02 6.745240787666526017e-02
-9.976299733745543907e-01 1.556786712374064532e-02 6.702399088176379249e-02
-9.968589842344438567e-01 4.316519440913900441e-02 6.640081575602853337e-02
-9.953581805119745551e-01 7.043176454270230757e-02 6.558654400699624742e-02
-9.931601734011344940e-01 9.727107839029267011e-02 6.458592507175314745e-02
-9.903056262995066916e-01 1.235910243394031938e-01 6.340471738365541232e-02
-9.868424825214360263e-01 1.493047019757135774e-01 6.204959298974685455e-02
-9.828250867617706055e-01 1.743311105624328061e-01 6.052802900719557455e-02
-9.783132270039841538e-01 1.985956902507856614e-01 5.884818951298699530e-02
-9.733711244999293521e-01 2.220307097629186099e-01 5.701880159211273474e-02
-9.680663991155442627e-01 2.445754999632922533e-01 5.504902923162990208e-02
-9.624690358625915820e-01 2.661765379848387569e-01 5.294834855766486492e-02
-9.566503760071461970e-01 2.867873911711430468e-01 5.072642759419787595e-02
