1.000000000000000000e+00 0.000000000000000000e+00 0.000000000000000000e+00
9.999867174096112032e-01 2.150079787958146700e-03 -4.684264580854267945e-03
9.999424592888307428e-01 5.268857701555159506e-03 -9.344390060102524681e-03
9.998585971488666013e-01 9.350720921621286097e-03 -1.397677832615381102e-02
9.997238712851413966e-01 1.438914148743906940e-02 -1.857780008571150582e-02
9.995244668497018647e-01 2.037661360368066624e-02 -2.314378838453524587e-02
9.992441019729171314e-01 2.730457925035058298e-02 -2.767103348401526303e-02
9.988641283713471930e-01 3.516334347196884563e-02 -3.215577929636228433e-02
9.983636448940100827e-01 4.394198090927151079e-02 -3.659422156422090927e-02
9.977196244439189288e-01 5.362823531791000020e-02 -4.098250795059144025e-02
9.969070546632659013e-01 6.420841399126234195e-02 -4.531674018188486253e-02
9.958990926872528515e-01 7.566727916510722352e-02 -4.959297836057428160e-02
9.946672341523697947e-01 8.798793862649280373e-02 -5.380724753414857509e-02
9.931814964898938447e-01 1.011517378730325822e-01 -5.795554657391943643e-02
9.914106163455844722e-01 1.151381562670191899e-01 -6.203385938079360173e-02
9.893222607441969352e-01 1.299247096958324188e-01 -6.603816839564677355e-02
9.868832513660069639e-01 1.454868622807374556e-01 -6.996447034982258839e-02
9.840598010267985751e-01 1.617979496651110460e-01 -7.380879414708967079e-02
9.808177611587977074e-01 1.788291163556442742e-01 -7.756722072284755187e-02
9.771228787851592434e-01 1.965492694821486808e-01 -8.123590468036556711e-02
9.729410611733074754e-01 2.149250511802891228e-01 -8.481109745840466341e-02
9.682386460521057447e-01 2.339208315852799036e-01 -8.828917174087322350e-02
9.629826749946178710e-01 2.534987241533228630e-01 -9.166664677846368681e-02
9.571411673126207775e-01 2.736186247031796581e-01 -9.494021425581880558e-02
9.506833915915418043e-01 2.942382751965921805e-01 -9.810676430700221440e-02
9.435801318252019509e-01 3.153133528591945400e-01 -1.011634112581638878e-01
9.358039449978484692e-01 3.367975847910390508e-01 -1.041075186604512037e-01
9.273294069143145357e-01 3.586428877377477176e-01 -1.069367231694065140e-01
9.181333431038347648e-01 3.807995322011313299e-01 -1.096489568300653555e-01
9.081950417229839312e-01 4.032163295747577814e-01 -1.122424673402011575e-01
8.974964455598252178e-01 4.258408405091494986e-01 -1.147158358878023476e-01
8.860223204933773689e-01 4.486196022571595776e-01 -1.170679921927160055e-01
8.737603980858776875e-01 4.714983723365188117e-01 -1.192982264258826974e-01
8.607014903732043143e-01 4.944223854866411361e-01 -1.214061977317954233e-01
8.468395753618317423e-01 5.173366206021966507e-01 -1.233919391394788234e-01
8.321718522271698282e-01 5.401860741064239413e-01 -1.252558587128469458e-01
8.166987657245968757e-01 5.629160360899506665e-01 -1.269987368609631906e-01
8.004239998561826219e-01 5.854723654905262809e-01 -1.286217198005331352e-01
7.833544413675757045e-01 6.078017606270490480e-01 -1.301263092348627082e-01
7.655001141653605679e-01 6.298520215259956201e-01 -1.315143483834605442e-01
7.468740862305524031e-01 6.515723006852366384e-01 -1.327880045624939553e-01
7.274923510452485642e-01 6.729133392018554760e-01 -1.339497485766229234e-01
7.073736859350105988e-01 6.938276855371487972e-01 -1.350023312357782890e-01
6.865394900497924224e-01 7.142698945916898801e-01 -1.359487573549543193e-01
6.650136049541813810e-01 7.341967052029566565e-01 -1.367922576301240090e-01
6.428221209691394877e-01 7.535671946435331670e-01 -1.375362588083936799e-01
6.199931725008757111e-01 7.723429091750138031e-01 -1.381843525852907706e-01
5.965567256091821591e-01 7.904879701875767717e-01 -1.387402636667795786e-01
5.725443610112496140e-01 8.079691559147262891e-01 -1.392078174287044723e-01
5.479890555935258423e-01 8.247559591452586769e-01 -1.395909075926318743e-01
5.229249653212634241e-01 8.408206217501027480e-01 -1.398934643154967628e-01
4.973872122020347453e-01 8.561381471922716591e-01 -1.401194230622268277e-01
4.714116776855630797e-01 8.706862924877885046e-01 -1.402726945969009487e-01
4.450348045780659345e-01 8.844455413302452218e-01 -1.403571363903348967e-01
4.182934092252668656e-01 8.973990602798253002e-01 -1.403765257016099666e-01
3.912245053842748899e-01 9.095326400492523833e-01 -1.403345345492517104e-01
3.638651408699445922e-01 9.208346239960020219e-01 -1.402347067457106744e-01
3.362522477344545013e-01 9.312958259554493523e-01 -1.400804371275558569e-01
3.084225064269141003e-01 9.409094395277814993e-01 -1.398749530742707525e-01
2.804122240888287654e-01 9.496709408677133091e-01 -1.396212983714846534e-01
2.522572268759570857e-01 9.575779869260961918e-01 -1.393223194404507037e-01
2.239927659609622368e-01 9.646303109625086192e-01 -1.389806539250027506e-01
1.967219637564859014e-01 9.707222094427134795e-01 -1.378364227668214814e-01
1.695056032589428718e-01 9.759904843157445331e-01 -1.367861232834107210e-01
1.423500361067281395e-01 9.804521764928515459e-01 -1.358308341847169476e-01
1.152601944226528674e-01 9.841228773018714238e-01 -1.349713627921980685e-01
8.823978698609542815e-02 9.870166677366358776e-01 -1.342082581148088816e-01
6.129149229500016616e-02 9.891460729431109655e-01 -1.335418226777626560e-01
3.441714807959024569e-02 9.905220308294341303e-01 -1.329721230251585673e-01
7.617936975711284836e-03 9.911538738055899467e-01 -1.324989988431151677e-01
-1.910543181767896878e-02 9.910493227857382070e-01 -1.321220706730697192e-01
-4.575254498396968267e-02 9.902144927183590406e-01 -1.318407462057147039e-01
-7.232311166283761361e-02 9.886539090430949139e-01 -1.316542251649845396e-01
-9.881679414202591827e-02 9.863705346055217094e-01 -1.315615028089273941e-01
-1.252330426440696476e-01 9.833658066894873651e-01 -1.315613720905408346e-01
-1.515709341953193623e-01 9.796396839487794272e-01 -1.316524245370467583e-01
-1.778290155959343921e-01 9.751907031335643739e-01 -1.318330499209345863e-01
-2.040051505605229576e-01 9.700160456102447926e-01 -1.321014348106908654e-01
-2.300963711684006485e-01 9.641116137641205786e-01 -1.324555601036930819e-01
-2.560987338485860021e-01 9.574721174505456123e-01 -1.328931976584727392e-01
-2.820071802261313043e-01 9.500911707201541434e-01 -1.334119061585886945e-01
-3.078154032715305077e-01 9.419613990851496421e-01 -1.340090263557826011e-01
-3.335157193218861171e-01 9.330745576145351716e-01 -1.346816758559360727e-01
-3.590989466791049689e-01 9.234216601444005246e-01 -1.354267436275617131e-01
-3.845542916341385120e-01 9.129931198628677969e-01 -1.362408844290138032e-01
-4.098692429142890559e-01 9.017789014759856059e-01 -1.371205133670832799e-01
-4.350294756994907419e-01 8.897686850788335544e-01 -1.380618008158491783e-01
-4.600187664993466985e-01 8.769520417436736937e-01 -1.390606679401993062e-01
-4.848189203211053511e-01 8.633186206928326056e-01 -1.401127830828186316e-01
-5.094097116846564299e-01 8.488583477472739780e-01 -1.412135592860920552e-01
-5.337688411484383666e-01 8.335616345323465515e-01 -1.423581532306072150e-01
-5.578719090937784841e-01 8.174195976806019059e-01 -1.435414658790187259e-01
-5.816924085681303147e-01 8.004242869995202847e-01 -1.447581451171287004e-01
-6.052017390031491084e-01 7.825689212722916066e-01 -1.460025906822836894e-01
-6.283692425946915128e-01 7.638481300366696258e-01 -1.472689616617000041e-01
-6.511622650519390820e-01 7.442581993460277712e-01 -1.485511868292356819e-01
-6.735462422856913767e-01 7.237973191654051286e-01 -1.498429780676158729e-01
-6.954848144060266080e-01 7.024658297024728437e-01 -1.511378470934737761e-01
-7.169399681327720542e-01 6.802664636295646661e-01 -1.524291256642386350e-01
-7.378722083859668990e-01 6.572045808302798831e-01 -1.537099893985400811e-01
-7.582407594172074772e-01 6.332883920160835567e-01 -1.549734852853331124e-01
-7.780037953683748286e-01 6.085291673191385309e-01 -1.562125628916314624e-01
-7.968519738975115008e-01 5.843298554741109818e-01 -1.535759393060740774e-01
-8.146214834889951018e-01 5.600352842567191125e-01 -1.508387748208932511e-01
-8.313276255523599501e-01 5.357146085163267957e-01 -1.480008570584410987e-01
-8.469891317441707868e-01 5.114355626035241853e-01 -1.450623727290208942e-01
-8.616279970121972775e-01 4.872642210010493802e-01 -1.420239034462529859e-01
-8.752692886824400276e-01 4.632647734639223080e-01 -1.388864171994349805e-01
-8.879409333404237881e-01 4.394993174965496352e-01 -1.356512558329363016e-01
-8.996734836690424286e-01 4.160276706634982724e-01 -1.323201189350705353e-01
-9.104998677505872218e-01 3.929072048400470973e-01 -1.288950445816213208e-01
-9.204551236129735470e-01 3.701927040726069595e-01 -1.253783874114403341e-01
-9.295761219951134136e-01 3.479362472525295291e-01 -1.217727945328315325e-01
-9.379012804223350042e-01 3.261871163247373473e-01 -1.180811797696882243e-01
-9.454702717210476948e-01 3.049917302695869248e-01 -1.143066967558138969e-01
-9.523237300664009197e-01 2.843936046260359674e-01 -1.104527113751094247e-01
-9.585029575536464508e-01 2.644333358787100408e-01 -1.065227740252027572e-01
-9.640496341212907438e-01 2.451486096212602828e-01 -1.025205921537102466e-01
-9.690055334412821519e-01 2.265742310418783489e-01 -9.845000348089860687e-02
-9.734122471386887909e-01 2.087421759602472726e-01 -9.431495028141373416e-02
-9.773109194212804551e-01 1.916816603826785870e-01 -9.011945505235527398e-02
-9.807419938988134467e-01 1.754192263357610138e-01 -8.586759784669070750e-02
-9.837449740629077288e-01 1.599788415886663484e-01 -8.156349550114783131e-02
-9.863581985907543537e-01 1.453820107787868188e-01 -7.721128293752570204e-02
-9.886186323380490304e-01 1.316478954116708233e-01 -7.281509666691619864e-02
-9.905616736059008609e-01 1.187934402102276965e-01 -6.837906057857029429e-02
-9.922209780091018061e-01 1.068335033350324009e-01 -6.390727404984621052e-02
-9.936282990438063401e-01 9.578098808191590208e-02 -5.940380237144259057e-02
-9.948133452547638367e-01 8.564697377928855160e-02 -5.487266944338220487e-02
-9.958036537378984754e-01 7.644084375024030875e-02 -5.031785266224849534e-02
-9.966244795841575632e-01 6.817040836804907911e-02 -4.574327988912620796e-02
-9.972987007749989363e-01 6.084202141335499914e-02 -4.115282836057585630e-02
-9.978467379775564083e-01 5.446068813248964441e-02 -3.655032538169756401e-02
-9.982864886564934981e-01 4.903016359544809522e-02 -3.193955062075593682e-02
-9.986332749172408541e-01 4.455304015556188491e-02 -2.732423980873317781e-02
-9.988998045185867314e-01 4.103082301852004066e-02 -2.270808963431093785e-02
-9.990961445379000772e-01 3.846399313406068804e-02 -1.809476361489979063e-02
-9.992297072357542165e-01 3.685205682804969934e-02 -1.348789871719234187e-02
-9.993052477443106207e-01 3.619358179489885752e-02 -8.891112496088118128e-03
-9.993248732913004861e-01 3.648621926987712788e-02 -4.308010518534598210e-03
-9.992880637645309427e-01 3.772671239765255230e-02 2.578061612977218878e-04
-9.991917035162627414e-01 3.991089100737201661e-02 4.802733707136784026e-03
-9.991529746862467531e-01 4.088737120854634560e-02 4.643479107479273581e-03
-9.991146762621395672e-01 4.183046153825221297e-02 4.481295706352379088e-03
-9.990769260416727526e-01 4.273957343496111866e-02 4.316313128313912020e-03
-9.990398394230033396e-01 4.361414551156948122e-02 4.148662612729322151e-03
-9.990035290795458156e-01 4.445364385347629760e-02 3.978476910172214394e-03
-9.989681046450478163e-01 4.525756229481059378e-02 3.805890178385288886e-03
-9.989336724097626075e-01 4.602542267289552735e-02 3.631037877883294424e-03
-9.989003350285323712e-01 4.675677506105209436e-02 3.454056667277212705e-03
-9.988681912415550146e-01 4.745119797985954124e-02 3.275084298396447029e-03
-9.988373356085643584e-01 4.810829858700246126e-02 3.094259511283364850e-03
-9.988078582571067177e-01 4.872771284584564988e-02 2.911721929132096275e-03
-9.987798446455529167e-01 4.930910567288756402e-02 2.727611953241085036e-03
-9.987533753414344906e-01 4.985217106425132022e-02 2.542070658046497508e-03
-9.987285258156455292e-01 5.035663220137907153e-02 2.355239686301273914e-03
-9.987053662529999931e-01 5.082224153610107042e-02 2.167261144462331174e-03
-9.986839613795844839e-01 5.124878085525485377e-02 1.978277498346241951e-03
-9.986643703072932698e-01 5.163606132503310159e-02 1.788431469111614620e-03
-9.986466463958807438e-01 5.198392351524058763e-02 1.597865929624395871e-03
-9.986308371328136424e-01 5.229223740364165318e-02 1.406723801260433785e-03
-9.986169840311506229e-01 5.256090236057955889e-02 1.215147951197867622e-03
-9.986051225456255009e-01 5.278984711404845903e-02 1.023281090250269514e-03
-9.985952820070546077e-01 5.297902969539711876e-02 8.312656712899550238e-04
-9.985874855751373236e-01 5.312843736584162146e-02 6.392437883095100680e-04
-9.985817502096634435e-01 5.323808652396171126e-02 4.473570761683557002e-04
-9.985780866600911798e-01 5.330802259435260537e-02 2.557466110700903081e-04
-9.985764994734038780e-01 5.333831989760096093e-02 6.455281181541499603e-05
-9.985769870201045562e-01 5.332908150175053041e-02 -1.260846581253403519e-04
-9.985795415381550910e-01 5.328043905541966774e-02 -3.160269876767145703e-04
-9.985841491946173543e-01 5.319255260272978680e-02 -5.051363143167589232e-04
-9.985907901647039786e-01 5.306561038020075199e-02 -6.932758192873094685e-04
-9.985994387278998019e-01 5.289982859576668889e-02 -8.803098218135929978e-04
-9.986100633807666327e-01 5.269545119006321943e-02 -1.066103872290967425e-03
-9.986226269660007926e-01 5.245274958013543265e-02 -1.250524844396569846e-03
-9.986370868172665949e-01 5.217202238571460454e-02 -1.433441026083500953e-03
-9.986533949192893944e-01 5.185359513821122951e-02 -1.614722209414930134e-03
-9.986714980826487675e-01 5.149781997257188437e-02 -1.794239779195158689e-03
-9.986913381326750772e-01 5.110507530214858374e-02 -1.971866800354248658e-03
-9.987128521118154856e-01 5.067576547673109666e-02 -2.147478104042323775e-03
-9.987359724947996176e-01 5.021032042389530353e-02 -2.320950372389075748e-03
-9.987606274159032127e-01 4.970919527382458569e-02 -2.492162221883400565e-03
-9.987867409075765757e-01 4.917286996776578517e-02 -2.660994285327423006e-03
-9.988142331496754345e-01 4.860184885028714930e-02 -2.827329292318497053e-03
-9.988430207285069473e-01 4.799666024551240556e-02 -2.991052148212073811e-03
-9.988730169048773977e-01 4.735785601751300866e-02 -3.152050011517639697e-03
-9.989041318903078004e-01 4.668601111504954576e-02 -3.310212369679256701e-03
-9.989362731305641008e-01 4.598172310086329206e-02 -3.465431113191589935e-03
-9.989693455956306645e-01 4.524561166572993454e-02 -3.617600608001709638e-03
-9.990032520752434309e-01 4.447831812749959701e-02 -3.766617766146409217e-03
-9.990378934790854482e-01 4.368050491536036584e-02 -3.912382114574304744e-03
-9.990731691407386261e-01 4.285285503957647624e-02 -4.054795862101593165e-03
-9.991089771244806572e-01 4.199607154696737704e-02 -4.193763964450035985e-03
-9.991452145340099511e-01 4.111087696240955242e-02 -4.329194187315562117e-03
-9.991817778221806501e-01 4.019801271665957715e-02 -4.460997167415780423e-03
-9.992185631008326796e-01 3.925823856081425700e-02 -4.589086471464762229e-03
-9.992554664498040085e-01 3.829233196774146225e-02 -4.713378653023640209e-03
-9.992923842242191768e-01 3.730108752083395596e-02 -4.833793307175885713e-03
-9.993292133591585857e-01 3.628531629045723961e-02 -4.950253122976625356e-03
-9.993658516708239237e-01 3.524584519848199954e-02 -5.062683933625996939e-03
-9.994021981533290910e-01 3.418351637131120807e-02 -5.171014764317352283e-03
-9.994381532702644177e-01 3.309918648183174383e-02 -5.275177877712091193e-03
-9.994736192401998398e-01 3.199372608074035201e-02 -5.375108816994067854e-03
-9.995085003153156844e-01 3.086801891771356887e-02 -5.470746446457834533e-03
-9.995427030523725831e-01 2.972296125291088234e-02 -5.562032989586495821e-03
-9.995761365752602323e-01 2.855946115932004106e-02 -5.648914064576627571e-03
-9.996087128283914769e-01 2.737843781647239516e-02 -5.731338717269573481e-03
-9.996403468202401665e-01 2.618082079607493215e-02 -5.809259451450472268e-03
-9.996709568563538761e-01 2.496754934012374721e-02 -5.882632256478568036e-03
-9.997004647612063311e-01 2.373957163208113494e-02 -5.951416632214729524e-03
-9.997287960882923485e-01 2.249784406171521922e-02 -6.015575611214650509e-03
-9.997558803179047437e-01 2.124333048421683801e-02 -6.075075778158875103e-03
-9.997816510420730607e-01 1.997700147422327294e-02 -6.129887286493646177e-03
-9.998060461361861773e-01 1.869983357539226759e-02 -6.179983872259551050e-03
-9.998290079168605793e-01 1.741280854618249344e-02 -6.225342865088036824e-03
-9.998504832856629498e-01 1.611691260250807875e-02 -6.265945196349110777e-03
-9.998704238583384640e-01 1.481313565794513051e-02 -6.301775404436872792e-03
-9.998887860792415871e-01 1.350247056217697243e-02 -6.332821637182958936e-03
-9.999055313207142470e-01 1.218591233837240488e-02 -6.359075651391508932e-03
-9.999206259672004382e-01 1.086445742019728766e-02 -6.380532809492851613e-03
-9.999340414839373858e-01 9.539102889164324459e-03 -6.397192073316765315e-03
-9.999457544701063627e-01 8.210845713028961865e-03 -6.409055994989865980e-03
-9.999557466963784336e-01 6.880681985940815572e-03 -6.416130704965407154e-03
-9.999640051268349206e-01 5.549606171059928705e-03 -6.418425897197525647e-03
-9.999705219252920108e-01 4.218610346345550571e-03 -6.415954811475719707e-03
-9.999752944461044457e-01 2.888683454221867980e-03 -6.408734212939088369e-03
-9.999783252095711950e-01 1.560810555820326111e-03 -6.396784368793573781e-03
-9.999796218621113120e-01 2.359720904918443610e-04 -6.380129022259126842e-03
-9.999791971214238018e-01 -1.084856858725671011e-03 -6.358795363777345472e-03
-9.999770687068899599e-01 -2.400707293008469238e-03 -6.332813999513682394e-03
-9.999732592555181654e-01 -3.710617018351546233e-03 -6.302218917191803466e-03
-9.999677962237761841e-01 -5.013631358223703469e-03 -6.267047449301064652e-03
-9.999607117756935670e-01 -6.308803857633692343e-03 -6.227340233721352647e-03
-9.999520426576584686e-01 -7.595196977982948336e-03 -6.183141171812698254e-03
-9.999418300603689636e-01 -8.871882782096508421e-03 -6.134497384020116961e-03
-9.999301194684361294e-01 -1.013794360884098800e-02 -6.081459163047029867e-03
-9.999169604981702486e-01 -1.139247273675681599e-02 -6.024079924653375460e-03
-9.999024067241126801e-01 -1.263457503615124898e-02 -5.962416156137128297e-03
-9.998865154949075906e-01 -1.386336760911891647e-02 -5.896527362560383123e-03
-9.998693477391352724e-01 -1.507798041697770881e-02 -5.826476010783440684e-03
-9.998509677617546387e-01 -1.627755689462954958e-02 -5.752327471372427857e-03
-9.998314430318264723e-01 -1.746125455137800819e-02 -5.674149958447926786e-03
-9.998108439622119814e-01 -1.862824555775763682e-02 -5.592014467543809410e-03
-9.997892436819572071e-01 -1.977771731795320911e-02 -5.505994711547063623e-03
-9.997667178020945844e-01 -2.090887302741078341e-02 -5.416167054790753908e-03
-9.997433441756051753e-01 -2.202093221526638459e-02 -5.322610445373468328e-03
-9.997192026522973007e-01 -2.311313127124214190e-02 -5.225406345779609087e-03
-9.996943748293682930e-01 -2.418472395668386232e-02 -5.124638661875709558e-03
-9.996689437984221938e-01 -2.523498189943797210e-02 -5.020393670358613836e-03
-9.996429938897213319e-01 -2.626319507228973629e-02 -4.912759944731831876e-03
-9.996166104144532660e-01 -2.726867225470827952e-02 -4.801828279886667834e-03
-9.995898794057921366e-01 -2.825074147766727661e-02 -4.687691615364874415e-03
-9.995628873595346908e-01 -2.920875045133317777e-02 -4.570444957379540991e-03
-9.995357209750831418e-01 -3.014206697543524854e-02 -4.450185299670762762e-03
-9.995084668975422471e-01 -3.105007933215369470e-02 -4.327011543272285196e-03
-9.994812114616884458e-01 -3.193219666138348567e-02 -4.201024415264883495e-03
-9.994540404385571231e-01 -3.278784931825207832e-02 -4.072326386591613133e-03
-9.994270387853804172e-01 -3.361648921278930641e-02 -3.941021589009371072e-03
-9.994002903995932163e-01 -3.441759013166680037e-02 -3.807215731250371531e-03
-9.993738778776067866e-01 -3.519064804194269730e-02 -3.671016014466211251e-03
-9.993478822790303751e-01 -3.593518137676495611e-02 -3.532531047026177002e-03
-9.993223828969994837e-01 -3.665073130300326026e-02 -3.391870758740352619e-03
-9.992974570352466390e-01 -3.733686197079522096e-02 -3.249146314576899317e-03
-9.992731797925258341e-01 -3.799316074500749818e-02 -3.104470027941659636e-03
-9.992496238549750665e-01 -3.861923841862639761e-02 -2.957955273586942123e-03
-9.992268592969748564e-01 -3.921472940810555308e-02 -2.809716400215030684e-03
-9.992049533910294379e-01 -3.977929193071038511e-02 -2.659868642840599890e-03
-9.991839704271684441e-01 -4.031260816391029483e-02 -2.508528034974852328e-03
-9.991639715423358270e-01 -4.081438438687984283e-02 -2.355811320692810604e-03
-9.991450145601972199e-01 -4.128435110417971038e-02 -2.201835866643813647e-03
-9.991271538417670905e-01 -4.172226315169675487e-02 -2.046719574063893439e-03
-9.991104401472190588e-01 -4.212789978493040877e-02 -1.890580790847354396e-03
-9.990949205092102270e-01 -4.250106474971973580e-02 -1.733538223733546626e-03
-9.990806381180121765e-01 -4.284158633551173045e-02 -1.575710850663525862e-03
-9.990676322187065361e-01 -4.314931741127717851e-02 -1.417217833360036273e-03
-9.990559380206651685e-01 -4.342413544418540633e-02 -1.258178430183039351e-03
-9.990455866194980494e-01 -4.366594250115372194e-02 -1.098711909311857193e-03
-9.990366049316141694e-01 -4.387466523339130647e-02 -9.389374623038888954e-04
-9.990290156415038147e-01 -4.405025484406079050e-02 -7.789741180788258912e-04
-9.990228371618125047e-01 -4.419268703918378255e-02 -6.189406573763079093e-04
-9.990180836062388936e-01 -4.430196196191946850e-02 -4.589555277340588582e-04
-9.990147647752527504e-01 -4.437810411034777414e-02 -2.991367590326994086e-04
-9.990128861545912731e-01 -4.442116223889082394e-02 -1.396018796526678934e-04
-9.990124489264553542e-01 -4.443120924350865697e-02 1.953216671201653525e-05
-9.990134499932912249e-01 -4.440834203080693682e-02 1.781491035390353960e-04
-9.990158820140073725e-01 -4.435268137119664084e-02 3.361334032185393566e-04
-9.990197334524425488e-01 -4.426437173624749033e-02 4.933703680063266121e-04
-9.990249886378641531e-01 -4.414358112037912452e-02 6.497462101467713861e-04
-9.990316278372454173e-01 -4.399050084703619301e-02 8.051481311231922702e-04
-9.990396273390362847e-01 -4.380534535949606040e-02 9.594643999936406818e-04
-9.990489595481105711e-01 -4.358835199646041852e-02 1.112584430770322637e-03
-9.990595930915435741e-01 -4.333978075258514140e-02 1.264398858801045597e-03
-9.990714929348434303e-01 -4.305991402410612456e-02 1.414799616111217604e-03
-9.990846205082322129e-01 -4.274905633972241048e-02 1.563680005665012964e-03
-9.990989338425465549e-01 -4.240753407690221050e-02 1.710934774504378059e-03
-9.991143877143006113e-01 -4.203569516378190263e-02 1.856460185724574056e-03
-9.991309337994325190e-01 -4.163390876683321917e-02 2.000154089244956558e-03
-9.991485208352314240e-01 -4.120256496447936845e-02 2.141915991333680821e-03
-9.991670947899221611e-01 -4.074207440684694120e-02 2.281647122845001895e-03
-9.991865990393650199e-01 -4.025286796184706500e-02 2.419250506127811062e-03
-9.992069745503101563e-01 -3.973539634778643082e-02 2.554631020564045608e-03
-9.992281600696312216e-01 -3.919012975271647659e-02 2.687695466695597460e-03
-9.992500923189472362e-01 -3.861755744073729762e-02 2.818352628898375747e-03
-9.992727061940309685e-01 -3.801818734548158968e-02 2.946513336562225135e-03
-9.992959349683888659e-01 -3.739254565101319400e-02 3.072090523735488982e-03
-9.993197105003915892e-01 -3.674117636038461837e-02 3.194999287193143415e-03
-9.993439634433254337e-01 -3.606464085210817766e-02 3.315156942887605325e-03
-9.993686234577292549e-01 -3.536351742480604160e-02 3.432483080741565839e-03
-9.993936194253797423e-01 -3.463840083031564931e-02 3.546899617742500874e-03
-9.994188796642857753e-01 -3.388990179553846155e-02 3.658330849298896837e-03
-9.994443321440519279e-01 -3.311864653333181779e-02 3.766703498818672717e-03
-9.994699047009751869e-01 -3.232527624275585709e-02 3.871946765470829326e-03
-9.994955252522415012e-01 -3.151044659899977785e-02 3.973992370091970067e-03
-9.995211220085954418e-01 -3.067482723332441708e-02 4.072774599200057986e-03
-9.995466236848643549e-01 -2.981910120337075837e-02 4.168230347078586556e-03
-9.995719597077264984e-01 -2.894396445419681815e-02 4.260299155895240671e-03
-9.995970604201256382e-01 -2.805012527041827672e-02 4.348923253820149125e-03
-9.996218572817464620e-01 -2.713830371984099141e-02 4.434047591109926620e-03
-9.996462830649799347e-01 -2.620923108898626577e-02 4.515619874124937594e-03
-9.996702720458240377e-01 -2.526364931092237726e-02 4.593590597248522166e-03
-9.996937601891845437e-01 -2.430231038582817554e-02 4.667913072678356486e-03
-9.997166853280571308e-01 -2.332597579472673113e-02 4.738543458061662828e-03
-9.997389873360954526e-01 -2.233541590683870565e-02 4.805440781947600652e-03
-9.997606082930916571e-01 -2.133140938101651257e-02 4.868566967031922807e-03
-9.997814926429176019e-01 -2.031474256173119650e-02 4.927886851170806826e-03
-9.998015873435029954e-01 -1.928620887009438456e-02 4.983368206142714182e-03
-9.998208420084492287e-01 -1.824660819040741302e-02 5.034981754139133958e-03
-9.998392090399079724e-01 -1.719674625273890506e-02 5.082701181967197619e-03
-9.998566437523789263e-01 -1.613743401204058639e-02 5.126503152949331288e-03
-9.998731044871131957e-01 -1.506948702431884848e-02 5.166367316507384372e-03
-9.998885527168349663e-01 -1.399372482038652860e-02 5.202276315421017032e-03
-9.999029531405280169e-01 -1.291097027772555167e-02 5.234215790752529823e-03
-9.999162737680632462e-01 -1.182204899099633527e-02 5.262174384432776950e-03
-9.999284859944748138e-01 -1.072778864173427882e-02 5.286143739505327725e-03
-9.999395646637261326e-01 -9.629018367777096576e-03 5.306118498028583944e-03
-9.999494881218372599e-01 -8.526568132969272740e-03 5.322096296638156865e-03
-9.999582382592809848e-01 -7.421268097691492011e-03 5.334077759774425234e-03
-9.999658005425839935e-01 -6.313947990763396113e-03 5.342066490582819509e-03
-9.999721640351061369e-01 -5.205436483267633294e-03 5.346069059497035938e-03
-9.999773214070002414e-01 -4.096560564841668188e-03 5.346094990518017454e-03
-9.999812689343906547e-01 -2.988144922981376527e-03 5.342156745204186367e-03
-9.999840064878374735e-01 -1.881011325896996596e-03 5.334269704391022930e-03
-9.999855375101892596e-01 -7.759780094575246916e-04 5.322452147660699726e-03
-9.999858689839540293e-01 3.261409312457896198e-04 5.306725230585031955e-03
-9.999850113883534952e-01 1.424536145192608488e-03 5.287112959767530269e-03
-9.999829786462524073e-01 2.518403623066443713e-03 5.263642165712830411e-03
-9.999797880611850376e-01 3.606945288718761862e-03 5.236342473554176508e-03
-9.999754602447308294e-01 4.689369583964805854e-03 5.205246271672000179e-03
-9.999700190345156559e-01 5.764892046221693767e-03 5.170388678238920475e-03
-9.999634914031452215e-01 6.832735878510180771e-03 5.131807505728696282e-03
-9.999559073583991209e-01 7.892132511353082761e-03 5.089543223428779142e-03
-9.999472998350412700e-01 8.942322156115654203e-03 5.043638917998159721e-03
-9.999377045786221885e-01 9.982554349346254435e-03 4.994140252114130131e-03
-9.999271600216733669e-01 1.101208848768922555e-02 4.941095421253424887e-03
-9.999157071527120522e-01 1.203019435295614795e-02 4.884555108654942308e-03
-9.999033893784938787e-01 1.303615262695634498e-02 4.824572438512876246e-03
-9.998902523799695352e-01 1.402925539570269026e-02 4.761202927450591121e-03
-9.998763439624153149e-01 1.500880664262440288e-02 4.694504434327004434e-03
-9.998617139002234921e-01 1.597412273043441119e-02 4.624537108428498564e-03
-9.998464137768496851e-01 1.692453287131514758e-02 4.551363336100585841e-03
-9.998304968204271281e-01 1.785937958510307524e-02 4.475047685874583916e-03
-9.998140177355651081e-01 1.877801914516889076e-02 4.395656852145510794e-03
-9.997970325318585871e-01 1.967982201170710363e-02 4.313259597458224230e-03
-9.997795983496409189e-01 2.056417325216550879e-02 4.227926693459546637e-03
-9.997617732835162307e-01 2.143047294856185656e-02 4.139730860574686484e-03
-9.997436162042113716e-01 2.227813659145182895e-02 4.048746706466778943e-03
-9.997251865792881054e-01 2.310659546032905326e-02 3.955050663338709367e-03
-9.997065442932554502e-01 2.391529699025437411e-02 3.858720924136665575e-03
-9.996877494676208453e-01 2.470370512452797415e-02 3.759837377715016631e-03
-9.996688622814138281e-01 2.547130065323390674e-02 3.658481543022183095e-03
-9.996499427927125758e-01 2.621758153750241085e-02 3.554736502367126377e-03
-9.996310507616943397e-01 2.694206321935084178e-02 3.448686833825963423e-03
-9.996122454757248033e-01 2.764427891697905995e-02 3.340418542848003908e-03
-9.995935855769902956e-01 2.832377990540988974e-02 3.230018993120219173e-03
-9.995751288931660206e-01 2.898013578237943616e-02 3.117576836748787387e-03
-9.995569322716008065e-01 2.961293471939592178e-02 3.003181943815930524e-03
-9.995390514174851138e-01 3.022178369789901148e-02 2.886925331369757843e-03
-9.995215407364534954e-01 3.080630873046446769e-02 2.768899091904287579e-03
-9.995044531820572731e-01 3.136615506701133371e-02 2.649196321386205338e-03
-9.994878401085242059e-01 3.190098738598067668e-02 2.527911046884277584e-03
-9.994717511292051659e-01 3.241048997046627050e-02 2.405138153856644246e-03
-9.994562339810860729e-01 3.289436686928839948e-02 2.280973313150501565e-03
-9.993462980837910514e-01 3.549987477444913747e-02 6.836771019408403871e-03
-9.991727637082509217e-01 3.904609605620081025e-02 1.136648149174145084e-02
-9.989262724262264470e-01 4.352658887623939155e-02 1.586646825631315635e-02
-9.985950365387304961e-01 4.893389459833735744e-02 2.033306979307961462e-02
-9.981649217534942498e-01 5.525947805184669437e-02 2.476259540645071172e-02
-9.976195419375923912e-01 6.249365834925889318e-02 2.915132243464012979e-02
-9.969403662381293163e-01 7.062553165671243971e-02 3.349549496991108266e-02
-9.961068388491275405e-01 7.964288748261327822e-02 3.779132424318844274e-02
-9.950965116598504689e-01 8.953212020618823985e-02 4.203499080497746093e-02
-9.938851899472110896e-01 1.002781377119105755e-01 4.622264861011035619e-02
-9.924470911718662469e-01 1.118642691239032372e-01 5.035043108649753241e-02
-9.907550168041108218e-01 1.242721737427895240e-01 5.441445923783026772e-02
-9.887805369427191682e-01 1.374817533718428741e-01 5.841085179720037490e-02
-9.864941872993988614e-01 1.514710702753175875e-01 6.233573741311489863e-02
-9.838656779065516611e-01 1.662162730351302575e-01 6.618526881175856857e-02
-9.808641126707049462e-01 1.816915325584013696e-01 6.995563884009278754e-02
-9.774582186435027964e-01 1.978689904339565320e-01 7.364309825411188837e-02
-9.736165836227852477e-01 2.147187217375739199e-01 7.724397507606911573e-02
-9.693079004352312955e-01 2.322087142412873062e-01 8.075469530462048295e-02
-9.645012159972663479e-01 2.503048657902754437e-01 8.417180472359979404e-02
-9.601191151596066842e-01 2.669804597841081151e-01 8.302248433560233121e-02
-9.555211573144393178e-01 2.833445272883873822e-01 8.182426769797482291e-02
-9.507233389492838471e-01 2.993862887444743714e-01 8.057913371848234030e-02
-9.457419377458570198e-01 3.150959231567735941e-01 7.928909256143081008e-02
-9.405934405846174684e-01 3.304645636204848191e-01 7.795617628425928480e-02
-9.352944736161168393e-01 3.454842871645088520e-01 7.658242976053379614e-02
-9.298617348456722498e-01 3.601480992832600814e-01 7.516990194956588156e-02
-9.243119296221814496e-01 3.744499135647245680e-01 7.372063756553974556e-02
-9.186617093647411192e-01 3.883845268477402191e-01 7.223666919150045773e-02
-9.129276138031868770e-01 4.019475903593754396e-01 7.072000987597359956e-02
-9.071260169517418870e-01 4.151355772937866950e-01 6.917264624248743721e-02
-9.012730769795299635e-01 4.279457472975142229e-01 6.759653213496889801e-02
-8.953846900885525928e-01 4.403761083233852514e-01 6.599358281498740597e-02
-8.894764484595020226e-01 4.524253763066705125e-01 6.436566972021283417e-02
-8.835636022790114286e-01 4.640929331035640315e-01 6.271461578730448683e-02
-8.776610258190398195e-01 4.753787831141357834e-01 6.104219133681253878e-02
-8.717831875003392295e-01 4.862835089903645436e-01 5.935011051258836517e-02
-8.659441238375388261e-01 4.968082268053979900e-01 5.764002826369080124e-02
-8.601574171333803420e-01 5.069545410334977964e-01 5.591353785285042843e-02
-8.544361767640428207e-01 5.167244996618590713e-01 5.417216887221251026e-02
-8.487930238762081414e-01 5.261205497262458897e-01 5.241738574430821612e-02
-8.432400792993897110e-01 5.351454935327136786e-01 5.065058668398245839e-02
-8.377889544638575936e-01 5.438024457980820126e-01 4.887310309530566721e-02
-8.324507451049943940e-01 5.520947919127171533e-01 4.708619937628270857e-02
-8.272360275288194176e-01 5.600261475009443712e-01 4.529107310340537568e-02
-8.221548572104128150e-01 5.676003194273538943e-01 4.348885556773429001e-02
-8.172167694967437113e-01 5.748212683716353855e-01 4.168061263419844259e-02
-8.124307821876272095e-01 5.816930730705757169e-01 3.986734589612174473e-02
-8.078053997728854574e-01 5.882198963036210371e-01 3.804999409758257067e-02
-8.033486191099599161e-01 5.944059526780399727e-01 3.622943479704186787e-02
-7.990679363339133756e-01 6.002554782512797837e-01 3.440648624669723210e-02
-7.949703548006962217e-01 6.057727020116017158e-01 3.258190946319590442e-02
-7.910623938744698602e-01 6.109618192235023448e-01 3.075641046663322997e-02
-7.873500983804481157e-01 6.158269666317272018e-01 2.893064266614170030e-02
-7.838390485559200149e-01 6.203721995068065542e-01 2.710520937180906087e-02
-7.805343703436654623e-01 6.246014705059007577e-01 2.528066641412560905e-02
-7.774407458837097051e-01 6.285186103152432535e-01 2.345752485362640957e-02
-7.745624240711329600e-01 6.321273100345047302e-01 2.163625376484304419e-02
-7.719032310593503254e-01 6.354311052588595965e-01 1.981728308009356870e-02
-7.694665805997975561e-01 6.384333618113007258e-01 1.800100648000304074e-02
-7.672554841202271492e-01 6.411372630756940749e-01 1.618778431894758729e-02
-7.652725604547778726e-01 6.435457988800802331e-01 1.437794657484168723e-02
-7.635200451495826046e-01 6.456617558796902134e-01 1.257179581383269761e-02
-7.619997992778978491e-01 6.474877093899372715e-01 1.076961016152194577e-02
-7.607133177085577680e-01 6.490260166211599957e-01 8.971646273292912394e-03
-7.596617367809724852e-01 6.502788112690204292e-01 7.178142297190495506e-03
-7.588458413489080900e-01 6.512479994170992104e-01 5.389320823558889882e-03
-7.582660711639176432e-01 6.519352567112828289e-01 3.605391816307912650e-03
-7.579225265775617615e-01 6.523420267689101770e-01 1.826555521238425791e-03
-7.578149735494842387e-01 6.524695207892550197e-01 5.300534731743312619e-05
-7.579428479560238463e-01 6.523187183356735641e-01 -1.715069282846387643e-03
-7.583052592013779236e-01 6.518903692635794611e-01 -3.477480116813606338e-03
-7.589009931404205878e-01 6.511849967722299626e-01 -5.234037293731494400e-03
-7.597285143291495624e-01 6.502029015620593988e-01 -6.984546606603970510e-03
-7.607859676254198344e-01 6.489441670829033670e-01 -8.728806808675352788e-03
-7.620711791691575643e-01 6.474086658618560808e-01 -1.046660696729044375e-02
-7.635816567776507746e-01 6.455960669026323817e-01 -1.219772386877644547e-02
-7.653145897978161916e-01 6.435058441511023464e-01 -1.392191947815258658e-02
-7.672668484635593034e-01 6.411372860240690530e-01 -1.563893845780622502e-02
-7.694349828124922297e-01 6.384895060003195066e-01 -1.734850574967421177e-02
-7.718152212223584607e-01 6.355614542744263407e-01 -1.905032422592969898e-02
-7.744034686335417028e-01 6.323519304746704206e-01 -2.074407241369093102e-02
-7.771953045299910823e-01 6.288595974467344751e-01 -2.242940229983279160e-02
-7.801859807567762539e-01 6.250829961044338523e-01 -2.410593722258633914e-02
-7.833704192582623405e-01 6.210205613476550424e-01 -2.577326985724786440e-02
-7.867432098265370044e-01 6.166706390458231990e-01 -2.743096030397778121e-02
-7.902986079551920229e-01 6.120315040825697883e-01 -2.907853428634081874e-02
-7.940305328988085387e-01 6.071013794537885033e-01 -3.071548146991161243e-02
-7.979325660434554157e-01 6.018784564069178389e-01 -3.234125391093176788e-02
-8.019979496981207712e-01 5.963609156040463599e-01 -3.395526464564306568e-02
-8.062195864211714191e-01 5.905469492852906122e-01 -3.555688643152254969e-02
-8.105900389995895905e-01 5.844347844018308313e-01 -3.714545065219435060e-02
-8.151015312017728665e-01 5.780227066800167623e-01 -3.872024639827424675e-02
-8.197459494269920821e-01 5.713090855690867720e-01 -4.028051973679994124e-02
-8.245148453760778873e-01 5.642924000153130004e-01 -4.182547318219565630e-02
-8.293994398684249036e-01 5.569712649948322936e-01 -4.335426538189641327e-02
-8.343906279298486384e-01 5.493444587261216983e-01 -4.486601102979743960e-02
-8.394789852740719427e-01 5.414109504710987730e-01 -4.635978102057963096e-02
-8.446547762975469276e-01 5.331699288212821131e-01 -4.783460285767555248e-02
-8.499079637028001954e-01 5.246208303524564354e-01 -4.928946132716509332e-02
-8.552282198594253204e-01 5.157633685179917604e-01 -5.072329944920971750e-02
-8.606049400041297925e-01 5.065975626375405216e-01 -5.213501971773521620e-02
-8.660272573717843203e-01 4.971237668244651853e-01 -5.352348563794222941e-02
-8.714840603381571738e-01 4.873426986822412266e-01 -5.488752356985211051e-02
-8.769640116418888631e-01 4.772554675874712826e-01 -5.622592488447562820e-02
-8.824555697382572284e-01 4.668636023652792955e-01 -5.753744843732043479e-02
-8.879470123204052934e-01 4.561690781519946447e-01 -5.882082336183076104e-02
-8.934264620249909861e-01 4.451743422304591524e-01 -6.007475218298446301e-02
-8.988819143187555261e-01 4.338823386152778072e-01 -6.129791424866874727e-02
-9.043012675404044076e-01 4.222965311591708737e-01 -6.248896947363188209e-02
-9.096723550486219834e-01 4.104209249475528898e-01 -6.364656238778548802e-02
-9.149829794021921980e-01 3.982600857468329147e-01 -6.476932647743738336e-02
-9.202209484723322674e-01 3.858191572729554597e-01 -6.585588880470140405e-02
-9.253741133607494840e-01 3.731038760506122376e-01 -6.690487488689765561e-02
-9.304304079699433627e-01 3.601205836405486083e-01 -6.791491381426773000e-02
-9.353778900452667244e-01 3.468762360226230190e-01 -6.888464358083516703e-02
-9.402047834816462668e-01 3.333784099358629294e-01 -6.981271659979594590e-02
-9.448995216620720283e-01 3.196353059937533381e-01 -7.069780537148503963e-02
-9.494507915704706313e-01 3.056557484133863301e-01 -7.153860826879421264e-02
-9.538475783988363821e-01 2.914491812208222510e-01 -7.233385540197639907e-02
-9.580792103479944810e-01 2.770256608219233141e-01 -7.308231452212554657e-02
-9.621354033035723896e-01 2.623958448578014302e-01 -7.378279692033068438e-02
-9.660063050541086715e-01 2.475709772965869748e-01 -7.443416327762839013e-02
-9.696825387071525970e-01 2.325628697481139928e-01 -7.503532941947370360e-02
-9.731552449520706194e-01 2.173838790248962538e-01 -7.558527192756660240e-02
-9.764161228154006889e-01 2.020468810109491142e-01 -7.608303356155053654e-02
-9.794574685562293936e-01 1.865652409390416988e-01 -7.652772844337543678e-02
-9.822722123553909723e-01 1.709527802162495169e-01 -7.691854695801307595e-02
-9.848539524633829201e-01 1.552237399765891146e-01 -7.725476032574031537e-02
-9.871969864877717660e-01 1.393927415774059431e-01 -7.753572480336459738e-02
-9.892963395214161570e-01 1.234747442923956329e-01 -7.776088547454504396e-02
-9.911477888378819046e-01 1.074850004880237297e-01 -7.792977959273436617e-02
-9.927478849096629254e-01 9.143900860104670070e-02 -7.804203944419504935e-02
-9.940939685378851198e-01 7.535246426224809224e-02 -7.809739470297574759e-02
-9.951841839185767702e-01 5.924120993486484132e-02 -7.809567425461003132e-02
-9.960174875098057878e-01 4.312118345503634237e-02 -7.803680747054657363e-02
-9.965936526053906785e-01 2.700836587559173052e-02 -7.792082492085684875e-02
-9.969132695638387442e-01 1.091872902332240852e-02 -7.774785851850644913e-02
-9.969777416849419094e-01 -5.131816816610935972e-03 -7.751814109432596245e-02
-9.967892767703596668e-01 -2.112747467738565130e-02 -7.723200540768224154e-02
-9.967772940697363637e-01 -3.491056454793134423e-02 -7.222391119254362168e-02
-9.966017865681511267e-01 -4.765485312599517659e-02 -6.718562765412046389e-02
-9.963022367814535762e-01 -5.935320439543459448e-02 -6.212136886316352302e-02
-9.959151461926670779e-01 -7.000014726664394171e-02 -5.703520959792285350e-02
-9.954739288874593361e-01 -7.959166464992897816e-02 -5.193108735238725210e-02
-9.950088240710638354e-01 -8.812499632348867740e-02 -4.681280731319797939e-02
-9.945468257774778831e-01 -9.559845762633732702e-02 -4.168405002474302734e-02
-9.941116281241856312e-01 -1.020112756997059028e-01 -3.654838144644984022e-02
-9.937235845553145097e-01 -1.073634447081498466e-01 -3.140926509548409851e-02
-9.933996796465772716e-01 -1.116556011958462491e-01 -2.627007596109214721e-02
-9.931535122100210167e-01 -1.148889204750867393e-01 -2.113411587290066340e-02
-9.929952886290096536e-01 -1.170650347022534066e-01 -1.600463000388837806e-02
-9.929318255676290450e-01 -1.181859730700749594e-01 -1.088482418884656466e-02
-9.929665614276456109e-01 -1.182541243313606771e-01 -5.777882740436845327e-03
-9.930995761642816833e-01 -1.172722216657592215e-01 -6.869864470532898934e-04
-9.933276193135744947e-01 -1.152433497040603882e-01 4.384669560648186623e-03
-9.936441463232965621e-01 -1.121709733306444079e-01 9.433858384586903817e-03
-9.940393635107633852e-01 -1.080589876904121116e-01 1.445730468191608505e-02
-9.945002821888236921e-01 -1.029117886286603917e-01 1.945166903774191505e-02
-9.950107827004259775e-01 -9.673436258809606225e-02 2.441353368499860413e-02
-9.954842903767668894e-01 -9.166398489614163703e-02 2.467299570514434534e-02
-9.959368326119570902e-01 -8.653987660396839088e-02 2.491365977412465793e-02
-9.963673025842194608e-01 -8.136600293440451881e-02 2.513537654646190792e-02
-9.967746638132833903e-01 -7.614637208584446038e-02 2.533801198987147354e-02
-9.971579530335092922e-01 -7.088503137275273258e-02 2.552144762997593519e-02
-9.975162828320978115e-01 -6.558606323527259307e-02 2.568558077287981870e-02
-9.978488440427463191e-01 -6.025358112824320128e-02 2.583032470432774716e-02
-9.981549078860196822e-01 -5.489172530071057682e-02 2.595560886427330030e-02
-9.984338278486626361e-01 -4.950465847773160427e-02 2.606137899579878681e-02
-9.986850412950937228e-01 -4.409656145690979412e-02 2.614759726744690996e-02
-9.989080708053824642e-01 -3.867162863266215833e-02 2.621424236815302067e-02
-9.991025252351112274e-01 -3.323406346169307385e-02 2.626130957410020839e-02
-9.992681004936576628e-01 -2.778807388354005703e-02 2.628881078695804313e-02
-9.994045800385926714e-01 -2.233786771035415480e-02 2.629677454310819923e-02
-9.995118350850660249e-01 -1.688764800028262278e-02 2.628524599360529748e-02
-9.995898245302392571e-01 -1.144160842893146048e-02 2.625428685476812948e-02
-9.996385945940146067e-01 -6.003928673400034041e-03 2.620397532944369542e-02
-9.996582781784918437e-01 -5.787698232993711972e-04 2.613440599913306392e-02
-9.996490939497525430e-01 4.829730167009030697e-03 2.604568968731290832e-02
-9.996113451467183442e-01 1.021746097098421603e-02 2.593795329442845007e-02
-9.995454181229465052e-01 1.558034431367357961e-02 2.581133960517143291e-02
-9.994517806283028660e-01 2.091433831350733227e-02 2.566600706878962440e-02
-9.993309798384893972e-01 2.621544172947426130e-02 2.550212955330115328e-02
-9.991836401413851654e-01 3.147969810163515209e-02 2.531989607460687422e-02
-9.990104606900863660e-01 3.670319977360355507e-02 2.511951050160605992e-02
-9.988122127333958211e-01 4.188209178636213142e-02 2.490119123852418265e-02
-9.985897367353081533e-01 4.701257563358031411e-02 2.466517088575588545e-02
-9.983439392957623726e-01 5.209091286944809301e-02 2.441169588061058160e-02
-9.980757898855842081e-01 5.711342856093443165e-02 2.414102611942227708e-02
-9.977863174091132770e-01 6.207651457730915812e-02 2.385343456254853875e-02
-9.974766066085022365e-01 6.697663271072665236e-02 2.354920682383586372e-02
-9.971477943240887321e-01 7.181031762265034646e-02 2.322864074616990196e-02
-9.968010656255705815e-01 7.657417961189090516e-02 2.289204596475869977e-02
-9.964376498289653217e-01 8.126490720103039800e-02 2.253974345981584609e-02
-9.960588164145021128e-01 8.587926953900215654e-02 2.217206510031762695e-02
-9.956658708606878072e-01 9.041411861858360266e-02 2.178935318050482725e-02
-9.952601504097994267e-01 9.486639130853025126e-02 2.139195995078544202e-02
-9.948430197799967845e-01 9.923311120102669414e-02 2.098024714467003338e-02
-9.944158668391178679e-01 1.035113902760475824e-01 2.055458550333698689e-02
-9.939800982550206498e-01 1.076984303851032942e-01 2.011535429938107397e-02
-9.935371351370764215e-01 1.117915245576850264e-01 1.966294086124619964e-02
-9.930884086830968904e-01 1.157880581345179793e-01 1.919774009978241630e-02
-9.926353558456085802e-01 1.196855097324740630e-01 1.872015403829906804e-02
-9.921794150309630744e-01 1.234814520466841203e-01 1.823059134741097237e-02
-9.917220218443082436e-01 1.271735524960201924e-01 1.772946688589348979e-02
-9.912646048929416587e-01 1.307595737186878493e-01 1.721720124867605686e-02
-9.908085816600303852e-01 1.342373739251762621e-01 1.669422032301292810e-02
-9.903553544601167991e-01 1.376049071162557536e-01 1.616095485377539928e-02
-9.899063064872427598e-01 1.408602231740906652e-01 1.561784001871224445e-02
-9.894627979659190720e-01 1.440014678348462973e-01 1.506531501442548264e-02
-9.890261624145485486e-01 1.470268825514146893e-01 1.450382265370744883e-02
-9.885977030302849355e-01 1.499348042550641691e-01 1.393380897478336579e-02
-9.881786892036785730e-01 1.527236650249334526e-01 1.335572286290177650e-02
-9.877703531708287299e-01 1.553919916743437546e-01 1.277001568461408679e-02
-9.873738868101369359e-01 1.579384052628937107e-01 1.217714093498463088e-02
-9.869904385901330235e-01 1.603616205432339681e-01 1.157755389787483609e-02
-9.866211106742391879e-01 1.626604453512934256e-01 1.097171131934962691e-02
-9.862669561877367430e-01 1.648337799485496691e-01 1.036007109416189030e-02
-9.859289766516214915e-01 1.668806163247057162e-01 9.743091965181997424e-03
-9.856081195874676348e-01 1.688000374688562177e-01 9.121233235554464247e-03
-9.848911207074226848e-01 1.726780083311927616e-01 1.310728591102183413e-02
-9.839977844114348171e-01 1.773620160048350602e-01 1.706138740856436714e-02
-9.829183286168933220e-01 1.828425898444072384e-01 2.098004417144750527e-02
-9.816413688935928805e-01 1.891090439828868874e-01 2.485977242742381382e-02
-9.801540124526442188e-01 1.961494443030524781e-01 2.869710085054818366e-02
-9.784419618908176686e-01 2.039505731855208170e-01 3.248857419736977947e-02
-9.764896284409287919e-01 2.124978931842368968e-01 3.623075797818677696e-02
-9.742802544090817252e-01 2.217755108494732230e-01 3.992024420523180434e-02
-9.717960443967398332e-01 2.317661419711578852e-01 4.355365823943314896e-02
-9.690183048105674990e-01 2.424510795498299731e-01 4.712766673597192091e-02
-9.659275910571932799e-01 2.538101658169347186e-01 5.063898666647960456e-02
-9.625038617054036960e-01 2.658217696188892032e-01 5.408439537269529168e-02
-9.587266387772318543e-01 2.784627704489739952e-01 5.746074158307977464e-02
-9.545751732048650684e-01 2.917085503565716165e-01 6.076495730066537593e-02
-9.500286143655843896e-01 3.055329948839257126e-01 6.399407044775022591e-02
-9.450661824857411464e-01 3.199085040762992271e-01 6.714521813140353346e-02
-9.396673425909842781e-01 3.348060144826096596e-01 7.021566037363810575e-02
-9.338119785776188841e-01 3.501950329114130733e-01 7.320279413204397456e-02
-9.274805658931443153e-01 3.660436825332932798e-01 7.610416742117201427e-02
-9.206543412465816312e-01 3.823187617277959971e-01 7.891749333249697962e-02
-9.144713605722475380e-01 3.971801261234175762e-01 7.739573881907800545e-02
-9.081813729263759072e-01 4.116490936245562060e-01 7.583956602989025408e-02
-9.018024572622840296e-01 4.257218758926770708e-01 7.425115864807187160e-02
-8.953524635416181265e-01 4.393955894827796804e-01 7.263266473431422010e-02
-8.888489590226076320e-01 4.526682127473610207e-01 7.098618982203887262e-02
-8.823091793732660282e-01 4.655385400521114270e-01 6.931379067011358974e-02
-8.757499846381291420e-01 4.780061338383483904e-01 6.761746967820314591e-02
-8.691878200330810378e-01 4.900712750457613676e-01 6.589916996274265693e-02
-8.626386814939964731e-01 5.017349123828417357e-01 6.416077108510596927e-02
-8.561180858615735634e-01 5.129986109023321195e-01 6.240408541785374269e-02
-8.496410455469673995e-01 5.238645003060420358e-01 6.063085513000027182e-02
-8.432220474906572116e-01 5.343352233682955310e-01 5.884274976803431645e-02
-8.368750362002730370e-01 5.444138848308840428e-01 5.704136440595265756e-02
-8.306134006316803209e-01 5.541040010854205722e-01 5.522821833478847031e-02
-8.244499646611870292e-01 5.634094509220706204e-01 5.340475426000349662e-02
-8.183969808849772543e-01 5.723344275873284426e-01 5.157233797361909095e-02
-8.124661274744050532e-01 5.808833923583047731e-01 4.973225846703618197e-02
-8.066685078122021180e-01 5.890610298072823658e-01 4.788572845008443740e-02
-8.010146526345496287e-01 5.968722048984118622e-01 4.603388524189021280e-02
-7.955145244069063981e-01 6.043219220286006887e-01 4.417779199960455982e-02
-7.901775236670608438e-01 6.114152860970814007e-01 4.231843925183048638e-02
-7.850124970766793053e-01 6.181574656629448272e-01 4.045674670467816481e-02
-7.800277469322639545e-01 6.245536582271581372e-01 3.859356528970606798e-02
-7.752310418975602024e-01 6.306090576552674243e-01 3.672967942452554091e-02
-7.706296287317211391e-01 6.363288237390909430e-01 3.486580945851125435e-02
-7.662302448006506062e-01 6.417180538801762202e-01 3.300261427782838486e-02
-7.620391311726297801e-01 6.467817568645426451e-01 3.114069404582189837e-02
-7.580620461133459331e-01 6.515248286871420103e-01 2.928059305668027218e-02
-7.543042788095802864e-01 6.559520303754257098e-01 2.742280268215655653e-02
-7.507706631648920492e-01 6.600679677542664603e-01 2.556776439297770570e-02
-7.474655915245163040e-01 6.638770730890981575e-01 2.371587283837738383e-02
-7.443930282002467758e-01 6.673835885403649471e-01 2.186747896892935958e-02
-7.415565226792082409e-01 6.705915513600556599e-01 2.002289318952330324e-02
-7.389592224130689946e-01 6.735047807600945680e-01 1.818238853089998094e-02
-7.366038850963433360e-01 6.761268663825203973e-01 1.634620382963905896e-02
-7.344928903539587051e-01 6.784611583025733639e-01 1.451454690786269444e-02
-7.326282507692017942e-01 6.805107584978855595e-01 1.268759774517666701e-02
-7.310116221934976899e-01 6.822785137198186245e-01 1.086551163651447265e-02
-7.296443132892445060e-01 6.837670097064796337e-01 9.048422330576592551e-03
-7.285272942661263906e-01 6.849785666809777851e-01 7.236445144466343606e-03
-7.276612047800065097e-01 6.859152360829401385e-01 5.429680050915552253e-03
-7.270463609716831810e-01 6.865787984861039250e-01 3.628214735168877429e-03
-7.266827616305244764e-01 6.869707626598422490e-01 1.832127619156705741e-03
-7.265700934753258622e-01 6.870923657376902804e-01 4.149085103538120191e-05
-7.267077355517069792e-01 6.869445744612283633e-01 -1.743626741487197020e-03
-7.270947627520290002e-01 6.865280874729907667e-01 -3.523156735389968049e-03
-7.277299484702265397e-01 6.858433386373226082e-01 -5.297028235361319476e-03
-7.286117664101511293e-01 6.848905013732476954e-01 -7.065165036797133036e-03
-7.297383915720710990e-01 6.836694939883719568e-01 -8.827482830033147460e-03
-7.311077004479078489e-01 6.821799860075740130e-01 -1.058388644723121455e-02
-7.327172704616528032e-01 6.804214054946682300e-01 -1.233426715358899514e-02
-7.345643786972463340e-01 6.783929473693097734e-01 -1.407849998487792006e-02
-7.366459999620339483e-01 6.760935827250944552e-01 -1.581644113373075963e-02
-7.389588042397867707e-01 6.735220691580272590e-01 -1.754792538759336606e-02
-7.414991535931919620e-01 6.706769621172442575e-01 -1.927276362182037822e-02
-7.442630985817096922e-01 6.675566272920119282e-01 -2.099074035202675922e-02
-7.472463742667569964e-01 6.641592540505445452e-01 -2.270161135050010465e-02
-7.504443958823187044e-01 6.604828699470149944e-01 -2.440510133222658848e-02
-7.538522542552875683e-01 6.565253563132336101e-01 -2.610090171687905539e-02
-7.574647110660847060e-01 6.522844649507785197e-01 -2.778866847395126960e-02
-7.612761940463708132e-01 6.477578359378212136e-01 -2.946802005908895697e-02
-7.652807922168937127e-01 6.429430165624560045e-01 -3.113853545055624006e-02
-7.694722512746696719e-01 6.378374813909568619e-01 -3.279975229567436840e-02
-7.738439692447045548e-01 6.324386534750080502e-01 -3.445116517796625866e-02
-7.783889925172453594e-01 6.267439266965426636e-01 -3.609222401662195295e-02
-7.831000123970266458e-01 6.207506892423447775e-01 -3.772233261075184918e-02
-7.879693622960347588e-01 6.144563481929984361e-01 -3.934084734170072151e-02
-7.929890157058472333e-01 6.078583552020907499e-01 -4.094707604743860752e-02
-7.981505850894807796e-01 6.009542332317894253e-01 -4.254027708370634181e-02
-8.034453218357775484e-01 5.937416043000359744e-01 -4.411965858715395650e-02
-8.088641174215138729e-01 5.862182181826492977e-01 -4.568437795614891522e-02
-8.143975059274938255e-01 5.783819820006733670e-01 -4.723354156522661246e-02
-8.200356680547185029e-01 5.702309906093975256e-01 -4.876620472928586830e-02
-8.257684367851527707e-01 5.617635576907191730e-01 -5.028137193357506973e-02
-8.315853048284753690e-01 5.529782474350301014e-01 -5.177799734524798914e-02
-8.374754339913448309e-01 5.438739066827309454e-01 -5.325498562177116008e-02
-8.434276665989890454e-01 5.344496973789918393e-01 -5.471119303071608070e-02
-8.494305390901980557e-01 5.247051291786785088e-01 -5.614542889445157947e-02
-8.554722978959434787e-01 5.146400920216883668e-01 -5.755645737194758915e-02
-8.615409176987677276e-01 5.042548884825454047e-01 -5.894299958829834346e-02
-8.676241221547101867e-01 4.935502656822735590e-01 -6.030373612066097788e-02
-8.737094071418264329e-01 4.825274465356171882e-01 -6.163730984707932459e-02
-8.797840665793104087e-01 4.711881600929287428e-01 -6.294232916212237627e-02
-8.858352208388902138e-01 4.595346707238528450e-01 -6.421737156041786021e-02
-8.918498477456238138e-01 4.475698058796527823e-01 -6.546098758601552603e-02
-8.978148161386158010e-01 4.352969821630156555e-01 -6.667170514209135035e-02
-9.037169219337066739e-01 4.227202294287932816e-01 -6.784803415182835695e-02
-9.095429266001017199e-01 4.098442126367336513e-01 -6.898847155741671955e-02
-9.152795979315261343e-01 3.966742511781576885e-01 -7.009150664004609732e-02
-9.209137529601800765e-01 3.832163354030325153e-01 -7.115562663956635781e-02
-9.264323028289498385e-01 3.694771400822380869e-01 -7.217932264822521371e-02
-9.318222994044854657e-01 3.554640345522200873e-01 -7.316109574861628939e-02
-9.370709833814006018e-01 3.411850893058073209e-01 -7.409946336175812776e-02
-9.421658335965472642e-01 3.266490788138166068e-01 -7.499296576714754858e-02
-9.470946172426546461e-01 3.118654803871571124e-01 -7.584017275276824788e-02
-9.518454406431960946e-01 2.968444689183863394e-01 -7.663969034946692405e-02
-9.564068002257701817e-01 2.815969073748658680e-01 -7.739016760091567415e-02
-9.607676333101442534e-01 2.661343329525353574e-01 -7.809030331763926192e-02
-9.649173683099772081e-01 2.504689388394849558e-01 -7.873885276137471134e-02
-9.688459739346358957e-01 2.346135515814845307e-01 -7.933463420441845548e-02
-9.724486678906179016e-01 2.206207661989931790e-01 -7.529999660835423603e-02
-9.756596381780293648e-01 2.074029151986862551e-01 -7.122025371981512143e-02
-9.785095742304349420e-01 1.949787974301914473e-01 -6.709921572537068390e-02
-9.810278700700110210e-01 1.833652313778720844e-01 -6.294070914306366948e-02
-9.832424714081239303e-01 1.725771449469694074e-01 -5.874856617089390526e-02
-9.851797361005172338e-01 1.626276671181508537e-01 -5.452661572673296597e-02
-9.868643081235728420e-01 1.535282197256683523e-01 -5.027867615716806460e-02
-9.883190051084365102e-01 1.452886077097355344e-01 -4.600854956457252343e-02
-9.895647193624459437e-01 1.379171063085430082e-01 -4.172001767615805823e-02
-9.906203322225543006e-01 1.314205437861403480e-01 -3.741683915599998411e-02
-9.915026415228811452e-01 1.258043784360419193e-01 -3.310274824109021852e-02
-9.922263019170954879e-01 1.210727687539696201e-01 -2.878145456535594060e-02
-9.928037777744228576e-01 1.172286358340656615e-01 -2.445664402123268882e-02
-9.932453083636221258e-01 1.142737172089763470e-01 -2.013198049671718198e-02
-9.935588850498399127e-01 1.122086115235465947e-01 -1.581110831674781281e-02
-9.937502402521022349e-01 1.110328136029132412e-01 -1.149765521116304090e-02
-9.938228479413907523e-01 1.107447396472581724e-01 -7.195235627267379010e-03
-9.937779354976890023e-01 1.113417424563180602e-01 -2.907454203098736034e-03
-9.936145067859168956e-01 1.128201167560456408e-01 1.362090782235806340e-03
-9.933293763521194863e-01 1.151750948667743107e-01 5.609804162362153589e-03
-9.932029301029186019e-01 1.162803314177683761e-01 5.181357228429648611e-03
-9.930855425082147914e-01 1.172968886482440576e-01 4.750523675471685948e-03
-9.929775350462844985e-01 1.182243431741350215e-01 4.317623591373434197e-03
-9.928791996284690446e-01 1.190623354864102507e-01 3.882977125962015687e-03
-9.927907979641379388e-01 1.198105697556410554e-01 3.446904290755860127e-03
-9.927125610160539848e-01 1.204688136141496557e-01 3.009724761911386059e-03
-9.926446885467997694e-01 1.210368979172708609e-01 2.571757686230495641e-03
-9.925873487566863052e-01 1.215147164850941958e-01 2.133321490079402930e-03
-9.925406780133355644e-01 1.219022258258840169e-01 1.694733691058381442e-03
-9.925047806728976019e-01 1.221994448422014934e-01 1.256310712253181413e-03
-9.924797289926395871e-01 1.224064545205754834e-01 8.183676988921201410e-04
-9.924655631344243556e-01 1.225233976053911739e-01 3.812183372282085280e-04
-9.924622912583784817e-01 1.225504782574868556e-01 -5.482532453687376543e-05
-9.924698897058388258e-01 1.224879616977715135e-01 -4.894530534706087368e-04
-9.924883032704588937e-01 1.223361738360005252e-01 -9.223566074513574881e-04
-9.925174455561518450e-01 1.220955008846748568e-01 -1.353229909212470567e-03
-9.925571994203494786e-01 1.217663889578613767e-01 -1.781769219061766661e-03
-9.926074175008595679e-01 1.213493436545702575e-01 -2.207673306441951082e-03
-9.926679228244155162e-01 1.208449296261702860e-01 -2.630643620488319363e-03
-9.927385094948243394e-01 1.202537701271755022e-01 -3.050384459729144244e-03
-9.928189434584387962e-01 1.195765465485978118e-01 -3.466603141061569936e-03
-9.929089633445018492e-01 1.188139979329315699e-01 -3.879010168121717946e-03
-9.930082813777391104e-01 1.179669204697172680e-01 -4.287319399152185635e-03
-9.931165843604079502e-01 1.170361669705244773e-01 -4.691248214453276610e-03
-9.932335347208492982e-01 1.160226463220988408e-01 -5.090517683486298073e-03
-9.933587716254305144e-01 1.149273229163354920e-01 -5.484852731678193857e-03
-9.934919121506170514e-01 1.137512160556718444e-01 -5.873982306956820887e-03
-9.936325525117631896e-01 1.124953993324369211e-01 -6.257639546025433805e-03
-9.937802693450747960e-01 1.111609999806531524e-01 -6.635561940363599379e-03
-9.939346210390599401e-01 1.097491981987591403e-01 -7.007491501919920797e-03
-9.940951491116613026e-01 1.082612264417096432e-01 -7.373174928439827323e-03
-9.942613796291405182e-01 1.066983686809114540e-01 -7.732363768349364945e-03
-9.944328246626773504e-01 1.050619596304707970e-01 -8.084814585093627257e-03
-9.946089837785397902e-01 1.033533839382604208e-01 -8.430289120806304728e-03
-9.947893455575888000e-01 1.015740753403609475e-01 -8.768554459164985132e-03
-9.949733891397952723e-01 9.972551577749266816e-02 -9.099383187265453962e-03
-9.951605857893711660e-01 9.780923447212928890e-02 -9.422553556327485993e-03
-9.953504004760512780e-01 9.582680696507452078e-02 -9.737849641024620348e-03
-9.955422934680077107e-01 9.377985411038515517e-02 -1.004506149721132516e-02
-9.957357219318360153e-01 9.167004102763925966e-02 -1.034398531780294193e-02
-9.959301415350192421e-01 8.949907601067601248e-02 -1.063442358654696947e-02
-9.961250080462586975e-01 8.726870939207204136e-02 -1.091618522940871264e-02
-9.963197789290525463e-01 8.498073236276865172e-02 -1.118908576328027718e-02
-9.965139149239102823e-01 8.263697574642306365e-02 -1.145294744170932862e-02
-9.967068816146117394e-01 8.023930872822428173e-02 -1.170759939733322964e-02
-9.968981509739531788e-01 7.778963753808944281e-02 -1.195287778069497112e-02
-9.970872028844715018e-01 7.528990408833798054e-02 -1.218862589511010910e-02
-9.972735266297010348e-01 7.274208456612800411e-02 -1.241469432724844751e-02
-9.974566223515934915e-01 7.014818798113062193e-02 -1.263094107309085251e-02
-9.976360024698250895e-01 6.751025466911188266e-02 -1.283723165892007925e-02
-9.978111930588213774e-01 6.483035475228812738e-02 -1.303343925700515757e-02
-9.979817351784513457e-01 6.211058655751683366e-02 -1.321944479564148879e-02
-9.981471861544790602e-01 5.935307499358040417e-02 -1.339513706321354171e-02
-9.983071208050110501e-01 5.655996988901410699e-02 -1.356041280595377506e-02
-9.984611326093422168e-01 5.373344429211898698e-02 -1.371517681908018815e-02
-9.986088348157804440e-01 5.087569273498623867e-02 -1.385934203100565656e-02
-9.987498614852224899e-01 4.798892946353884581e-02 -1.399282958032489234e-02
-9.988838684674555823e-01 4.507538663576872440e-02 -1.411556888529940691e-02
