1.000000000000000000e+00 0.000000000000000000e+00 0.000000000000000000e+00
9.999966783257591141e-01 1.063915406235726611e-03 -2.347648655318910170e-03
9.999856061766766446e-01 2.613693213300067979e-03 -4.685735784813929022e-03
9.999646138146386365e-01 4.647129487742769627e-03 -7.012519197029781423e-03
9.999308635936809964e-01 7.161638533273353979e-03 -9.326260742662635661e-03
9.998808657134554689e-01 1.015424664078488914e-02 -1.162522639934497094e-02
9.998104965404972511e-01 1.362158448876934526e-02 -1.390768650984535067e-02
9.997150194796076139e-01 1.755987834266844669e-02 -1.617191619829549953e-02
9.995891083741121896e-01 2.196494022172185839e-02 -1.841619598705094424e-02
9.994268734086381167e-01 2.683215722062818470e-02 -2.063881263452779433e-02
9.992218894812427976e-01 3.215648019064100416e-02 -2.283806021184331056e-02
9.989672270031386692e-01 3.793241200038869471e-02 -2.501224143333070221e-02
9.986554850738466049e-01 4.415399561053035687e-02 -2.715966925301020393e-02
9.982788269673719128e-01 5.081480220813013732e-02 -2.927866873589372518e-02
9.978290178509702235e-01 5.790791965613554387e-02 -3.136757920959747092e-02
9.972974646423505840e-01 6.542594152036740329e-02 -3.342475669815823947e-02
9.966752578938846696e-01 7.336095694076227858e-02 -3.544857663622156402e-02
9.959532155737427228e-01 8.170454161505444346e-02 -3.743743685792502718e-02
9.951219285940944292e-01 9.044775016146418267e-02 -3.938976085087401297e-02
9.941718079158825550e-01 9.958111012211592894e-02 -4.130400126164127800e-02
9.930931330385203148e-01 1.090946178607183903e-01 -4.317864363526126292e-02
9.918761016615549320e-01 1.189777365964126976e-01 -4.501221036728491470e-02
9.905108802842730320e-01 1.292193968005918570e-01 -4.680326484316418151e-02
9.889876554888366034e-01 1.398079991649245069e-01 -4.855041573610354572e-02
9.872966856332742180e-01 1.507314203268448616e-01 -5.025232143110675009e-02
9.854283526629727952e-01 1.619770215135276081e-01 -5.190769453981953357e-02
9.833732137336845813e-01 1.735316602370429451e-01 -5.351530646798190183e-02
9.811220523259253090e-01 1.853817051422448625e-01 -5.507399199491304354e-02
9.786659285204278858e-01 1.975130540753107788e-01 -5.658265382251209674e-02
9.759962280974213700e-01 2.099111554051141804e-01 -5.804026704981737200e-02
9.731047101192751292e-01 2.225610325922284249e-01 -5.944588352826796901e-02
9.699835526567820443e-01 2.354473119618356869e-01 -6.079863605249040404e-02
9.666253963242675828e-01 2.485542535977063316e-01 -6.209774234171499402e-02
9.630233852979617204e-01 2.618657852353126758e-01 -6.334250876782859807e-02
9.591712055057203257e-01 2.753655389936658371e-01 -6.453233378759731798e-02
9.550631196942069856e-01 2.890368907482455674e-01 -6.566671103873829296e-02
9.506939991019344172e-01 3.028630019120592820e-01 -6.674523206226574967e-02
9.460593514929078740e-01 3.168268633590335392e-01 -6.776758861685157342e-02
9.411553453357099919e-01 3.309113411941871918e-01 -6.873357455478369682e-02
9.359788299463378536e-01 3.450992240489005325e-01 -6.964308723342121921e-02
9.305273514494794007e-01 3.593732715575513326e-01 -7.049612844077057794e-02
9.247991644516694310e-01 3.737162636542448735e-01 -7.129280481886844656e-02
9.187932393602977754e-01 3.881110503156377511e-01 -7.203332777397383757e-02
9.125092653241254625e-01 4.025406013681759876e-01 -7.271801286805792963e-02
9.059476488131251726e-01 4.169880559755652083e-01 -7.334727869164509029e-02
8.991095078974288279e-01 4.314367714249949248e-01 -7.392164522361066581e-02
8.919966623262580718e-01 4.458703708384736397e-01 -7.444173168898969573e-02
8.846116195472757404e-01 4.602727894484242022e-01 -7.490825393110646380e-02
8.769575568442106173e-01 4.746283190941676389e-01 -7.532202131931475808e-02
8.690382998052943453e-01 4.889216506177307409e-01 -7.568393321826522024e-02
8.608582973665070970e-01 5.031379138631117964e-01 -7.599497504882081478e-02
8.524225937014104915e-01 5.172627150122255379e-01 -7.625621397446499805e-02
8.437367972531024662e-01 5.312821710226679484e-01 -7.646879425024194488e-02
8.348070472232923533e-01 5.451829409665976955e-01 -7.663393227389726781e-02
8.256399778484803109e-01 5.589522541058069560e-01 -7.675291138092746324e-02
8.162426808036565840e-01 5.725779345748218674e-01 -7.682707642668445969e-02
8.066226660798148096e-01 5.860484225810128622e-01 -7.685782819951834932e-02
7.967878216829881177e-01 5.993527920676039455e-01 -7.684661770918829737e-02
7.867463724996427432e-01 6.124807648215847555e-01 -7.679494039445089459e-02
7.765068386663411815e-01 6.254227210433210837e-01 -7.670433029287858362e-02
7.660779937709233378e-01 6.381697064276613540e-01 -7.657635421460873282e-02
7.554688231984050262e-01 6.507134358371330363e-01 -7.641260595992292737e-02
7.446884829177595755e-01 6.630462936760760373e-01 -7.621470061835949883e-02
7.337462589861584172e-01 6.751613310999847739e-01 -7.598426898452592670e-02
7.226515280255420004e-01 6.870522602167289383e-01 -7.572295212296088762e-02
7.114137189030347308e-01 6.987134454555502527e-01 -7.543239611135825473e-02
7.000422758221493957e-01 7.101398922957246063e-01 -7.511424698826654756e-02
6.885466230063895798e-01 7.213272335595222184e-01 -7.477014592807550153e-02
6.769361311311694607e-01 7.322717134836496111e-01 -7.440172466275118968e-02
6.652200856343204460e-01 7.429701697898122292e-01 -7.401060116643463915e-02
6.534076570101952086e-01 7.534200139785456329e-01 -7.359837561572284137e-02
6.415078731678375279e-01 7.636192100712132502e-01 -7.316662663524811649e-02
6.295295939101366312e-01 7.735662520232671202e-01 -7.271690783509843214e-02
6.174814875685625815e-01 7.832601400277656722e-01 -7.225074464370929983e-02
6.053720098071855293e-01 7.927003559219815143e-01 -7.176963143713287197e-02
5.932093845903610996e-01 8.018868379019846726e-01 -7.127502896307184865e-02
5.810015872908378398e-01 8.108199547406179652e-01 -7.076836205577005656e-02
5.687563298991742400e-01 8.195004796935528857e-01 -7.025101763578735226e-02
5.564810482812931891e-01 8.279295642663928589e-01 -6.972434298685954712e-02
5.441828914187418764e-01 8.361087120033092734e-01 -6.918964430045447533e-02
5.318687125557598483e-01 8.440397524447045274e-01 -6.864818547728072928e-02
5.195450621685235859e-01 8.517248153880910833e-01 -6.810118717387941834e-02
5.078413154881100677e-01 8.588885255541998109e-01 -6.639053771921842040e-02
4.963396148489216397e-01 8.657136271589920273e-01 -6.470631426156663035e-02
4.850444026160730671e-01 8.722137105883989161e-01 -6.304899090008332652e-02
4.739594268616200701e-01 8.784020600436510673e-01 -6.141894967838260055e-02
4.630877876795317372e-01 8.842916338438818746e-01 -5.981648663433999230e-02
4.524319821718502110e-01 8.898950483718472970e-01 -5.824181767441589941e-02
4.419939479528442461e-01 8.952245653497535871e-01 -5.669508425209478231e-02
4.317751050514633815e-01 9.002920821431148468e-01 -5.517635883448172851e-02
4.217763961223537361e-01 9.051091248033437120e-01 -5.368565014507078320e-02
4.119983249022617922e-01 9.096868435739309255e-01 -5.222290817422296783e-02
4.024409928720098506e-01 9.140360106001754747e-01 -5.078802895198993722e-02
3.931041341045784510e-01 9.181670195981276317e-01 -4.938085908061916329e-02
3.839871482973970518e-01 9.220898872543979996e-01 -4.800120002640683586e-02
3.750891320019436037e-01 9.258142561445071861e-01 -4.664881217255476692e-02
3.664089080764112993e-01 9.293493989732959371e-01 -4.532341863636742824e-02
3.579450533977393545e-01 9.327042239564097281e-01 -4.402470885552369623e-02
3.496959248779320517e-01 9.358872811768815803e-01 -4.275234194930348924e-02
3.416596838365168476e-01 9.389067697652553335e-01 -4.150594986156901089e-02
3.338343187864057926e-01 9.417705457654448331e-01 -4.028514029301961258e-02
3.262176666945088011e-01 9.444861305615537272e-01 -3.908949943078216666e-02
3.183950931951663454e-01 9.471700133296895308e-01 -3.864629783278252656e-02
3.106428674051889272e-01 9.497584220291878099e-01 -3.820935197424960711e-02
3.029609502398898369e-01 9.522538678747098917e-01 -3.777882497265094841e-02
2.953492152894726663e-01 9.546588190630475035e-01 -3.735486698582759363e-02
2.878074530953030341e-01 9.569756989398472413e-01 -3.693761580650428700e-02
2.803353753244573476e-01 9.592068843968490910e-01 -3.652719744342865227e-02
2.729326188371522521e-01 9.613547044853536505e-01 -3.612372668836006523e-02
2.655987496426169825e-01 9.634214392320314957e-01 -3.572730766825907289e-02
2.583332667398578475e-01 9.654093186436170093e-01 -3.533803438214823400e-02
2.511356058405785907e-01 9.673205218874872946e-01 -3.495599122222569494e-02
2.440051429722665255e-01 9.691571766356037454e-01 -3.458125347891397722e-02
2.369411979601354634e-01 9.709213585597876728e-01 -3.421388782961861524e-02
2.299430377872345721e-01 9.726150909668045408e-01 -3.385395281105507692e-02
2.230098798325918508e-01 9.742403445622415115e-01 -3.350149927507808933e-02
2.161408949877632879e-01 9.757990373326745903e-01 -3.315657082801564542e-02
2.093352106526098766e-01 9.772930345361314775e-01 -3.281920425357086335e-02
2.025919136115251484e-01 9.787241487913646010e-01 -3.248942991940909075e-02
1.959100527916904089e-01 9.800941402569464111e-01 -3.216727216759560776e-02
1.892886419052468572e-01 9.814047168916911756e-01 -3.185274968909132531e-02
1.827266619775447798e-01 9.826575347883867995e-01 -3.154587588255051978e-02
1.762230637638651232e-01 9.838541985732882633e-01 -3.124665919769621311e-02
1.697767700572088145e-01 9.849962618642782441e-01 -3.095510346357565473e-02
1.633866778899183692e-01 9.860852277810394639e-01 -3.067120820202115863e-02
1.570516606320368769e-01 9.871225495010081952e-01 -3.039496892666006950e-02
1.507705699894235085e-01 9.881096308552860252e-01 -3.012637742783284486e-02
1.445422379047350825e-01 9.890478269590780025e-01 -2.986542204379004362e-02
1.383654783644521213e-01 9.899384448716018747e-01 -2.961208791854787192e-02
1.322390891151768999e-01 9.907827442807708440e-01 -2.936635724678806486e-02
1.261618532924633218e-01 9.915819382082931011e-01 -2.912820950619170179e-02
1.201325409654540322e-01 9.923371937311582514e-01 -2.889762167759804198e-02
1.141499106006032827e-01 9.930496327157884995e-01 -2.867456845337912688e-02
1.082127104477531437e-01 9.937203325614261118e-01 -2.845902243441876533e-02
1.023196798518106188e-01 9.943503269496044572e-01 -2.825095431608090277e-02
9.646955049324237863e-02 9.949406065968144919e-01 -2.805033306354733080e-02
9.066104756056558855e-02 9.954921200077228027e-01 -2.785712607689859802e-02
8.489289085796761225e-02 9.960057742265322478e-01 -2.767129934630471050e-02
7.916379585113579587e-02 9.964824355842957226e-01 -2.749281759768420000e-02
7.347247465432207858e-02 9.969229304401977521e-01 -2.732164442918127642e-02
6.781763696160619803e-02 9.973280459150142274e-01 -2.715774243880135497e-02
6.219799092525733764e-02 9.976985306151401334e-01 -2.700107334353524582e-02
5.673640043782646192e-02 9.980312062700201770e-01 -2.673384025144982454e-02
5.132521592512202108e-02 9.983307035697071008e-01 -2.648649782534997360e-02
4.596062020544626481e-02 9.985980674048066108e-01 -2.625885032749050718e-02
4.063882111010948955e-02 9.988342468048343470e-01 -2.605071382259253887e-02
3.535605056398555962e-02 9.990400978176825486e-01 -2.586191620041761174e-02
3.010856357691250873e-02 9.992163861441866191e-01 -2.569229718667608714e-02
2.489263715731632187e-02 9.993637895330457210e-01 -2.554170834340718788e-02
1.970456915874299261e-02 9.994828999410896309e-01 -2.541001305983959027e-02
1.454067706936268412e-02 9.995742254635947566e-01 -2.529708653461928275e-02
9.397296753957687376e-03 9.996381920390514653e-01 -2.520281575017527254e-02
4.270781157420150236e-03 9.996751449324648986e-01 -2.512709943988272049e-02
-8.425010216362915569e-04 9.996853500009471594e-01 -2.506984804857684962e-02
-5.946166678907040953e-03 9.996689947450219105e-01 -2.503098368686884276e-02
-1.104381966612580715e-02 9.996261891487238094e-01 -2.501044007961639518e-02
-1.613905215879198052e-02 9.995569663112349179e-01 -2.500816250880606023e-02
-2.123544602238199713e-02 9.994612828724570575e-01 -2.502410775101153451e-02
-2.633657416966223366e-02 9.993390192345822376e-01 -2.505824400950097675e-02
-3.144600190179902555e-02 9.991899795813878882e-01 -2.511055084097695012e-02
-3.656728822598660084e-02 9.990138916966559979e-01 -2.518101907684403007e-02
-4.170398714228688852e-02 9.988104065827965172e-01 -2.526965073881108637e-02
-4.685964889229701780e-02 9.985790978804456319e-01 -2.537645894854727649e-02
-5.203782116213075820e-02 9.983194610895149701e-01 -2.550146783102242090e-02
-5.724205023201981574e-02 9.980309125918849222e-01 -2.564471241107305760e-02
-6.247588206460946703e-02 9.977127884756717968e-01 -2.580623850264502500e-02
-6.774286332374034048e-02 9.973643431607545073e-01 -2.598610259007094053e-02
-7.304654231517417051e-02 9.969847478250224437e-01 -2.618437170064649711e-02
-7.839046984033513910e-02 9.965730886306094494e-01 -2.640112326767236547e-02
-8.377819995369988060e-02 9.961283647492084059e-01 -2.663644498302834146e-02
-8.921329061397763327e-02 9.956494861854242595e-01 -2.689043463824287300e-02
-9.469930421867613080e-02 9.951352713970169628e-01 -2.716319995291378159e-02
-1.002398080110486894e-01 9.945844447108254105e-01 -2.745485838922455749e-02
-1.058383743477623318e-01 9.939956335331391335e-01 -2.776553695118466614e-02
-1.114985808149148161e-01 9.933673653533158232e-01 -2.809537196710150744e-02
-1.172240101792597078e-01 9.926980645395214742e-01 -2.844450885366582929e-02
-1.230182501606728734e-01 9.919860489256137059e-01 -2.881310185990108158e-02
-1.288848930110095270e-01 9.912295261883951047e-01 -2.920131378909036207e-02
-1.348275348835594190e-01 9.904265900147459778e-01 -2.960931569665180632e-02
-1.408497749763079343e-01 9.895752160585062907e-01 -3.003728656178472275e-02
-1.469552144311538910e-01 9.886732576874300849e-01 -3.048541293055399837e-02
-1.531474549701213050e-01 9.877184415210852331e-01 -3.095388852791968251e-02
-1.594300972484342382e-01 9.867083627612311947e-01 -3.144291383605186951e-02
-1.658067389031020189e-01 9.856404803169851458e-01 -3.195269563609865610e-02
-1.722809722743919858e-01 9.845121117279974632e-01 -3.248344651039695996e-02
-1.788563817762490182e-01 9.833204278899111417e-01 -3.303538430193293796e-02
-1.855365408903635605e-01 9.820624475875884274e-01 -3.360873152767125671e-02
-1.923250087571967137e-01 9.807350318429715053e-01 -3.420371474218112523e-02
-1.992253263358501891e-01 9.793348780860096081e-01 -3.482056384779289721e-02
-2.062410121032314803e-01 9.778585141588563845e-01 -3.545951134732317628e-02
-2.133755572615180229e-01 9.763022921655304387e-01 -3.612079153521029901e-02
-2.206324204214860363e-01 9.746623821814571764e-01 -3.680463962270735800e-02
-2.280150217278513192e-01 9.729347658397916598e-01 -3.751129079258873344e-02
-2.355267363913925716e-01 9.711152298141756400e-01 -3.824097917864054119e-02
-2.431708875913109469e-01 9.691993592206317176e-01 -3.899393676502865141e-02
-2.509507387100489706e-01 9.671825309646550073e-01 -3.977039220047263318e-02
-2.588694848616748256e-01 9.650599070632566168e-01 -4.057056952200445432e-02
-2.669302436739665607e-01 9.628264279757537958e-01 -4.139468678296058524e-02
-2.751360452835412973e-01 9.604768059815135262e-01 -4.224295457975066337e-02
-2.834898215028088808e-01 9.580055186476530427e-01 -4.311557447187011616e-02
-2.919943941172321034e-01 9.554068024348990606e-01 -4.401273728958446374e-02
-3.006524622713995787e-01 9.526746464954182203e-01 -4.493462132371595780e-02
-3.094665889028210271e-01 9.498027867224678733e-01 -4.588139039201672570e-02
-3.184391861831973314e-01 9.467847001181811661e-01 -4.685319177672464530e-02
-3.275724999282745853e-01 9.436135995526950815e-01 -4.785015402807835799e-02
-3.368685929393337997e-01 9.402824289951526859e-01 -4.887238462882603079e-02
-3.463293272419818436e-01 9.367838593048440909e-01 -4.991996751510950625e-02
-3.559563451912820531e-01 9.331102846788773553e-01 -5.099296044955366897e-02
-3.657510494164912251e-01 9.292538198612593225e-01 -5.209139224295211701e-02
-3.757145815838538461e-01 9.252062982270724545e-01 -5.321525982162873120e-02
-3.858477999621533483e-01 9.209592708645043535e-01 -5.436452513838400946e-02
-3.961512557831419756e-01 9.165040067867445961e-01 -5.553911192592028007e-02
-4.066251683976820908e-01 9.118314944151288959e-01 -5.673890229279598962e-02
-4.172693992385504980e-01 9.069324444842602473e-01 -5.796373316330174358e-02
-4.280834246124934350e-01 9.017972945290583242e-01 -5.921339256419494435e-02
-4.390663073573951580e-01 8.964162151226087172e-01 -6.048761576299078319e-02
-4.502166674154368109e-01 8.907791180421377186e-01 -6.178608126449926935e-02
-4.615326513899806193e-01 8.848756665482077066e-01 -6.310840667453392061e-02
-4.730119011726957590e-01 8.786952879690801410e-01 -6.445414444220899652e-02
-4.846515217482206261e-01 8.722271887878579877e-01 -6.582277749499791664e-02
-4.964480483064687144e-01 8.654603724341947135e-01 -6.721371478375075259e-02
-5.083974128175507978e-01 8.583836599847132209e-01 -6.862628675816642709e-02
-5.204949102511802206e-01 8.509857139764521738e-01 -7.005974079678131683e-02
-5.327351646512814565e-01 8.432550655352512026e-01 -7.151323661936213882e-02
-5.451120953072227104e-01 8.351801450155899031e-01 -7.298584171366157003e-02
-5.576188832954538377e-01 8.267493163395578382e-01 -7.447652681278567333e-02
-5.702479386991076149e-01 8.179509152099030400e-01 -7.598416146390070403e-02
-5.829908688479918943e-01 8.087732913550138569e-01 -7.750750973362939555e-02
-5.958384479569418524e-01 7.992048549417766212e-01 -7.904522610019898421e-02
-6.087805885762191949e-01 7.892341272650585937e-01 -8.059585158713800102e-02
-6.218063153029261825e-01 7.788497957896850510e-01 -8.215781019799586748e-02
-6.349037412365375888e-01 7.680407735818236548e-01 -8.372940571608378235e-02
-6.480600476938245258e-01 7.567962631213587255e-01 -8.530881893749989175e-02
-6.612614677277244279e-01 7.451058244349081372e-01 -8.689410540958174278e-02
-6.744932740200674237e-01 7.329594474304926832e-01 -8.848319375028951272e-02
-6.877397717383805231e-01 7.203476282495493432e-01 -9.007388462671432616e-02
-7.009842969610416974e-01 7.072614493801669955e-01 -9.166385047276670583e-02
-7.142092212815809305e-01 6.936926631975016688e-01 -9.325063602696308240e-02
-7.273959632006059550e-01 6.796337785138979459e-01 -9.483165977091814747e-02
-7.405250069013512570e-01 6.650781496331344966e-01 -9.640421634749390956e-02
-7.535759289809204065e-01 6.500200673115262839e-01 -9.796548003438095009e-02
-7.665274336727004867e-01 6.344548509347188725e-01 -9.951250934403321757e-02
-7.790810595248685022e-01 6.190289381726075124e-01 -9.917600683187138833e-02
-7.912784810131983093e-01 6.034215733702904538e-01 -9.879663042027313213e-02
-8.031136324682164318e-01 5.876489670489982720e-01 -9.837270322651045507e-02
-8.145810278773228941e-01 5.717279304879484547e-01 -9.790263710508800843e-02
-8.256758054908948097e-01 5.556758422330263514e-01 -9.738493913348271469e-02
-8.363937696059198235e-01 5.395106102890357969e-01 -9.681821772622738187e-02
-8.467314290860786796e-01 5.232506302342040394e-01 -9.620118832326142455e-02
-8.566860322004438144e-01 5.069147395443581727e-01 -9.553267860143489776e-02
-8.662555973923969921e-01 4.905221684603447985e-01 -9.481163316184633427e-02
-8.754389396257052924e-01 4.740924877749566058e-01 -9.403711765027872316e-02
-8.842356919954826866e-01 4.576455539540243977e-01 -9.320832227331218856e-02
-8.926463223374461187e-01 4.412014520396481676e-01 -9.232456467865961247e-02
-9.006721446187646585e-01 4.247804368110955631e-01 -9.138529217480127753e-02
-9.083153249471157542e-01 4.084028727001048908e-01 -9.039008327197955994e-02
-9.155788820904328107e-01 3.920891729717396190e-01 -8.933864853393871930e-02
-9.224666824573208856e-01 3.758597386892303382e-01 -8.823083073733138659e-02
-9.289834295462618963e-01 3.597348979812369230e-01 -8.706660434333197973e-02
-9.351346479295357117e-01 3.437348461226489293e-01 -8.584607429356420905e-02
-9.409266618942727645e-01 3.278795869255463069e-01 -8.456947414983304045e-02
-9.463665689172843232e-01 3.121888759155483917e-01 -8.323716360422370175e-02
-9.514622082013971527e-01 2.966821657409087210e-01 -8.184962539277056137e-02
-9.562221245481515863e-01 2.813785542279166885e-01 -8.040746165199830209e-02
-9.606555278841916179e-01 2.662967354571083023e-01 -7.891138976309944320e-02
-9.647722487958929616e-01 2.514549541912242114e-01 -7.736223773325444364e-02
-9.685826904582756081e-01 2.368709639386134269e-01 -7.576093916755870239e-02
-9.720977773696928281e-01 2.225619888857465201e-01 -7.410852788814711878e-02
-9.753289013229916593e-01 2.085446898805812799e-01 -7.240613225937235498e-02
-9.782878650567385925e-01 1.948351345956260694e-01 -7.065496927928735516e-02
-9.809868240367796144e-01 1.814487719465705529e-01 -6.885633849821169716e-02
-9.834382268190506871e-01 1.684004107901523051e-01 -6.701161582484900514e-02
-9.856547544394993476e-01 1.557042028743066686e-01 -6.512224727930709944e-02
-9.876492592666257231e-01 1.433736299653315116e-01 -6.318974275050522060e-02
-9.894347037370131437e-01 1.314214950314376851e-01 -6.121566981289724291e-02
-9.910240993748549165e-01 1.198599173202013757e-01 -5.920164765426763620e-02
-9.924304464735204112e-01 1.087003311295398067e-01 -5.714934116264766550e-02
-9.936666747912896724e-01 9.795348803825178197e-02 -5.506045521623585681e-02
-9.947455855851851103e-01 8.762946233314757027e-02 -5.293672921567529888e-02
-9.956797952770080062e-01 7.773765934549461964e-02 -5.077993189322619477e-02
-9.964816810148960924e-01 6.828682638998440080e-02 -4.859185642835990582e-02
-9.971633283625677135e-01 5.928506598465810296e-02 -4.637431589417100042e-02
-9.976834153608102884e-01 4.967971164965559461e-02 -4.647288053500781696e-02
-9.981132424164389505e-01 4.005324853692517062e-02 -4.653699882445667263e-02
-9.984520802234148062e-01 3.041367304443001046e-02 -4.656663673254306940e-02
-9.986994779289396496e-01 2.076900103066694689e-02 -4.656179815849788989e-02
-9.988552640702277330e-01 1.112725335317154424e-02 -4.652252505000269156e-02
-9.989195464374495126e-01 1.496441358946498656e-03 -4.644889739620689656e-02
-9.988927108637418728e-01 -8.115447595910017103e-03 -4.634103309449368741e-02
-9.987754189499467028e-01 -1.770046452047368407e-02 -4.619908769188556252e-02
-9.985686047384272346e-01 -2.725071298131766240e-02 -4.602325400288356794e-02
-9.982734703568545420e-01 -3.675836303877658834e-02 -4.581376160641741774e-02
-9.978914806591816511e-01 -4.621566485541471481e-02 -4.557087622543690847e-02
-9.974243568970627694e-01 -5.561496190795639505e-02 -4.529489899348990850e-02
-9.968740694606732511e-01 -6.494870373751039649e-02 -4.498616561340000597e-02
-9.962428297331774596e-01 -7.420945817702535863e-02 -4.464504541387033509e-02
-9.955330811079371456e-01 -8.338992299950116760e-02 -4.427194031049210693e-02
-9.947474892218969300e-01 -9.248293693549257399e-02 -4.386728367822147895e-02
-9.938889314624014260e-01 -1.014814900138162473e-01 -4.343153914290106415e-02
-9.929604858079534857e-01 -1.103787331850462905e-01 -4.296519929983958624e-02
-9.919654190661010285e-01 -1.191679871932894152e-01 -4.246878436782136612e-02
-9.909071745737249026e-01 -1.278427506678019854e-01 -4.194284078719519304e-02
-9.897893594264912664e-01 -1.363967074121800738e-01 -4.138793977088905257e-02
-9.886157313051312512e-01 -1.448237328750530961e-01 -4.080467581731307691e-02
-9.873901849665297492e-01 -1.531178997923782481e-01 -4.019366519415008138e-02
-9.861167384673646952e-01 -1.612734829975044082e-01 -3.955554440199255534e-02
-9.847995191872591647e-01 -1.692849634010930582e-01 -3.889096862667097698e-02
-9.834427497171267518e-01 -1.771470311486965932e-01 -3.820061018893416288e-02
-9.820507336766368667e-01 -1.848545879692524152e-01 -3.748515699989276445e-02
-9.806278415225455625e-01 -1.924027487329119102e-01 -3.674531103032738222e-02
-9.791784964070687769e-01 -1.997868422414479372e-01 -3.598178680159835191e-02
-9.777071601425680880e-01 -2.070024112789440873e-01 -3.519530990548124655e-02
-9.762183193256217528e-01 -2.140452119545352416e-01 -3.438661555979666273e-02
-9.747164716701112175e-01 -2.209112123726246213e-01 -3.355644720621129423e-02
-9.732061125953238578e-01 -2.275965906692341556e-01 -3.270555515606609481e-02
-9.716917221112929548e-01 -2.340977324559435635e-01 -3.183469528954252503e-02
-9.701777520397281140e-01 -2.404112277152377353e-01 -3.094462781291617420e-02
-9.686686136049653673e-01 -2.465338671930156489e-01 -3.003611607807393780e-02
-9.671686654254422200e-01 -2.524626383355217940e-01 -2.910992546789221286e-02
-9.656822019323123563e-01 -2.581947208190580323e-01 -2.816682235049486338e-02
-9.642134422379996517e-01 -2.637274817215317091e-01 -2.720757310483549324e-02
-9.627665194737832222e-01 -2.690584703852171300e-01 -2.623294321948374530e-02
-9.613454706119413107e-01 -2.741854130200681583e-01 -2.524369646594370326e-02
-9.599542267845819765e-01 -2.791062070965490416e-01 -2.424059414729774764e-02
-9.585966041080835609e-01 -2.838189155762665949e-01 -2.322439442245451818e-02
-9.572762950190707443e-01 -2.883217610277221676e-01 -2.219585170578737901e-02
-9.559968601250872222e-01 -2.926131196732761897e-01 -2.115571614148248347e-02
-9.547617205705963839e-01 -2.966915154119637021e-01 -2.010473315147448189e-02
-9.535741509166628660e-01 -3.005556138611394368e-01 -1.904364305543477034e-02
-9.524372725306432530e-01 -3.042042164580913699e-01 -1.797318076089255215e-02
-9.513540474804447200e-01 -3.076362546607693260e-01 -1.689407552121346620e-02
-9.503272729263962937e-01 -3.108507842846515712e-01 -1.580705075883434910e-02
-9.493595760025167474e-01 -3.138469800105414542e-01 -1.471282395085565103e-02
-9.484534091779447396e-01 -3.166241300957678972e-01 -1.361210657382467756e-02
-9.476110460885180942e-01 -3.191816313188779453e-01 -1.250560410430278865e-02
-9.468345778279376734e-01 -3.215189841854730335e-01 -1.139401607159683597e-02
-9.461259096876101227e-01 -3.236357884203704405e-01 -1.027803615884882726e-02
-9.454867583341305393e-01 -3.255317387687799435e-01 -9.158352348516862751e-03
-9.449186494134119707e-01 -3.272066211266853042e-01 -8.035647108143690112e-03
-9.444229155706903578e-01 -3.286603090181230979e-01 -6.910597612195678793e-03
-9.440006948760035765e-01 -3.298927604345625597e-01 -5.783875995663413649e-03
-9.436529296452533799e-01 -3.309040150491218690e-01 -4.656149635044277632e-03
-9.433803656475842070e-01 -3.316941918159093117e-01 -3.528081452276310773e-03
-9.431835516905362482e-01 -3.322634869623601883e-01 -2.400330237160137013e-03
-9.430628395752390647e-01 -3.326121723800545271e-01 -1.273550983791007455e-03
-9.430183844147767003e-01 -3.327405944171477614e-01 -1.483952365250408231e-04
-9.430501453097677178e-01 -3.326491730732313856e-01 9.744885589781490578e-04
-9.431578863761401754e-01 -3.323384015951607040e-01 2.094454704060718514e-03
-9.433411781210220282e-01 -3.318088464701454687e-01 3.210859899095620806e-03
-9.435993991636013600e-01 -3.310611478101962435e-01 4.323062903552350907e-03
-9.439317382987113536e-01 -3.300960201198537280e-01 5.430424208335262772e-03
-9.443371969017528844e-01 -3.289142534370042559e-01 6.532305724539143495e-03
-9.448145916743623252e-01 -3.275167148344971801e-01 7.628070492661597098e-03
-9.453625577309492378e-01 -3.259043502682367754e-01 8.717082416192605682e-03
-9.459795520268525770e-01 -3.240781867554187734e-01 9.798706023368302861e-03
-9.466638571293817250e-01 -3.220393348646253817e-01 1.087230626072827576e-02
-9.474135853334064716e-01 -3.197889914975857728e-01 1.193724832195336774e-02
-9.482266831234240634e-01 -3.173284429405524021e-01 1.299289751528368529e-02
-9.491009359841534598e-01 -3.146590681614485630e-01 1.403861917262396591e-02
-9.500339735616762926e-01 -3.117823423272075845e-01 1.507377860323541423e-02
-9.510232751769487347e-01 -3.086998405140645163e-01 1.609774109468912334e-02
-9.520661756931473318e-01 -3.054132415819773017e-01 1.710987196351624814e-02
-9.531598717377746111e-01 -3.019243321828626314e-01 1.810953665773383861e-02
-9.543014282797346315e-01 -2.982350108709379000e-01 1.909610091315268321e-02
-9.554877855606918047e-01 -2.943472922821774307e-01 2.006893096508485796e-02
-9.567157663789508382e-01 -2.902633113487317340e-01 2.102739381676391531e-02
-9.579820837228374408e-01 -2.859853275131344352e-01 2.197085756547038568e-02
-9.592833487491283506e-01 -2.815157289062467649e-01 2.289869178701999658e-02
-9.606160791004778599e-01 -2.768570364521789062e-01 2.381026797892262306e-02
-9.619767075540249790e-01 -2.720119078628938092e-01 2.470496006215737797e-02
-9.633615909914506892e-01 -2.669831414848575779e-01 2.558214494113497314e-02
-9.647670196787048180e-01 -2.617736799599642006e-01 2.644120312103382525e-02
-9.661892268414443707e-01 -2.563866136630467141e-01 2.728151938130335408e-02
-9.676243985199455278e-01 -2.508251838786014765e-01 2.810248350372853213e-02
-9.690686836848853014e-01 -2.450927856799108018e-01 2.890349105304639010e-02
-9.705182045929550139e-01 -2.391929704745620888e-01 2.968394420770048212e-02
-9.719690673587978447e-01 -2.331294481814352726e-01 3.044325263791607464e-02
-9.734173727172737989e-01 -2.269060890055742963e-01 3.118083442788028431e-02
-9.748592269475807592e-01 -2.205269247789739262e-01 3.189611703842070572e-02
-9.762907529283255670e-01 -2.139961498372039139e-01 3.258853830619676262e-02
-9.777081012902739676e-01 -2.073181214039576115e-01 3.325754747505385578e-02
-9.791074616312451795e-01 -2.004973594580457819e-01 3.390260625484470963e-02
-9.804850737554835494e-01 -1.935385460600531071e-01 3.452318990269952204e-02
-9.818372388978704457e-01 -1.864465241188235367e-01 3.511878832142955459e-02
-9.831603308915607409e-01 -1.792262955811270986e-01 3.568890716948230901e-02
-9.844508072360736994e-01 -1.718830190312677086e-01 3.623306897663323284e-02
-9.857052200215622451e-01 -1.644220066909984346e-01 3.675081425940283225e-02
-9.869202266639557353e-01 -1.568487208138927558e-01 3.724170263003256237e-02
-9.880926004049452871e-01 -1.491687694722507729e-01 3.770531389274016376e-02
-9.892192405303735780e-01 -1.413879017386664994e-01 3.814124912090866015e-02
-9.902971822605286523e-01 -1.335120022685152841e-01 3.854913170884451817e-02
-9.913236062661311410e-01 -1.255470852938003756e-01 3.892860839177162552e-02
-9.922958477644648889e-01 -1.174992880429896192e-01 3.927935022780996294e-02
-9.932114051511319319e-01 -1.093748636056366685e-01 3.960105353582150933e-02
-9.940679481243216431e-01 -1.011801732646759461e-01 3.989344078319174286e-02
-9.948633252602689936e-01 -9.292167832326576893e-02 4.015626141785195308e-02
-9.955955710007243775e-01 -8.460593145688891092e-02 4.038929263913477313e-02
-9.962629120157671103e-01 -7.623956762506409190e-02 4.059234010239113483e-02
-9.968637729081399890e-01 -6.782929458043625293e-02 4.076523855267870367e-02
-9.973967812284482148e-01 -5.938188301616072889e-02 4.090785238325705259e-02
-9.978607717740257677e-01 -5.090415639534170977e-02 4.102007611508969032e-02
-9.982547901479954522e-01 -4.240298050879655334e-02 4.110183479405379869e-02
-9.985141575510139145e-01 -3.282342280795416678e-02 4.349827443845890457e-02
-9.986890332137339232e-01 -2.274953254626184418e-02 4.585491977824494858e-02
-9.987647665795675866e-01 -1.219058822463674023e-02 4.816981139793562183e-02
-9.987263729381846700e-01 -1.156584646039680517e-03 5.044100136126997147e-02
-9.985586023994287297e-01 1.034174350430068154e-02 5.266655869466624340e-02
-9.982460116504857650e-01 2.229290130814566562e-02 5.484457538212765548e-02
-9.977730382121522412e-01 3.468461697883085115e-02 5.697317283551939227e-02
-9.971240768597748882e-01 4.750382940501447770e-02 5.905050879647318757e-02
-9.962835578242966728e-01 6.073668030805556839e-02 6.107478461864405961e-02
-9.952360263399037121e-01 7.436851141062726656e-02 6.304425287178477832e-02
-9.939662230581516322e-01 8.838386696985028879e-02 6.495722520225803709e-02
-9.924591648053170401e-01 1.027665019766415694e-01 6.681208037831816438e-02
-9.907002251212302379e-01 1.174993962644845097e-01 6.860727244290945603e-02
-9.886752139851470167e-01 1.325647747059922610e-01 7.034133889199069289e-02
-9.863704561083866951e-01 1.479441336051958156e-01 7.201290879263913536e-02
-9.837728671554993864e-01 1.636182733183650095e-01 7.362071075253864838e-02
-9.808700272464937475e-01 1.795673370574560890e-01 7.516358065102174413e-02
-9.776502510928687384e-01 1.957708557492204293e-01 7.664046904170365715e-02
-9.741026541303741126e-01 2.122077987409805855e-01 7.805044813798026060e-02
-9.702172140318874316e-01 2.288566300625560213e-01 7.939271829529764846e-02
-9.664238436860006498e-01 2.446977387043979546e-01 7.840901853093283635e-02
-9.624296348230830800e-01 2.602731043887889784e-01 7.737643192032066242e-02
-9.582479180331631152e-01 2.755716912397728202e-01 7.629661561156242389e-02
-9.538923700044490417e-01 2.905832583912643097e-01 7.517126633121576362e-02
-9.493769529645266214e-01 3.052983644211214043e-01 7.400211256352814959e-02
-9.447158550181095071e-01 3.197083669046307253e-01 7.279090686216960204e-02
-9.399234317864001431e-01 3.338054173111305589e-01 7.153941834912200259e-02
-9.350141497163434456e-01 3.475824515023481776e-01 7.024942545055706811e-02
-9.300025313887733125e-01 3.610331761203099399e-01 6.892270891437851654e-02
-9.249031031134780090e-01 3.741520511763342105e-01 6.756104514872428302e-02
-9.197303450573178774e-01 3.869342691706825210e-01 6.616619991522348920e-02
-9.144986441094531404e-01 3.993757310850827302e-01 6.473992240527845499e-02
-9.092222496461442871e-01 4.114730195977926441e-01 6.328393972218206154e-02
-9.039152323170831504e-01 4.232233698734652605e-01 6.179995178656529781e-02
-8.985914459363151252e-01 4.346246382781933093e-01 6.028962667756818106e-02
-8.932644925239778821e-01 4.456752693641801710e-01 5.875459641729876420e-02
-8.879476905106645779e-01 4.563742614589731961e-01 5.719645320163681268e-02
-8.826540460845133662e-01 4.667211311815839259e-01 5.561674607628946249e-02
-8.773962276323290510e-01 4.767158771925998351e-01 5.401697805324193191e-02
-8.721865432002972041e-01 4.863589434680493095e-01 5.239860365938489584e-02
-8.670369208772163994e-01 4.956511823677834383e-01 5.076302690614976909e-02
-8.619588919836601582e-01 5.045938177489384113e-01 4.911159966644380176e-02
-8.569635769340393505e-01 5.131884083540573238e-01 4.744562044304195814e-02
-8.520616736250682388e-01 5.214368116820665700e-01 4.576633351084864743e-02
-8.472634481935188422e-01 5.293411485288699314e-01 4.407492841407131823e-02
-8.425787279782115391e-01 5.369037683631520119e-01 4.237253979832733553e-02
-8.380168965157497318e-01 5.441272156823371287e-01 4.066024755701003190e-02
-8.335868903963624676e-01 5.510141974737661208e-01 3.893907727084097020e-02
-8.292971978051552062e-01 5.575675518872099667e-01 3.721000091940466353e-02
-8.251558585748718366e-01 5.637902182069992607e-01 3.547393784356860091e-02
-8.211704655787196439e-01 5.696852081954162372e-01 3.373175593800537692e-02
-8.173481672956921518e-01 5.752555788636632972e-01 3.198427305352571914e-02
-8.136956713859364587e-01 5.805044067127358431e-01 3.023225858957149723e-02
-8.102192491198579871e-01 5.854347634739199835e-01 2.847643525797995817e-02
-8.069247405116506400e-01 5.900496933674025390e-01 2.671748099998730308e-02
-8.038175600156216571e-01 5.943521918876133459e-01 2.495603103936793257e-02
-8.009027026518900083e-01 5.983451861153763485e-01 2.319268005558225779e-02
-7.981847504366390567e-01 6.020315165496809007e-01 2.142798446181079508e-02
-7.956678790009815705e-01 6.054139204458378609e-01 1.966246477376685717e-02
-7.933558642915344850e-01 6.084950166418837680e-01 1.789660805618793760e-02
-7.912520892549208540e-01 6.112772918512661136e-01 1.613087043489266209e-02
-7.893595504175340283e-01 6.137630883970026652e-01 1.436567966324291644e-02
-7.876808642809620675e-01 6.159545933605674595e-01 1.260143773275894906e-02
-7.862182734624170166e-01 6.178538291176334241e-01 1.083852351848929411e-02
-7.849736525183224067e-01 6.194626452324084598e-01 9.077295450529834775e-03
-7.839485133978426612e-01 6.207827116825431757e-01 7.318094203810705974e-03
-7.831440104815838854e-01 6.218155133873872753e-01 5.561245398921083050e-03
-7.825609451689393703e-01 6.225623460136350262e-01 3.807062307316320775e-03
-7.821997699856001462e-01 6.230243130340469282e-01 2.055848554746583616e-03
-7.820605921905983138e-01 6.232023240168829137e-01 3.079008171591643937e-04
-7.821431768699128595e-01 6.230970941258527906e-01 -1.436488496342864683e-03
-7.824469495111519013e-01 6.227091448127054507e-01 -3.177028578655407155e-03
-7.829709980611450071e-01 6.220388056869629034e-01 -4.913427582945942979e-03
-7.837140744754551580e-01 6.210862175496877358e-01 -6.645390008964249633e-03
-7.846745957758596290e-01 6.198513365804827480e-01 -8.372614122306658302e-03
-7.858506446387745203e-01 6.183339396690874512e-01 -1.009478941162132368e-02
-7.872399695444143308e-01 6.165336308848956559e-01 -1.181159408888782410e-02
-7.888399845232036967e-01 6.144498490794019219e-01 -1.352269263812048983e-02
-7.906477685425919999e-01 6.120818766179324522e-01 -1.522773341812685630e-02
-7.926600645839715353e-01 6.094288492379641431e-01 -1.692634632529560826e-02
-7.944019931167423110e-01 6.071614717437967546e-01 -1.674580633214994840e-02
-7.961136148761719378e-01 6.049205829571129289e-01 -1.655904554005837095e-02
-7.977944177527336311e-01 6.027074067263207269e-01 -1.636613403537710149e-02
-7.994439072295592696e-01 6.005231586116781539e-01 -1.616714649787302435e-02
-8.010616063819073762e-01 5.983690446690995701e-01 -1.596216218846140469e-02
-8.026470558532056154e-01 5.962462602315815596e-01 -1.575126493075671222e-02
-8.041998138082432357e-01 5.941559886902817444e-01 -1.553454308640980601e-02
-8.057194558641688209e-01 5.920994002772949072e-01 -1.531208952421746899e-02
-8.072055750000306507e-01 5.900776508521752284e-01 -1.508400158300310726e-02
-8.086577814456706870e-01 5.880918806942541099e-01 -1.485038102828015703e-02
-8.100757025508581455e-01 5.861432133027989488e-01 -1.461133400272249770e-02
-8.114589826356171098e-01 5.842327542070465674e-01 -1.436697097047873357e-02
-8.128072828227694835e-01 5.823615897881314618e-01 -1.411740665537974081e-02
-8.141202808537743030e-01 5.805307861149101578e-01 -1.386275997310112279e-02
-8.153976708890023906e-01 5.787413877956568697e-01 -1.360315395735438131e-02
-8.166391632936366163e-01 5.769944168475790169e-01 -1.333871568019240859e-02
-8.178444844104340028e-01 5.752908715860661770e-01 -1.306957616652656279e-02
-8.190133763206285389e-01 5.736317255355507516e-01 -1.279587030296381635e-02
-8.201455965942865411e-01 5.720179263638163203e-01 -1.251773674108350165e-02
-8.212409180314578228e-01 5.704503948415444725e-01 -1.223531779528374240e-02
-8.227662216075954937e-01 5.682103175838960629e-01 -1.388456040455407665e-02
-8.244753614364156435e-01 5.656848080753401620e-01 -1.552667905471133078e-02
-8.263649417846911094e-01 5.628734122334273504e-01 -1.716118519056339040e-02
-8.284312339777314405e-01 5.597755972015884263e-01 -1.878757190766442570e-02
-8.306701771478578467e-01 5.563907633745480696e-01 -2.040531214255062592e-02
-8.330773790859568040e-01 5.527182574495902445e-01 -2.201385695696038078e-02
-8.356481172647279854e-01 5.487573864828008130e-01 -2.361263392436459968e-02
-8.383773401068163045e-01 5.445074329262713508e-01 -2.520104562744034452e-02
-8.412596685752182779e-01 5.399676706185345676e-01 -2.677846827541995045e-02
-8.442893981671187875e-01 5.351373816961888519e-01 -2.834425045052822723e-02
-8.474605013955991417e-01 5.300158743897572799e-01 -2.989771199297127161e-02
-8.507666308463915916e-01 5.246025016613056202e-01 -3.143814303415051054e-02
-8.542011228989743188e-01 5.188966806352317551e-01 -3.296480318793311437e-02
-8.577570022027358743e-01 5.128979127669465177e-01 -3.447692090990259195e-02
-8.614269869996090678e-01 5.066058046869285070e-01 -3.597369303452874895e-02
-8.652034953844144338e-01 5.000200896498938619e-01 -3.745428450012189270e-02
-8.690786525930763728e-01 4.931406495106322452e-01 -3.891782827125953026e-02
-8.730442994068130513e-01 4.859675371394898691e-01 -4.036342546808296960e-02
-8.770920017572748639e-01 4.785009991816148722e-01 -4.179014571144414047e-02
-8.812130616133542205e-01 4.707414990550150558e-01 -4.319702769232928313e-02
-8.850649455454918657e-01 4.635239058782429367e-01 -4.249273948110096621e-02
-8.887889310905737750e-01 4.564098098429149597e-01 -4.176509885985526388e-02
-8.923858272265492442e-01 4.494055598050665790e-01 -4.101438995960558082e-02
-8.958565675483285418e-01 4.425174346480783005e-01 -4.024092921843239190e-02
-8.992022038840017384e-01 4.357516326104257653e-01 -3.944506493284557352e-02
-9.024238994233886313e-01 4.291142608619454291e-01 -3.862717673943741326e-02
-9.055229213947267874e-01 4.226113253584989349e-01 -3.778767503004649975e-02
-9.085006333279396218e-01 4.162487210023386175e-01 -3.692700030390413946e-02
-9.113584869452888704e-01 4.100322221327571959e-01 -3.604562246044888674e-02
-9.140980137222818325e-01 4.039674733687838581e-01 -3.514404003666970339e-02
-9.167208161634717856e-01 3.980599808227962000e-01 -3.422277939297328070e-02
-9.192285588392472562e-01 3.923151037009909303e-01 -3.328239385166598119e-02
-9.216229592308488039e-01 3.867380463037230487e-01 -3.232346279219572294e-02
-9.239057784316824229e-01 3.813338504358222969e-01 -3.134659070731471431e-02
-9.260788117535140307e-01 3.761073882341541830e-01 -3.035240622430131208e-02
-9.281438792863392351e-01 3.710633554169418535e-01 -2.934156109531999707e-02
-9.301028164606325310e-01 3.662062649567346950e-01 -2.831472916090464753e-02
-9.319574646602971635e-01 3.615404411764217563e-01 -2.727260529042411022e-02
-9.337096619339794179e-01 3.570700142653708276e-01 -2.621590430323346432e-02
-9.353612338514868396e-01 3.527989152106438819e-01 -2.514535987403217904e-02
-9.369139845508767106e-01 3.487308711363183433e-01 -2.406172342574489434e-02
-9.383696880203764579e-01 3.448694010422420630e-01 -2.296576301301525916e-02
-9.397300796576757431e-01 3.412178119320829484e-01 -2.185826219916171820e-02
-9.409968481473123258e-01 3.377791953193090557e-01 -2.074001892919006065e-02
-9.421716276948727264e-01 3.345564240987554117e-01 -1.961184440119469533e-02
-9.432559906545715522e-01 3.315521497707045739e-01 -1.847456193821265039e-02
-9.442514405844664171e-01 3.287688000039256653e-01 -1.732900586232512946e-02
-9.451594057611363286e-01 3.262085765238784130e-01 -1.617602037253445396e-02
-9.459812331831101151e-01 3.238734533122860082e-01 -1.501645842768311971e-02
-9.467181830896971295e-01 3.217651751045060293e-01 -1.385118063542973080e-02
-9.473714240191605240e-01 3.198852561715671561e-01 -1.268105414805681917e-02
-9.479420284273945008e-01 3.182349793743783906e-01 -1.150695156566113042e-02
-9.484309688854396514e-01 3.168153954784385662e-01 -1.032974984707032626e-02
-9.488391148713027912e-01 3.156273227183595265e-01 -9.150329228643696439e-03
-9.491672301686512325e-01 3.146713466026458961e-01 -7.969572150950522335e-03
-9.494159708820408827e-01 3.139478199504244227e-01 -6.788362193179806395e-03
-9.495858840754148877e-01 3.134568631531675642e-01 -5.607583015020861476e-03
-9.496774070376919896e-01 3.131983646558800793e-01 -4.428117305666584569e-03
-9.496908671763519827e-01 3.131719816536946421e-01 -3.250845739531115202e-03
-9.496264825370339668e-01 3.133771410013246883e-01 -2.076645938241263555e-03
-9.494843629442922817e-01 3.138130403343276087e-01 -9.063914384567319567e-04
-9.492645117558194956e-01 3.144786494026117207e-01 2.590493349025630582e-04
-9.489668282196451754e-01 3.153727116180551904e-01 1.418814090393436455e-03
-9.485911104210672518e-01 3.164937458194680975e-01 2.572047687045615760e-03
-9.481370588033732894e-01 3.178400482593993770e-01 3.717903146810905279e-03
-9.476042802437699697e-01 3.194096948184462215e-01 4.855542662534637413e-03
-9.469922926633690397e-01 3.212005434537456017e-01 5.984138601372903689e-03
-9.463005301475893027e-01 3.232102368891959232e-01 7.102874503414029553e-03
-9.455283485509281549e-01 3.254362055556578870e-01 8.210946075080920864e-03
-9.446750315577504553e-01 3.278756707898999867e-01 9.307562176694851586e-03
-9.437397971685442810e-01 3.305256483013750413e-01 1.039194580337381678e-02
-9.427218045790142220e-01 3.333829519160294574e-01 1.146333505822276846e-02
-9.416201614174317669e-01 3.364441976062502726e-01 1.252098411655194060e-02
-9.404339313038588832e-01 3.397058078157390026e-01 1.356416417963633193e-02
-9.391621416932083299e-01 3.431640160875669698e-01 1.459216441630757644e-02
-9.378037919626218688e-01 3.468148720029124443e-01 1.560429289045212400e-02
-9.363578617023444739e-01 3.506542464370104306e-01 1.659987747228036659e-02
-9.348233191681649679e-01 3.546778371376668182e-01 1.757826673103313891e-02
-9.331991298525862399e-01 3.588811746303100514e-01 1.853883080660833835e-02
-9.314842651312039701e-01 3.632596284519846175e-01 1.948096225742405527e-02
-9.296777109403102646e-01 3.678084137149508215e-01 2.040407688168869443e-02
-9.277784764415172303e-01 3.725225979986555580e-01 2.130761450912561569e-02
-9.257856026292166085e-01 3.773971085668023639e-01 2.219103976010239343e-02
-9.236981708369675914e-01 3.824267399040977011e-01 2.305384276904491603e-02
-9.215153110994362962e-01 3.876061615650027714e-01 2.389553986897624202e-02
-9.192362103273020724e-01 3.929299263245071838e-01 2.471567423401065458e-02
-9.168601202536003081e-01 3.983924786185841782e-01 2.551381647665610861e-02
-9.143863651112843494e-01 4.039881632596160621e-01 2.628956519683370296e-02
-9.118143490033570053e-01 4.097112344097202374e-01 2.704254747961157279e-02
-9.091435629287432096e-01 4.155558647925887139e-01 2.777241933877225288e-02
-9.063735914291313200e-01 4.215161551222064151e-01 2.847886610348692588e-02
-9.035041188243004839e-01 4.275861437246609165e-01 2.916160274555590348e-02
-9.005349350059530522e-01 4.337598163272284313e-01 2.982037414489095359e-02
-8.974659407627721963e-01 4.400311159870404776e-01 3.045495529115986935e-02
-8.942971526123019155e-01 4.463939531299281893e-01 3.106515141978496986e-02
-8.910287071182867447e-01 4.528422156685275035e-01 3.165079808078246487e-02
-8.876608646752780496e-01 4.593697791674298814e-01 3.221176113924607842e-02
-8.841940127455947263e-01 4.659705170220941328e-01 3.274793670661290540e-02
-8.806286685370918743e-01 4.726383106174127380e-01 3.325925100219895986e-02
-8.769654811136099459e-01 4.793670594312595123e-01 3.374566014485258503e-02
-8.737348789511928393e-01 4.853377713199240051e-01 3.216537450605601312e-02
-8.706228723384213941e-01 4.909999438180872589e-01 3.057566987915976212e-02
-8.676359930216187566e-01 4.963548063895653617e-01 2.897743985275329226e-02
-8.647804064414271741e-01 5.014036791328135845e-01 2.737154359473698007e-02
-8.620619095830470702e-01 5.061479527899408470e-01 2.575880674890759781e-02
-8.594859296826072859e-01 5.105890697688051372e-01 2.414002249036728553e-02
-8.570575236904351968e-01 5.147285062235834596e-01 2.251595272669770428e-02
-8.547813783954438804e-01 5.185677552311800387e-01 2.088732943209249682e-02
-8.526618111189538940e-01 5.221083110935240690e-01 1.925485610195518116e-02
-8.507027708909312702e-01 5.253516547892016497e-01 1.761920931583225644e-02
-8.489078400267564550e-01 5.282992405919652024e-01 1.598104039694955500e-02
-8.472802360281701528e-01 5.309524838684370751e-01 1.434097715704188598e-02
-8.458228137378902556e-01 5.333127500627501405e-01 1.269962571560045821e-02
-8.445380676834958189e-01 5.353813448719045853e-01 1.105757238309975146e-02
-8.434281345524715645e-01 5.371595056122280276e-01 9.415385598196138531e-03
-8.424947957467432413e-01 5.386483937744582784e-01 7.773617909307012526e-03
-8.417394799715692821e-01 5.398490887625709833e-01 6.132807991374388500e-03
-8.411632658202384816e-01 5.407625828094987375e-01 4.493482688985195317e-03
-8.407668843226334676e-01 5.413897770612725591e-01 2.856159077356870517e-03
-8.405507214323134635e-01 5.417314788198110964e-01 1.221346532997544211e-03
-8.400287560676465981e-01 5.425396295444875339e-01 1.562525955066363824e-03
-8.394678837856233145e-01 5.434059843257003086e-01 1.900112609163873232e-03
-8.388683612268977852e-01 5.443297568867654368e-01 2.233929012076160334e-03
-8.382304560593100140e-01 5.453101242397840887e-01 2.563801340908582714e-03
-8.375544472206469804e-01 5.463462277072558271e-01 2.889559576024609399e-03
-8.368406251652178440e-01 5.474371739811428883e-01 3.211037638388113992e-03
-8.360892921125435695e-01 5.485820362175828357e-01 3.528073521125970127e-03
-8.353007622964494505e-01 5.497798551653839683e-01 3.840509415138007934e-03
-8.344753622128411319e-01 5.510296403263837961e-01 4.148191828592004762e-03
-8.336134308644490565e-01 5.523303711456940546e-01 4.450971700152393275e-03
-8.327153200008350353e-01 5.536809982298070976e-01 4.748704505802742865e-03
-8.317813943519744013e-01 5.550804445904891082e-01 5.041250359133837844e-03
-8.308120318537527416e-01 5.565276069123451519e-01 5.328474104981256038e-03
-8.298076238637505098e-01 5.580213568418993519e-01 5.610245406308776370e-03
-8.287685753657302312e-01 5.595605422959999409e-01 5.886438824246672565e-03
-8.276953051612903067e-01 5.611439887873276300e-01 6.156933891206954439e-03
-8.265882460472036009e-01 5.627705007647607616e-01 6.421615177010871547e-03
-8.254478449770211723e-01 5.644388629663286139e-01 6.680372347977463210e-03
-8.242745632055916705e-01 5.661478417824685749e-01 6.933100218935618966e-03
-8.230688764152167547e-01 5.678961866272924652e-01 7.179698798135903705e-03
-8.223444886792942166e-01 5.689634307889984699e-01 5.491680296737720852e-03
-8.218146632117929729e-01 5.697422032553298710e-01 3.805700314981876921e-03
-8.214799479415870742e-01 5.702334553202201839e-01 2.122207801815620930e-03
-8.213405412356536983e-01 5.704380093260711382e-01 4.416447490302793585e-04
-8.213962945488433309e-01 5.703565577208566939e-01 -1.235551497962609612e-03
-8.216467148380863783e-01 5.699896632938189489e-01 -2.908945941663752636e-03
-8.220909667394054043e-01 5.693377605757518056e-01 -4.578103653224027854e-03
-8.227278745128934201e-01 5.684011583901698028e-01 -6.242587519172533052e-03
-8.235559237674751065e-01 5.671800435419319664e-01 -7.901956020862316993e-03
-8.245732629837867478e-01 5.656744856300710556e-01 -9.555761053357590337e-03
-8.257777048598774483e-01 5.638844429716174389e-01 -1.120354579053291916e-02
-8.271667275106472372e-01 5.618097696230367477e-01 -1.284484260324882977e-02
-8.287374755579743901e-01 5.594502234854709100e-01 -1.447917103760511075e-02
-8.304867611543381711e-01 5.568054754792360894e-01 -1.610603586044810631e-02
-8.324110649883903479e-01 5.538751197719328223e-01 -1.772492517951593238e-02
-8.345065373263479414e-01 5.506586850430239544e-01 -1.933530864583938788e-02
-8.367689991482423206e-01 5.471556467657929801e-01 -2.093663574626968352e-02
-8.391939434429368516e-01 5.433654404851726571e-01 -2.252833419426900421e-02
-8.417765367303735591e-01 5.392874760670028911e-01 -2.410980842736825877e-02
-8.445116208836924709e-01 5.349211528908073277e-01 -2.568043821995917575e-02
-8.473937153276344114e-01 5.302658759541633016e-01 -2.723957742033529181e-02
-8.504170196929361492e-01 5.253210728521516826e-01 -2.878655282111860711e-02
-8.535754170091982562e-01 5.200862115902291638e-01 -3.032066317239458936e-02
-8.568624775208916189e-01 5.145608191831517741e-01 -3.184117834701695460e-02
-8.602714632126984284e-01 5.087445009863279521e-01 -3.334733866762361332e-02
-8.637953331311901684e-01 5.026369606992069361e-01 -3.483835440491446500e-02
-8.674267495898617675e-01 4.962380209730578584e-01 -3.631340545666885550e-02
-8.711580853436904359e-01 4.895476445478149086e-01 -3.777164121681312464e-02
-8.749814318176017958e-01 4.825659558346168110e-01 -3.921218064357589322e-02
-8.788886084704391477e-01 4.752932628523319769e-01 -4.063411253537885237e-02
-8.828711733721746890e-01 4.677300794178235188e-01 -4.203649602259380835e-02
-8.869204350671177073e-01 4.598771474810715576e-01 -4.341836128264306427e-02
-8.910274657897183648e-01 4.517354594876566432e-01 -4.477871048512149094e-02
-8.951831160921883690e-01 4.433062806426406044e-01 -4.611651897266843408e-02
-8.993780309345421609e-01 4.345911709417080715e-01 -4.743073668221057387e-02
-9.036026672777881519e-01 4.255920068277012636e-01 -4.872028980993064334e-02
-9.078473132098759946e-01 4.163110023235600532e-01 -4.998408272189083790e-02
-9.121021086216531959e-01 4.067507294863353939e-01 -5.122100011065599395e-02
-9.163570674365565383e-01 3.969141380215534531e-01 -5.242990939652582977e-02
-9.206021013831225952e-01 3.868045738929499766e-01 -5.360966337010569793e-02
-9.248270452837434874e-01 3.764257967596429943e-01 -5.475910307093352636e-02
-9.290216838165444857e-01 3.657819960713416529e-01 -5.587706089475192456e-02
-9.331757796899534663e-01 3.548778056523632651e-01 -5.696236391978805325e-02
-9.372791031516565230e-01 3.437183166071993701e-01 -5.801383744010178700e-02
-9.413214627353730934e-01 3.323090883842707011e-01 -5.903030869171120576e-02
-9.452927371304722381e-01 3.206561578404514279e-01 -6.001061075483254265e-02
-9.491829080411243735e-01 3.087660461570120307e-01 -6.095358661321143706e-02
-9.529820938837135769e-01 2.966457634678845157e-01 -6.185809334920881752e-02
-9.566805841538945643e-01 2.843028110736149361e-01 -6.272300645107435624e-02
-9.602688742782629072e-01 2.717451811290214070e-01 -6.354722420673186711e-02
-9.637377007504132065e-01 2.589813537093653140e-01 -6.432967215645352121e-02
-9.670780763374786648e-01 2.460202911786706914e-01 -6.506930757505208218e-02
-9.702813251313767706e-01 2.328714298045504449e-01 -6.576512395271170985e-02
-9.733391172091976351e-01 2.195446685863300385e-01 -6.641615544234404089e-02
-9.762435026597314769e-01 2.060503552871737198e-01 -6.702148124043257049e-02
-9.789869447282603110e-01 1.923992696860418739e-01 -6.758022986774407659e-02
-9.815623518296472394e-01 1.786026040913347712e-01 -6.809158331606879333e-02
-9.839631081805891855e-01 1.646719411846654657e-01 -6.855478102732047441e-02
-9.861831028057804760e-01 1.506192292899850016e-01 -6.896912367190008442e-02
-9.882167566797201985e-01 1.364567551898651088e-01 -6.933397669420963971e-02
-9.900906211170733551e-01 1.232424039315515585e-01 -6.731921146421046553e-02
-9.917396506424956959e-01 1.104246377012716718e-01 -6.526001039439617568e-02
-9.931786489914586902e-01 9.801647264987686792e-02 -6.315810594110592147e-02
-9.944224215124334298e-01 8.603015377790863838e-02 -6.101527801956075497e-02
-9.954857074300502706e-01 7.447715968880012916e-02 -5.883334732091983349e-02
-9.963831137234226976e-01 6.336821119331360885e-02 -5.661416893011779472e-02
-9.971290509609247454e-01 5.271328341422590325e-02 -5.435962628671212743e-02
-9.977376713932697427e-01 4.252162101660626747e-02 -5.207162552478932643e-02
-9.982228095669875012e-01 3.280175617131673993e-02 -4.975209022167205453e-02
-9.985979256810776361e-01 2.356152884744017531e-02 -4.740295657883348418e-02
-9.988760518714149272e-01 1.480810902295713952e-02 -4.502616905214737453e-02
-9.990697415709953733e-01 6.548020401830988504e-03 -4.262367644246200377e-02
-9.991910220598487768e-01 -1.212834770653262000e-03 -4.019742845155120647e-02
-9.992513502868406450e-01 -8.469150194328280840e-03 -3.774937270282380936e-02
-9.992615720169645277e-01 -1.521618969027332263e-02 -3.528145222081137400e-02
-9.992318843323390043e-01 -2.144976143887345962e-02 -3.279560335843970803e-02
-9.991718014931283420e-01 -2.716619263327704412e-02 -3.029375415644992853e-02
-9.990901241460711235e-01 -3.236230488028056518e-02 -2.777782311508778315e-02
-9.989949118532353012e-01 -3.703539065698133181e-02 -2.524971835433688361e-02
-9.988934589019404786e-01 -4.118319110598920446e-02 -2.271133713553548025e-02
-9.987922733483693971e-01 -4.480387542493587116e-02 -2.016456571418632354e-02
-9.986970592420360004e-01 -4.789602207778591303e-02 -1.761127949113838048e-02
-9.986127019757493617e-01 -5.045860202632313635e-02 -1.505334342707826886e-02
-9.985432567057270781e-01 -5.249096415040665348e-02 -1.249261268340655893e-02
-9.984919397887557224e-01 -5.399282299537675606e-02 -9.930933451076527987e-03
-9.984611231874218618e-01 -5.496424895452040743e-02 -7.370143927827355751e-03
-9.984523318000859682e-01 -5.540566096393170770e-02 -4.812075403437566200e-03
-9.984662436790577855e-01 -5.531782175654934713e-02 -2.258553412146146588e-03
-9.985026931079683532e-01 -5.470183569172866467e-02 2.886010887713729399e-04
-9.985606765172245769e-01 -5.355914914650306002e-02 2.827570555134240830e-03
-9.986383612242877295e-01 -5.189155342479385979e-02 5.356539747101973607e-03
-9.987330969929421043e-01 -4.970119011132300563e-02 7.873694715182982806e-03
-9.988414304123417464e-01 -4.699055876795694281e-02 1.037722191959594524e-02
-9.989591221020770462e-01 -4.376252684176018537e-02 1.286530752021145148e-02
-9.990811667534420515e-01 -4.002034162627616382e-02 1.533613687263368601e-02
-9.992018160191932230e-01 -3.576764409061263666e-02 1.778789426400464654e-02
-9.993146042640765891e-01 -3.100848436494442820e-02 2.021876291982225432e-02
-9.994123771860116134e-01 -2.574733864623868218e-02 2.262692531045478947e-02
-9.994873233128369616e-01 -1.998912726456538239e-02 2.501056378310462930e-02
-9.995310083717822147e-01 -1.373923362851581578e-02 2.736786154172365579e-02
-9.995933641940093484e-01 -8.066988605803546847e-03 2.735019262081853780e-02
-9.996240693948726941e-01 -2.400435656098283584e-03 2.731228434453962864e-02
-9.996232337662880330e-01 3.256056837924077574e-03 2.725420495204665741e-02
-9.995910609141275271e-01 8.898138233464258223e-03 2.717604005305757076e-02
-9.995278472432009842e-01 1.452148051990738431e-02 2.707789249476445087e-02
-9.994339806429484163e-01 2.012178315018824798e-02 2.695988219755150392e-02
-9.993099388800685823e-01 2.569477779600702963e-02 2.682214596020911571e-02
-9.991562877055233383e-01 3.123623301219386958e-02 2.666483723548821252e-02
-9.989736786845229144e-01 3.674195879611999449e-02 2.648812587698271687e-02
-9.987628467592034598e-01 4.220781102874048007e-02 2.629219785846341473e-02
-9.985246075547544731e-01 4.762969578462328962e-02 2.607725496691319644e-02
-9.982598544407224050e-01 5.300357349916334782e-02 2.584351447063049784e-02
-9.979695553601162228e-01 5.832546298209213831e-02 2.559120876387406887e-02
-9.976547494397552951e-01 6.359144526736397462e-02 2.532058498961712104e-02
-9.973165433960279325e-01 6.879766729052164131e-02 2.503190464206212981e-02
-9.969561077508750646e-01 7.394034538570767867e-02 2.472544315063836956e-02
-9.965746728733611004e-01 7.901576859558366583e-02 2.440148944726247202e-02
-9.961735248626570893e-01 8.402030178854066889e-02 2.406034551868767996e-02
-9.957540012886270109e-01 8.895038857871859217e-02 2.370232594579984101e-02
-9.953174868064846859e-01 9.380255404549341092e-02 2.332775743173767444e-02
-9.948654086621735448e-01 9.857340725022892269e-02 2.293697832072150861e-02
-9.943992321052170791e-01 1.032596435492159070e-01 2.253033810946871232e-02
-9.939204557257972361e-01 1.078580467028279477e-01 2.210819695305602656e-02
-9.934306067327460799e-01 1.123654907820018228e-01 2.167092516705889163e-02
-9.929312361889802707e-01 1.167789418741940755e-01 2.121890272775680750e-02
-9.924239142206842113e-01 1.210954595919669641e-01 2.075251877214171967e-02
-9.919102252162474986e-01 1.253121983883109247e-01 2.027217109940460463e-02
-9.913917630306020579e-01 1.294264086837102756e-01 1.977826567550414541e-02
-9.908701262101834439e-01 1.334354378107996952e-01 1.927121614234170860e-02
-9.903469132532655150e-01 1.373367307832375206e-01 1.875144333297941793e-02
-9.898237179198980940e-01 1.411278308961318728e-01 1.821937479424385817e-02
-9.893021246051137974e-01 1.448063801659971450e-01 1.767544431795772114e-02
-9.887837037884742442e-01 1.483701196187868498e-01 1.712009148193640445e-02
-9.882700075723976907e-01 1.518168894350429010e-01 1.655376120177708132e-02
-9.877625653210632128e-01 1.551446289616213170e-01 1.597690329435491260e-02
-9.872628794110188677e-01 1.583513765997970335e-01 1.538997205382588822e-02
-9.867724211039428095e-01 1.614352695798189630e-01 1.479342584081887700e-02
-9.862926265513229929e-01 1.643945436321790077e-01 1.418772668538196939e-02
-9.858248929401345340e-01 1.672275325659773326e-01 1.357333990413061263e-02
-9.853705747879103471e-01 1.699326677648127504e-01 1.295073373192836413e-02
-9.849309803949253261e-01 1.725084776106032280e-01 1.232037896831593426e-02
-9.845073684605494257e-01 1.749535868456488230e-01 1.168274863879126789e-02
-9.841009448701751872e-01 1.772667158830927292e-01 1.103831767093338412e-02
-9.837128596584905349e-01 1.794466800757155145e-01 1.038756258525611736e-02
-9.833442041542566070e-01 1.814923889527194079e-01 9.730961200575398082e-03
-9.829960083111559666e-01 1.834028454338246239e-01 9.068992353575668422e-03
-9.826692382287098848e-01 1.851771450296131327e-01 8.402135632168045154e-03
-9.823647938667180446e-01 1.868144750366212137e-01 7.730871122145195271e-03
-9.820835069561554276e-01 1.883141137352020988e-01 7.055679166555996890e-03
-9.818261391089665446e-01 1.896754295976619542e-01 6.377040137147274926e-03
-9.815933801287294314e-01 1.908978805136156975e-01 5.695434217150414057e-03
-9.813858465237157436e-01 1.919810130389219271e-01 5.011341194627743495e-03
-9.812040802234558434e-01 1.929244616739401175e-01 4.325240265537455032e-03
-9.810485474995177535e-01 1.937279481762125555e-01 3.637609845626574821e-03
-9.809196380908340451e-01 1.943912809120136587e-01 2.948927390219294870e-03
-9.808176645335549004e-01 1.949143542505320792e-01 2.259669220932880238e-03
-9.807428616950653044e-01 1.952971480037626051e-01 1.570310358325402011e-03
-9.806953865114848012e-01 1.955397269144873162e-01 8.813243594587778004e-04
