1.000000000000000000e+00 0.000000000000000000e+00 0.000000000000000000e+00
9.999842523930370097e-01 2.305111757976300094e-03 -5.116800305294148810e-03
9.999321096903077688e-01 5.636230376708354500e-03 -1.019850140300195690e-02
9.998340684324943384e-01 9.985058131634121786e-03 -1.523598029572196741e-02
9.996778445597377383e-01 1.534126288880787239e-02 -2.022014010329994255e-02
9.994485101805742344e-01 2.169242205907226384e-02 -2.514192005227897445e-02
9.991286571850332976e-01 2.902395914241532107e-02 -2.999230863536847536e-02
9.986985871178100105e-01 3.731907570671956498e-02 -3.476236035222598358e-02
9.981365264939882076e-01 4.655868199854593797e-02 -3.944321634702504381e-02
9.974188664537048110e-01 5.672132967158100003e-02 -4.402612914987827364e-02
9.965204253148860492e-01 6.778315032984801036e-02 -4.850249160975081408e-02
9.954147321995564512e-01 7.971780370699078910e-02 -5.286386997806903632e-02
9.940743294874605507e-01 9.249643932998863338e-02 -5.710204096735783941e-02
9.924710914024772457e-01 1.060876754371513631e-01 -6.120903247101203148e-02
9.905765555773626829e-01 1.204575987299695977e-01 -6.517716749231654283e-02
9.883622639883038463e-01 1.355697882330592630e-01 -6.899911069710999711e-02
9.858001092223287465e-01 1.513853661163273023e-01 -7.266791687940434008e-02
9.828626816588653670e-01 1.678630778030421877e-01 -7.617708051737732966e-02
9.795236128330755410e-01 1.849594030557317748e-01 -7.952058550298383988e-02
9.757579100236459801e-01 2.026286990125260035e-01 -8.269295405629427387e-02
9.715422769901572719e-01 2.208233753581660130e-01 -8.568929378939979524e-02
9.668554157904359903e-01 2.394941009791614062e-01 -8.850534186744965504e-02
9.616783047475939705e-01 2.585900405978417416e-01 -9.113750522828470424e-02
9.559944479156541330e-01 2.780591190342629471e-01 -9.358289586824754258e-02
9.497900918116553015e-01 2.978483099383866239e-01 -9.583936027984468753e-02
9.430544057344376618e-01 3.179039450978403125e-01 -9.790550223541211183e-02
9.357796226630610281e-01 3.381720397874280470e-01 -9.978069824683781508e-02
9.279611385021044878e-01 3.585986291107406965e-01 -1.014651051904950640e-01
9.195975682928032580e-01 3.791301099124402274e-01 -1.029596597635038108e-01
9.106907589098458544e-01 3.997135826269700432e-01 -1.042660696260681585e-01
9.012457586827251621e-01 4.202971873837874628e-01 -1.053867962781747797e-01
8.912707452857621115e-01 4.408304288117518843e-01 -1.063250299104017416e-01
8.807769141008134905e-01 4.612644842698345182e-01 -1.070846566511366310e-01
8.697783300419824615e-01 4.815524906647843939e-01 -1.076702187997808091e-01
8.582917465167877458e-01 5.016498055796897448e-01 -1.080868687819654950e-01
8.463363957625600342e-01 5.215142391064843119e-01 -1.083403176839276838e-01
8.339337552254441066e-01 5.411062535228131631e-01 -1.084367793157362259e-01
8.211072949337214766e-01 5.603891287497496654e-01 -1.083829108151205950e-01
8.078822109550416464e-01 5.793290923416893889e-01 -1.081857508347083413e-01
7.942851500225023287e-01 5.978954135644635182e-01 -1.078526563563052265e-01
7.803439302767849473e-01 6.160604618858644965e-01 -1.073912391484209694e-01
7.660872628148038821e-01 6.337997309114058453e-01 -1.068093028305092812e-01
7.532101095433114679e-01 6.497689732222886594e-01 -1.023466288671080332e-01
7.405862545001127284e-01 6.647968368878593992e-01 -9.786309463492526284e-02
7.282616916919182337e-01 6.789091409644076869e-01 -9.336651770401172001e-02
7.162787118024811495e-01 6.921329649332580436e-01 -8.886386069475489535e-02
7.046759993660375310e-01 7.044962276006710988e-01 -8.436125349604622903e-02
6.934887599910246614e-01 7.160273023018983718e-01 -7.986402225840240343e-02
6.827488710393655458e-01 7.267546687921945248e-01 -7.537672380720596144e-02
6.724850497085747003e-01 7.367066013686618398e-01 -7.090318424159666733e-02
6.627230330566857841e-01 7.459108920935720866e-01 -6.644654061610520690e-02
6.534857651240802978e-01 7.543946074706979754e-01 -6.200928473861096191e-02
6.447935869179423074e-01 7.621838765464653553e-01 -5.759330825455932085e-02
6.366644256158349169e-01 7.693037081509995767e-01 -5.319994831965677018e-02
6.291139799012475109e-01 7.757778348433731486e-01 -4.883003328856885122e-02
6.221558988566053827e-01 7.816285810638682330e-01 -4.448392796346834627e-02
6.158019523025103359e-01 7.868767530080672534e-01 -4.016157805236759970e-02
6.100621908832092322e-01 7.915415478086476053e-01 -3.586255358238615853e-02
6.049450945571666072e-01 7.956404797280560715e-01 -3.158609109730226017e-02
6.004577084596705028e-01 7.991893212176599537e-01 -2.733113454212821730e-02
5.966057653645034931e-01 8.022020568771200955e-01 -2.309637480050581726e-02
5.933937941876978872e-01 8.046908485438587499e-01 -1.888028790407662513e-02
5.896431289645945872e-01 8.074701863317584882e-01 -1.768899738715677336e-02
5.860772047100315518e-01 8.100873121010133682e-01 -1.649481337705840239e-02
5.826980996294606197e-01 8.125447101037444053e-01 -1.529839030191687196e-02
5.795076651411954494e-01 8.148448125506203565e-01 -1.410033607589855631e-02
5.765075347711847709e-01 8.169899895279874036e-01 -1.290121467458429060e-02
5.736991328691929404e-01 8.189825399127038663e-01 -1.170154873333734483e-02
5.710836830948733400e-01 8.208246832406649318e-01 -1.050182215767018340e-02
5.686622166283080704e-01 8.225185524847954399e-01 -9.302482735954062387e-03
5.664355800653455564e-01 8.240661876986247192e-01 -8.103944746059231832e-03
5.644044429634886839e-01 8.254695304823548296e-01 -6.906591548667855192e-03
5.625693050091624681e-01 8.267304192295343857e-01 -5.710778161064643081e-03
5.609305027819279088e-01 8.278505851139914551e-01 -4.516833806180862998e-03
5.594882160956123895e-01 8.288316487785053477e-01 -3.325064432546064909e-03
5.582424739004094860e-01 8.296751176887544599e-01 -2.135755201589615692e-03
5.571931597337808073e-01 8.303823841183205490e-01 -9.491729394327298210e-04
5.563400167114789241e-01 8.309547237329162339e-01 2.344314490766131413e-04
5.556826520532330838e-01 8.313932947444881982e-01 1.414820605805957275e-03
5.552205411406149205e-01 8.316991376084073018e-01 2.591768385531694613e-03
5.549530311073501698e-01 8.318731752395442935e-01 3.765057563789045002e-03
5.548793439648933568e-01 8.319162137256296274e-01 4.934477586990884332e-03
5.549985792684510866e-01 8.318289435188725989e-01 6.099822365205638704e-03
5.553097163308580164e-01 8.316119410893512143e-01 7.260888107830581334e-03
5.558116159937884770e-01 8.312656710261537851e-01 8.417471202307782660e-03
5.565030219677598033e-01 8.307904885746402179e-01 9.569366136002415216e-03
5.573825617542615962e-01 8.301866426004760324e-01 1.071636346139390183e-02
5.584487471651531365e-01 8.294542789732569643e-01 1.185824780481643109e-02
5.596999744562238810e-01 8.285934443645727177e-01 1.299479591912357235e-02
5.611345240935280421e-01 8.276040904572402601e-01 1.412577478083911278e-02
5.627505601727974538e-01 8.264860785641506835e-01 1.525093973258987400e-02
5.645461295139161395e-01 8.252391846567127542e-01 1.637003267189316227e-02
5.665191604541248704e-01 8.238631048042186489e-01 1.748278028768868175e-02
5.686674613653113219e-01 8.223574610265943496e-01 1.858889234635918014e-02
5.709887189224479576e-01 8.207218075639114430e-01 1.968806002937261920e-02
5.734804961519608391e-01 8.189556375667188526e-01 2.077995432509796916e-02
5.761402302905567208e-01 8.170583902116808073e-01 2.186422447779340361e-02
5.789652304867930477e-01 8.150294582471753202e-01 2.294049649723581621e-02
5.819526753794505014e-01 8.128681959733966567e-01 2.400837173295041274e-02
5.850996105885443166e-01 8.105739276611018118e-01 2.506742551750408554e-02
5.884029461565861707e-01 8.081459564124342521e-01 2.611720588384170913e-02
5.918594539794630460e-01 8.055835734662332159e-01 2.715723236216532888e-02
5.964146373388480304e-01 8.020671542995598813e-01 3.127111602780322658e-02
6.015829256698895788e-01 7.980259769127143743e-01 3.539132667933329174e-02
6.073555898017578558e-01 7.934465714039843354e-01 3.951895872195582138e-02
6.137226480264483808e-01 7.883138906815613245e-01 4.365481911652120683e-02
6.206727526686235397e-01 7.826113814107269473e-01 4.779939216218275638e-02
6.281930664014433452e-01 7.763210673266202067e-01 5.195280352633623033e-02
6.362691294071601833e-01 7.694236466363988391e-01 5.611478361340038745e-02
6.448847187240208667e-01 7.618986053340954800e-01 6.028463042663834148e-02
6.540217014014028107e-01 7.537243483183453385e-01 6.446117214747348889e-02
6.636598834032616523e-01 7.448783502291821401e-01 6.864272973457125060e-02
6.737768565545387833e-01 7.353373278959403070e-01 7.282707992999945534e-02
6.843478462129495288e-01 7.250774362036438436e-01 7.701141915133016824e-02
6.953455627640683367e-01 7.140744890290535718e-01 8.119232884542203210e-02
7.067400604726806757e-01 7.023042066583503606e-01 8.536574298008407780e-02
7.184986076667523314e-01 6.897424907649335468e-01 8.952691845148580407e-02
7.305855726674281847e-01 6.763657275874676023e-01 9.367040928493954033e-02
7.429623302909044158e-01 6.621511193961616693e-01 9.779004560066192897e-02
7.555871941137597414e-01 6.470770436629554867e-01 1.018789183996466619e-01
7.684153799866758616e-01 6.311234385561624860e-01 1.059293712924038733e-01
7.813990064734740448e-01 6.142722124645044746e-01 1.099330003389045185e-01
7.944871379515832110e-01 5.965076742279632471e-01 1.138806631849401674e-01
8.076258760035988082e-01 5.778169796295955507e-01 1.177624986613052399e-01
8.207585044248543182e-01 5.581905885082012464e-01 1.215679579508091163e-01
8.338256926385093637e-01 5.376227256207692928e-01 1.252858483176817195e-01
8.467657615218261435e-01 5.161118371600874610e-01 1.289043902289971621e-01
8.595150145868093450e-01 4.936610336705216096e-01 1.324112884744440555e-01
8.720081361174298884e-01 4.702785090660596690e-01 1.357938176074847958e-01
8.841786562499014401e-01 4.459779246081713167e-01 1.390389216888990309e-01
8.959594811137426840e-01 4.207787461193661649e-01 1.421333279175698849e-01
9.072834840697300285e-01 3.947065224636714387e-01 1.450636732917051641e-01
9.180841518458328077e-01 3.677930934844256261e-01 1.478166429691870343e-01
9.282962770626329574e-01 3.400767162087638407e-01 1.503791185052181789e-01
9.378566863519346430e-01 3.116020992461462358e-01 1.527383336594250463e-01
9.467049911167082499e-01 2.824203369419815424e-01 1.548820350066322793e-01
9.547843460763774104e-01 2.525887369861227194e-01 1.567986441810390319e-01
9.620421992096943598e-01 2.221705377781090784e-01 1.584774182582854019e-01
9.684310156624974519e-01 1.912345148423258423e-01 1.599086045582853721e-01
9.739089577284566479e-01 1.598544788610193335e-01 1.610835860548088527e-01
9.784405032120316870e-01 1.281086713177630176e-01 1.619950136215135006e-01
9.819969853865048171e-01 9.607906716364175703e-02 1.626369215374521005e-01
9.845570393698577227e-01 6.385059716597721313e-02 1.630048230188298197e-01
9.861069420193506740e-01 3.151030550643691558e-02 1.630957830298460087e-01
9.866408353118001351e-01 -8.535393958950046600e-04 1.629084662367726866e-01
9.861608265119690131e-01 -3.315236108566021328e-02 1.624431586807038308e-01
9.846769620855821969e-01 -6.529819750605567186e-02 1.617017625235838696e-01
9.822070761135649475e-01 -9.720460863334495771e-02 1.606877640324160528e-01
9.787765177272583772e-01 -1.287875488440958227e-01 1.594061757690050929e-01
9.744177656302616120e-01 -1.599661848925276186e-01 1.578634547088001439e-01
9.691699409360204909e-01 -1.906636424189351031e-01 1.560673986872007646e-01
9.630782321924594713e-01 -2.208076665365103219e-01 1.540270241354989578e-01
9.561932484819208877e-01 -2.503311851074154770e-01 1.517524284993280459e-01
9.485703178129487601e-01 -2.791727666562017207e-01 1.492546410165612736e-01
9.402687486389196270e-01 -3.072769683103322991e-01 1.465454656645621134e-01
9.313510722669267050e-01 -3.345945725402283966e-01 1.436373200727513733e-01
9.218822832146897905e-01 -3.610827146476328076e-01 1.405430740475666906e-01
9.119290933189401205e-01 -3.867049057981582494e-01 1.372758910912431352e-01
9.015592137019804442e-01 -4.114309588183086563e-01 1.338490759360816962e-01
8.908406766820323730e-01 -4.352368259179548726e-01 1.302759306871681955e-01
8.798412074887494994e-01 -4.581043589273082195e-01 1.265696216946825547e-01
8.686276533343224582e-01 -4.800210035537086917e-01 1.227430587868140188e-01
8.572654750982826588e-01 -5.009794395944480172e-01 1.188087880083273512e-01
8.458183047000813470e-01 -5.209771790340467224e-01 1.147788985471189099e-01
8.343475692289791246e-01 -5.400161335689643849e-01 1.106649441068416756e-01
8.229121811274060505e-01 -5.581021624092850075e-01 1.064778786088854540e-01
8.115682922143272471e-01 -5.752446102783635995e-01 1.022280057886274657e-01
8.003691081043551314e-01 -5.914558444392902237e-01 9.792494199214207828e-02
7.893647586263375926e-01 -6.067507983879464328e-01 9.357759128047668518e-02
7.786022191596201347e-01 -6.211465286255147822e-01 8.919413180655046125e-02
7.681252773655877775e-01 -6.346617897085966575e-01 8.478201234012772147e-02
7.579745395685790754e-01 -6.473166316128453612e-01 8.034795777322510657e-02
7.481874710023572739e-01 -6.591320223667059830e-01 7.589798243501832964e-02
7.387984642531794099e-01 -6.701294979367594662e-01 7.143741007481339833e-02
7.298389304658045029e-01 -6.803308404883406935e-01 6.697089942703124410e-02
7.213374082041008606e-01 -6.897577854105556572e-01 6.250247434691161286e-02
7.133196852457065473e-01 -6.984317568838157575e-01 5.803555759385974067e-02
7.058089290163925833e-01 -7.063736312763395642e-01 5.357300743585060449e-02
6.988258218140530609e-01 -7.136035272762786263e-01 4.911715634866528624e-02
6.923886974180557541e-01 -7.201406213885660490e-01 4.466985118433979690e-02
6.865136761141064081e-01 -7.260029872393520822e-01 4.023249428118410437e-02
6.812147955782091868e-01 -7.312074570245494787e-01 3.580608508088441166e-02
6.765041354491264647e-01 -7.357695034012009527e-01 3.139126190494216651e-02
6.723919337728792023e-01 -7.397031401402284212e-01 2.698834362194509062e-02
6.688866938233927195e-01 -7.430208399265333385e-01 2.259737100824519423e-02
6.659952800902365633e-01 -7.457334677982787596e-01 1.821814766720253678e-02
6.637230024788143279e-01 -7.478502288533968034e-01 1.385028042615910060e-02
6.620736879926988339e-01 -7.493786290109225590e-01 9.493219175830298895e-03
6.610497393652656761e-01 -7.503244477916181099e-01 5.146296154054644766e-03
6.606521802821410105e-01 -7.506917222714124538e-01 8.087647051025163153e-04
6.608806869914286564e-01 -7.504827415581167838e-01 -3.520162432686599514e-03
6.617336062396431684e-01 -7.496980513430044901e-01 -7.841275243999988598e-03
6.632079596023131574e-01 -7.483364682809834356e-01 -1.215532888441201234e-02
6.652994344038993813e-01 -7.463951041533956055e-01 -1.646300638493369481e-02
6.680023615465073838e-01 -7.438693999632775000e-01 -2.076488154583210413e-02
6.713096806952333351e-01 -7.407531703015649560e-01 -2.506138196560851739e-02
6.752128934039970387e-01 -7.370386585014474523e-01 -2.935275217092175870e-02
6.797020049132206365e-01 -7.327166032638404713e-01 -3.363901683969632711e-02
6.847654555131372778e-01 -7.277763175863107836e-01 -3.791994414264147906e-02
6.903900425467557334e-01 -7.222057809568477316e-01 -4.219500926788721795e-02
6.965608343268270275e-01 -7.159917458781128730e-01 -4.646335823932532666e-02
7.032610774629890482e-01 -7.091198598620974680e-01 -5.072377219134464876e-02
7.113279819035518425e-01 -7.004074402234629071e-01 -5.866804169130636348e-02
7.203210660580877667e-01 -6.904318977126265855e-01 -6.664364301728592510e-02
7.301975057221928855e-01 -6.791457117366390683e-01 -7.465067361461018292e-02
7.409072889753043345e-01 -6.664976662116707251e-01 -8.268777275648829528e-02
7.523926004334046125e-01 -6.524335018764596539e-01 -9.075195672718018580e-02
7.645871946207914993e-01 -6.368966933408393150e-01 -9.883845723110248893e-02
7.774157785730203551e-01 -6.198293627367819081e-01 -1.069405666175030079e-01
7.907934276642024640e-01 -6.011733401239399699e-01 -1.150494943965092443e-01
8.046250626665798489e-01 -5.808713780319872955e-01 -1.231542404344362768e-01
8.188050199931878881e-01 -5.588685235398392903e-01 -1.312414911099227255e-01
8.332167506705825399e-01 -5.351136459687594327e-01 -1.392955455289056343e-01
8.477326864921481686e-01 -5.095611115283799064e-01 -1.472982795618442142e-01
8.622143136019280174e-01 -4.821725881106720402e-01 -1.552291558933082405e-01
8.765124939923385483e-01 -4.529189539998202951e-01 -1.630652883637462303e-01
8.904680735814500814e-01 -4.217822738233200641e-01 -1.707815685327230826e-01
9.039128111993025572e-01 -3.887577940489747030e-01 -1.783508615027115662e-01
9.166706555626759068e-01 -3.538558993558111876e-01 -1.857442765285212682e-01
9.285593868966127706e-01 -3.171039610776074102e-01 -1.929315157449012219e-01
9.393926262217977552e-01 -2.785480005931161851e-01 -1.998813014637232655e-01
9.489821987028560502e-01 -2.382540850720375469e-01 -2.065618789720312654e-01
9.571408184135521413e-01 -1.963093714446983995e-01 -2.129415877243371058e-01
9.636850413563601281e-01 -1.528227178034879952e-01 -2.189894894659311919e-01
9.684384128661052138e-01 -1.079247903791184515e-01 -2.246760374232054658e-01
9.712347162125981592e-01 -6.176760909434753088e-02 -2.299737665888218208e-01
9.719212130516186043e-01 -1.452349530378590353e-02 -2.348579816878331172e-01
9.703617551179350986e-01 3.361658908736676193e-02 -2.393074170104343146e-01
9.664396417678584594e-01 8.244529274641584915e-02 -2.433048412700014040e-01
9.600601008044180595e-01 1.317416670308904914e-01 -2.468375812348477527e-01
9.511522809871737483e-01 1.812744196197240698e-01 -2.498979402021380136e-01
9.396706635259471918e-01 2.308055230616123943e-01 -2.524834913872678888e-01
9.255958256739938994e-01 2.800940500262624200e-01 -2.545972317773373406e-01
9.089345205252714610e-01 3.289000929080914126e-01 -2.562475885719553981e-01
8.897190709631022099e-01 3.769886201157945926e-01 -2.574482775153889014e-01
8.680061097606108778e-01 4.241331254002171924e-01 -2.582180196490304613e-01
8.438747294297245238e-01 4.701189395502808899e-01 -2.585801297152878209e-01
8.174241321674267091e-01 5.147460945042395819e-01 -2.585619951157872576e-01
7.887708903069052813e-01 5.578316564834364666e-01 -2.581944685756213942e-01
7.580459399164500844e-01 5.992114748241755828e-01 -2.575112002515169141e-01
7.253914342618764666e-01 6.387413242752100206e-01 -2.565479358742416283e-01
6.909575801800518224e-01 6.762974482875679927e-01 -2.553418067251649326e-01
6.572805973194009166e-01 7.106938150132182663e-01 -2.507918889653503736e-01
6.226133449648180163e-01 7.427671307797638622e-01 -2.462715285318258507e-01
5.871152693238993470e-01 7.725408804285992526e-01 -2.418187385945775869e-01
5.509320303885878456e-01 8.000515509403355319e-01 -2.374688775881781677e-01
5.141948852268507508e-01 8.253459992420879576e-01 -2.332544880945474630e-01
4.770204698917489550e-01 8.484789306428397460e-01 -2.292052159180296977e-01
4.395109254384381714e-01 8.695105365365507488e-01 -2.253477970422782251e-01
4.017543122381238563e-01 8.885043248532016325e-01 -2.217060998077547140e-01
3.638252584445473836e-01 9.055251633809411338e-01 -2.183012099284064589e-01
3.257857923127654431e-01 9.206375448731064504e-01 -2.151515467095010958e-01
2.876863133604955491e-01 9.339040739106602151e-01 -2.122729998820976904e-01
2.495666634654509775e-01 9.453841687608403044e-01 -2.096790777011889595e-01
2.114572653896892307e-01 9.551329667862054063e-01 -2.073810582576521844e-01
1.733803025135148279e-01 9.632004190737059046e-01 -2.053881372484230861e-01
1.353509194553569051e-01 9.696305585970147467e-01 -2.037075666788774053e-01
9.737842855267014874e-02 9.744609261184999927e-01 -2.023447801018427583e-01
5.946751176065993155e-02 9.777221389156244280e-01 -2.013035010123679081e-01
2.161941132664065707e-02 9.794375890413750119e-01 -2.005858319138204282e-01
-1.616689440482637491e-02 9.796232599909918681e-01 -2.001923223571294708e-01
-5.389353150356818861e-02 9.782876531695358091e-01 -2.001220149466158560e-01
-9.156258731373850823e-02 9.754318182854887498e-01 -2.003724689233715717e-01
-1.291749830333329685e-01 9.710494846049622097e-01 -2.009397615038833462e-01
-1.667293614531254187e-01 9.651272927743955732e-01 -2.018184676919106968e-01
-2.042209900663679856e-01 9.576451295498238370e-01 -2.030016198194535271e-01
-2.416406812099337886e-01 9.485765701515960213e-01 -2.044806486301003201e-01
-2.789737329977306501e-01 9.378894349831153887e-01 -2.062453083141129462e-01
-3.161988975241508126e-01 9.255464689885685159e-01 -2.082835885536753473e-01
-3.532873861008239968e-01 9.115061528419877712e-01 -2.105816173470363706e-01
-3.902019250725887178e-01 8.957236553084104713e-01 -2.131235591520713180e-01
-4.268958799334089393e-01 8.781519353358598901e-01 -2.158915137134036488e-01
-4.633124698804342301e-01 8.587430005579118619e-01 -2.188654217910414035e-01
-4.993840993999772437e-01 8.374493257507210631e-01 -2.220229848569915121e-01
-5.350318377047219576e-01 8.142254302586753312e-01 -2.253396066186538760e-01
-5.701650805006375222e-01 7.890296073877480776e-01 -2.287883648970549522e-01
-6.046814312520096824e-01 7.618257912459545089e-01 -2.323400228518349153e-01
-6.384668403749734766e-01 7.325855375700001115e-01 -2.359630887081294592e-01
-6.713960401313621151e-01 7.012900849347482035e-01 -2.396239328998571172e-01
-7.033333099246350528e-01 6.679324517790037330e-01 -2.432869707959389449e-01
-7.341336007783737516e-01 6.325195134614944870e-01 -2.469149178275748813e-01
-7.636440386792340274e-01 5.950739928364158216e-01 -2.504691218166640310e-01
-7.919876376547542174e-01 5.571543795902549334e-01 -2.496690499895440063e-01
-8.184045694548223171e-01 5.180782168532699350e-01 -2.486141123807898701e-01
-8.428363891351868808e-01 4.779949466441896222e-01 -2.472806229206712669e-01
-8.652362661484698236e-01 4.370625100906644911e-01 -2.456473479549118599e-01
-8.855703441513250729e-01 3.954460254876620562e-01 -2.436958330221014601e-01
-9.038188916406114659e-01 3.533162139152187242e-01 -2.414106779663537095e-01
-9.199771957007291112e-01 3.108476149591737903e-01 -2.387797511800867634e-01
-9.340561604323502909e-01 2.682166450544279379e-01 -2.357943356654673417e-01
-9.460825831106560724e-01 2.255995585746482235e-01 -2.324492019703048862e-01
-9.560990941399746257e-01 1.831703764748678631e-01 -2.287426057572804483e-01
-9.641637606427699847e-01 1.410988487113281342e-01 -2.246762106365051137e-01
-9.703493671855181191e-01 9.954851471832182330e-02 -2.202549397475226656e-01
-9.747423998519418875e-01 5.867492107295383535e-02 -2.154867622366565816e-01
-9.774417708612629374e-01 1.862404752334215902e-02 -2.103824230759551994e-01
-9.785573295845024777e-01 -2.046901761098444961e-02 -2.049551264803649020e-01
-9.782082117256433174e-01 -5.848112330466926495e-02 -1.992201844124784349e-01
-9.765210814227889280e-01 -9.530180592853447485e-02 -1.931946422797159169e-01
-9.736283211289717965e-01 -1.308337387915182726e-01 -1.868968939356121239e-01
-9.696662215968392395e-01 -1.649928877522014725e-01 -1.803462975466199325e-01
-9.647732195210331207e-01 -1.977083895700713079e-01 -1.735628028644421172e-01
-9.590882239004842047e-01 -2.289221779050676919e-01 -1.665665990605168234e-01
-9.527490645368495992e-01 -2.585883880695315495e-01 -1.593777906543260292e-01
-9.458910878518180798e-01 -2.866725757191572188e-01 -1.520161073210852809e-01
-9.386459169074311548e-01 -3.131507867188981220e-01 -1.445006516079949677e-01
-9.311403845949736136e-01 -3.380085156356396059e-01 -1.368496869159090967e-01
-9.234956417669767381e-01 -3.612395889755046774e-01 -1.290804665884498215e-01
-9.158264358659781168e-01 -3.828450067313533545e-01 -1.212091036441704794e-01
-9.082405504932589135e-01 -4.028317723816239870e-01 -1.132504796182932094e-01
-9.008383924099726547e-01 -4.212117375188623170e-01 -1.052181901580968304e-01
-8.937127096458579167e-01 -4.380004830859753340e-01 -9.712452443317955153e-02
-8.869484226243817826e-01 -4.532162550153537861e-01 -8.898047505913314614e-02
-8.806225493769550550e-01 -4.668789681029886229e-01 -8.079577506270828324e-02
-8.748042058711719138e-01 -4.790092883555064907e-01 -7.257895840549613564e-02
-8.695546630708769209e-01 -4.896278009211721960e-01 -6.433744069681707201e-02
-8.649274434363272146e-01 -4.987542681101858055e-01 -5.607761693073928799e-02
-8.609684410311151392e-01 -5.064069799414268047e-01 -4.780497334503325951e-02
-8.577160511175843105e-01 -5.126021981087542922e-01 -3.952421079281481786e-02
-8.552012970039707396e-01 -5.173536932041057357e-01 -3.123937731594719769e-02
-8.534479438857319744e-01 -5.206723744148836763e-01 -2.295400789232759572e-02
-8.524725914522072179e-01 -5.225660106665307447e-01 -1.467126958028328217e-02
-8.512119595436908881e-01 -5.247119586791492152e-01 -1.074993756316584836e-02
-8.503435943639782169e-01 -5.261835734890812910e-01 -6.827834214592733847e-03
-8.498707823601805433e-01 -5.269831084875628013e-01 -2.908174994358280960e-03
-8.497949613135451497e-01 -5.271124289836695009e-01 1.005880695518972072e-03
-8.501157318425146547e-01 -5.265729991775021102e-01 4.911204095745219655e-03
-8.508308688920905860e-01 -5.253658832522634103e-01 8.804671728385022461e-03
-8.519363331814552298e-01 -5.234917604315765249e-01 1.268314033296568874e-02
-8.534262827559154774e-01 -5.209509538091157133e-01 1.654342234107052806e-02
-8.552930849587622175e-01 -5.177434727161694950e-01 2.038226212990274996e-02
-8.575273293019397558e-01 -5.138690683458183583e-01 2.419631329677159048e-02
-8.601178418697237316e-01 -5.093273022968964892e-01 2.798211719957793484e-02
-8.630517020349617319e-01 -5.041176276340556539e-01 3.173608301268819598e-02
-8.663142624006378023e-01 -4.982394819796582275e-01 3.545446955249792476e-02
-8.698891729980817722e-01 -4.916923920569858941e-01 3.913336913180872484e-02
-8.737584108742585398e-01 -4.844760889910079693e-01 4.276869370608388926e-02
-8.779023162811350200e-01 -4.765906335420255768e-01 4.635616357683509936e-02
-8.822996367367507142e-01 -4.680365502989703996e-01 4.989129891688171697e-02
-8.869275802567423428e-01 -4.588149696939416433e-01 5.336941437802703025e-02
-8.917618790530104089e-01 -4.489277765196086900e-01 5.678561703280499140e-02
-8.967768649593320651e-01 -4.383777634393388745e-01 6.013480788737538690e-02
-9.019455577685945302e-01 -4.271687877803577171e-01 6.341168718144991889e-02
-9.072397675499476177e-01 -4.153059296980735060e-01 6.661076366248416813e-02
-9.126302118542051200e-01 -4.027956496011454446e-01 6.972636798459347363e-02
-9.180866485108397645e-01 -3.896459425392307385e-01 7.275267033727673971e-02
-9.235780244696623065e-01 -3.758664870867836072e-01 7.568370235486070186e-02
-9.290726408459524244e-01 -3.614687861156617443e-01 7.851338329473006583e-02
-9.345383339922838095e-01 -3.464662967459099518e-01 8.123555040138015493e-02
-9.399426720483140540e-01 -3.308745467072707891e-01 8.384399329502582876e-02
-9.452531660181382467e-01 -3.147112343427166392e-01 8.633249213927039756e-02
-9.504374940022345397e-01 -2.979963095477570212e-01 8.869485925397732617e-02
-9.554637367783562762e-01 -2.807520330722745872e-01 9.092498374922536319e-02
-9.603006224955286108e-01 -2.630030118201300837e-01 9.301687866668917337e-02
-9.649177778316836429e-01 -2.447762080683340558e-01 9.496473002892304172e-02
-9.692859825835262733e-01 -2.261009208919717017e-01 9.676294711801491921e-02
-9.733774243225581380e-01 -2.070087385198689511e-01 9.840621323620797611e-02
-9.771659494791606893e-01 -1.875334608523816504e-01 9.988953614560329430e-02
-9.806273070216474652e-01 -1.677109919363954649e-01 1.012082973450026402e-01
-9.837393807918443089e-01 -1.475792028000221801e-01 1.023582993219942366e-01
-9.864824065531107022e-01 -1.271777656839623294e-01 1.033358099196551999e-01
-9.888391699075408381e-01 -1.065479613490113164e-01 1.041376029811742487e-01
-9.907951814492861331e-01 -8.573246176894525061e-02 1.047609944828985090e-01
-9.923388258391211414e-01 -6.477509111344560699e-02 1.052038734364754702e-01
-9.934614819056375445e-01 -4.372056846541789998e-02 1.054647269326359355e-01
-9.941576113904377898e-01 -2.261423618090012758e-02 1.055426588105389113e-01
-9.944248145439062991e-01 -1.501778169926155232e-03 1.054374015643829848e-01
-9.942638514264613425e-01 1.957106736133527175e-02 1.051493212393259796e-01
-9.936786284567247218e-01 4.055879602356424196e-02 1.046794152171919706e-01
-9.926761504500555278e-01 6.141642150997692756e-02 1.040293029441389100e-01
-9.912664390848834328e-01 8.209975141873004922e-02 1.032012098024073371e-01
-9.894624193971566228e-01 1.025656502634774148e-01 1.021979444715521851e-01
-9.872797765134069259e-01 1.227722856428572346e-01 1.010228702565769965e-01
-9.847367853713653307e-01 1.426793539775974284e-01 9.967987097707946276e-02
-9.818541166280521093e-01 1.622482827434966191e-01 9.817331210953496312e-02
-9.786546223071260764e-01 1.814424067102411720e-01 9.650799795169619222e-02
-9.751631049827289566e-01 2.002271163187282765e-01 9.468912563221247580e-02
-9.714060744333177233e-01 2.185699769716305529e-01 9.272223681937129258e-02
-9.674114957276634952e-01 2.364408186522098942e-01 9.061316799066858330e-02
-9.632085326319431706e-01 2.538117959051690020e-01 8.836800011091032470e-02
-9.588272900607890392e-01 2.706574187931518050e-01 8.599300853265905153e-02
-9.542985590481979363e-01 2.869545559687460279e-01 8.349461388158248287e-02
-9.496535674002833938e-01 3.026824114631274099e-01 8.087933462357810299e-02
-9.449237388261323423e-01 3.178224771808709215e-01 7.815374193363625044e-02
-9.401404629411174163e-01 3.323584634014394301e-01 7.532441740155297605e-02
-9.353348781142537538e-01 3.462762098201910277e-01 7.239791402003749321e-02
-9.305376687020379123e-01 3.595635798171121778e-01 6.938072080951165899e-02
-9.257788777887668852e-01 3.722103407240814898e-01 6.627923134370400371e-02
-9.210877361489645532e-01 3.842080328775121512e-01 6.309971635335941131e-02
-9.164925077706659318e-01 3.955498302004262778e-01 5.984830050395423956e-02
-9.120203519362780620e-01 4.062303949650629686e-01 5.653094336871859055e-02
-9.076972015558778528e-01 4.162457292531986375e-01 5.315342455157314600e-02
-9.035476571894948128e-01 4.255930254656886680e-01 4.972133285641848477e-02
-8.995948959817853252e-01 4.342705180442330004e-01 4.624005934981900712e-02
-8.958605945646040958e-01 4.422773383653226809e-01 4.271479412341618043e-02
-8.923648648591050447e-01 4.496133745561844974e-01 3.915052653002268346e-02
-8.891262016269225743e-01 4.562791377717704822e-01 3.555204864270440634e-02
-8.861614405766831126e-01 4.622756362658159146e-01 3.192396166850070688e-02
-8.834857258240361721e-01 4.676042583919867712e-01 2.827068503690373033e-02
-8.811124855267291611e-01 4.722666654863381108e-01 2.459646787689214950e-02
-8.790534145669909316e-01 4.762646954118597842e-01 2.090540259425113789e-02
-8.773184632276714856e-01 4.796002773909906480e-01 1.720144026218544189e-02
-8.759158309023702405e-01 4.822753586129833181e-01 1.348840754196887343e-02
-8.748519639895419031e-01 4.842918429795049495e-01 9.770024855766189231e-03
-8.741315572429286807e-01 4.856515422428403506e-01 6.049925540095694998e-03
-8.737575579825217487e-01 4.863561396949903637e-01 2.331675715057707991e-03
-8.737311727087943014e-01 4.864071664808964912e-01 -1.381205389069258081e-03
-8.740518758055806359e-01 4.858059905327382633e-01 -5.085224900355715498e-03
-8.747174201613573397e-01 4.845538180523163430e-01 -8.776895816297607469e-03
-8.757238496826020846e-01 4.826517074024195275e-01 -1.245271680079815257e-02
-8.770655138142909868e-01 4.801005952032224577e-01 -1.610915250737565002e-02
-8.787350843194118299e-01 4.769013343636901436e-01 -1.974261466684043911e-02
-8.807235746995969450e-01 4.730547437083313933e-01 -2.334944417638076114e-02
-8.830203627605485162e-01 4.685616687843248140e-01 -2.692589442617923309e-02
-8.856132169366821572e-01 4.634230533512184724e-01 -3.046811609896394463e-02
-8.884883270870906902e-01 4.576400209636299343e-01 -3.397214367680700953e-02
-8.916303405571449625e-01 4.512139659556581028e-01 -3.743388388746737849e-02
-8.950224043642955873e-01 4.441466530235904098e-01 -4.084910631901828709e-02
-8.986462144103365413e-01 4.364403244810916571e-01 -4.421343642573833527e-02
-9.024820726429152451e-01 4.280978141291879036e-01 -4.752235113958672846e-02
-9.065089530838323917e-01 4.191226665435414667e-01 -5.077117728932909607e-02
-9.107045776082336452e-01 4.095192604360394784e-01 -5.395509301285515702e-02
-9.150455022949539607e-01 3.992929345996729107e-01 -5.706913232680982384e-02
-9.195072150722587434e-01 3.884501147989316561e-01 -6.010819299080939759e-02
-9.240642452538001539e-01 3.769984398271085113e-01 -6.306704777082257352e-02
-9.286902853962856197e-01 3.649468848222908735e-01 -6.594035916751245230e-02
-9.333583257135295019e-01 3.523058798212944653e-01 -6.872269763041095880e-02
-9.380408010527081508e-01 3.390874214416324528e-01 -7.140856322791763744e-02
-9.427097501804223567e-01 3.253051755222896024e-01 -7.399241068673353960e-02
-9.473369868425779439e-01 3.109745685310008056e-01 -7.646867765320064514e-02
-9.518942817584841176e-01 2.961128655649883923e-01 -7.883181596416545533e-02
-9.563535543926859894e-01 2.807392328390835301e-01 -8.107632564777143835e-02
-9.606870730259335911e-01 2.648747826742229305e-01 -8.319679130664950351e-02
-9.648676613285779302e-01 2.485425991734855622e-01 -8.518792046921509764e-02
-9.688689093357137905e-01 2.317677430034388031e-01 -8.704458343129842235e-02
-9.726653864443303155e-01 2.145772339849503219e-01 -8.876185405237313475e-02
-9.762328538095701447e-01 1.970000105369512367e-01 -9.033505092050603258e-02
-9.795484733206812900e-01 1.790668654037412544e-01 -9.175977826007584992e-02
-9.825910101973799327e-01 1.608103575238011840e-01 -9.303196592840416723e-02
-9.853410261728507979e-01 1.422647003559704415e-01 -9.414790783353724213e-02
-9.877810602274585960e-01 1.234656274554977867e-01 -9.510429810697346165e-02
-9.898957939121124650e-01 1.044502365744811173e-01 -9.589826438312894219e-02
-9.919557736447991436e-01 8.753493893310435037e-02 -9.144062775833723677e-02
-9.936531256671700119e-01 7.149505519914803320e-02 -8.684430169571497049e-02
-9.950274217176519054e-01 5.636555951533145370e-02 -8.211797955494133661e-02
-9.961175874589284218e-01 4.217831812087513566e-02 -7.727062408738757937e-02
-9.969615140965171207e-01 2.896214555173810129e-02 -7.231141384355817270e-02
-9.975956899372580011e-01 1.674288486901654924e-02 -6.724969473942463138e-02
-9.980548550854456691e-01 5.543506873560958073e-03 -6.209493724836323558e-02
-9.983716818370231838e-01 -4.615776862687088686e-03 -5.685669950170638143e-02
-9.985764827378952324e-01 -1.371739230582752662e-02 -5.154459640204805265e-02
-9.986969477383882410e-01 -2.174627762743625015e-02 -4.616827468344890384e-02
-9.987579114146860615e-01 -2.868975899637864202e-02 -4.073739369477948069e-02
-9.987811508472989042e-01 -3.453743191239947580e-02 -3.526161153903647344e-02
-9.987852144491382589e-01 -3.928105206872627153e-02 -2.975057607425723658e-02
-9.987852818200668725e-01 -4.291443923403504002e-02 -2.421392017171574568e-02
-9.987930545654413184e-01 -4.543339709411348126e-02 -1.866126053499031490e-02
-9.988166779443810039e-01 -4.683565140261855553e-02 -1.310219930947404895e-02
-9.988606931977054293e-01 -4.712080816921045134e-02 -7.546327655948925628e-03
-9.989260204319302394e-01 -4.629033297146502995e-02 -2.003230423846946197e-03
-9.990099719890750407e-01 -4.434755182266086199e-02 3.517508960356561555e-03
-9.991062962960081117e-01 -4.129767336844157588e-02 9.006304276615487159e-03
-9.991779155370082988e-01 -3.944941457144413716e-02 9.340205712698518986e-03
-9.992486233517147154e-01 -3.753575072184021227e-02 9.657059900401464281e-03
-9.993179417980029289e-01 -3.556016165366948645e-02 9.956343245042575951e-03
-9.993854045372729811e-01 -3.352623093321215053e-02 1.023756380293580973e-02
-9.994505600590491978e-01 -3.143763947613626569e-02 1.050026214454707722e-02
-9.995129747905837636e-01 -2.929815896595690597e-02 1.074401216111158658e-02
-9.995722360698500175e-01 -2.711164508485069957e-02 1.096842181231424615e-02
-9.996279549613066306e-01 -2.488203056884669487e-02 1.117313381273125385e-02
-9.996797688949590199e-01 -2.261331810036927570e-02 1.135782625484865922e-02
-9.997273441105348768e-01 -2.030957305202882660e-02 1.152221316661245810e-02
-9.997703778900146609e-01 -1.797491609642880989e-02 1.166604500162391790e-02
-9.998086005633065598e-01 -1.561351569757259833e-02 1.178910906027235556e-02
-9.998417772735181952e-01 -1.322958050019853310e-02 1.189122984029412390e-02
-9.998697094900381721e-01 -1.082735163403733374e-02 1.197226931545955150e-02
-9.998922362594924174e-01 -8.411094950563104827e-03 1.203212714131714212e-02
-9.999092351865594974e-01 -5.985093210289556091e-03 1.207074078716443080e-02
-9.999206231386124077e-01 -3.553638239040205621e-03 1.208808559366521609e-02
-9.999263566701730443e-01 -1.121023071889750301e-03 1.208417475579106302e-02
-9.999264321652140408e-01 1.308465896370405394e-03 1.205905923102841039e-02
-9.999208856973998971e-01 3.730556735348600043e-03 1.201282757305871529e-02
-9.999097926104068002e-01 6.140999758932436277e-03 1.194560569138522141e-02
-9.998932668224880249e-01 8.535575242302539251e-03 1.185755653764336386e-02
-9.998714598614359961e-01 1.091010105775457387e-02 1.174887971959005795e-02
-9.998445596380226563e-01 1.326044021141552925e-02 1.161981104401749697e-02
-9.998127889678583013e-01 1.558250826345610428e-02 1.147062199007731730e-02
-9.997764038533840658e-01 1.787228061501425908e-02 1.130161911472873579e-02
-9.997356915393869059e-01 2.012579964574781610e-02 1.111314339223751051e-02
-9.996909683569907834e-01 2.233918168671765112e-02 1.090556948984950508e-02
-9.996425773725182706e-01 2.450862381415759572e-02 1.067930498194164142e-02
-9.995908858589261925e-01 2.663041045060233342e-02 1.043478950511276399e-02
-9.995362826086851005e-01 2.870091976080885177e-02 1.017249385681644712e-02
-9.994791751079906694e-01 3.071662983090923602e-02 9.892919040256272292e-03
-9.994199865930580851e-01 3.267412462026048764e-02 9.596595258361154818e-03
-9.993591530099550369e-01 3.457009967649913446e-02 9.284080859733818969e-03
-9.992971198999670568e-01 3.640136760535278571e-02 8.955961239519650771e-03
-9.992343392328684182e-01 3.816486328779594012e-02 8.612847698176405442e-03
-9.991712662106807530e-01 3.985764883815260534e-02 8.255376261138300253e-03
-9.991083560645501738e-01 4.147691829773326316e-02 7.884206462361990214e-03
-9.990460608672585563e-01 4.302000205953863260e-02 7.500020094717960509e-03
-9.989848263836130782e-01 4.448437102045950386e-02 7.103519930150523423e-03
-9.989250889805312283e-01 4.586764045824273661e-02 6.695428412474477980e-03
-9.988672726180626293e-01 4.716757363127182384e-02 6.276486325608459857e-03
-9.988117859418754740e-01 4.838208509992153461e-02 5.847451439965950862e-03
-9.987590194968809509e-01 4.950924376888551914e-02 5.409097139636938160e-03
-9.987093430806937011e-01 5.054727565044107862e-02 4.962211032898351803e-03
-9.986631032545303377e-01 5.149456634910520858e-02 4.507593548491839464e-03
-9.986206210279428008e-01 5.234966326855027691e-02 4.046056520005229980e-03
-9.985821897324814733e-01 5.311127754198760598e-02 3.578421760591290936e-03
-9.985480730979886532e-01 5.377828568749539601e-02 3.105519630156081123e-03
-9.985185035437516010e-01 5.434973098996694063e-02 2.628187597051247562e-03
-9.984936806952053878e-01 5.482482461149127545e-02 2.147268796211760505e-03
-9.984737701352746075e-01 5.520294643205626850e-02 1.663610585594428462e-03
-9.984589023977996636e-01 5.548364562249061965e-02 1.178063102694529773e-03
-9.984491722088096877e-01 5.566664095154347930e-02 6.914778228492254094e-04
-9.984446379796950710e-01 5.575182082894601654e-02 2.047061209781300488e-04
-9.984453215546096327e-01 5.573924308621722862e-02 -2.814021616357375503e-04
-9.984512082127017241e-01 5.562913449687453132e-02 -7.660001439568763382e-04
-9.984622469240516107e-01 5.542189003759790539e-02 -1.248245323655827440e-03
-9.984783508564837318e-01 5.511807189178287436e-02 -1.727300985882493671e-03
-9.984993981287401121e-01 5.471840819681183382e-02 -2.202337600821049988e-03
-9.985252328038558556e-01 5.422379153628338611e-02 -2.672534208481451568e-03
-9.985556661149765922e-01 5.363527717837394265e-02 -3.137079789159991344e-03
-9.985904779143118803e-01 5.295408106147260485e-02 -3.595174617968962053e-03
-9.986294183344376352e-01 5.218157752823640583e-02 -4.046031601794270946e-03
-9.986722096497535617e-01 5.131929680926459320e-02 -4.488877596991161859e-03
-9.987185483245737405e-01 5.036892225769351583e-02 -4.922954706073412630e-03
-9.987681072330956145e-01 4.933228733617255057e-02 -5.347521551592099298e-03
-9.988205380353522012e-01 4.821137235789934444e-02 -5.761854525337911474e-03
-9.988754736922245137e-01 4.700830098367281967e-02 -6.165249010937904478e-03
-9.989325311016695741e-01 4.572533647726557959e-02 -6.557020577855245634e-03
-9.989913138375213775e-01 4.436487772182413220e-02 -6.936506144740898355e-03
-9.990514149715479242e-01 4.292945500047460478e-02 -7.303065110031121444e-03
-9.991124199589033195e-01 4.142172554484149088e-02 -7.656080447636003788e-03
-9.991739095667047099e-01 3.984446885577389019e-02 -7.994959765523761835e-03
-9.992354628251939319e-01 3.820058180121362751e-02 -8.319136324974956212e-03
-9.992966599808135175e-01 3.649307349682701096e-02 -8.628070018261616014e-03
-9.993570854305423579e-01 3.472505997575054543e-02 -8.921248302500050728e-03
-9.994163306169921990e-01 3.289975865456361281e-02 -9.198187087434014919e-03
-9.994739968640719008e-01 3.102048260338953825e-02 -9.458431574928056335e-03
-9.995296981334683695e-01 2.909063462883259080e-02 -9.701557047990135713e-03
-9.995830636827824911e-01 2.711370117927276030e-02 -9.927169607198591331e-03
-9.996337406068797060e-01 2.509324608285305042e-02 -1.013490685248166420e-02
-9.996813962448743984e-01 2.303290412929626801e-02 -1.032443850828824485e-02
-9.997257204361494898e-01 2.093637450746943518e-02 -1.049546699029614734e-02
-9.997664276099192948e-01 1.880741411136472446e-02 -1.064772791192871576e-02
-9.998032586940623911e-01 1.664983072787646484e-02 -1.078099052909131141e-02
-9.998359828302736396e-01 1.446747612041513961e-02 -1.089505812169543238e-02
-9.998643988840019148e-01 1.226423902300290136e-02 -1.098976831070868493e-02
-9.998883367391431243e-01 1.004403806003278943e-02 -1.106499330965244124e-02
-9.999076583690312825e-01 7.810814607338550236e-03 -1.112064010966409833e-02
-9.999222586769063170e-01 5.568525610607317697e-03 -1.115665059744593707e-02
-9.999320661007191635e-01 3.321136377468133713e-03 -1.117300160563568755e-02
-9.999370429788529968e-01 1.072613359801238321e-03 -1.116970489535320556e-02
-9.999371856750789433e-01 -1.173083057066945899e-03 -1.114680707090108351e-02
-9.999325244628092246e-01 -3.412005741591942441e-03 -1.110438942682251059e-02
-9.999231231704514000e-01 -5.640227963039418438e-03 -1.104256772774505312e-02
-9.999090785913881119e-01 -7.853850481852397286e-03 -1.096149192166222600e-02
-9.998905196637918324e-01 -1.004900856715046538e-02 -1.086134578752366749e-02
-9.998676064271243558e-01 -1.222187892549702823e-02 -1.074234651821729010e-02
-9.998405287637524008e-01 -1.436868652549875593e-02 -1.060474424023122482e-02
-9.998095049356170438e-01 -1.648571130330921466e-02 -1.044882147147770980e-02
-9.997747799273244418e-01 -1.856929473469024275e-02 -1.027489251894381922e-02
-9.997366236083558011e-01 -2.061584625993289482e-02 -1.008330281800348151e-02
-9.996953287283257827e-01 -2.262184954864700226e-02 -9.874428215380402080e-03
-9.996512087603388608e-01 -2.458386859218619769e-02 -9.648674197891197665e-03
-9.996045956084904649e-01 -2.649855361227488465e-02 -9.406475069221389984e-03
-9.995558371964375910e-01 -2.836264677523577665e-02 -9.148293077093361259e-03
-9.995052949547054144e-01 -3.017298770207197528e-02 -8.874617493274465987e-03
-9.994533412250076188e-01 -3.192651876552670548e-02 -8.585963648945238100e-03
-9.994003566003289984e-01 -3.362029016611740168e-02 -8.282871928001974554e-03
-9.993467272198526263e-01 -3.525146478000960176e-02 -7.965906720905427396e-03
-9.992928420380063903e-01 -3.681732277245167856e-02 -7.635655341708303019e-03
-9.992390900869557724e-01 -3.831526597132513257e-02 -7.292726910899655426e-03
-9.991858577517884754e-01 -3.974282199616975542e-02 -6.937751206694924011e-03
-9.991335260774125704e-01 -4.109764813881118528e-02 -6.571377487377550418e-03
-9.990824681258420048e-01 -4.237753499244455158e-02 -6.194273287262999118e-03
-9.990330464020622525e-01 -4.358040982670632196e-02 -5.807123188810099472e-03
-9.989856103660691433e-01 -4.470433970689319941e-02 -5.410627573349408199e-03
-9.989404940479553741e-01 -4.574753435605863339e-02 -5.005501352835358027e-03
-9.988980137820941962e-01 -4.670834875923180612e-02 -4.592472684959970040e-03
-9.988584660755387423e-01 -4.758528550945965302e-02 -4.172281673892531094e-03
-9.988221256247328261e-01 -4.837699689576953344e-02 -3.745679058833526181e-03
-9.987892434935167207e-01 -4.908228673348897370e-02 -3.313424892493927864e-03
-9.987600454642246994e-01 -4.970011193764169166e-02 -2.876287211534237984e-03
-9.987347305724094682e-01 -5.022958384036821378e-02 -2.435040700922962327e-03
-9.987134698344130035e-01 -5.066996925349842584e-02 -1.990465354102874482e-03
-9.986964051756291871e-01 -5.102069127753684069e-02 -1.543345130786760982e-03
-9.986836485658938667e-01 -5.128132985841397928e-02 -1.094466614143464918e-03
-9.986752813669900197e-01 -5.145162209341483384e-02 -6.446176690809461360e-04
-9.986713538957876501e-01 -5.153146228772399751e-02 -1.945861032865591118e-04
-9.986718852050537887e-01 -5.152090176303317226e-02 2.548416673535772474e-04
-9.986768630824799375e-01 -5.142014841964733657e-02 7.028819473639190104e-04
-9.986862442669890427e-01 -5.122956605350743875e-02 1.148755082746143489e-03
-9.986999548799141424e-01 -5.094967342952778921e-02 1.591686772943559994e-03
-9.987178910671905552e-01 -5.058114311263139234e-02 2.030909372146817281e-03
-9.987399198472876050e-01 -5.012480005786381504e-02 2.465663178379048828e-03
-9.987658801582250945e-01 -4.958161996098195412e-02 2.895197708785280863e-03
-9.987955840956914688e-01 -4.895272737095401894e-02 3.318772959530346452e-03
-9.988288183330065184e-01 -4.823939356587744753e-02 3.735660648682574692e-03
-9.988653457124603285e-01 -4.744303419392660592e-02 4.145145440428155137e-03
-9.989049069964223149e-01 -4.656520668108644206e-02 4.546526148924420925e-03
-9.989472227655552539e-01 -4.560760740761581750e-02 4.939116920060599228e-03
-9.989919954504944410e-01 -4.457206865541683133e-02 5.322248389353207570e-03
-9.990389114824711481e-01 -4.346055532876681032e-02 5.695268814161539260e-03
-9.990876435475742889e-01 -4.227516145119829954e-02 6.057545178368151963e-03
-9.991378529286666366e-01 -4.101810644168949610e-02 6.408464267631288659e-03
-9.991891919183972792e-01 -3.969173117375233290e-02 6.747433713282294070e-03
-9.992413062862947060e-01 -3.829849382147595960e-02 7.073883002912718237e-03
-9.992938377825819618e-01 -3.684096549709725554e-02 7.387264455674336094e-03
-9.993464266611307156e-01 -3.532182568522327509e-02 7.687054160302093236e-03
-9.993987142038706084e-01 -3.374385747941939517e-02 7.972752873866222056e-03
-9.994503452289892342e-01 -3.210994262749567590e-02 8.243886879266552545e-03
-9.995009705654039900e-01 -3.042305639246745824e-02 8.500008799500424067e-03
-9.995502494762525947e-01 -2.868626223682738813e-02 8.740698366766273472e-03
-9.995978520145387680e-01 -2.690270633843873729e-02 8.965563144508774049e-03
-9.996434612945789278e-01 -2.507561194703616242e-02 9.174239200568600622e-03
-9.996867756635193780e-01 -2.320827359099280132e-02 9.366391729670990249e-03
-9.997275107579328690e-01 -2.130405114467380859e-02 9.541715623572174024e-03
-9.997654014313491766e-01 -1.936636376733850279e-02 9.699935987281521968e-03
-9.998002035395208154e-01 -1.739868372516828465e-02 9.840808599889425828e-03
-9.998316955712690524e-01 -1.540453010857805762e-02 9.964120318656148265e-03
-9.998596801138861512e-01 -1.338746245750766992e-02 1.006968942515436630e-02
-9.998839851432786974e-01 -1.135107430788006092e-02 1.015736591240700218e-02
-9.999044651303193865e-01 -9.298986672848189028e-03 1.022703171212124840e-02
-9.999210019562135843e-01 -7.234841472827573637e-03 1.027860086128809525e-02
-9.999335056310816316e-01 -5.162294928620615730e-03 1.031201960759298153e-02
-9.999419148113867228e-01 -3.085010932178468106e-03 1.032726645326583446e-02
-9.999461971133016824e-01 -1.006654409712913392e-03 1.032435213718626253e-02
-9.999463492205838966e-01 1.069115308038010286e-03 1.030331955525039603e-02
-9.999423967870121333e-01 3.138651093572436806e-03 1.026424361919807751e-02
-9.999343941349192466e-01 5.198324593659826853e-03 1.020723105429124054e-02
-9.999224237528135939e-01 7.244532749033220573e-03 1.013242013642451887e-02
-9.999065955965170671e-01 9.273704248338109427e-03 1.003998036943590244e-02
-9.998870461996420822e-01 1.128230590222560094e-02 9.930112103566809262e-03
-9.998639376005721280e-01 1.326684892383553013e-02 9.803046096195941125e-03
-9.998374560943962264e-01 1.522389510233883476e-02 9.659043016138072618e-03
-9.998078108194616842e-01 1.715006285669298802e-02 9.498392892956373373e-03
-9.997752321893460525e-01 1.904203315730412446e-02 9.321414512883622813e-03
-9.997399701820990359e-01 2.089655530387840229e-02 9.128454763082884463e-03
-9.997022924995606630e-01 2.271045254837665908e-02 8.919887926100791148e-03
-9.996624826104189010e-01 2.448062755265335497e-02 8.696114926476108953e-03
-9.996208376914196281e-01 2.620406767105603121e-02 8.457562531561954242e-03
-9.995776664817827006e-01 2.787785004897735952e-02 8.204682508701795565e-03
-9.995332870664025426e-01 2.949914652908106061e-02 7.937950740966965776e-03
-9.994880246038233551e-01 3.106522835765777521e-02 7.657866303716924158e-03
-9.994422090152697002e-01 3.257347068430051923e-02 7.364950504283191042e-03
-9.993961726511866317e-01 3.402135684881411187e-02 7.059745887104167117e-03
-9.993502479517968329e-01 3.540648244998295668e-02 6.742815206651492886e-03
-9.993047651181199420e-01 3.672655919151000120e-02 6.414740370489993224e-03
-9.992600498097199413e-01 3.797941850110159862e-02 6.076121354803429991e-03
-9.992164208851553875e-01 3.916301491930304635e-02 5.727575094698268698e-03
-9.991741882007042497e-01 4.027542925528360129e-02 5.369734351568569534e-03
-9.991336504824326337e-01 4.131487150732437996e-02 5.003246559768083704e-03
-9.990950932860673817e-01 4.227968354627483633e-02 4.628772654791993811e-03
-9.990587870584337615e-01 4.316834156071176765e-02 4.246985885121701623e-03
-9.990249853134280933e-01 4.397945826295757143e-02 3.858570609833002207e-03
-9.989939229346260774e-01 4.471178485549187620e-02 3.464221084012166114e-03
-9.989658146156766838e-01 4.536421275762277799e-02 3.064640233967215813e-03
-9.989408534486192703e-01 4.593577509257230213e-02 2.660538424164209451e-03
-9.989192096691830169e-01 4.642564793537724138e-02 2.252632217761890189e-03
-9.989010295669989992e-01 4.683315132221365501e-02 1.841643132563677929e-03
-9.988864345674806078e-01 4.715775002192487686e-02 1.428296394154702272e-03
-9.988755204909147700e-01 4.739905407067210308e-02 1.013319687944313433e-03
-9.988683569930668638e-01 4.755681907073826958e-02 5.974419117919998546e-04
-9.988649871903383382e-01 4.763094625460455311e-02 1.813919308575790454e-04
-9.988654274712412962e-01 4.762148231548944677e-02 -2.341026637146324915e-04
-9.988696674946745402e-01 4.752861900559842562e-02 -6.483167906928385873e-04
-9.988776703742080487e-01 4.735269250338280250e-02 -1.060529107669550518e-03
-9.988893730463185294e-01 4.709418255115541824e-02 -1.470023231433610113e-03
-9.989046868192702489e-01 4.675371136446305337e-02 -1.876088948253397826e-03
-9.989234980981189782e-01 4.633204231467683010e-02 -2.278023412521503182e-03
-9.989456692801282900e-01 4.583007838633688241e-02 -2.675132332204716197e-03
-9.989710398137464642e-01 4.524886041088106020e-02 -3.066731139531564312e-03
-9.989994274131980267e-01 4.458956507850391632e-02 -3.452146145333450690e-03
-9.990306294197029979e-01 4.385350273003514598e-02 -3.830715675435503696e-03
-9.990644242993629298e-01 4.304211493089959983e-02 -4.201791187470441807e-03
-9.991005732668445383e-01 4.215697182942656357e-02 -4.564738366464029737e-03
-9.991388220231575135e-01 4.119976930201620091e-02 -4.918938197515114810e-03
-9.991789025950712499e-01 4.017232588794746040e-02 -5.263788013867889623e-03
-9.992205352630454396e-01 3.907657951692465603e-02 -5.598702518650016703e-03
-9.992634305639732650e-01 3.791458403280980466e-02 -5.923114778528800611e-03
-9.993072913545480995e-01 3.668850551737344590e-02 -6.236477187519753884e-03
-9.993518149206798151e-01 3.540061841831663308e-02 -6.538262399168880655e-03
-9.993966951180978109e-01 3.405330148626920655e-02 -6.827964225322845186e-03
-9.994416245290940193e-01 3.264903352595090180e-02 -7.105098499700912389e-03
-9.994862966202779919e-01 3.119038896718932807e-02 -7.369203904490144626e-03
-9.995304078862411457e-01 2.968003326201777009e-02 -7.619842758201603866e-03
-9.995736599641589226e-01 2.812071811462188084e-02 -7.856601763051066292e-03
-9.996157617045913213e-01 2.651527655146223086e-02 -8.079092710163549018e-03
-9.996564311840862027e-01 2.486661783946401277e-02 -8.286953140947376714e-03
-9.996953976456259827e-01 2.317772226073008118e-02 -8.479846963040811245e-03
-9.997324033535019971e-01 2.145163575279296353e-02 -8.657465019302743037e-03
-9.997672053498334321e-01 1.969146442396929944e-02 -8.819525608398584918e-03
-9.997995771006759069e-01 1.790036895391018332e-02 -8.965774955623229125e-03
-9.998293100204770356e-01 1.608155888994690710e-02 -9.095987632704433806e-03
-9.998562148645289138e-01 1.423828685030780437e-02 -9.209966925441926203e-03
-9.998801229800339252e-01 1.237384264572232058e-02 -9.307545148159224874e-03
-9.999008874074355457e-01 1.049154733132789952e-02 -9.388583904075986641e-03
-9.999183838247556189e-01 8.594747201148663501e-03 -9.452974290847758476e-03
-9.999325113288264344e-01 6.686807737717802985e-03 -9.500637050666340191e-03
-9.999431930484885545e-01 4.771107529664077480e-03 -9.531522664466508463e-03
-9.999503765860473514e-01 2.851032170273699526e-03 -9.545611389942395067e-03
-9.999540342845215646e-01 9.299681501694237549e-04 -9.542913243238197035e-03
-9.999541633194763968e-01 -9.887032426829055198e-04 -9.523467924341662977e-03
-9.999507856154961072e-01 -2.901612002424958266e-03 -9.487344686373825817e-03
-9.999439475886060524e-01 -4.805405451056783510e-03 -9.434642149133152036e-03
-9.999337197172002423e-01 -6.696754237452784073e-03 -9.365488057415457743e-03
-9.999201959452466149e-01 -8.572358276791505055e-03 -9.280038984791226866e-03
-9.999034929227291757e-01 -1.042895261779194435e-02 -9.178479983677982623e-03
-9.998837490894297853e-01 -1.226331322545072718e-02 -9.061024182696024096e-03
-9.998611236092452836e-01 -1.407226266733046030e-02 -8.927912332439835730e-03
-9.998357951632693696e-01 -1.585267569185597192e-02 -8.779412300933884042e-03
-9.998079606108379869e-01 -1.760148468752766038e-02 -8.615818520169231387e-03
-9.997778335286320317e-01 -1.931568501245480712e-02 -8.437451385235767223e-03
-9.997456426387478778e-01 -2.099234018414125949e-02 -8.244656607672973953e-03
-9.997116301373770719e-01 -2.262858692001575023e-02 -8.037804524759635874e-03
-9.996760499363808172e-01 -2.422164001978344486e-02 -7.817289366549205754e-03
-9.996391658305922023e-01 -2.576879708127819205e-02 -7.583528482532472283e-03
-9.996012496041344342e-01 -2.726744304211036612e-02 -7.336961529872566314e-03
-9.995625790893951645e-01 -2.871505454002719337e-02 -7.078049625209277898e-03
-9.995234361925524613e-01 -3.010920408552521937e-02 -6.807274462070233081e-03
-9.994841048997012978e-01 -3.144756404087256652e-02 -6.525137395956096334e-03
-9.994448692776797261e-01 -3.272791040030641196e-02 -6.232158499186004827e-03
-9.994060114836468278e-01 -3.394812636676386441e-02 -5.928875587598515969e-03
-9.993678097973183183e-01 -3.510620572107763654e-02 -5.615843221203100678e-03
-9.993305366895192110e-01 -3.620025598011747392e-02 -5.293631680868471009e-03
-9.992944569403803268e-01 -3.722850134088088320e-02 -4.962825923117579474e-03
-9.992598258200732220e-01 -3.818928540802929428e-02 -4.624024515075975811e-03
-9.992268873444681843e-01 -3.908107370282630499e-02 -4.277838551591270008e-03
-9.991958726175034222e-01 -3.990245595186114186e-02 -3.924890556507773347e-03
-9.991669982713813347e-01 -4.065214815433228907e-02 -3.565813370042981642e-03
-9.991404650149658950e-01 -4.132899442702277215e-02 -3.201249024172499267e-03
-9.991164562999449439e-01 -4.193196862642018657e-02 -2.831847607888226485e-03
-9.990951371134554337e-01 -4.246017574772210923e-02 -2.458266124152194785e-03
-9.990766529049474043e-01 -4.291285310072251447e-02 -2.081167340326229957e-03
-9.990611286540957980e-01 -4.328937126279917835e-02 -1.701218633816539184e-03
-9.990486680855621415e-01 -4.358923480941823830e-02 -1.319090834633162256e-03
-9.990393530353693929e-01 -4.381208282274328542e-02 -9.354570665276850522e-04
-9.990332429725867769e-01 -4.395768917908546292e-02 -5.509915883393394021e-04
-9.990303746789396255e-01 -4.402596261606216144e-02 -1.663686371500862349e-04
-9.990307620878616790e-01 -4.401694658044855157e-02 2.177387251760888641e-04
-9.990343962834090652e-01 -4.393081885781265766e-02 6.006597605153619727e-04
-9.990412456583580569e-01 -4.376789098512507553e-02 9.817271965297585598e-04
-9.990512562297210186e-01 -4.352860744763294154e-02 1.360278360710046822e-03
-9.990643521088430346e-01 -4.321354466138862399e-02 1.735656304896660354e-03
-9.990804361221961027e-01 -4.282340974293077918e-02 2.107210918762235114e-03
-9.990993905779678164e-01 -4.235903906773286209e-02 2.474300030738052318e-03
-9.991210781725615719e-01 -4.182139661916556977e-02 2.836290494861763538e-03
-9.991453430301852068e-01 -4.121157212986802099e-02 3.192559262015742631e-03
-9.991720118678147911e-01 -4.053077901759122997e-02 3.542494434014890198e-03
-9.992008952769835251e-01 -3.978035211776844576e-02 3.885496298990377597e-03
-9.992317891130692020e-01 -3.896174521528291551e-02 4.220978346502453696e-03
-9.992644759820419331e-01 -3.807652837814557573e-02 4.548368260801821661e-03
-9.992987268139883472e-01 -3.712638509606433490e-02 4.867108890646134299e-03
-9.993343025121628198e-01 -3.611310922718356103e-02 5.176659194066661300e-03
-9.993709556658210147e-01 -3.503860175659653797e-02 5.476495156471159441e-03
-9.994084323146819049e-01 -3.390486737058481109e-02 5.766110680463191508e-03
-9.994464737525374787e-01 -3.271401085091484723e-02 6.045018445756569769e-03
-9.994848183572869749e-01 -3.146823329392264140e-02 6.312750737567035010e-03
-9.995232034345212790e-01 -3.016982815953841990e-02 6.568860241872527365e-03
-9.995613670617198299e-01 -2.882117715584342141e-02 6.812920805949192020e-03
-9.995990499201476975e-01 -2.742474596520571087e-02 7.044528162613261819e-03
-9.996359971016594015e-01 -2.598307981850828813e-02 7.263300616629717217e-03
-9.996719598778225357e-01 -2.449879892445619781e-02 7.468879691787649183e-03
-9.997066974190678135e-01 -2.297459376142564971e-02 7.660930737189870603e-03
-9.997399784519566124e-01 -2.141322023979261649e-02 7.839143491360840710e-03
-9.997715828431207319e-01 -1.981749474314609127e-02 8.003232602842474605e-03
-9.998013030989769678e-01 -1.819028905724744474e-02 8.152938106021960507e-03
-9.998289457709438333e-01 -1.653452519603699003e-02 8.288025851019172746e-03
-9.998543327565833083e-01 -1.485317013440718391e-02 8.408287886553377985e-03
-9.998773024878561122e-01 -1.314923045785413788e-02 8.513542794809437694e-03
-9.998977109985054401e-01 -1.142574693948062922e-02 8.603635977431967063e-03
-9.999154328634671796e-01 -9.685789055150486812e-03 8.678439891891518571e-03
-9.999303620041386509e-01 -7.932449447881989579e-03 8.737854237588962153e-03
-9.999424123543108056e-01 -6.168838352813338713e-03 8.781806091192131611e-03
-9.999515183825825604e-01 -4.398077994273236029e-03 8.810249990831639857e-03
-9.999576354681120050e-01 -2.623296966641524425e-03 8.823167968919487861e-03
-9.999607401276208174e-01 -8.476246107867416602e-04 8.820569533493843178e-03
-9.999608300926342563e-01 9.258146020822367785e-04 8.802491598134933037e-03
-9.999579242370186805e-01 2.693906667315303094e-03 8.768998360639478420e-03
-9.999520623559432497e-01 4.453553612690541383e-03 8.720181130783219783e-03
-9.999433047984539469e-01 6.201679021580564465e-03 8.656158107641948041e-03
-9.999317319568825635e-01 7.935233501900756936e-03 8.577074107079777840e-03
-9.999174436173232650e-01 9.651200089532702836e-03 8.483100240148370302e-03
-9.999005581763830142e-01 1.134659957517210674e-02 8.374433543271213309e-03
-9.998812117303410574e-01 1.301849574385173340e-02 8.251296561212168729e-03
-9.998595570437356361e-01 1.466400051673317877e-02 8.113936883946253412e-03
-9.998357624052204295e-01 1.628027898514312552e-02 7.962626638662470557e-03
-9.998100103792957327e-01 1.786455432724626952e-02 7.797661938232528997e-03
-9.997824964632184841e-01 1.941411259819403323e-02 7.619362287575148773e-03
-9.997534276590179791e-01 2.092630738506117208e-02 7.428069949432710220e-03
-9.997230209710951110e-01 2.239856431837665418e-02 7.224149271155007324e-03
-9.996915018403534914e-01 2.382838543256607378e-02 7.007985974153541249e-03
-9.996591025261987173e-01 2.521335336814559819e-02 6.779986407749061077e-03
-9.996260604480490253e-01 2.655113540903710975e-02 6.540576769184886126e-03
-9.995926164982180673e-01 2.783948734890633395e-02 6.290202291619096872e-03
-9.995590133381671016e-01 2.907625718095573769e-02 6.029326401940168431e-03
-9.995254936901694087e-01 3.025938860612751441e-02 5.758429850273368879e-03
