1.000000000000000000e+00 0.000000000000000000e+00 0.000000000000000000e+00
9.999895072073843316e-01 2.263566515012192890e-03 -3.982805860718698424e-03
9.999496172734079202e-01 6.169175405292812164e-03 -7.918743922153297088e-03
9.998620357695177097e-01 1.169451565140387783e-02 -1.179625617961820722e-02
9.997012684655416370e-01 1.881214979487368100e-02 -1.560393128519989465e-02
9.994351768804859981e-01 2.748938072380977676e-02 -1.933052344361970223e-02
9.990256392195661084e-01 3.768809173965985415e-02 -2.296497951927367609e-02
9.984293106311918908e-01 4.936457650549418846e-02 -2.649647547058993705e-02
9.975984751145683394e-01 6.246937719877818096e-02 -2.991446275754340231e-02
9.964819794133397135e-01 7.694715022236167656e-02 -3.320872485150755393e-02
9.950262369043032518e-01 9.273657907950903778e-02 -3.636944342903504490e-02
9.931762869382517733e-01 1.097703534214971022e-01 -3.938727327168180248e-02
9.908768924589747007e-01 1.279752317849552068e-01 -4.225342434513271184e-02
9.880736561962690789e-01 1.472722031425065803e-01 -4.495974901800809526e-02
9.847141335015187069e-01 1.675767591320690419e-01 -4.749883193088388217e-02
9.807489181793640487e-01 1.887992847978821331e-01 -4.986407966635354738e-02
9.761326766654955245e-01 2.108455710162991104e-01 -5.204980712652283042e-02
9.708251057791705829e-01 2.336174466917302905e-01 -5.405131741605374157e-02
9.647917901632262483e-01 2.570135235388590900e-01 -5.586497207119980185e-02
9.580049374751328228e-01 2.809300410946152238e-01 -5.748824867425494228e-02
9.504439723974021925e-01 3.052617948191974073e-01 -5.891978324479198170e-02
9.420959745035405453e-01 3.299031260330079762e-01 -6.015939529002532760e-02
9.329559497801953594e-01 3.547489492472440387e-01 -6.120809400274751511e-02
9.230269309353478224e-01 3.796957903779837884e-01 -6.206806478422220719e-02
9.123199072363408213e-01 4.046428085132882657e-01 -6.274263600263170482e-02
9.008535902144486629e-01 4.294927743733091829e-01 -6.323622663340626449e-02
8.886540268382375762e-01 4.541529803207479121e-01 -6.355427612433924012e-02
8.757540764144365886e-01 4.785360596165809111e-01 -6.370315844757634682e-02
8.621927712877738292e-01 5.025606963763638024e-01 -6.369008281050347886e-02
8.480145842098820719e-01 5.261522121158304088e-01 -6.352298387504008714e-02
8.332686269362938880e-01 5.492430196009245869e-01 -6.321040456668228225e-02
8.180078051716827003e-01 5.717729396503435924e-01 -6.276137463801716165e-02
8.022879544719703215e-01 5.936893813075672099e-01 -6.218528809330877566e-02
7.861669802453877809e-01 6.149473901685507116e-01 -6.149178239645299721e-02
7.697040227382231370e-01 6.355095734340258096e-01 -6.069062209578183348e-02
7.529586650400424963e-01 6.553459133219038391e-01 -5.979158913155951938e-02
7.359901989051040871e-01 6.744334827550289013e-01 -5.880438167290644863e-02
7.188569597648672982e-01 6.927560787179968260e-01 -5.773852288715100589e-02
7.016157388866360867e-01 7.103037893883493714e-01 -5.660328060076635220e-02
6.843212773735805055e-01 7.270725111654409156e-01 -5.540759838798609005e-02
6.670258437261062934e-01 7.430634311454527019e-01 -5.416003823735360267e-02
6.497788940822625259e-01 7.582824895402562326e-01 -5.286873460953601250e-02
6.326268120789075855e-01 7.727398351335758031e-01 -5.154135941876972909e-02
6.156127235471537951e-01 7.864492852294143743e-01 -5.018509724813595418e-02
5.987763799697127798e-01 7.994277997842955674e-01 -4.880662994476672040e-02
5.821541037575673760e-01 8.116949776212780687e-01 -4.741212963153888099e-02
5.657787879071604076e-01 8.232725808775593901e-01 -4.600725911130892909e-02
5.496799424257871047e-01 8.341840921985259616e-01 -4.459717862150750639e-02
5.338837800063668260e-01 8.444543077016997135e-01 -4.318655791358733120e-02
5.184133337370746553e-01 8.541089674207792415e-01 -4.177959267598611165e-02
5.032886000929415182e-01 8.631744238158833848e-01 -4.038002438386709830e-02
4.885267010268343757e-01 8.716773480030851617e-01 -3.899116273752002010e-02
4.741420596137591592e-01 8.796444726077201626e-01 -3.761590993834946356e-02
4.601465843695429769e-01 8.871023695689245203e-01 -3.625678614215492590e-02
4.465498580339018475e-01 8.940772608005316258e-01 -3.491595552013705694e-02
4.333593272564883470e-01 9.005948593266988045e-01 -3.359525244583593667e-02
4.205804902364939646e-01 9.066802383395157205e-01 -3.229620740889407871e-02
4.082170799307017761e-01 9.123577255507304695e-01 -3.102007233270057465e-02
3.962712409548521664e-01 9.176508202120671198e-01 -2.976784504175023285e-02
3.847436987556555055e-01 9.225821302414710656e-01 -2.854029268554809928e-02
3.736339200253724346e-01 9.271733270009685501e-01 -2.733797397907423987e-02
3.629402636692817818e-01 9.314451154126714982e-01 -2.616126016543869962e-02
3.526601219217211924e-01 9.354172172618334669e-01 -2.501035464483665829e-02
3.427900514428452450e-01 9.391083657107233140e-01 -2.388531124582042933e-02
3.333258944204823826e-01 9.425363092271713539e-01 -2.278605114087161806e-02
3.242628898544083760e-01 9.457178233112790711e-01 -2.171237842894754508e-02
3.155957753189160275e-01 9.486687285786616908e-01 -2.066399442375345397e-02
3.073188795884920776e-01 9.514039139255902056e-01 -1.964051069859424486e-02
2.994262065751751578e-01 9.539373636583572402e-01 -1.864146094738511339e-02
2.919115110688449977e-01 9.562821876147522548e-01 -1.766631172729801399e-02
2.847683667969733157e-01 9.584506534389760635e-01 -1.671447215208486312e-02
2.779902273315082994e-01 9.604542202924192251e-01 -1.578530260678655261e-02
2.715704803704247494e-01 9.623035733916168732e-01 -1.487812255469194572e-02
2.655024959125033002e-01 9.640086588617975405e-01 -1.399221750638271651e-02
2.597796688281988620e-01 9.655787184803663603e-01 -1.312684521876938612e-02
2.543954563087784670e-01 9.670223239601445364e-01 -1.228124118942719098e-02
2.493434106517100068e-01 9.683474104880289701e-01 -1.145462350847424073e-02
2.446172078137640593e-01 9.695613092917784170e-01 -1.064619712685985382e-02
2.402106721354180241e-01 9.706707790567166150e-01 -9.855157596378854093e-03
2.361177976116934918e-01 9.716820360560857184e-01 -9.080694333102211011e-03
2.323327660561186891e-01 9.726007828943653566e-01 -8.321993452297778843e-03
2.288499624765460427e-01 9.734322357928384406e-01 -7.578240219370070696e-03
2.261895609114946137e-01 9.740651557854212994e-01 -5.950452912650662680e-03
2.241686073866030193e-01 9.745407041034882534e-01 -4.347972270840629733e-03
2.227789234466664714e-01 9.748650939527534476e-01 -2.766486584670389652e-03
2.220137155612112445e-01 9.750428296680616613e-01 -1.201742982560048949e-03
2.218675757466298804e-01 9.750767712950741961e-01 3.504556335966002665e-04
2.223364753082663070e-01 9.749681828371862258e-01 1.894254009002678107e-03
2.234177522942588645e-01 9.747167646932618501e-01 3.433748105717983334e-03
2.251100929968877784e-01 9.743206707528137001e-01 4.972988626615944263e-03
2.274135075945847850e-01 9.737765105558935375e-01 6.515984305918681718e-03
2.303292997942929243e-01 9.730793368694221623e-01 8.066704781516869510e-03
2.338600301054482578e-01 9.722226189839692223e-01 9.629082862770491080e-03
2.380094721497445498e-01 9.711982019991060033e-01 1.120701600181379758e-02
2.427825611816593065e-01 9.699962523455698538e-01 1.280436676670011591e-02
2.481853337605151033e-01 9.686051897931334809e-01 1.442496210115312358e-02
2.542248572731966028e-01 9.670116062193060413e-01 1.607259113837830947e-02
2.609091477557511363e-01 9.652001714715293668e-01 1.775100131549501789e-02
2.682470742009878673e-01 9.631535267508949394e-01 1.946389251089343173e-02
2.762482472678999268e-01 9.608521660860707136e-01 2.121490889950854164e-02
2.849228900286134847e-01 9.582743066605952098e-01 2.300762819107309357e-02
2.942816881026314446e-01 9.553957490145802423e-01 2.484554788448629925e-02
3.043356162415038479e-01 9.521897284738752854e-01 2.673206813838470766e-02
3.150957381474770447e-01 9.486267595776101125e-01 2.867047082501854999e-02
3.265729760481851929e-01 9.446744757913035917e-01 3.066389430322358917e-02
3.387778463210822100e-01 9.402974674204064298e-01 3.271530341874814840e-02
3.517201572859406933e-01 9.354571213911107019e-01 3.482745421918279072e-02
3.654086651869403735e-01 9.301114674533936810e-01 3.700285285972317734e-02
3.798506843998313287e-01 9.242150363952328362e-01 3.924370817931574495e-02
3.950516480640416384e-01 9.177187370425082813e-01 4.155187744971014507e-02
4.110146157022119273e-01 9.105697601559735732e-01 4.392880484895952259e-02
4.277397250067754286e-01 9.027115188155996339e-01 4.637545229347552617e-02
4.452235859094540449e-01 8.940836364819551019e-01 4.889222238745574017e-02
4.634586163767563938e-01 8.846219956058911649e-01 5.147887342490861662e-02
4.824323211696069924e-01 8.742588613621369298e-01 5.413442661781459747e-02
5.021265171461266608e-01 8.629230967234117200e-01 5.685706603453821034e-02
5.225165116465240178e-01 8.505404865514309964e-01 5.964403212515673874e-02
5.435702441378905680e-01 8.370341895052325620e-01 6.249151019283105679e-02
5.652474056493492771e-01 8.223253371610871332e-01 6.539451574734132799e-02
5.874985555897707101e-01 8.063337995665961211e-01 6.834677934780963859e-02
6.102642612488980989e-01 7.889791352416124504e-01 7.134063429816869806e-02
6.334742914981860151e-01 7.701817410893377902e-01 7.436691138252973787e-02
6.570469026908665189e-01 7.498642134803367165e-01 7.741484568653785037e-02
6.808882611538267238e-01 7.279529256243794100e-01 8.047200139761372106e-02
7.048920524755616368e-01 7.043798180084909211e-01 8.352422124652141011e-02
7.289393323956530057e-01 6.790843880169669111e-01 8.655560786155705455e-02
7.528986767365271060e-01 6.520158518864690445e-01 8.954854465466997870e-02
7.766266876397872609e-01 6.231354371407423764e-01 9.248376383360408515e-02
7.999689094985592552e-01 5.924187471391926252e-01 9.534046861921680049e-02
8.227611995974339898e-01 5.598581222438541172e-01 9.809651563427057575e-02
8.448315849509032693e-01 5.254649056001525764e-01 1.007286616354877568e-01
8.660026178676212272e-01 4.892715072108791419e-01 1.032128762445481962e-01
8.860942185407468807e-01 4.513331496805567666e-01 1.055247191198639967e-01
9.049269642687074455e-01 4.117291746345822512e-01 1.076397762048590112e-01
9.223257532414608217e-01 3.705637921642512267e-01 1.095341454885009752e-01
9.381237383847069733e-01 3.279661681070293322e-01 1.111849584117798051e-01
9.521663963367013039e-01 2.840897662432875781e-01 1.125709190207933308e-01
9.643155714046118820e-01 2.391108943253419938e-01 1.136728396228414428e-01
9.744533174936288455e-01 1.932264428716334304e-01 1.144741494686318528e-01
9.824853552941367196e-01 1.466508513136343117e-01 1.149613522288993467e-01
9.883439693594269215e-01 9.961238381330375646e-02 1.151244090105609935e-01
9.919901907657406870e-01 5.234884263158324363e-02 1.149570264530507258e-01
9.938494286615369155e-01 7.345100652124764151e-03 1.104962037789565671e-01
9.937478504680866687e-01 -3.579897300549837041e-02 1.057529304319534957e-01
9.919359012769045636e-01 -7.689424550526156865e-02 1.007495548037714711e-01
9.886720125071742915e-01 -1.157822505237983135e-01 9.550991352246279709e-02
9.842172592900572115e-01 -1.523346313189830048e-01 9.005864780350621157e-02
9.788303934447899479e-01 -1.864516909053862692e-01 8.442057774139348492e-02
9.727633915962158317e-01 -2.180602092874932008e-01 7.862015437757592651e-02
9.662576081812347395e-01 -2.471107045783906275e-01 7.268100275678575362e-02
9.595405754939273502e-01 -2.735743176773304253e-01 6.662556284029180764e-02
9.528234509546884556e-01 -2.974394915533865591e-01 6.047482952739693940e-02
9.462990776445481256e-01 -3.187085991982935296e-01 5.424818842460153723e-02
9.401405988253314083e-01 -3.373946521610663440e-01 4.796334051534243553e-02
9.345005506832788633e-01 -3.535181971637246789e-01 4.163630650847231079e-02
9.295103491763015979e-01 -3.671044840032158252e-01 3.528150026845122689e-02
9.252800854712509571e-01 -3.781809655207784560e-01 2.891186018055034307e-02
9.218985486618640479e-01 -3.867751709793248449e-01 2.253902737762135053e-02
9.194334028841938400e-01 -3.929129782675850335e-01 1.617356024661285863e-02
9.179314573386427867e-01 -3.966172980052086738e-01 9.825175355485070428e-03
9.174189810229729236e-01 -3.979071735504322027e-01 3.503005735801317452e-03
9.179020283300923788e-01 -3.967972945515100824e-01 -2.784131800761592904e-03
9.193667564179655027e-01 -3.932979173160319752e-01 -9.027468029504260444e-03
9.217797299239470776e-01 -3.874151820987848938e-01 -1.521801866632957120e-02
9.250882227810302005e-01 -3.791518146108299736e-01 -2.134633480253081764e-02
9.292205402482014431e-01 -3.685081958445216577e-01 -2.740227349789984765e-02
9.340863964226041594e-01 -3.554837799841074064e-01 -3.337479573732772542e-02
9.395773930217857783e-01 -3.400788341457756658e-01 -3.925179915660093055e-02
9.455676535741349698e-01 -3.222964655540832557e-01 -4.501999311834703477e-02
9.519146726880957088e-01 -3.021448913310592066e-01 -5.066482375057471815e-02
9.584604420463216368e-01 -2.796398934537703829e-01 -5.617045631522338267e-02
9.650329124086562960e-01 -2.548073870716222045e-01 -6.151982161513169789e-02
9.714478434733221368e-01 -2.276860150964298835e-01 -6.669473194607564159e-02
9.775110803738455978e-01 -1.983296670154879315e-01 -7.167607025311070745e-02
9.830212766331568597e-01 -1.668098068285171487e-01 -7.644405360046792330e-02
9.877730587859802069e-01 -1.332174857501680076e-01 -8.097856882180029525e-02
9.915605984656333804e-01 -9.766491184543243942e-02 -8.525957437844808307e-02
9.941815250948923266e-01 -6.028645295770765355e-02 -8.926755821117836331e-02
9.954410787095453461e-01 -2.123896263173339488e-02 -9.298403701787470721e-02
9.951563707838430028e-01 1.929865799586883562e-02 -9.639207830270304922e-02
9.931605945092895071e-01 6.112671637278034587e-02 -9.947682315106408379e-02
9.893070081166197571e-01 1.040268154709069887e-01 -1.022259854238033450e-01
9.834725084169528841e-01 1.477647370968634133e-01 -1.046303023136965632e-01
9.755606187705500032e-01 1.920940379925909214e-01 -1.066839122299821641e-01
9.655037368680919885e-01 2.367602282322450458e-01 -1.083846388640659492e-01
9.532645221705623451e-01 2.815053613502017660e-01 -1.097341649272743774e-01
9.388363481487720374e-01 3.260728365597092560e-01 -1.107380851151652801e-01
9.222427967696895657e-01 3.702121984802094756e-01 -1.114058348365597612e-01
9.035362272541298534e-01 4.136837206283235924e-01 -1.117504985220134778e-01
8.827955029395382347e-01 4.562625754369241671e-01 -1.117885082292425919e-01
8.601230044555179255e-01 4.977424239074239587e-01 -1.115392491748041226e-01
8.356410906680469264e-01 5.379382988811753918e-01 -1.110245932542303499e-01
8.094881886880835875e-01 5.766887030914903400e-01 -1.102683842653436053e-01
7.818146999870038139e-01 6.138568920370770510e-01 -1.092958993317896255e-01
7.527789021669887282e-01 6.493313579694759419e-01 -1.081333100494779320e-01
7.225430073094564198e-01 6.830255713418927899e-01 -1.068071644277111265e-01
6.912695110176557689e-01 7.148770674446139894e-01 -1.053439071603328864e-01
6.591179345950826107e-01 7.448459873892058214e-01 -1.037694515795370004e-01
6.262420294980501900e-01 7.729131939930719009e-01 -1.021088122451960511e-01
5.927874810830114916e-01 7.990780853065413414e-01 -1.003858028785447332e-01
5.588901199051119484e-01 8.233562230382229785e-01 -9.862280054795739825e-02
5.246746248433105109e-01 8.457768818607102057e-01 -9.684057384568825477e-02
4.902536838393827812e-01 8.663806104976645717e-01 -9.505817035183661279e-02
4.557275651339541822e-01 8.852168784548704039e-01 -9.329285697749328810e-02
4.211840441788253786e-01 9.023418648345775672e-01 -9.156010576229567377e-02
3.866986282021298571e-01 9.178164290826679172e-01 -8.987361728003745442e-02
3.523350208349059765e-01 9.317042886092438136e-01 -8.824537386505837411e-02
3.181457723636910151e-01 9.440704154985307683e-01 -8.668571529162873157e-02
2.841730661893152599e-01 9.549796541969003405e-01 -8.520343020444616500e-02
2.504495981875477506e-01 9.644955541278604771e-01 -8.380585741068528882e-02
2.169995122579740365e-01 9.726794054624789965e-01 -8.249899202079613580e-02
1.838393619318910988e-01 9.795894625084841101e-01 -8.128759230352104737e-02
1.509790741422004645e-01 9.852803370592985166e-01 -8.017528395558028154e-02
1.184228969112813834e-01 9.898025432434409687e-01 -7.916465924922554132e-02
8.617031765728438986e-02 9.932021756286082415e-01 -7.825736919549840243e-02
5.421694300133463734e-02 9.955207032882857909e-01 -7.745420744179060124e-02
2.255533437872488112e-02 9.967948639962044277e-01 -7.675518511078562034e-02
-8.824203545772256463e-03 9.970566444810221585e-01 -7.615959619064119335e-02
-3.993288262442283576e-02 9.963333345954653586e-01 -7.566607341295308875e-02
-7.078273865819680044e-02 9.946476452113071076e-01 -7.527263481672849532e-02
-1.013859851102064391e-01 9.920178815543428952e-01 -7.497672140478571501e-02
-1.317544112132180978e-01 9.884581654764035274e-01 -7.477522646476723878e-02
-1.618988224728217240e-01 9.839787017774233036e-01 -7.466451726044663617e-02
-1.918285217681916510e-01 9.785860851062693211e-01 -7.464044990908842714e-02
-2.215508297075453326e-01 9.722836451604822683e-01 -7.469837835466873466e-02
-2.510706435546763982e-01 9.650718288544563039e-01 -7.483315843057818106e-02
-2.803900348596774506e-01 9.569486188188085496e-01 -7.503914808315900742e-02
-3.095078868569073327e-01 9.479099880188729399e-01 -7.531020490155748703e-02
-3.384195736925807996e-01 9.379503904270627412e-01 -7.563968217070735078e-02
-3.671166845678514590e-01 9.270632875436300990e-01 -7.602042473193793004e-02
-3.955867968826914383e-01 9.152417101270540201e-01 -7.644476599722221932e-02
-4.238133033887575563e-01 9.024788537670601629e-01 -7.690452751436505086e-02
-4.517752991484044189e-01 8.887687059146635038e-01 -7.739102251593853177e-02
-4.794475346899403356e-01 8.741067006882535795e-01 -7.789506489768298347e-02
-5.068004420803284837e-01 8.584903962282421919e-01 -7.840698505460440282e-02
-5.338002406385580212e-01 8.419201676157438419e-01 -7.891665394673628986e-02
-5.604091286205180600e-01 8.243999064612982375e-01 -7.941351666309015567e-02
-5.865855663606350801e-01 8.059377162853227361e-01 -7.988663659395697780e-02
-6.122846550103118179e-01 7.865465908504201131e-01 -8.032475110218849357e-02
-6.374586131407362632e-01 7.662450607835029626e-01 -8.071633929953707376e-02
-6.620573510761471603e-01 7.450577922754278992e-01 -8.104970218408164007e-02
-6.860291399238753751e-01 7.230161205101615085e-01 -8.131305498300328560e-02
-7.093213689382120712e-01 7.001584998991500219e-01 -8.149463108031099190e-02
-7.318813812067006541e-01 6.765308533155980353e-01 -8.158279640586663106e-02
-7.536573738321048488e-01 6.521868034526865365e-01 -8.156617264008880763e-02
-7.745993449918654461e-01 6.271877712495618207e-01 -8.143376707299899986e-02
-7.946600667106902272e-01 6.016029290714859368e-01 -8.117510647582451555e-02
-8.137960591203740046e-01 5.755089999688971503e-01 -8.078037192957508716e-02
-8.319685396446054870e-01 5.489898987804063824e-01 -8.024053123938791610e-02
-8.491443191573934124e-01 5.221362159236897504e-01 -7.954746537501602988e-02
-8.652966169040849920e-01 4.950445502072047255e-01 -7.869408534033037195e-02
-8.804057669660106944e-01 4.678167026118135730e-01 -7.767443600382034630e-02
-8.944597913389807919e-01 4.405587484156140432e-01 -7.648378372326385122e-02
-9.074548182397363938e-01 4.133800099357922697e-01 -7.511868506472943463e-02
-9.193953289194528589e-01 3.863919562208276148e-01 -7.357703453044582564e-02
-9.302942218304519617e-01 3.597070589699163934e-01 -7.185808994198944477e-02
-9.401726891713273471e-01 3.334376355767126876e-01 -6.996247493536354722e-02
-9.490599072878724840e-01 3.076947103715413356e-01 -6.789215886699707936e-02
-9.569925487725366997e-01 2.825869238494729263e-01 -6.565041525572672121e-02
-9.640141300325774099e-01 2.582195170018716790e-01 -6.324176064782602302e-02
-9.701742132735703406e-01 2.346934139908948003e-01 -6.067187644749039155e-02
-9.755274860202008957e-01 2.121044215720707116e-01 -5.794751676957123759e-02
-9.801327443006079276e-01 1.905425581859911954e-01 -5.507640572118002037e-02
-9.840518073742032801e-01 1.700915198402205286e-01 -5.206712769244649375e-02
-9.873483923961137165e-01 1.508282841204720282e-01 -4.892901423467473088e-02
-9.900869767763145202e-01 1.328228482142407296e-01 -4.567203093790802443e-02
-9.923316743670906881e-01 1.161380919628802189e-01 -4.230666741014958016e-02
-9.941451492048961613e-01 1.008297528821642114e-01 -3.884383303451292152e-02
-9.955875875739109704e-01 8.694649694236623871e-02 -3.529476066964112174e-02
-9.967157458850457452e-01 7.453006674530514297e-02 -3.167091989533653285e-02
-9.975820884979204051e-01 6.361548758429230732e-02 -2.798394082088814447e-02
-9.982340263471902730e-01 5.423131167784022572e-02 -2.424554889654219683e-02
-9.987132642214042733e-01 4.639988154337629234e-02 -2.046751062322518105e-02
-9.990552618895794934e-01 4.013759490942821195e-02 -1.666158956146664497e-02
-9.992888120380265526e-01 3.545515562450345104e-02 -1.283951161202652111e-02
-9.994357361829592223e-01 3.235779757336527257e-02 -9.012938187947315549e-03
-9.995106983386647936e-01 3.084547152401586820e-02 -5.193445626569506007e-03
-9.995211351894205398e-01 3.091298797608329693e-02 -1.392509003173960334e-03
-9.994673007544888632e-01 3.255011234781998719e-02 2.378511594417263928e-03
-9.993424229524205948e-01 3.574161211887978695e-02 6.108384290298960774e-03
-9.991329689598931196e-01 4.046725874243931043e-02 9.786020043227532106e-03
-9.988190157196747965e-01 4.670179016253894061e-02 1.340049042979631067e-02
-9.985547201094246983e-01 5.215784716710831354e-02 1.296481105070436575e-02
-9.982717279012502942e-01 5.742404477160661935e-02 1.249370395795530025e-02
-9.979738535060695970e-01 6.248609479720171334e-02 1.198882146083545160e-02
-9.976650339038850568e-01 6.733045428405853849e-02 1.145190361488256266e-02
-9.973492803756459635e-01 7.194435774269321293e-02 1.088477140920711579e-02
-9.970306301303394347e-01 7.631584558109121008e-02 1.028931984800869441e-02
-9.967130984118267589e-01 8.043378879078859345e-02 9.667510973427814736e-03
-9.964006316481147651e-01 8.428791001389711324e-02 9.021366873049226076e-03
-9.960970621775224743e-01 8.786880114591739954e-02 8.352962710947361979e-03
-9.958060650523988810e-01 9.116793765562641871e-02 7.664419816283500435e-03
-9.955311173825381887e-01 9.417768982303861836e-02 6.957898858277434054e-03
-9.952754606380705971e-01 9.689133110931107129e-02 6.235593131034958270e-03
-9.950420662862136112e-01 9.930304387856130066e-02 5.499721966363797093e-03
-9.948336050886337212e-01 1.014079226911373949e-01 4.752524287495342795e-03
-9.946524203370037398e-01 1.032019753813235019e-01 3.996252311677989458e-03
-9.945005052542986723e-01 1.046821221203188407e-01 3.233165405037392165e-03
-9.943794847390114988e-01 1.058461926482516385e-01 2.465524089011833682e-03
-9.942906015792782881e-01 1.066929218377314775e-01 1.695584194152677422e-03
-9.942347072142838638e-01 1.072219437268295966e-01 9.255911541981551348e-04
-9.942122570716124264e-01 1.074337841322813014e-01 1.577744311325560448e-04
-9.942233104616789996e-01 1.073298519250311667e-01 -6.056579395375292704e-04
-9.942675349642623450e-01 1.069124290209010619e-01 -1.362524694811460260e-03
-9.943442151976316090e-01 1.061846591100518711e-01 -2.110676593081569231e-03
-9.944522658179884012e-01 1.051505351208989192e-01 -2.848001576769758434e-03
-9.945902485560838002e-01 1.038148853880472011e-01 -3.572429858285521877e-03
-9.947563930590691550e-01 1.021833584703889103e-01 -4.281938936958756999e-03
-9.949486212690690223e-01 1.002624065454272434e-01 -4.974558552152378958e-03
-9.951645750358152354e-01 9.805926728973865525e-02 -5.648375574863260043e-03
-9.954016466291623066e-01 9.558194414373852310e-02 -6.301538836867298307e-03
-9.956570117886698323e-01 9.283918485193749792e-02 -6.932263892955582013e-03
-9.959276649219569455e-01 8.984045816791060013e-02 -7.538837708149639244e-03
-9.962104560415063759e-01 8.659592861636430938e-02 -8.119623258084296413e-03
-9.965021290113486030e-01 8.311642921296404085e-02 -8.673064027117521196e-03
-9.967993606609096835e-01 7.941343205583019371e-02 -9.197688385276995074e-03
-9.970988003135899946e-01 7.549901672054962209e-02 -9.692113821988514177e-03
-9.973971092726672261e-01 7.138583641278256620e-02 -1.015505101175006447e-02
-9.976909998071556984e-01 6.708708185855610795e-02 -1.058530768460714741e-02
-9.979772731855417467e-01 6.261644294150406354e-02 -1.098179227252731732e-02
-9.982528563160102397e-01 5.798806812792876852e-02 -1.134351730162893278e-02
-9.985148365679730187e-01 5.321652175383712047e-02 -1.166960249973901867e-02
-9.987604943713966898e-01 4.831673928220415332e-02 -1.195927758896878600e-02
-9.989873332175029930e-01 4.330398067277253793e-02 -1.221188473391530624e-02
-9.991931067166601732e-01 3.819378203982911474e-02 -1.242688061771752076e-02
-9.993758424063756696e-01 3.300190580474923752e-02 -1.260383812048861477e-02
-9.995338620437973498e-01 2.774428957884862712e-02 -1.274244757757068795e-02
-9.996657981624864631e-01 2.243699403747717938e-02 -1.284251759854992091e-02
-9.997706067217962955e-01 1.709615006766500300e-02 -1.290397543195374343e-02
-9.998475757282473397e-01 1.173790548843077833e-02 -1.292686686493474922e-02
-9.998963297610327094e-01 6.378371654653432893e-03 -1.291135565192743327e-02
-9.999168303873694486e-01 1.033570261894589497e-03 -1.285772247113323684e-02
-9.999093725069556626e-01 -4.280619329408816461e-03 -1.276636341263243622e-02
-9.998745767174167520e-01 -9.548511936385863791e-03 -1.263778800682241465e-02
-9.998133778434660224e-01 -1.475466725854337330e-02 -1.247261680662729334e-02
-9.997270098207376998e-01 -1.988393915543721496e-02 -1.227157854140610571e-02
-9.996169871701124920e-01 -2.492152322704635492e-02 -1.203550686460662031e-02
-9.994850833391687450e-01 -2.985300245011298162e-02 -1.176533672088212606e-02
-9.993333062235644215e-01 -3.466439065056566016e-02 -1.146210036153555954e-02
-9.991638712122116184e-01 -3.934217362172048177e-02 -1.112692303972152678e-02
-9.989791721256854329e-01 -4.387334772949479100e-02 -1.076101841878149279e-02
-9.987817504371705457e-01 -4.824545587857748813e-02 -1.036568372838777945e-02
-9.985742631792748902e-01 -5.244662074658153900e-02 -9.942294703823082239e-03
-9.983594499482236762e-01 -5.646557522587879185e-02 -9.492300343736354007e-03
-9.981400994194049581e-01 -6.029169004434519613e-02 -9.017217521121985088e-03
-9.979190157851670628e-01 -6.391499856594567985e-02 -8.518625481110946376e-03
-9.976989855174731581e-01 -6.732621879935847542e-02 -7.998160257496729486e-03
-9.974827448448607692e-01 -7.051677266716493975e-02 -7.457509037813461750e-03
-9.972729483155585717e-01 -7.347880260909904482e-02 -6.898404504314610379e-03
-9.970721387970514771e-01 -7.620518561015413028e-02 -6.322619175450845501e-03
-9.968827192373419521e-01 -7.868954475778758284e-02 -5.731959769500787755e-03
-9.967069264851395882e-01 -8.092625844196045526e-02 -5.128261608955661348e-03
-9.965468074357271000e-01 -8.291046731732124031e-02 -4.513383081184176721e-03
-9.964041977367811276e-01 -8.463807914861416759e-02 -3.889200167889632093e-03
-9.962807032544468422e-01 -8.610577165858084026e-02 -3.257601052994326968e-03
-9.961776844649126161e-01 -8.731099349253029773e-02 -2.620480815916793882e-03
-9.960962439010137004e-01 -8.825196340575214293e-02 -1.979736214806498713e-03
-9.960372167473808824e-01 -8.892766776947327867e-02 -1.337260562220242421e-03
-9.960011646416825348e-01 -8.933785647859343593e-02 -6.949386940057202759e-04
-9.959883727038862933e-01 -8.948303733049256525e-02 -5.464203083068125237e-05
-9.959988497804629359e-01 -8.936446892931917962e-02 5.817762691204159424e-04
-9.960323318563151229e-01 -8.898415215488435226e-02 1.212486068259130368e-03
-9.960882885541628706e-01 -8.834482022013701030e-02 1.835684920576977465e-03
-9.961659326093644795e-01 -8.744992732669827629e-02 2.449602657248279615e-03
-9.962642321778907295e-01 -8.630363591457339278e-02 3.052505887911362119e-03
-9.963819258065954587e-01 -8.491080249038431005e-02 3.642702417659431612e-03
-9.965175398682256658e-01 -8.327696200867026888e-02 4.218545578447275950e-03
-9.966694082389762066e-01 -8.140831077332488785e-02 4.778438472047586219e-03
-9.968356939740132816e-01 -7.931168782134657980e-02 5.320838119927260440e-03
-9.970144127164596304e-01 -7.699455474897508311e-02 5.844259513520100660e-03
-9.972034575580508431e-01 -7.446497394109340140e-02 6.347279556411687500e-03
-9.974006250552320818e-01 -7.173158516853640754e-02 6.828540887990328101e-03
-9.976036420930550763e-01 -6.880358052463050877e-02 7.286755576220281354e-03
-9.978101932810424790e-01 -6.569067768177923317e-02 7.720708665423827756e-03
-9.980179485603657419e-01 -6.240309146101698234e-02 8.129261563377929850e-03
-9.982245907003814978e-01 -5.895150372191641786e-02 8.511355250695129548e-03
-9.984278423648915712e-01 -5.534703159672541006e-02 8.866013294416875273e-03
-9.986254924345092654e-01 -5.160119411074234191e-02 9.192344647042806349e-03
-9.988154212812468957e-01 -4.772587725028007433e-02 9.489546211885465515e-03
-9.989956247048670246e-01 -4.373329755964826954e-02 9.756905155700240639e-03
-9.991642362575738900e-01 -3.963596436890590158e-02 9.993800950008851700e-03
-9.993195477041169061e-01 -3.544664077419359960e-02 1.019970712341410589e-02
-9.994600273881310004e-01 -3.117830351174405434e-02 1.037419270848589231e-02
-9.995843363022768324e-01 -2.684410188469946168e-02 1.051692336846445433e-02
-9.996913416891388682e-01 -2.245731591817841377e-02 1.062766219104769108e-02
-9.997801280315022909e-01 -1.803131393221459738e-02 1.070627013886570056e-02
-9.998500053241279328e-01 -1.357950973387308732e-02 1.075270614885072418e-02
-9.999005145539966444e-01 -9.115319638739429603e-03 1.076702687552964256e-02
-9.999314303516887437e-01 -4.652119537846694831e-03 1.074938607623910150e-02
-9.999427608125713851e-01 -2.032022288095819418e-04 1.070003363932632394e-02
-9.999347445222391828e-01 4.218264770591221256e-03 1.061931425948572233e-02
-9.999078448556590892e-01 8.599280711867596932e-03 1.050766576742634233e-02
-9.998627416531735701e-01 1.292705220066378904e-02 1.036561712400370719e-02
-9.998003204084292550e-01 1.718903267908990229e-02 1.019378609172074540e-02
-9.997216591329557422e-01 2.137296062011341188e-02 9.992876599050678349e-03
-9.996280130891068705e-01 2.546689626338756451e-02 9.763675815310972686e-03
-9.995207976070457079e-01 2.945925673870514183e-02 9.507050955780676355e-03
-9.994015692221009939e-01 3.333884944166126685e-02 9.223945838371681860e-03
-9.992720053859298623e-01 3.709490354565152942e-02 8.915377214414996546e-03
-9.991338830183231767e-01 4.071709955456775942e-02 8.582430896993517924e-03
-9.989890561761044507e-01 4.419559682102641718e-02 8.226257710740533108e-03
-9.988394331213749089e-01 4.752105897522743150e-02 7.848069287135328587e-03
-9.986869530733979428e-01 5.068467722916984025e-02 7.449133729080479292e-03
-9.985335629267897417e-01 5.367819153955349226e-02 7.030771167964324636e-03
-9.983811942135580875e-01 5.649390962992443393e-02 6.594349235529372265e-03
-9.982317405781010455e-01 5.912472388817673757e-02 6.141278471721387661e-03
-9.980870360227891425e-01 6.156412616916372149e-02 5.673007688328473089e-03
-9.979488341674768170e-01 6.380622054371484775e-02 5.191019306681783976e-03
-9.978187887495176822e-01 6.584573404468287150e-02 4.696824686029128955e-03
-9.976984355718957476e-01 6.767802546770373961e-02 4.191959457459879315e-03
-9.975891760862536373e-01 6.929909228914667152e-02 3.677978876504181018e-03
-9.974922627752037529e-01 7.070557576633031138e-02 3.156453205799279998e-03
-9.974087864746731258e-01 7.189476428560442889e-02 2.628963137555891810e-03
-9.973396657524468134e-01 7.286459502251751985e-02 2.097095264008868795e-03
-9.972856384338371072e-01 7.361365397522322274e-02 1.562437602635007505e-03
-9.972472553397884187e-01 7.414117442777479194e-02 1.026575181697100131e-03
-9.972248762769895247e-01 7.444703389429618845e-02 4.910856906515210455e-04
-9.972186682939556679e-01 7.453174958850158904e-02 -4.246480084560487044e-05
-9.972286061917852162e-01 7.439647245597470759e-02 -5.725260521703953503e-04
-9.972544752536102175e-01 7.404297979933215090e-02 -1.097567786375425311e-03
-9.972958761328446498e-01 7.347366651919376435e-02 -1.616083747525779921e-03
-9.973522318173820844e-01 7.269153498706917849e-02 -2.126595677889573256e-03
-9.974227965650872552e-01 7.170018356012571037e-02 -2.627657211821336769e-03
-9.975066666854300879e-01 7.050379374258571030e-02 -3.117857682666145755e-03
-9.976027930231010643e-01 6.910711599443697395e-02 -3.595825838341351610e-03
-9.977099949820731339e-01 6.751545418541744781e-02 -4.060233460451475457e-03
-9.978269759129926308e-01 6.573464869100389962e-02 -4.509798880893701491e-03
-9.979523396731366791e-01 6.377105812749787883e-02 -4.943290388952564958e-03
-9.980846081565980521e-01 6.163153972531997676e-02 -5.359529520900616940e-03
-9.982222395829816186e-01 5.932342834330596448e-02 -5.757394223155304011e-03
-9.983636473258271637e-01 5.685451413210954735e-02 -6.135821879129144119e-03
-9.985072190573149875e-01 5.423301886167288671e-02 -6.493812189087091319e-03
-9.986513359836356463e-01 5.146757093600101696e-02 -6.830429891626276125e-03
-9.987943919457757946e-01 4.856717912800107700e-02 -7.144807314850294688e-03
-9.989348121634156197e-01 4.554120507771685505e-02 -7.436146744950202468e-03
-9.990710714051538321e-01 4.239933460866748133e-02 -7.703722599749940336e-03
-9.992017113763461689e-01 3.915154792892384245e-02 -7.946883394842257919e-03
-9.993253571263945867e-01 3.580808879574755299e-02 -8.165053490243833617e-03
-9.994407322902618684e-01 3.237943273478376127e-02 -8.357734606040426520e-03
-9.995466729941742123e-01 2.887625441664625273e-02 -8.524507096273593876e-03
-9.996421402727369010e-01 2.530939430497096410e-02 -8.665030971332459558e-03
-9.997262308638207307e-01 2.168982470036543223e-02 -8.779046660343809566e-03
-9.997981862683360532e-01 1.802861531388867330e-02 -8.866375506482265106e-03
-9.998573999841285920e-01 1.433689851152877663e-02 -8.926919989725034740e-03
-9.999034228464062091e-01 1.062583437740646265e-02 -8.960663673323789741e-03
-9.999359664310202289e-01 6.906575747963560746e-03 -8.967670872126801834e-03
-9.999549045012505744e-01 3.190233372079651162e-03 -8.948086042822003816e-03
-9.999602725031320194e-01 -5.121586471724115519e-04 -8.902132898148567772e-03
-9.999522651384693539e-01 -4.189676974594195094e-03 -8.830113249102652245e-03
-9.999312320681827959e-01 -7.831542577303753777e-03 -8.732405581103970874e-03
-9.998976718211718406e-01 -1.142715352503868159e-02 -8.609463371956900535e-03
-9.998522240051801457e-01 -1.496611691647505189e-02 -8.461813161198353597e-03
-9.997956599358971408e-01 -1.843827979996521746e-02 -8.290052382043050852e-03
-9.997288718184909051e-01 -2.183375896673712610e-02 -8.094846968587492489e-03
-9.996528606317082177e-01 -2.514296950541226872e-02 -7.876928752193956482e-03
-9.995687228784185807e-01 -2.835665201844899883e-02 -7.637092662027273118e-03
-9.994776363778727912e-01 -3.146589841354770906e-02 -7.376193745547513989e-03
-9.993808452838944811e-01 -3.446217619590122294e-02 -7.095144025364406165e-03
-9.992796445196572286e-01 -3.733735120017339648e-02 -6.794909209233068390e-03
-9.991753638236060553e-01 -4.008370871398346524e-02 -6.476505270120011017e-03
-9.990693516024732324e-01 -4.269397295721821806e-02 -6.140994913202977093e-03
-9.989629587862727256e-01 -4.516132489346221662e-02 -5.789483946402498686e-03
-9.988575228767248015e-01 -4.747941836102631541e-02 -5.423117570595821328e-03
-9.987543523748717567e-01 -4.964239452129376451e-02 -5.043076605057297303e-03
-9.986547117658569617e-01 -5.164489463124991020e-02 -4.650573662928777705e-03
-9.985598072290990945e-01 -5.348207115501023984e-02 -4.246849290676084354e-03
-9.984707732305965200e-01 -5.514959723584206969e-02 -3.833168084561985964e-03
-9.983886601410351114e-01 -5.664367455555391340e-02 -3.410814796191265555e-03
-9.983144230089421312e-01 -5.796103961220653439e-02 -2.981090438188210151e-03
-9.982489116025502485e-01 -5.909896844991714693e-02 -2.545308400078983863e-03
-9.981928618175059942e-01 -6.005527987615300739e-02 -2.104790583496864587e-03
-9.981468885302956506e-01 -6.082833720244058134e-02 -1.660863564930968811e-03
-9.981114799594670295e-01 -6.141704854397506824e-02 -1.214854793419724473e-03
-9.980869935786027547e-01 -6.182086571234782918e-02 -7.680888298665497146e-04
-9.980736536067402742e-01 -6.203978173367692001e-02 -3.218836340409060083e-04
-9.980715500837266108e-01 -6.207432702200269686e-02 1.224530951668246852e-04
-9.980806395200154668e-01 -6.192556423507641905e-02 5.636275210372534115e-04
-9.981007470928359160e-01 -6.159508183680757060e-02 1.000363206902704595e-03
-9.981315703436453024e-01 -6.108498638782521722e-02 1.431404585774444412e-03
-9.981726843154792306e-01 -6.039789358302214556e-02 1.855520356869871153e-03
-9.982235480533742100e-01 -5.953691805274873711e-02 2.271506804078293057e-03
-9.982835123766016228e-01 -5.850566194265129083e-02 2.678191031191132915e-03
-9.983518288181457701e-01 -5.730820228613239115e-02 3.074434108427125806e-03
-9.984276596148032867e-01 -5.594907718315245831e-02 3.459134124423184423e-03
-9.985100886205895421e-01 -5.443327079967037740e-02 3.831229137456914572e-03
-9.985981330069126916e-01 -5.276619720348962872e-02 4.189700019238341150e-03
-9.986907556053077339e-01 -5.095368305465869385e-02 4.533573184178230769e-03
-9.987868777424938616e-01 -4.900194917186788401e-02 4.861923196630499842e-03
-9.988853924131915196e-01 -4.691759100045724690e-02 5.173875248238340996e-03
-9.989851776335672007e-01 -4.470755801264383184e-02 5.468607497208521212e-03
-9.990851098173962885e-01 -4.237913207630768925e-02 5.745353261115077395e-03
-9.991840770180647757e-01 -3.993990483503779415e-02 6.003403054709404579e-03
-9.992809918823707394e-01 -3.739775414900452233e-02 6.242106464203202656e-03
-9.993748041667095405e-01 -3.476081965345065999e-02 6.460873849605604409e-03
-9.994645126725916207e-01 -3.203747749902091657e-02 6.659177866944568716e-03
-9.995491764664781176e-01 -2.923631434561462655e-02 6.836554802590338702e-03
-9.996279252585440478e-01 -2.636610068877733373e-02 6.992605712426869062e-03
-9.996999688260691519e-01 -2.343576360467344855e-02 7.126997359283377721e-03
-9.997646053795914423e-01 -2.045435900623825826e-02 7.239462942836834107e-03
-9.998212287835724910e-01 -1.743104350903614680e-02 7.329802617117869672e-03
-9.998693345579485747e-01 -1.437504601050880459e-02 7.397883791784921545e-03
-9.999085246023892148e-01 -1.129563909055562171e-02 7.443641214458954908e-03
-9.999385106011481339e-01 -8.202110344641340076e-03 7.467076832616053803e-03
-9.999591160828589231e-01 -5.103733762789691708e-03 7.468259434797718324e-03
-9.999702771262792833e-01 -2.009741268837393971e-03 7.447324072197536102e-03
-9.999720417195975264e-01 1.070705465841714950e-03 7.404471262995915119e-03
-9.999645677972653912e-01 4.128542821282617237e-03 7.339965983119206214e-03
-9.999481199941870901e-01 7.154832530198983534e-03 7.254136448373737882e-03
-9.999230651722756935e-01 1.014078837486020838e-02 7.147372694127612086e-03
-9.998898667886800817e-01 1.307780217753187063e-02 7.020124959863749230e-03
-9.998490781882146683e-01 1.595746898805793651e-02 6.872901886988543214e-03
-9.998013349145218331e-01 1.877161137862073947e-02 6.706268539235990533e-03
-9.997473461451301668e-01 2.151230276287825760e-02 6.520844255844236020e-03
-9.996878853647136465e-01 2.417188966440595929e-02 6.317300348390173133e-03
-9.996237803984251435e-01 2.674301286751224957e-02 6.096357652741159899e-03
-9.995559029330949308e-01 2.921862739189819841e-02 5.858783948017446015e-03
-9.994851576583179131e-01 3.159202124113963395e-02 5.605391254754151301e-03
-9.994124711619782886e-01 3.385683288343240005e-02 5.337033024610430589e-03
-9.993387807155917901e-01 3.600706743131708992e-02 5.054601234001491507e-03
-9.992650230840096626e-01 3.803711149505629302e-02 4.759023393934935266e-03
-9.991921234915809302e-01 3.994174669185808491e-02 4.451259488127372668e-03
-9.991209848728817011e-01 4.171616180012311520e-02 4.132298851173369161e-03
-9.990524775306812710e-01 4.335596355425736653e-02 3.803156998151077661e-03
-9.989874293170294406e-01 4.485718608127595153e-02 3.464872416593226846e-03
-9.989266164453368679e-01 4.621629898538424930e-02 3.118503331244939364e-03
-9.988707550322021289e-01 4.743021409094077406e-02 2.765124451487951940e-03
-9.988204934576575544e-01 4.849629085768195763e-02 2.405823710750813315e-03
-9.987764056215944208e-01 4.941234048484319935e-02 2.041699006662544766e-03
-9.987389851625360082e-01 5.017662872288176229e-02 1.673854950158073542e-03
-9.987086406927953020e-01 5.078787741295148761e-02 1.303399631221131578e-03
-9.986856920915324620e-01 5.124526477516701262e-02 9.314414084662126512e-04
-9.986703678844549570e-01 5.154842446710911769e-02 5.590857293256720848e-04
-9.986628037260272261e-01 5.169744343405503068e-02 1.874319872290160943e-04
-9.986630419872103426e-01 5.169285857216680824e-02 -1.824295781554464892e-04
-9.986710324390712934e-01 5.153565222544013308e-02 -5.494209317978434280e-04
-9.986866340102150685e-01 5.122724653670828604e-02 -9.124792396691352352e-04
-9.987096175840216583e-01 5.076949667251332704e-02 -1.270559805074903108e-03
-9.987396697902334308e-01 5.016468294129530076e-02 -1.622638939505260296e-03
-9.987763977346464372e-01 4.941550182420000048e-02 -1.967716762548294904e-03
-9.988193346006136730e-01 4.852505593794623207e-02 -2.304819925368795097e-03
-9.988679460468680160e-01 4.749684294969250264e-02 -2.633004252169147096e-03
-9.989216373179020669e-01 4.633474346475560668e-02 -2.951357293935678687e-03
-9.989797609758878094e-01 4.504300790939925331e-02 -3.259000788642818329e-03
-9.990416251569413930e-01 4.362624243275384922e-02 -3.555093021951428577e-03
-9.991065022495091430e-01 4.208939385425711915e-02 -3.838831082309071031e-03
-9.991736378888118608e-01 4.043773368581028704e-02 -4.109453004251265029e-03
-9.992422601586785635e-01 3.867684126110209480e-02 -4.366239793626191731e-03
-9.993115888907549982e-01 3.681258600822249344e-02 -4.608517328432228805e-03
-9.993808449509964387e-01 3.485110890571537640e-02 -4.835658128978651167e-03
-9.994492594045546463e-01 3.279880316653809025e-02 -5.047082991163934391e-03
-9.995160824526237997e-01 3.066229419892619115e-02 -5.242262476821035917e-03
-9.995805920384994714e-01 2.844841889781814237e-02 -5.420718255310560604e-03
-9.996421020249783851e-01 2.616420432518245381e-02 -5.582024290854847685e-03
-9.996999698512274435e-01 2.381684584221094303e-02 -5.725807870500561683e-03
-9.997536035843113122e-01 2.141368476079716712e-02 -5.851750468074129116e-03
-9.998024682885914283e-01 1.896218558590967440e-02 -5.959588440050973997e-03
-9.998460916451062941e-01 1.646991292430104864e-02 -6.049113549891583716e-03
-9.998840687626938672e-01 1.394450813837677314e-02 -6.120173318098619947e-03
-9.999160661329004052e-01 1.139366582690254717e-02 -6.172671196011465973e-03
-9.999418246915052766e-01 8.825110216485111680e-03 -6.206566562168020634e-03
-9.999611619606403323e-01 6.246571549362405634e-03 -6.221874540917206493e-03
-9.999739732568427852e-01 3.665762553940326261e-03 -6.218665643847429321e-03
-9.999802319618174007e-01 1.090355084686663381e-03 -6.197065235493329563e-03
-9.999799888640372725e-01 -1.472042982575487349e-03 -6.157252825682326541e-03
-9.999733705904448877e-01 -4.013910515240126479e-03 -6.099461191770422057e-03
-9.999605771582772418e-01 -6.527835465651029082e-03 -6.023975334880448881e-03
-9.999418786873051079e-01 -9.006536710007380028e-03 -5.931131275082978174e-03
-9.999176113224064189e-01 -1.144288530781598263e-02 -5.821314691238895292e-03
-9.998881724252841607e-01 -1.382992510920849627e-02 -5.694959411942803959e-03
-9.998540151021768629e-01 -1.616089264190149685e-02 -5.552545764658961026e-03
-9.998156421415080874e-01 -1.842923621447260449e-02 -5.394598790718919609e-03
-9.997735994415027916e-01 -2.062863417787269560e-02 -5.221686334346852844e-03
-9.997284690128055429e-01 -2.275301229260288244e-02 -5.034417014290771923e-03
-9.996808616450197915e-01 -2.479656015466434257e-02 -4.833438086963599313e-03
-9.996314093288275471e-01 -2.675374663914809048e-02 -4.619433210237187948e-03
-9.995807575269239909e-01 -2.861933432608183142e-02 -4.393120117186670448e-03
-9.995295573874287687e-01 -3.038839287880851572e-02 -4.155248209155340891e-03
-9.994784579927208368e-01 -3.205631135065858950e-02 -3.906596077506662573e-03
-9.994280987348291845e-01 -3.361880940092647208e-02 -3.647968963356282464e-03
-9.993791019056419422e-01 -3.507194740611193490e-02 -3.380196164440696545e-03
-9.993320655863279223e-01 -3.641213545699067966e-02 -3.104128398088865093e-03
-9.992875569155654780e-01 -3.763614123629809710e-02 -2.820635129027795982e-03
-9.992461058105268634e-01 -3.874109677562168758e-02 -2.530601870482400949e-03
-9.992081992081497388e-01 -3.972450409348777384e-02 -2.234927466733508880e-03
-9.991742758871389185e-01 -4.058423971959632809e-02 -1.934521364985329530e-03
-9.991447219234719235e-01 -4.131855811271494677e-02 -1.630300884074120443e-03
-9.991198668240359737e-01 -4.192609398191025211e-02 -1.323188487231944559e-03
-9.990999803744972096e-01 -4.240586352260357350e-02 -1.014109065811004667e-03
-9.990852702287063014e-01 -4.275726458042690414e-02 -7.039872405819704634e-04
-9.990758802579713382e-01 -4.298007575707112060e-02 -3.937446869496712088e-04
-9.990718896694873452e-01 -4.307445447331290089e-02 -8.429749018598755401e-05
-9.990733128942015373e-01 -4.304093400523516938e-02 2.234464634340871956e-04
-9.990801002355066407e-01 -4.288041951037498828e-02 5.285900538896476332e-04
-9.990921392614920959e-01 -4.259418306120088538e-02 8.302494475112534491e-04
-9.991092569151293068e-01 -4.218385770399379203e-02 1.127556564484863194e-03
-9.991312223088097966e-01 -4.165143056193591764e-02 1.419661488419301544e-03
-9.991577501621771162e-01 -4.099923500204798871e-02 1.705734812699291961e-03
-9.991885048352646681e-01 -4.022994188659998610e-02 1.984969918389977838e-03
-9.992231049026452094e-01 -3.934654993078982865e-02 2.256585178486834441e-03
-9.992611282086738544e-01 -3.835237518986540223e-02 2.519826083322951153e-03
-9.993021173390211898e-01 -3.725103970047727309e-02 2.773967281960352214e-03
-9.993455854395946192e-01 -3.604645930290199113e-02 3.018314534410203396e-03
-9.993910223106708957e-01 -3.474283067286899201e-02 3.252206569555421596e-03
-9.994379007016477301e-01 -3.334461759404904607e-02 3.475016843695298997e-03
-9.994856827302843749e-01 -3.185653650480017862e-02 3.686155194701924709e-03
-9.995338263496555964e-01 -3.028354135549114409e-02 3.885069386878634706e-03
-9.995817917862919177e-01 -2.863080781559770513e-02 4.071246541746975992e-03
-9.996290478741206575e-01 -2.690371687275110169e-02 4.244214450165466161e-03
-9.996750782108280164e-01 -2.510783786896319397e-02 4.403542761404558199e-03
-9.997193870661210680e-01 -2.324891102230608811e-02 4.548844045070369116e-03
-9.997615049750291361e-01 -2.133282948532971846e-02 4.679774722086511504e-03
-9.998009939538090585e-01 -1.936562099440115176e-02 4.796035861309105343e-03
-9.998374522811475096e-01 -1.735342916688618203e-02 4.897373838763906424e-03
-9.998705187931221650e-01 -1.530249450561042140e-02 4.983580856954389869e-03
-9.998998766467196431e-01 -1.321913517227948226e-02 5.054495322192316224e-03
-9.999252565135285931e-01 -1.110972759345593003e-02 5.110002078443482386e-03
-9.999464391724487422e-01 -8.980686964240151143e-03 5.150032496755632856e-03
-9.999632574777833627e-01 -6.838447715944858188e-03 5.174564419936713427e-03
-9.999755976868228702e-01 -4.689444014758431534e-03 5.183621962772906773e-03
-9.999834001388808735e-01 -2.540090358638134871e-03 5.177275168709672380e-03
-9.999866592856093694e-01 -3.967623394472829385e-04 5.155639524557576250e-03
-9.999854230802022181e-01 1.734222363353991533e-03 5.118875335420045199e-03
-9.999797917406947345e-01 3.846622692331741044e-03 5.067186962664295066e-03
-9.999699159098908163e-01 5.934292561518346443e-03 5.000821928361912430e-03
-9.999559942414055769e-01 7.991198784246115669e-03 4.920069890204457896e-03
-9.999382704478222417e-01 1.001143852043039593e-02 4.825261491445288937e-03
-9.999170298529453937e-01 1.198925618720799412e-02 4.716767090925439235e-03
-9.998925954955241169e-01 1.391905978001324248e-02 4.594995378703623304e-03
-9.998653238365607931e-01 1.579543655462965074e-02 4.460391883223982848e-03
-9.998356001263583037e-01 1.761316802443821730e-02 4.313437376316725004e-03
-9.998038334907598523e-01 1.936724423094025177e-02 4.154646182634220801e-03
-9.997704517985651629e-01 2.105287724960832815e-02 3.984564400377256857e-03
-9.997358963738519622e-01 2.266551389715917852e-02 3.803768040362979358e-03
-9.997006166178821207e-01 2.420084761039423271e-02 3.612861090628702223e-03
-9.996650646054308087e-01 2.565482947076706127e-02 3.412473513856117448e-03
-9.996296897197591846e-01 2.702367835276617627e-02 3.203259184941536445e-03
-9.995949333890770117e-01 2.830389017800532744e-02 2.985893776033266174e-03
-9.995612239852410541e-01 2.949224626055593421e-02 2.761072596311464449e-03
-9.995289719426535546e-01 3.058582073250863329e-02 2.529508393703733867e-03
-9.994985651518986103e-01 3.158198704199032675e-02 2.291929125616569505e-03
-9.994703646786470275e-01 3.247842351887429702e-02 2.049075705624078293e-03
-9.994447008538216437e-01 3.327311800619509735e-02 1.801699732896723267e-03
-9.994218697760118841e-01 3.396437155781584227e-02 1.550561210979718284e-03
-9.994021302617271951e-01 3.455080120519741366e-02 1.296426262348391971e-03
-9.993857012733452505e-01 3.503134179819900051e-02 1.040064844981297438e-03
-9.993727598486272790e-01 3.540524692671270096e-02 7.822484770055421980e-04
-9.993634395494936928e-01 3.567208893162379657e-02 5.237479752866524077e-04
-9.993578294414726670e-01 3.583175801511728764e-02 2.653312136605202095e-04
-9.993559736089022705e-01 3.588446046174872256e-02 7.760906340157107050e-06
-9.993578712046746748e-01 3.583071598299322758e-02 -2.482075781231345060e-04
-9.993634770271143664e-01 3.567135419921199646e-02 -5.018283670849496298e-04
-9.993727026105548861e-01 3.540751027416137731e-02 -7.523671931475442790e-04
-9.993854178103841468e-01 3.504061971834616929e-02 -9.991034575974114523e-04
-9.994014528578267775e-01 3.457241237871391121e-02 -1.241332243047744630e-03
-9.994206008545817310e-01 3.400490563342616068e-02 -1.478366270487423313e-03
-9.994426206726849671e-01 3.334039681174794101e-02 -1.709537796025902869e-03
-9.994672402206751238e-01 3.258145486048533851e-02 -1.934200442707286263e-03
-9.994941600333362430e-01 3.173091127988660748e-02 -2.151730962850248452e-03
-9.995230571390281149e-01 3.079185035351197225e-02 -2.361530926456991124e-03
-9.995535891559109709e-01 2.976759869827443755e-02 -2.563028331327782232e-03
-9.995853985662569441e-01 2.866171416265509211e-02 -2.755679130621729606e-03
-9.996181171165406942e-01 2.747797410299369567e-02 -2.938968673722926542e-03
-9.996513702901168585e-01 2.622036306973537720e-02 -3.112413056407550577e-03
-9.996847817990389684e-01 2.489305993755865434e-02 -3.275560376465098521e-03
-9.997179780419443995e-01 2.350042451539628013e-02 -3.427991891108486070e-03
-9.997505924759193530e-01 2.204698367446224216e-02 -3.569323072715554178e-03
-9.997822698518451512e-01 2.053741703448596148e-02 -3.699204559680306214e-03
-9.998126702648976183e-01 1.897654225039674056e-02 -3.817322999417051450e-03
-9.998414729745874752e-01 1.736929994366433541e-02 -3.923401780854937973e-03
-9.998683799519618720e-01 1.572073832435113075e-02 -4.017201654083846739e-03
-9.998931191152889975e-01 1.403599755163425188e-02 -4.098521235164252589e-03
-9.999154472196757348e-01 1.232029388207914362e-02 -4.167197394491757058e-03
-9.999351523705636291e-01 1.057890365625911190e-02 -4.223105527509164389e-03
-9.999520561358619108e-01 8.817147175390142519e-03 -4.266159706982275077e-03
-9.999660152365389409e-01 7.040372520462294392e-03 -4.296312716496396983e-03
-9.999769228007456823e-01 5.253939366877796377e-03 -4.313555965285005740e-03
-9.999847091719216152e-01 3.463202847835743312e-03 -4.317919284965582305e-03
-9.999893422667629483e-01 1.673497519623051754e-03 -4.309470609225781942e-03
-9.999908274843528622e-01 -1.098785184245256331e-04 -4.288315537970916087e-03
-9.999892071730935861e-01 -1.881679297239359679e-03 -4.254596787906348050e-03
-9.999845596672777281e-01 -3.636726393587697437e-03 -4.208493531981004170e-03
-9.999769979101245099e-01 -5.369924038178547007e-03 -4.150220630556070503e-03
-9.999666676848339986e-01 -7.076273868219193700e-03 -4.080027757581678773e-03
-9.999537454796155744e-01 -8.750889278196043869e-03 -3.998198425459925653e-03
-9.999384360166784225e-01 -1.038900932477707963e-02 -3.905048912641269354e-03
-9.999209694787934977e-01 -1.198601214406527435e-02 -3.800927098340116817e-03
-9.999015984701961068e-01 -1.353742784195103264e-02 -3.686211209061700245e-03
-9.998805947512783288e-01 -1.503895082098447369e-02 -3.561308481904208387e-03
-9.998582457886836528e-01 -1.648645150998218067e-02 -3.426653749836281165e-03
-9.998348511640532399e-01 -1.787598746546448236e-02 -3.282707954349763872e-03
-9.998107188857652261e-01 -1.920381381695532297e-02 -3.129956591050982607e-03
-9.997861616485563818e-01 -2.046639303113527431e-02 -2.968908093881387610e-03
-9.997614930859187732e-01 -2.166040397278878177e-02 -2.800092163751334226e-03
-9.997370240596333835e-01 -2.278275024340149085e-02 -2.624058047430737582e-03
-9.997130590297530484e-01 -2.383056778111703605e-02 -2.441372772569473919e-03
-9.996898925468004071e-01 -2.480123170853345757e-02 -2.252619344721236341e-03
-9.996678059059274091e-01 -2.569236241748899807e-02 -2.058394912219900594e-03
-9.996470640003300989e-01 -2.650183088254137731e-02 -1.859308904710365055e-03
-9.996279124083524703e-01 -2.722776319727325881e-02 -1.655981151069460706e-03
-9.996105747454949730e-01 -2.786854432985355970e-02 -1.449039982370099820e-03
-9.995952503090068664e-01 -2.842282109644697977e-02 -1.239120325446505921e-03
-9.995821120389345449e-01 -2.888950435309441470e-02 -1.026861792513177052e-03
-9.995713048154649671e-01 -2.926777040858949408e-02 -8.129067721780341461e-04
-9.995629441082030109e-01 -2.955706166265965537e-02 -5.978985270735355604e-04
-9.995571149886937068e-01 -2.975708647543456181e-02 -3.824793032106700271e-04
-9.995538715131065954e-01 -2.986781827576315620e-02 -1.672884560415171325e-04
-9.995532364775826517e-01 -2.988949391743804876e-02 4.703940190203478606e-05
-9.995552015443616156e-01 -2.982261129381744841e-02 2.598762270417836247e-04
-9.995597277325025676e-01 -2.966792622271708160e-02 4.706023398205024444e-04
-9.995667462628350375e-01 -2.942644861479303681e-02 6.786081842749360545e-04
-9.995761597427750278e-01 -2.909943793996688441e-02 8.832960476941165541e-04
-9.995878436728539151e-01 -2.868839800777091276e-02 1.084081736048358741e-03
-9.996016482532782410e-01 -2.819507107882624972e-02 1.280396200979107106e-03
-9.996174004656013246e-01 -2.762143132602063941e-02 1.471687114245021815e-03
-9.996349064016780694e-01 -2.696967766533365021e-02 1.657420385626903400e-03
-9.996539538095199351e-01 -2.624222597767038659e-02 1.837081620405062350e-03
-9.996743148234930043e-01 -2.544170074451270261e-02 2.010177512639454902e-03
-9.996957488445342710e-01 -2.457092612167898621e-02 2.176237170607329182e-03
-9.997180055347062444e-01 -2.363291647699572104e-02 2.334813370887229168e-03
-9.997408278894892586e-01 -2.263086641921992215e-02 2.485483737723900334e-03
-9.997639553507260413e-01 -2.156814034710121189e-02 2.627851844467691579e-03
-9.997871269230855784e-01 -2.044826154902375584e-02 2.761548234056011505e-03
-9.998100842573017788e-01 -1.927490088520680128e-02 2.886231355694588319e-03
-9.998325746642583445e-01 -1.805186508595164191e-02 3.001588415103674436e-03
-9.998543540252196049e-01 -1.678308470088423626e-02 3.107336135919588557e-03
-9.998751895651334376e-01 -1.547260173553737309e-02 3.203221430085356671e-03
-9.998948624579289124e-01 -1.412455701292396337e-02 3.289021975325562112e-03
-9.999131702350771977e-01 -1.274317729895418222e-02 3.364546698079290930e-03
-9.999299289713450278e-01 -1.133276223162375460e-02 3.429636160560313538e-03
-9.999449752246098999e-01 -9.897671094830218577e-03 3.484162850924019898e-03
-9.999581677097924004e-01 -8.442309478441045734e-03 3.528031375844372600e-03
-9.999693886903485707e-01 -6.971115866826466459e-03 3.561178555139225734e-03
-9.999785450743111648e-01 -5.488548198467476172e-03 3.583573418426360888e-03
-9.999855692055342749e-01 -3.999070439444910550e-03 3.595217104142908217e-03
-9.999904193445271483e-01 -2.507139213600692064e-03 3.596142661614627322e-03
-9.999930798370216811e-01 -1.017190531932446722e-03 3.586414757215825640e-03
-9.999935609721519736e-01 4.663733366642522100e-04 3.566129286012486611e-03
-9.999918985357946211e-01 1.939196811854292362e-03 3.535412890627380369e-03
-9.999881530681729025e-01 3.396983724944074509e-03 3.494422389403560245e-03
-9.999824088382347487e-01 4.835509779084458393e-03 3.443344116268800235e-03
-9.999747725505230278e-01 6.250634708365322700e-03 3.382393175015519469e-03
-9.999653718032398553e-01 7.638314099022091956e-03 3.311812611006053394e-03
-9.999543533189251265e-01 8.994610837590052976e-03 3.231872503589572603e-03
-9.999418809715959755e-01 1.031570615260541356e-02 3.142868982772631554e-03
-9.999281336363017303e-01 1.159791021834396391e-02 3.045123173918663165e-03
-9.999133028888205210e-01 1.283767229108908649e-02 2.938980074461573517e-03
-9.998975905846354539e-01 1.403159035051007759e-02 2.824807366804097004e-03
-9.998812063473778711e-01 1.517642022088857949e-02 2.702994171732323470e-03
-9.998643649975956782e-01 1.626908414913473197e-02 2.573949746813765631e-03
-9.998472839530019307e-01 1.730667881876560635e-02 2.438102134357791103e-03
-9.998301806312801521e-01 1.828648278125756879e-02 2.295896763604844681e-03
-9.998132698860763279e-01 1.920596328841403522e-02 2.147795011875586971e-03
-9.997967615060048274e-01 2.006278251159472961e-02 1.994272729454085302e-03
-9.997808578053520856e-01 2.085480313581809450e-02 1.835818733001949848e-03
-9.997657513336956070e-01 2.158009331886332968e-02 1.672933272304437608e-03
-9.997516227298889335e-01 2.223693100755295277e-02 1.506126475136770415e-03
-9.997386387438236266e-01 2.282380760538372730e-02 1.335916775011084098e-03
-9.997269504470923662e-01 2.333943098758834572e-02 1.162829326523351966e-03
-9.997166916511754930e-01 2.378272786154984886e-02 9.873944129671569439e-04
-9.997079775490880227e-01 2.415284547225498082e-02 8.101458508190568803e-04
-9.997009035935907617e-01 2.444915265416289923e-02 6.316193956301399074e-04
-9.996955446221208463e-01 2.467124023248544462e-02 4.523511537816865828e-04
-9.996919542355705568e-01 2.481892077842903083e-02 2.728760044809416807e-04
-9.996901644349764915e-01 2.489222772444238049e-02 9.372603628694586375e-05
-9.996901855171056450e-01 2.489141384695553461e-02 -8.457099763294894670e-05
-9.996920062268800367e-01 2.481694912549147619e-02 -2.614932014072397478e-04
-9.996955941616002539e-01 2.466951798838984411e-02 -4.365260315107195041e-04
-9.997008964190436942e-01 2.445001595671036573e-02 -6.091637610432136052e-04
-9.997078404787574923e-01 2.415954569918894734e-02 -7.789109094172287596e-04
-9.997163353032699762e-01 2.379941251240834735e-02 -9.452836337362970510e-04
-9.997262726435326430e-01 2.337111924162361271e-02 -1.107811078250002610e-03
-9.997375285307072978e-01 2.287636065895430615e-02 -1.266036678379591548e-03
-9.997499649344485650e-01 2.231701731692385324e-02 -1.419519415920483547e-03
-9.997634315661232396e-01 2.169514889659261356e-02 -1.567835022145839044e-03
-9.997777678039690974e-01 2.101298707079520683e-02 -1.710577125659517748e-03
-9.997928047160425935e-01 2.027292790425220745e-02 -1.847358341978290637e-03
-9.998083671559490071e-01 1.947752381357797588e-02 -1.977811301962982288e-03
-9.998242759057907048e-01 1.862947511144482163e-02 -2.101589616367206467e-03
-9.998403498405203926e-01 1.773162116038189476e-02 -2.218368773931337062e-03
-9.998564080879422944e-01 1.678693116287720971e-02 -2.327846970618956905e-03
-9.998722721589597962e-01 1.579849461560316193e-02 -2.429745867773779565e-03
-9.998877680233207998e-01 1.476951145668969553e-02 -2.523811277167239183e-03
-9.999027281070482776e-01 1.370328193601343982e-02 -2.609813771110692984e-03
-9.999169931889482221e-01 1.260319623944400856e-02 -2.687549216021350561e-03
-9.999304141750485764e-01 1.147272389887844281e-02 -2.756839228057287976e-03
-9.999428537315141474e-01 1.031540302068954112e-02 -2.817531549673595124e-03
-9.999541877584887661e-01 9.134829365902291665e-03 -2.869500346198033004e-03
-9.999643066894055021e-01 7.934645315983987826e-03 -2.912646421779455184e-03
-9.999731166025580542e-01 6.718528758578191235e-03 -2.946897354324430878e-03
-9.999805401341064215e-01 5.490181927821912410e-03 -2.972207549305498804e-03
-9.999865171841749723e-01 4.253320234052066461e-03 -2.988558212596679076e-03
-9.999910054102532087e-01 3.011661117725953664e-03 -2.995957242766494888e-03
-9.999939805047024510e-01 1.768912962247340273e-03 -2.994439043533960072e-03
-9.999954362557704757e-01 5.287641001028263454e-04 -2.984064257366815173e-03
-9.999953843940935228e-01 -7.051280537275048284e-04 -2.964919421471815236e-03
-9.999938542291824106e-01 -1.929147707713743925e-03 -2.937116547692110446e-03
-9.999908920828282088e-01 -3.139731206443410316e-03 -2.900792628084830800e-03
-9.999865605286838433e-01 -4.333377318264848739e-03 -2.856109068201048446e-03
-9.999809374494609271e-01 -5.506657267177851763e-03 -2.803251050328658435e-03
-9.999741149252008299e-01 -6.656224479387620394e-03 -2.742426829184812457e-03
