1.000000000000000000e+00 0.000000000000000000e+00 0.000000000000000000e+00
9.999995436650970237e-01 5.344695894436709378e-04 -7.919689894856904227e-04
9.999978424438357161e-01 1.386207333423966799e-03 -1.547235545423562755e-03
9.999942096611700304e-01 2.539773565106359654e-03 -2.265124014006533650e-03
9.999877453657783910e-01 3.979487334456847936e-03 -2.945093412091498268e-03
9.999773828005664722e-01 5.689479984507497985e-03 -3.586733423331587168e-03
9.999619328674246299e-01 7.653746990107988986e-03 -4.189760249798159426e-03
9.999401262072854513e-01 9.856198112794570601e-03 -4.754012333710898493e-03
9.999106525745982132e-01 1.228070590967063683e-02 -5.279445960735092841e-03
9.998721972421102944e-01 1.491115261734031992e-02 -5.766130753876840681e-03
9.998234742269610509e-01 1.773147541486899681e-02 -6.214245065274424940e-03
9.997632561821975239e-01 2.072571005325401713e-02 -6.624071272096210619e-03
9.996904008486193760e-01 2.387803282364976687e-02 -6.995990982248053401e-03
9.996038740100556819e-01 2.717280082315687642e-02 -7.330480155592854902e-03
9.995027689405133753e-01 3.059459046578758348e-02 -7.628104146811437274e-03
9.993863223738735924e-01 3.412823417756949418e-02 -7.889512676803800070e-03
9.992539270657314621e-01 3.775885520884505325e-02 -8.115434740558579232e-03
9.991051410523879017e-01 4.147190049375200360e-02 -8.306673460623264019e-03
9.989396937437493573e-01 4.525317148662090505e-02 -8.464100896609198788e-03
9.987574890148513962e-01 4.908885290749917529e-02 -8.588652822489956790e-03
9.985586054848037962e-01 5.296553933403208569e-02 -8.681323484732564322e-03
9.983432941921155379e-01 5.687025958425846739e-02 -8.743160355479862381e-03
9.981119738916000017e-01 6.079049884422228767e-02 -8.775258896029510328e-03
9.978652242104196768e-01 6.471421850533128073e-02 -8.778757346690774926e-03
9.976037769094012742e-01 6.862987368875728134e-02 -8.754831559714253489e-03
9.973285055006690936e-01 7.252642844750423201e-02 -8.704689892361302736e-03
9.970404134740757929e-01 7.639336865070248117e-02 -8.629568177298039752e-03
9.967406213830786177e-01 8.022071256886589841e-02 -8.530724787360773748e-03
9.964303530358535888e-01 8.399901919293455144e-02 -8.409435811350864792e-03
9.961109210298455530e-01 8.771939433360929905e-02 -8.266990356889786923e-03
9.957837118579099256e-01 9.137349456048926566e-02 -8.104685995517869890e-03
9.954501708020357942e-01 9.495352905260862064e-02 -7.923824364175992632e-03
9.951117868166720060e-01 9.845225944293709008e-02 -7.725706935995423248e-03
9.947700775882378776e-01 1.018629977491028044e-01 -7.511630971966534211e-03
9.944265749408222055e-01 1.051796024909023991e-01 -7.282885663593460790e-03
9.940828107406705083e-01 1.083964731020100464e-01 -7.040748475100476640e-03
9.937403034341426578e-01 1.115085427486507824e-01 -6.786481692168280615e-03
9.934005453356810067e-01 1.145112696718687401e-01 -6.521329182574524264e-03
9.930649907642243868e-01 1.174006271724330197e-01 -6.246513372520991030e-03
9.927350451086891514e-01 1.201730923584483912e-01 -5.963232440875630008e-03
9.924120548858171853e-01 1.228256337754641825e-01 -5.672657732064026806e-03
9.920972988370676537e-01 1.253556980374092578e-01 -5.375931386931663385e-03
9.918632820324093657e-01 1.272353669538335286e-01 -4.288755106898202961e-03
9.916812639337934110e-01 1.286771700092162463e-01 -3.234067912802025130e-03
9.915514376121590256e-01 1.296952188658728466e-01 -2.213489589563359845e-03
9.914733067709654568e-01 1.303041665840691810e-01 -1.228472924669317444e-03
9.914457512273374684e-01 1.305191444366522735e-01 -2.803085065633102333e-04
9.914670935756846326e-01 1.303557023339561305e-01 6.298703687720465759e-04
9.915351662260180055e-01 1.298297525269565544e-01 1.501082738395229012e-03
9.916473780829080376e-01 1.289575162522222374e-01 2.332495003679787779e-03
9.918007802033813602e-01 1.277554729887708518e-01 3.123415984917167834e-03
9.919921298424528855e-01 1.262403120127179590e-01 3.873292022049666314e-03
9.922179523630546560e-01 1.244288859588717627e-01 4.581702135650348590e-03
9.924746005526251524e-01 1.223381661275175503e-01 5.248353254781305301e-03
9.927583109514711568e-01 1.199851993079831397e-01 5.873075512091369479e-03
9.930652568581797013e-01 1.173870659267264305e-01 6.455817601446220064e-03
9.933915977348791726e-01 1.145608393653064494e-01 6.996642189479753901e-03
9.937335247900725976e-01 1.115235463314927511e-01 7.495721369656728299e-03
9.940873025691541187e-01 1.082921282038771527e-01 7.953332145666907813e-03
9.944493064326039855e-01 1.048834033057605974e-01 8.369851930140432758e-03
9.948160558492583627e-01 1.013140300970252622e-01 8.745754044682601050e-03
9.951842434769456736e-01 9.760047130253635128e-02 9.081603207966200408e-03
9.955078526116906135e-01 9.428861634873306197e-02 8.589422749809443036e-03
9.958015434220248707e-01 9.117985540345130424e-02 8.094816086065931629e-03
9.960671625126056306e-01 8.827493791399679268e-02 7.599280160424504334e-03
9.963064929273991455e-01 8.557398927458069460e-02 7.104257312368901685e-03
9.965212432261371100e-01 8.307653513734963857e-02 6.611132884486665799e-03
9.967130386535508757e-01 8.078152675397790028e-02 6.121233126384613074e-03
9.968834143161550143e-01 7.868736718315900991e-02 5.635823390386881550e-03
9.970338102639063615e-01 7.679193820752187871e-02 5.156106612518747238e-03
9.971655683593713126e-01 7.509262781233586037e-02 4.683222070865876441e-03
9.972799308050542821e-01 7.358635808759562968e-02 4.218244412234142988e-03
9.973780401901942705e-01 7.226961342445924197e-02 3.762182937105018350e-03
9.974609409115211545e-01 7.113846888635043386e-02 3.315981132167774952e-03
9.975295818180445195e-01 7.018861864416268970e-02 2.880516439191898627e-03
9.975848199277677075e-01 6.941540437378478090e-02 2.456600248659064883e-03
9.976274250641152808e-01 6.881384352250384528e-02 2.044978106381089514e-03
9.976580852616455664e-01 6.837865735866108241e-02 1.646330121265550655e-03
9.976774127941063774e-01 6.810429872619323810e-02 1.261271562432106754e-03
9.976859506828914537e-01 6.798497943237122310e-02 8.903536340088244764e-04
9.976841795502665589e-01 6.801469720314731737e-02 5.340644161295306832e-04
9.976725246891781085e-01 6.818726214606497804e-02 1.928299608926367192e-04
9.976513632298352752e-01 6.849632266570490624e-02 -1.329844676865425961e-04
9.976210312923975421e-01 6.893539078118381125e-02 -4.430730204076478934e-04
9.975818310248215637e-01 6.949786679934180644e-02 -7.371877666810565735e-04
9.975340374350666339e-01 7.017706330100939582e-02 -1.015137085470679953e-03
9.974779049372672901e-01 7.096622840119685971e-02 -1.276783953178231741e-03
9.974136735420074951e-01 7.185856824725707359e-02 -1.522044137987495086e-03
9.973415746313483154e-01 7.284726872209691673e-02 -1.750884309926761849e-03
9.972618362696354932e-01 7.392551632240518256e-02 -1.963320075664060690e-03
9.971746880112424272e-01 7.508651818467566852e-02 -2.159413946822806574e-03
9.970803651761847020e-01 7.632352123457464277e-02 -2.339273250393726373e-03
9.969791125738853843e-01 7.762983043796632676e-02 -2.503047989620007900e-03
9.968711876642054603e-01 7.899882613469605408e-02 -2.650928663543560253e-03
9.967568631531082968e-01 8.042398043905742144e-02 -2.783144053217563151e-03
9.966364290279556837e-01 8.189887269374801493e-02 -2.899958982410361184e-03
9.965101940443927830e-01 8.341720396705380736e-02 -3.001672060444419803e-03
9.963784866830337483e-01 8.497281058599139014e-02 -3.088613414627780496e-03
9.962416555996980172e-01 8.655967670117285795e-02 -3.161142419540784090e-03
9.961000695977512143e-01 8.817194588222614093e-02 -3.219645430234716055e-03
9.959541171551797856e-01 8.980393174568654380e-02 -3.264533526178848774e-03
9.958042055423756977e-01 9.145012762035245601e-02 -3.296240272556079463e-03
9.956507595692514201e-01 9.310521525814621779e-02 -3.315219505253526842e-03
9.954942200022625087e-01 9.476407260151477330e-02 -3.321943145622189598e-03
9.953350416932172928e-01 9.642178062131973038e-02 -3.316899050788867358e-03
9.951736914624409458e-01 9.807362924197642051e-02 -3.300588904994315297e-03
9.950106457789641423e-01 9.971512237328389316e-02 -3.273526157104987133e-03
9.948463882799818414e-01 1.013419820709184765e-01 -3.236234009103070887e-03
9.946814071709140226e-01 1.029501518499241347e-01 -3.189243460002710862e-03
9.945161925460509478e-01 1.045357991777038781e-01 -3.133091409271544347e-03
9.943512336680302433e-01 1.060953171749850210e-01 -3.068318823458439457e-03
9.941870162423279700e-01 1.076253255549840249e-01 -2.995468969343377964e-03
9.940240197205962858e-01 1.091226708325272188e-01 -2.915085716536599137e-03
9.938627146641036969e-01 1.105844258361855098e-01 -2.827711912064393308e-03
9.937035601957752151e-01 1.120078885575539612e-01 -2.733887829091201892e-03
9.935470015664422672e-01 1.133905803726510120e-01 -2.634149691544855360e-03
9.933934678579344757e-01 1.147302436710322948e-01 -2.529028276036564705e-03
9.932433698426282875e-01 1.160248389286171050e-01 -2.419047592102278790e-03
9.930970980160421790e-01 1.172725412604204431e-01 -2.304723641439568402e-03
9.929550208160806690e-01 1.184717364893827229e-01 -2.186563256476396853e-03
9.928174830396013784e-01 1.196210167673040087e-01 -2.065063018286822372e-03
9.926848044641516378e-01 1.207191757835358037e-01 -1.940708253565374616e-03
9.925572786800079816e-01 1.217652035965756108e-01 -1.813972110087793983e-03
9.924351721350863631e-01 1.227582811230631676e-01 -1.685314709821946052e-03
9.923187233928792983e-01 1.236977743179099726e-01 -1.555182378609657736e-03
9.922081426013434902e-01 1.245832280784202328e-01 -1.424006951118312377e-03
9.921036111686145631e-01 1.254143599042987778e-01 -1.292205149560364790e-03
9.920052816395689144e-01 1.261910533444046134e-01 -1.160178034499325262e-03
9.919132777655994548e-01 1.269133512600131020e-01 -1.028310525901807507e-03
9.918276947585186187e-01 1.275814489332083301e-01 -8.969709924563529658e-04
9.917485997182474700e-01 1.281956870478536681e-01 -7.665109070601465891e-04
9.916760322228994617e-01 1.287565445693947541e-01 -6.372645662735259165e-04
9.916100050690043188e-01 1.292646315485447839e-01 -5.095488714583217048e-04
9.915505051489483801e-01 1.297206818726977795e-01 -3.836631692484258373e-04
9.914974944522142453e-01 1.301255459877184995e-01 -2.598891489483968207e-04
9.914509111766840466e-01 1.304801836115756786e-01 -1.384907944171548996e-04
9.914106709361067971e-01 1.307856564601234395e-01 -1.971438796766039321e-05
9.913766680498232731e-01 1.310431210041987926e-01 9.621143620130409883e-05
9.913487769009659001e-01 1.312538212760953338e-01 2.090755915297232343e-04
9.913268533496053525e-01 1.314190817423960544e-01 3.186843940613473688e-04
9.913107361876801749e-01 1.315403002591043757e-01 4.248613753207737109e-04
9.913002486230123589e-01 1.316189411240021034e-01 5.274470555550107940e-04
9.912951997802645909e-01 1.316565282401871984e-01 6.262986797667200855e-04
9.912953862073259348e-01 1.316546384038019268e-01 7.212899189360432112e-04
9.913005933763033850e-01 1.316148947280522119e-01 8.123105387933702778e-04
9.913105971690414631e-01 1.315389602147420123e-01 8.992660384672635735e-04
9.913251653378761796e-01 1.314285314836983742e-01 9.820772612906662237e-04
9.913440589331428132e-01 1.312853326696446776e-01 1.060679980005008053e-03
9.913670336897886237e-01 1.311111094952867318e-01 1.135024458556332981e-03
9.913938413662842786e-01 1.309076235286097123e-01 1.205074992630491247e-03
9.914242310298689853e-01 1.306766466316393871e-01 1.270809431026059593e-03
9.914579502829998781e-01 1.304199556071981292e-01 1.332218679914226513e-03
9.914947464266943289e-01 1.301393270494830279e-01 1.389306191984570910e-03
9.915343675572518833e-01 1.298365324036079016e-01 1.442087442424616790e-03
9.915765635936123479e-01 1.295133332385830782e-01 1.490589393629341208e-03
9.916210872333421911e-01 1.291714767375534978e-01 1.534849950484489748e-03
9.916676948359410826e-01 1.288126914084783137e-01 1.574917408014649307e-03
9.917161472328167582e-01 1.284386830178113337e-01 1.610849893133522136e-03
9.917662104638903520e-01 1.280511307491314643e-01 1.642714802179718681e-03
9.918176564413603291e-01 1.276516835880760481e-01 1.670588235866621134e-03
9.918702635416691837e-01 1.272419569343470058e-01 1.694554433219415228e-03
9.919238171271880233e-01 1.268235294409900960e-01 1.714705206016209479e-03
9.919781099995471640e-01 1.263979400805927966e-01 1.731139375193230896e-03
9.920329427869126748e-01 1.259666854375048883e-01 1.743962210616379748e-03
9.920881242678227796e-01 1.255312172246609292e-01 1.753284875562919828e-03
9.921434716344674776e-01 1.250929400230734179e-01 1.759223877197775001e-03
9.921988106985168976e-01 1.246532092415729848e-01 1.761900524268817650e-03
9.922539760427770972e-01 1.242133292938962102e-01 1.761440393184688985e-03
9.923088111220843555e-01 1.237745519897650165e-01 1.757972803577119349e-03
9.923631683169392703e-01 1.233380751361642241e-01 1.751630304387506634e-03
9.924169089434322633e-01 1.229050413446065720e-01 1.742548171454702879e-03
9.924699032230268614e-01 1.224765370397791070e-01 1.730863917517667331e-03
9.925220302157502505e-01 1.220535916645909547e-01 1.716716815482966603e-03
9.925731777202898565e-01 1.216371770762919441e-01 1.700247435743149679e-03
9.926232421444207699e-01 1.212282071280042228e-01 1.681597198267938261e-03
9.926721283490880232e-01 1.208275374297063526e-01 1.660907940126076258e-03
9.927197494693470459e-01 1.204359652824310012e-01 1.638321499031734213e-03
9.927660267152269569e-01 1.200542297791845209e-01 1.613979313445709687e-03
9.928108891554282556e-01 1.196830120658691765e-01 1.588022039698460579e-03
9.928542734865997144e-01 1.193229357552868380e-01 1.560589186539421743e-03
9.928961237907646398e-01 1.189745674871271475e-01 1.531818767455231205e-03
9.929363912832863681e-01 1.186384176266925411e-01 1.501846971038610454e-03
9.929750340535754560e-01 1.183149410949880798e-01 1.470807849629833259e-03
9.930120168005547310e-01 1.180045383227044248e-01 1.438833026394162069e-03
9.930473105647111831e-01 1.177075563205479125e-01 1.406051420941448974e-03
9.930808924583787167e-01 1.174242898583220396e-01 1.372588993538448668e-03
9.931127453957159235e-01 1.171549827451384695e-01 1.338568507910399118e-03
9.931428578236668470e-01 1.168998292031333541e-01 1.304109312576215906e-03
9.931712234550262863e-01 1.166589753270850099e-01 1.269327140611334424e-03
9.931978410045705363e-01 1.164325206223705556e-01 1.234333927683926640e-03
9.932227139290640272e-01 1.162205196137626184e-01 1.199237648164010010e-03
9.932458501718117727e-01 1.160229835176500024e-01 1.164142169060934043e-03
9.932672619122970836e-01 1.158398819703685689e-01 1.129147121502959870e-03
9.932869653213260985e-01 1.156711448054489610e-01 1.094347789433193149e-03
9.933049803219897722e-01 1.155166638727253975e-01 1.059835015159042498e-03
9.933213303566608143e-01 1.153762948924032389e-01 1.025695121357702395e-03
9.933360421601544754e-01 1.152498593373516428e-01 9.920098491079233725e-04
9.933491455391098013e-01 1.151371463370700482e-01 9.588563114885576130e-04
9.933606731575818083e-01 1.150379145969723516e-01 9.263069622570653744e-04
9.933706603287854042e-01 1.149518943268396237e-01 8.944295790963331400e-04
9.933791448128840296e-01 1.148787891725093907e-01 8.632872608957857866e-04
9.933861666206853513e-01 1.148182781450964723e-01 8.329384385128465584e-04
9.934516171142663277e-01 1.142425601791098033e-01 1.590251712074210351e-03
9.935506657130808161e-01 1.133654969037847654e-01 2.312133020605545985e-03
9.936809235488699432e-01 1.122017892806204536e-01 2.998002623401805917e-03
9.938397891174592935e-01 1.107663195659512184e-01 3.647402926389926685e-03
9.940244962103073068e-01 1.090741081762526959e-01 4.259994308238146399e-03
9.942321597055495674e-01 1.071402720658255758e-01 4.835550948929528796e-03
9.944598189138934563e-01 1.049799844837852880e-01 5.373956664051969707e-03
9.947044782231194704e-01 1.026084360011825791e-01 5.875200744742561584e-03
9.949631448314852911e-01 1.000407967237648549e-01 6.339373800705176351e-03
9.952328634049270040e-01 9.729217963053940488e-02 6.766663601951814801e-03
9.955107475355475799e-01 9.437760500219864734e-02 7.157350913844004632e-03
9.957940079194009808e-01 9.131196592599741257e-02 7.511805319564303710e-03
9.960799772099567795e-01 8.810999488432126603e-02 7.830481024256770450e-03
9.963661315397799312e-01 8.478623145254393645e-02 8.113912635661467074e-03
9.966501087367964917e-01 8.135499114753283467e-02 8.362710917051530829e-03
9.969297232929471564e-01 7.783033548111269184e-02 8.577558509581275498e-03
9.972029781719516928e-01 7.422604328281774688e-02 8.759205622690759141e-03
9.974680735692244005e-01 7.055558336331728408e-02 8.908465692909444192e-03
9.977234127606026126e-01 6.683208859402867130e-02 9.026211013186707932e-03
9.979676051973873641e-01 6.306833147974673370e-02 9.113368336682888329e-03
9.981746532632664870e-01 5.980921170700706502e-02 8.380259715072597634e-03
9.983533479014764511e-01 5.685070044920324112e-02 7.655038222165931779e-03
9.985065779675408315e-01 5.418917506391660033e-02 6.939461807900918974e-03
9.986369660182224939e-01 5.182028190710824544e-02 6.235191416310252067e-03
9.987468695110691685e-01 4.973898099739258033e-02 5.543789583075893479e-03
9.988383852947028130e-01 4.793959079413116081e-02 4.866719474962939024e-03
9.989133570400967610e-01 4.641583289039427629e-02 4.205344343745377397e-03
9.989733852563578154e-01 4.516087644809593793e-02 3.560927367031303976e-03
9.990198395330243120e-01 4.416738222670878178e-02 2.934631848664088268e-03
9.990538726540914016e-01 4.342754607867483491e-02 2.327521752033405531e-03
9.990764362363639961e-01 4.293314180381612583e-02 1.740562540592757376e-03
9.990882975557967560e-01 4.267556327168056662e-02 1.174622301069334993e-03
9.990900572397075630e-01 4.264586573487855192e-02 6.304731261950138497e-04
9.990821675196628338e-01 4.283480626818828019e-02 1.087927352182404802e-04
9.990649507589587364e-01 4.323288327770171552e-02 -3.898336880820647615e-04
9.990386179895348606e-01 4.383037503175950256e-02 -8.649114587169676226e-04
9.990032872154424037e-01 4.461737717112388563e-02 -1.316034172595623554e-03
9.989590012632649785e-01 4.558383916002360647e-02 -1.742881323582635023e-03
9.989057449838127933e-01 4.671959964264313370e-02 -2.145215770489756861e-03
9.988434616336478999e-01 4.801442067158848831e-02 -2.522881067941643886e-03
9.987720682892580193e-01 4.945802077610313152e-02 -2.875798674149845479e-03
9.986914701707112485e-01 5.104010683857456571e-02 -3.203965047866092191e-03
9.986015737751422483e-01 5.275040474838921939e-02 -3.507448646161846068e-03
9.985022987432320418e-01 5.457868880265899503e-02 -3.786386834188217726e-03
9.983935884037432595e-01 5.651480982392951408e-02 -4.040982717696879611e-03
9.982754189619956753e-01 5.854872196582885935e-02 -4.271501908833794277e-03
9.981478073177609822e-01 6.067050817883853225e-02 -4.478269235536580690e-03
9.980108175162906159e-01 6.287040431004699281e-02 -4.661665404754982735e-03
9.978645658529676776e-01 6.513882181293187412e-02 -4.822123629653458053e-03
9.977092246673061604e-01 6.746636904593561468e-02 -4.960126230926767757e-03
9.975450248756464466e-01 6.984387114184856249e-02 -5.076201222345683335e-03
9.973722573038786843e-01 7.226238843377189025e-02 -5.170918890633867913e-03
9.971912728918419511e-01 7.471323342765581743e-02 -5.244888379743513178e-03
9.970024818497000840e-01 7.718798631603814020e-02 -5.298754289533297648e-03
9.968063518536017797e-01 7.967850903257239770e-02 -5.333193298746687072e-03
9.966034053733350273e-01 8.217695785215227422e-02 -5.348910822032834286e-03
9.963942162285324144e-01 8.467579454682240547e-02 -5.346637710540047377e-03
9.961794054723496217e-01 8.716779611312513998e-02 -5.327127005338990612e-03
9.959596367025039809e-01 8.964606309197804823e-02 -5.291150752597724265e-03
9.957356108992186927e-01 9.210402650752079479e-02 -5.239496889033803777e-03
9.955080608880793047e-01 9.453545345652980547e-02 -5.172966205712200075e-03
9.952777455231772707e-01 9.693445138489958923e-02 -5.092369397745833033e-03
9.950454436823200632e-01 9.929547109226363744e-02 -4.998524206893422382e-03
9.948119481616388704e-01 1.016133085100179023e-01 -4.892252663443854253e-03
9.945780595517556000e-01 1.038831053017690992e-01 -4.774378433134761693e-03
9.943445801719015265e-01 1.061003483385220547e-01 -4.645724274183799310e-03
9.941123081321294741e-01 1.082608681037198622e-01 -4.507109608822540588e-03
9.938820315871542688e-01 1.103608360855426046e-01 -4.359348213023775571e-03
9.936545232384970117e-01 1.123967612156505785e-01 -4.203246027411670915e-03
9.934305351346141011e-01 1.143654854148315470e-01 -4.039599091649012652e-03
9.932107938116511159e-01 1.162641783067907691e-01 -3.869191603914276349e-03
9.929959958104745965e-01 1.180903311616305490e-01 -3.692794106420601609e-03
9.927868035987796880e-01 1.198417501304279292e-01 -3.511161797295260685e-03
9.925838419204212615e-01 1.215165488317700715e-01 -3.325032968537347446e-03
9.923876945877377898e-01 1.231131403501821153e-01 -3.135127569207799524e-03
9.921989017265833155e-01 1.246302287051230112e-01 -2.942145892483185622e-03
9.920179574780982890e-01 1.260667998476721063e-01 -2.746767384725736297e-03
9.918453081559723827e-01 1.274221122402267870e-01 -2.549649574288730472e-03
9.916813508531100441e-01 1.286956870725207702e-01 -2.351427117389624614e-03
9.915264324872179458e-01 1.298872981650971703e-01 -2.152710958043464393e-03
9.913808492709101916e-01 1.309969616090682631e-01 -1.954087598755622959e-03
9.912448465884731164e-01 1.320249251886047859e-01 -1.756118478424671930e-03
9.911186192584464649e-01 1.329716576301553654e-01 -1.559339453701444117e-03
9.910023121586545303e-01 1.338378377199344327e-01 -1.364260379886947372e-03
9.908960211882513747e-01 1.346243433287612756e-01 -1.171364787327108716e-03
9.907997945397030159e-01 1.353322403809120167e-01 -9.811096491735356480e-04
9.907136342524107686e-01 1.359627718012772213e-01 -7.939252363234201556e-04
9.906374980188462631e-01 1.365173464728228203e-01 -6.102150553252034008e-04
9.905713012136088125e-01 1.369975282341412692e-01 -4.303558650363149265e-04
9.905149191156924493e-01 1.374050249447666683e-01 -2.546977678419435828e-04
9.904681892944415811e-01 1.377416776439185919e-01 -8.356437128614980299e-05
9.904309141301509412e-01 1.380094498264385905e-01 8.274698397443152643e-05
9.904028634409954845e-01 1.382104168578946191e-01 2.439649339114450285e-04
9.903837771889345554e-01 1.383467555491491863e-01 3.998437424938803848e-04
9.903733682383885073e-01 1.384207339091167166e-01 5.501628985271443803e-04
9.903713251428103437e-01 1.384347010929686261e-01 6.947266617059893751e-04
9.903773149357418815e-01 1.383910775616768174e-01 8.333635615231514866e-04
9.903909859045241237e-01 1.382923454675099029e-01 9.659258525712835020e-04
9.904119703265036323e-01 1.381410392789048924e-01 1.092288929670711360e-03
9.904398871493147460e-01 1.379397366570226102e-01 1.212350706150978896e-03
9.904743445985991768e-01 1.376910495952484437e-01 1.326030958511056727e-03
9.905149426983288485e-01 1.373976158319143714e-01 1.433270640582261874e-03
9.905612756907054006e-01 1.370620905455843253e-01 1.534031170219921211e-03
9.906129343444036728e-01 1.366871383413561236e-01 1.628293691454958236e-03
9.906695081416881932e-01 1.362754255357811750e-01 1.716058314945099420e-03
9.907305873366489823e-01 1.358296127471821102e-01 1.797343339477277960e-03
9.907957648784616600e-01 1.353523477973516964e-01 1.872184457187983046e-03
9.908646381951646820e-01 1.348462589298394798e-01 1.940633945086525300e-03
9.909368108349567716e-01 1.343139483492697406e-01 2.002759845387177152e-03
9.910118939634373625e-01 1.337579860853836677e-01 2.058645137079516147e-03
9.910895077165388090e-01 1.331809041847552555e-01 2.108386901091653838e-03
9.911692824101260291e-01 1.325851912323941229e-01 2.152095481327890875e-03
9.912508596083591250e-01 1.319732872047161554e-01 2.189893643790301499e-03
9.913338930539297156e-01 1.313475786546355606e-01 2.221915735922292377e-03
9.914180494641876562e-01 1.307103942288082854e-01 2.248306848240943460e-03
9.915030091979718518e-01 1.300640005163377078e-01 2.269221980253442305e-03
9.915884667986468726e-01 1.294105982275411959e-01 2.284825212580861211e-03
9.916741314194312817e-01 1.287523187006699710e-01 2.295288887139528868e-03
9.917597271375813150e-01 1.280912207337789044e-01 2.300792797156059766e-03
9.918449931643729123e-01 1.274292877382578737e-01 2.301523388716517505e-03
9.919296839581076553e-01 1.267684252098651432e-01 2.297672975473011130e-03
9.920135692475596789e-01 1.261104585124491195e-01 2.289438968052183530e-03
9.920964339733870929e-01 1.254571309689085090e-01 2.277023119629466037e-03
9.921780781550563200e-01 1.248101022533275040e-01 2.260630789050687220e-03
9.922583166907812391e-01 1.241709470776324042e-01 2.240470222798663681e-03
9.923369790978631144e-01 1.235411541655529327e-01 2.216751857016885287e-03
9.924139092006409868e-01 1.229221255061374724e-01 2.189687640715490703e-03
9.924889647730353870e-01 1.223151758785683829e-01 2.159490381196596011e-03
9.925620171423881200e-01 1.217215326395535285e-01 2.126373112646908273e-03
9.926329507609875646e-01 1.211423357641356335e-01 2.090548488755691534e-03
9.927016627513161051e-01 1.205786381303619592e-01 2.052228200125814049e-03
9.927680624306809420e-01 1.200314060378961378e-01 2.011622417155091522e-03
9.928320708204896317e-01 1.195015199503313974e-01 1.968939258974764222e-03
9.928936201450200283e-01 1.189897754506811373e-01 1.924384288941986994e-03
9.929526533241112007e-01 1.184968843992792176e-01 1.878160037094029700e-03
9.930091234637761222e-01 1.180234762831186002e-01 1.830465549883736288e-03
9.930629933483118288e-01 1.175700997454926372e-01 1.781495967429033494e-03
9.931142349370631894e-01 1.171372242846789868e-01 1.731442128424162934e-03
9.931628288685858674e-01 1.167252421103198295e-01 1.680490202777145748e-03
9.932087639745587060e-01 1.163344701461046515e-01 1.628821351957033745e-03
9.932520368054135185e-01 1.159651521673508712e-01 1.576611416955997188e-03
9.932926511692907745e-01 1.156174610621033966e-01 1.524030633695487580e-03
9.933306176855890568e-01 1.152915012044339882e-01 1.471243375632805359e-03
9.933659533540593056e-01 1.149873109287151973e-01 1.418407923254568284e-03
9.933986811401042116e-01 1.147048650937691067e-01 1.365676260077005417e-03
9.934288295766756649e-01 1.144440777259467940e-01 1.313193894709824717e-03
9.934564323829244703e-01 1.142048047303792224e-01 1.261099708480741205e-03
9.934815280995431541e-01 1.139868466598513985e-01 1.209525828061719594e-03
9.935041597405560587e-01 1.137899515309885173e-01 1.158597522485642350e-03
9.935243744611508276e-01 1.136138176777026360e-01 1.108433123893543459e-03
9.935422232410108245e-01 1.134580966321300649e-01 1.059143971307761455e-03
9.935577605824974512e-01 1.133223960235908850e-01 1.010834376685414366e-03
9.935710442229469530e-01 1.132062824864212142e-01 9.636016124694579818e-04
9.935821348602791314e-01 1.131092845678642461e-01 9.175359198212731070e-04
9.935910958910758595e-01 1.130308956275554999e-01 8.727205366891778058e-04
9.935979931602605397e-01 1.129705767205001765e-01 8.292317448414692534e-04
9.936028947215054252e-01 1.129277594558132924e-01 7.871389349704810802e-04
9.936058706075024949e-01 1.129018488238757029e-01 7.465046889556414995e-04
9.936069926092581106e-01 1.128922259849485799e-01 7.073848783585679834e-04
9.936063340636078767e-01 1.128982510126847194e-01 6.698287782117142786e-04
9.936039696481943073e-01 1.129192655863748007e-01 6.338791951539424381e-04
9.935999751832061966e-01 1.129545956261699124e-01 5.995726089614740592e-04
9.935944274392413122e-01 1.130035538659256433e-01 5.669393265209100559e-04
9.935874039507220923e-01 1.130654423587175023e-01 5.360036472922480788e-04
9.935789828343650765e-01 1.131395549104806802e-01 5.067840393139573952e-04
9.935692426122805232e-01 1.132251794376275683e-01 4.792933248090724269e-04
9.935582620393531572e-01 1.133216002448934334e-01 4.535388744607854331e-04
9.935461199346298233e-01 1.134281002200527161e-01 4.295228094380319534e-04
9.935328950165134287e-01 1.135439629425345348e-01 4.072422102659290595e-04
9.935186657416341660e-01 1.136684747033451931e-01 3.866893316525015878e-04
9.935035101473344010e-01 1.138009264340769378e-01 3.678518224017633740e-04
9.934875056977698904e-01 1.139406155431448298e-01 3.507129495637815401e-04
9.934707291336855040e-01 1.140868476577467094e-01 3.352518259946835727e-04
9.934532563259783622e-01 1.142389382703842687e-01 3.214436405235222751e-04
9.934351621332063731e-01 1.143962142891149225e-01 3.092598899483573458e-04
9.934165202632428970e-01 1.145580154910248449e-01 2.986686121106902399e-04
9.933974031393111304e-01 1.147236958787217348e-01 2.896346193253668006e-04
9.933778817706596653e-01 1.148926249399415955e-01 2.821197314720851599e-04
9.933580256281624443e-01 1.150641888106467420e-01 2.760830080845942929e-04
9.933379025251399819e-01 1.152377913422616557e-01 2.714809788043865508e-04
9.933175785037083871e-01 1.154128550739491610e-01 2.682678715970553108e-04
9.932971177269639407e-01 1.155888221110716457e-01 2.663958381613697364e-04
9.932765823773076486e-01 1.157651549112098388e-01 2.658151759933882405e-04
9.932560325612057595e-01 1.159413369793259874e-01 2.664745466004704490e-04
9.932355262206674640e-01 1.161168734738577540e-01 2.683211893927323673e-04
9.932151190517035655e-01 1.162912917257151180e-01 2.713011308122160363e-04
9.931948644300048201e-01 1.164641416723239536e-01 2.753593882926928436e-04
9.931748133440551074e-01 1.166349962090176828e-01 2.804401686755012110e-04
9.931550143358631733e-01 1.168034514602219326e-01 2.864870607390257169e-04
9.931355134494638248e-01 1.169691269730072786e-01 2.934432215312669117e-04
9.931163541873077039e-01 1.171316658357016982e-01 3.012515562263489355e-04
9.930975774746189089e-01 1.172907347243576648e-01 3.098548912566752647e-04
9.930792216317663179e-01 1.174460238799592965e-01 3.191961405027037078e-04
9.930613223546534973e-01 1.175972470193329261e-01 3.292184643519017019e-04
9.930439127030956659e-01 1.177441411827898909e-01 3.398654214672932076e-04
9.930270230971133261e-01 1.178864665215843405e-01 3.510811131340657500e-04
9.930106813210355376e-01 1.180240060283109793e-01 3.628103200799208243e-04
9.929949125352688366e-01 1.181565652133989980e-01 3.749986316911728705e-04
9.929797392955526103e-01 1.182839717308789979e-01 3.875925675719874811e-04
9.929651815794890979e-01 1.184060749566102216e-01 4.005396914185793407e-04
9.929512568201036560e-01 1.185227455221559423e-01 4.137887172036088966e-04
9.929379799461625078e-01 1.186338748074864113e-01 4.272896076884224992e-04
9.929253634289468833e-01 1.187393743956713238e-01 4.409936653021412703e-04
9.929134173351595871e-01 1.188391754926979016e-01 4.548536154469042859e-04
9.929021493856152736e-01 1.189332283155171976e-01 4.688236823078029700e-04
9.928915650193508302e-01 1.190215014513801572e-01 4.828596572641970404e-04
9.928816674627705119e-01 1.191039811914768459e-01 4.969189600161763110e-04
9.928724578034315851e-01 1.191806708418380323e-01 5.109606925559250163e-04
9.928639350680625864e-01 1.192515900143976959e-01 5.249456861286587407e-04
9.928560963043996379e-01 1.193167739010488337e-01 5.388365413416524967e-04
9.928489366664194904e-01 1.193762725334541891e-01 5.525976615926600456e-04
9.928424495025484076e-01 1.194301500312971165e-01 5.661952800007658687e-04
9.928366264464217883e-01 1.194784838415781508e-01 5.795974800334104289e-04
9.928314575097768602e-01 1.195213639714785697e-01 5.927742100330220211e-04
9.928269311770602235e-01 1.195588922172249047e-01 6.056972918553830531e-04
9.928230345013445701e-01 1.195911813912980404e-01 6.183404238395696613e-04
9.928197532011533433e-01 1.196183545502371021e-01 6.306791783360787438e-04
9.928170717578064242e-01 1.196405442251933238e-01 6.426909940255890689e-04
9.928149735129103703e-01 1.196578916572913903e-01 6.543551632657426328e-04
9.928134407656330485e-01 1.196705460397570753e-01 6.656528147073986334e-04
9.928124548694157170e-01 1.196786637686696742e-01 6.765668914250237221e-04
9.928119963277954874e-01 1.196824077040967715e-01 6.870821248082847931e-04
9.928120448890257466e-01 1.196819464432670316e-01 6.971850044635220138e-04
9.928125796392029967e-01 1.196774536073347966e-01 7.068637443746325286e-04
9.928135790936277738e-01 1.196691071431881803e-01 7.161082455730214671e-04
9.928150212861456270e-01 1.196570886416504914e-01 7.249100555657111544e-04
9.928168838562357879e-01 1.196415826733236154e-01 7.332623247694650516e-04
9.928191441336359224e-01 1.196227761432212683e-01 7.411597601969188926e-04
9.928217792203094527e-01 1.196008576652405481e-01 7.485985766382483855e-04
9.928247660695854737e-01 1.195760169574218434e-01 7.555764455788686060e-04
9.928280815623184985e-01 1.195484442588500978e-01 7.620924420900919861e-04
9.928317025799370255e-01 1.195183297689552254e-01 7.681469899256001925e-04
9.928356060742689060e-01 1.194858631098757867e-01 7.737418050520364181e-04
9.928397691340493658e-01 1.194512328124585077e-01 7.788798378370436750e-04
9.928441690480370729e-01 1.194146258263768523e-01 7.835652141126749201e-04
9.928487833646800764e-01 1.193762270547646664e-01 7.878031753263286564e-04
9.928535899482913152e-01 1.193362189136761564e-01 7.916000179852418191e-04
9.928585670317089384e-01 1.192947809166015061e-01 7.949630325941345159e-04
9.928636932654305580e-01 1.192520892841876373e-01 7.979004422788735056e-04
9.928689477632276494e-01 1.192083165792373056e-01 8.004213412820382735e-04
9.928743101442570884e-01 1.191636313669856562e-01 8.025356335090592843e-04
9.928797605717001318e-01 1.191181979005826452e-01 8.042539712961875760e-04
9.928852797879712533e-01 1.190721758316418272e-01 8.055876945639641471e-04
9.928908491465493480e-01 1.190257199456514481e-01 8.065487705121288488e-04
9.928964506404929224e-01 1.189789799219822114e-01 8.071497340040536704e-04
9.929020669277108802e-01 1.189321001181675580e-01 8.074036287808435217e-04
9.929076813530675061e-01 1.188852193780774585e-01 8.073239496372295113e-04
9.929132779674074705e-01 1.188384708635547155e-01 8.069245856833262608e-04
9.929188415435927784e-01 1.187919819090342416e-01 8.062197648082421826e-04
9.929243575896491425e-01 1.187458738986204021e-01 8.052239994534565043e-04
9.929298123591243641e-01 1.187002621650556228e-01 8.039520337958229413e-04
9.929351928587629716e-01 1.186552559099745829e-01 8.024187924320514559e-04
9.929404868536079176e-01 1.186109581448028805e-01 8.006393306485748342e-04
9.929456828696394677e-01 1.185674656516266662e-01 7.986287863528480826e-04
9.929507701940653019e-01 1.185248689633306707e-01 7.964023337343697660e-04
9.929557388733761814e-01 1.184832523622761369e-01 7.939751387160748006e-04
9.929605797092823094e-01 1.184426938967671344e-01 7.913623162492490004e-04
9.929652842526469625e-01 1.184032654145338870e-01 7.885788894977602357e-04
9.929698447955320750e-01 1.183650326124449370e-01 7.856397509502178935e-04
9.929742543614703543e-01 1.183280551016459153e-01 7.825596254916638347e-04
9.929785066940791660e-01 1.182923864873115100e-01 7.793530354595837187e-04
9.929825962441281018e-01 1.182580744621886809e-01 7.760342677024158892e-04
9.929865181551704723e-01 1.182251609131036579e-01 7.726173426523332303e-04
9.929902682478497500e-01 1.181936820396018439e-01 7.691159854179023449e-04
9.929938430029866536e-01 1.181636684838890672e-01 7.655435988962759272e-04
9.929972395435524568e-01 1.181351454712443877e-01 7.619132388988718438e-04
9.930004556156303286e-01 1.181081329600785212e-01 7.582375912790319597e-04
9.930034895684655138e-01 1.180826458008181756e-01 7.545289510449476253e-04
9.930063403337002770e-01 1.180586939028047538e-01 7.507992034361855600e-04
9.930090074038887549e-01 1.180362824084060791e-01 7.470598069374598900e-04
9.930114908103826465e-01 1.180154118735519536e-01 7.433217781988646355e-04
9.930137911006763352e-01 1.179960784539181018e-01 7.395956788276224865e-04
9.930159093152970406e-01 1.179782740959985365e-01 7.358916040125073471e-04
9.930178469643213823e-01 1.179619867323234844e-01 7.322191729384720186e-04
9.930196060035991756e-01 1.179472004800983659e-01 7.285875209456489730e-04
9.930211888107594032e-01 1.179338958425591583e-01 7.250052933837991629e-04
9.930225981610718566e-01 1.179220499123604382e-01 7.214806411104513319e-04
9.930238372032352823e-01 1.179116365763344526e-01 7.180212175784050563e-04
9.930249094351575323e-01 1.179026267209826728e-01 7.146341774559604237e-04
9.930258186797933373e-01 1.178949884380852964e-01 7.113261767211826901e-04
9.930265690610994289e-01 1.178886872298387650e-01 7.081033741697019155e-04
9.930271649801659661e-01 1.178836862129569313e-01 7.049714342739930514e-04
9.930276110915785548e-01 1.178799463211975818e-01 7.019355313307591151e-04
9.930279122800633740e-01 1.178774265058021575e-01 6.990003548319585975e-04
9.930280736374649253e-01 1.178760839333638927e-01 6.961701159941585844e-04
9.930281004401019240e-01 1.178758741806663068e-01 6.934485553802669953e-04
9.930279981265462963e-01 1.178767514260616461e-01 6.908389515472675635e-04
9.930277722758643622e-01 1.178786686369862058e-01 6.883441306533787628e-04
9.930274285863601724e-01 1.178815777532369879e-01 6.859664769580327325e-04
9.930269728548544172e-01 1.178854298656617644e-01 6.837079441482558657e-04
9.930264109565335451e-01 1.178901753899416621e-01 6.815700674253875879e-04
9.930257488253977360e-01 1.178957642351728397e-01 6.795539762866096645e-04
9.930249924353354851e-01 1.179021459669804400e-01 6.776604079364570345e-04
9.930241477818505524e-01 1.179092699649246373e-01 6.758897212643397504e-04
9.930232208644625969e-01 1.179170855739848089e-01 6.742419113251082704e-04
9.930222176698024761e-01 1.179255422499333322e-01 6.727166242608400301e-04
9.930211441554187557e-01 1.179345896984357739e-01 6.713131726032999132e-04
9.930200062343114142e-01 1.179441780077388618e-01 6.700305508979189240e-04
9.930188097602048458e-01 1.179542577748315668e-01 6.688674515916479381e-04
9.930175605135717065e-01 1.179647802249878252e-01 6.678222811286509478e-04
9.930162641884145991e-01 1.179756973246223195e-01 6.668931761995064824e-04
9.930149263798125903e-01 1.179869618874123116e-01 6.660780200913805600e-04
9.930135525722362244e-01 1.179985276736598698e-01 6.653744590884971876e-04
9.930121481286329210e-01 1.180103494828890764e-01 6.647799188741705450e-04
9.930107182802823118e-01 1.180223832396922745e-01 6.642916208876607428e-04
9.930092681174200742e-01 1.180345860728580637e-01 6.639065985911562660e-04
9.930078025806254871e-01 1.180469163878317684e-01 6.636217136042844768e-04
9.930063264529672695e-01 1.180593339325755747e-01 6.634336716656737652e-04
9.930048443528997071e-01 1.180717998569120603e-01 6.633390383832468706e-04
9.930033607279001862e-01 1.180842767654496639e-01 6.633342547371010034e-04
9.930018798488366993e-01 1.180967287642028934e-01 6.634156523010224316e-04
9.930004058050532212e-01 1.181091215010335177e-01 6.635794681508751323e-04
9.929989425001584102e-01 1.181214222000512987e-01 6.638218594303045778e-04
9.929974936485027603e-01 1.181335996901242968e-01 6.641389175463842387e-04
9.929960627723273259e-01 1.181456244276595097e-01 6.645266819700162931e-04
9.929946531995659242e-01 1.181574685138241376e-01 6.649811536180526674e-04
9.929932680622820529e-01 1.181691057063867234e-01 6.654983077962457836e-04
9.929919102957198707e-01 1.181805114263653061e-01 6.660741066842438022e-04
9.929905826379488154e-01 1.181916627596767549e-01 6.667045113459222619e-04
9.929892876300793203e-01 1.182025384539877738e-01 6.673854932503824272e-04
9.929880276170272024e-01 1.182131189109735386e-01 6.681130452909386612e-04
9.929868047488029648e-01 1.182233861741942005e-01 6.688831922913743375e-04
9.929856209823023638e-01 1.182333239128037644e-01 6.696920009906359023e-04
9.929844780835725970e-01 1.182429174013085726e-01 6.705355894989891092e-04
9.929833776305309057e-01 1.182521534955949388e-01 6.714101362204471374e-04
9.929823210161080604e-01 1.182610206054472424e-01 6.723118882380141543e-04
9.929813094517925265e-01 1.182695086637785276e-01 6.732371691599550647e-04
9.929803439715488844e-01 1.182776090927958879e-01 6.741823864269125537e-04
9.929794254360848615e-01 1.182853147673225275e-01 6.751440380812266748e-04
9.929785545374402167e-01 1.182926199754973651e-01 6.761187190012910887e-04
9.929777318038730538e-01 1.182995203770713932e-01 6.771031266051813881e-04
9.929769576050159197e-01 1.183060129595178006e-01 6.780940660291249469e-04
9.929762321572775940e-01 1.183120959921702686e-01 6.790884547876478630e-04
9.929755555294644820e-01 1.183177689786004821e-01 6.800833269234231749e-04
9.929749276485970721e-01 1.183230326074424382e-01 6.810758366559679835e-04
9.929743483058963704e-01 1.183278887018668485e-01 6.820632615393821705e-04
9.929738171629171051e-01 1.183323401679044901e-01 6.830430051403005515e-04
9.929733337578026120e-01 1.183363909418124610e-01 6.840125992481312697e-04
9.929728975116404177e-01 1.183400459366720642e-01 6.849697056304884010e-04
9.929725077348938722e-01 1.183433109884014373e-01 6.859121173474862221e-04
9.929721636338902924e-01 1.183461928013602588e-01 6.868377596392558331e-04
9.929718643173427450e-01 1.183486988937177270e-01 6.877446904016658574e-04
9.929716088028862631e-01 1.183508375427484854e-01 6.886311002657850280e-04
9.929713960236088433e-01 1.183526177302150345e-01 6.894953122971078088e-04
9.929712248345577974e-01 1.183540490879878421e-01 6.903357813309925640e-04
9.929710940192050250e-01 1.183551418440480923e-01 6.911510929611118818e-04
9.929710022958521121e-01 1.183559067690105049e-01 6.919399621980168230e-04
9.929709483239611556e-01 1.183563551232967581e-01 6.927012318151482342e-04
9.929709307103948834e-01 1.183564986050829188e-01 6.934338703998046667e-04
9.929709480155514134e-01 1.183563492991368538e-01 6.941369701266954847e-04
9.929709987593816622e-01 1.183559196266543850e-01 6.948097442717739939e-04
9.929710814272745267e-01 1.183552222961957445e-01 6.954515244840542027e-04
9.929711944758007336e-01 1.183542702558164628e-01 6.960617578330770966e-04
9.929713363383023683e-01 1.183530766464796491e-01 6.966400036496056807e-04
9.929715054303196453e-01 1.183516547568295024e-01 6.971859301769892667e-04
9.929717001548452604e-01 1.183500179793984947e-01 6.976993110504674765e-04
9.929719189073983321e-01 1.183481797683140491e-01 6.981800216214583809e-04
9.929721600809111592e-01 1.183461535985630836e-01 6.986280351436191006e-04
9.929724220704213566e-01 1.183439529268664608e-01 6.990434188371704534e-04
9.929727032775655937e-01 1.183415911542083365e-01 6.994263298476479556e-04
9.929730021148677199e-01 1.183390815900590004e-01 6.997770111148780663e-04
9.929733170098202777e-01 1.183364374183234757e-01 7.000957871675859675e-04
9.929736464087537406e-01 1.183336716650418008e-01 7.003830598586198572e-04
9.929739887804923670e-01 1.183307971678608655e-01 7.006393040553352426e-04
9.929743426197951139e-01 1.183278265472921115e-01 7.008650632992089249e-04
9.929747064505798360e-01 1.183247721797632962e-01 7.010609454482665372e-04
9.929750788289312124e-01 1.183216461724675289e-01 7.012276183153998707e-04
9.929754583458921813e-01 1.183184603400072726e-01 7.013658053151244996e-04
9.929758436300407665e-01 1.183152261828261664e-01 7.014762811307932635e-04
9.929762333498522997e-01 1.183119548674166077e-01 7.015598674137262783e-04
9.929766262158509216e-01 1.183086572082865939e-01 7.016174285251630281e-04
9.929770209825515836e-01 1.183053436516649931e-01 7.016498673313733246e-04
9.929774164501966593e-01 1.183020242609202910e-01 7.016581210616837589e-04
9.929778114662900501e-01 1.182987087036639767e-01 7.016431572386083683e-04
9.929782049269331168e-01 1.182954062405062734e-01 7.016059696886827596e-04
9.929785957779670991e-01 1.182921257154284367e-01 7.015475746420227242e-04
9.929789830159261310e-01 1.182888755477327219e-01 7.014690069280498513e-04
9.929793656888070696e-01 1.182856637255282894e-01 7.013713162742463798e-04
9.929797428966602446e-01 1.182824978007086525e-01 7.012555637142292879e-04
9.929801137920081233e-01 1.182793848853737617e-01 7.011228181108656058e-04
9.929804775800969985e-01 1.182763316496478617e-01 7.009741527995901880e-04
9.929808335189884705e-01 1.182733443208419805e-01 7.008106423565344531e-04
9.929811809194966088e-01 1.182704286839084545e-01 7.006333594955325029e-04
9.929815191449780087e-01 1.182675900831333116e-01 7.004433720975353217e-04
9.929818476109809611e-01 1.182648334250108735e-01 7.002417403754495262e-04
9.929821657847603955e-01 1.182621631822441538e-01 7.000295141769019179e-04
9.929824731846667030e-01 1.182595833988134004e-01 6.998077304269430948e-04
9.929827693794137655e-01 1.182570976960548303e-01 6.995774107122191719e-04
9.929830539872344097e-01 1.182547092796907423e-01 6.993395590076799829e-04
9.929833266749302778e-01 1.182524209477521515e-01 6.990951595464405671e-04
9.929835871568227779e-01 1.182502350993348966e-01 6.988451748329828567e-04
9.929838351936119967e-01 1.182481537441301828e-01 6.985905437994694486e-04
9.929840705911517906e-01 1.182461785126707604e-01 6.983321801045437680e-04
9.929842931991463839e-01 1.182443106672343147e-01 6.980709705736120024e-04
9.929845029097766895e-01 1.182425511133462365e-01 6.978077737792422273e-04
9.929846996562624595e-01 1.182409004118244594e-01 6.975434187599733249e-04
9.929848834113673695e-01 1.182393587913100202e-01 6.972787038755024402e-04
9.929850541858532553e-01 1.182379261612277604e-01 6.970143957959179905e-04
9.929852120268904958e-01 1.182366021251228527e-01 6.967512286223571678e-04
9.929853570164299814e-01 1.182353859943197777e-01 6.964899031362024396e-04
9.929854892695439972e-01 1.182342768018517648e-01 6.962310861736843541e-04
9.929856089327409041e-01 1.182332733166100297e-01 6.959754101225305986e-04
9.929857161822602807e-01 1.182323740576636806e-01 6.957234725370901656e-04
9.929858112223537425e-01 1.182315773087025262e-01 6.954758358681740246e-04
9.929858942835567692e-01 1.182308811325568226e-01 6.952330273036794617e-04
9.929859656209570895e-01 1.182302833857494101e-01 6.949955387159123836e-04
9.929860255124648427e-01 1.182297817330377615e-01 6.947638267113866737e-04
9.929860742570884025e-01 1.182293736619048907e-01 6.945383127787605436e-04
9.929861121732218576e-01 1.182290564969601249e-01 6.943193835304690932e-04
9.929861395969473703e-01 1.182288274142124923e-01 6.941073910335284879e-04
9.929861568803567407e-01 1.182286834551814214e-01 6.939026532249176638e-04
9.929861643898973966e-01 1.182286215408113322e-01 6.937054544068944634e-04
9.929861625047441409e-01 1.182286384851585492e-01 6.935160458175616913e-04
9.929861516152027612e-01 1.182287310088210863e-01 6.933346462719805784e-04
9.929861321211467251e-01 1.182288957520836459e-01 6.931614428691205802e-04
9.929861044304910678e-01 1.182291292877521161e-01 6.929965917599375776e-04
9.929860689577062471e-01 1.182294281336539049e-01 6.928402189718955344e-04
9.929860261223734108e-01 1.182297887647822121e-01 6.926924212852766981e-04
9.929859763477854040e-01 1.182302076250643513e-01 6.925532671566680390e-04
9.929859200595938518e-01 1.182306811387361795e-01 6.924227976850673514e-04
9.929858576845048690e-01 1.182312057213062984e-01 6.923010276161189027e-04
9.929857896490255076e-01 1.182317777900958461e-01 6.921879463800627817e-04
9.929857163782619400e-01 1.182323937743412212e-01 6.920835191590679700e-04
9.929856382947706006e-01 1.182330501248489707e-01 6.919876879797126146e-04
9.929855558174638386e-01 1.182337433231938351e-01 6.919003728264780904e-04
9.929854693605701943e-01 1.182344698904524427e-01 6.918214727722314271e-04
9.929853793326510747e-01 1.182352263954669219e-01 6.917508671217896098e-04
9.929852861356731619e-01 1.182360094626342256e-01 6.916884165647799393e-04
9.929851901641378875e-01 1.182368157792183933e-01 6.916339643341407354e-04
9.929850918042671948e-01 1.182376421021847090e-01 6.915873373667403559e-04
9.929849914332466998e-01 1.182384852645556872e-01 6.915483474627295412e-04
9.929848894185248076e-01 1.182393421812906326e-01 6.915167924403869482e-04
9.929847861171683387e-01 1.182402098546914970e-01 6.914924572833598725e-04
9.929846818752741111e-01 1.182410853793391114e-01 6.914751152773549250e-04
9.929845770274354777e-01 1.182419659465649975e-01 6.914645291334796861e-04
9.929844718962632655e-01 1.182428488484651014e-01 6.914604520955923775e-04
9.929843667919606709e-01 1.182437314814628188e-01 6.914626290291683809e-04
9.929842620119501140e-01 1.182446113494296791e-01 6.914707974893487740e-04
9.929841578405523839e-01 1.182454860663729179e-01 6.914846887659879511e-04
9.929840545487153003e-01 1.182463533587000265e-01 6.915040289036769898e-04
9.929839523937921131e-01 1.182472110670712978e-01 6.915285396948670947e-04
9.929838516193669751e-01 1.182480571478518316e-01 6.915579396443782357e-04
9.929837524551270445e-01 1.182488896741754475e-01 6.915919449037209949e-04
9.929836551167789960e-01 1.182497068366332171e-01 6.916302701738190166e-04
9.929835598060089419e-01 1.182505069436002310e-01 6.916726295748597481e-04
9.929834667104834312e-01 1.182512884212142956e-01 6.917187374821504552e-04
9.929833760038905277e-01 1.182520498130211067e-01 6.917683093269976586e-04
9.929832878460186363e-01 1.182527897793003435e-01 6.918210623617697353e-04
9.929832023828719656e-01 1.182535070960878815e-01 6.918767163884356752e-04
9.929831197468199644e-01 1.182542006539091806e-01 6.919349944500073190e-04
9.929830400567795090e-01 1.182548694562394198e-01 6.919956234844412040e-04
9.929829634184281772e-01 1.182555126177058935e-01 6.920583349406826722e-04
9.929828899244460549e-01 1.182561293620482817e-01 6.921228653566509044e-04
9.929828196547845209e-01 1.182567190198526158e-01 6.921889568990835647e-04
9.929827526769605672e-01 1.182572810260745927e-01 6.922563578652732568e-04
9.929826890463738787e-01 1.182578149173678927e-01 6.923248231468268716e-04
9.929826288066460060e-01 1.182583203292331270e-01 6.923941146556925313e-04
9.929825719899785241e-01 1.182587969930028182e-01 6.924640017127856777e-04
9.929825186175295082e-01 1.182592447326777235e-01 6.925342613996459274e-04
9.929824686998053318e-01 1.182596634616295411e-01 6.926046788736391459e-04
9.929824222370674525e-01 1.182600531791849346e-01 6.926750476473045228e-04
9.929823792197510768e-01 1.182604139671053350e-01 6.927451698325204788e-04
9.929823396288949278e-01 1.182607459859768423e-01 6.928148563502404319e-04
9.929823034365800050e-01 1.182610494715241323e-01 6.928839271066108150e-04
9.929822706063757831e-01 1.182613247308620386e-01 6.929522111363503080e-04
9.929822410937924060e-01 1.182615721386978819e-01 6.930195467143246500e-04
9.929822148467373211e-01 1.182617921334974675e-01 6.930857814363007271e-04
9.929821918059748009e-01 1.182619852136270466e-01 6.931507722699188200e-04
9.929821719055867968e-01 1.182621519334832588e-01 6.932143855769530095e-04
9.929821550734340141e-01 1.182622928996224648e-01 6.932764971079769011e-04
9.929821412316159890e-01 1.182624087669005425e-01 6.933369919705777455e-04
9.929821302969282781e-01 1.182625002346336662e-01 6.933957645722969377e-04
9.929821221813162069e-01 1.182625680427901033e-01 6.934527185394897359e-04
9.929821167923241765e-01 1.182626129682226301e-01 6.935077666133259875e-04
9.929821140335380880e-01 1.182626358209504930e-01 6.935608305241602618e-04
9.929821138050222151e-01 1.182626374404995434e-01 6.936118408455186572e-04
9.929821160037469729e-01 1.182626186923085160e-01 6.936607368289469467e-04
9.929821205240085824e-01 1.182625804642089967e-01 6.937074662209788195e-04
9.929821272578392977e-01 1.182625236629859522e-01 6.937519850634732204e-04
9.929821360954066423e-01 1.182624492110254388e-01 6.937942574785704386e-04
9.929821469254020982e-01 1.182623580430552518e-01 6.938342554395082479e-04
9.929821596354179158e-01 1.182622511029841894e-01 6.938719585285282355e-04
9.929821741123112666e-01 1.182621293408446794e-01 6.939073536830894437e-04
9.929821902425562952e-01 1.182619937098433049e-01 6.939404349315874765e-04
9.929822079125821821e-01 1.182618451635231438e-01 6.939712031197633460e-04
9.929822270090976621e-01 1.182616846530415017e-01 6.939996656289562985e-04
9.929822474194014426e-01 1.182615131245658702e-01 6.940258360873382756e-04
9.929822690316785216e-01 1.182613315167908435e-01 6.940497340752368712e-04
9.929822917352811862e-01 1.182611407585779512e-01 6.940713848256257817e-04
9.929823154209957980e-01 1.182609417667201401e-01 6.940908189208310668e-04
9.929823399812943707e-01 1.182607354438321851e-01 6.941080719864712841e-04
9.929823653105707137e-01 1.182605226763677186e-01 6.941231843836127022e-04
9.929823913053621443e-01 1.182603043327634940e-01 6.941362009000870761e-04
9.929824178645551003e-01 1.182600812617108782e-01 6.941471704418848828e-04
9.929824448895765432e-01 1.182598542905541616e-01 6.941561457254952824e-04
9.929824722845695950e-01 1.182596242238152240e-01 6.941631829720293747e-04
9.929824999565548538e-01 1.182593918418434337e-01 6.941683416039213638e-04
9.929825278155762769e-01 1.182591578995895593e-01 6.941716839449654872e-04
9.929825557748330755e-01 1.182589231255020135e-01 6.941732749244008136e-04
9.929825837507969544e-01 1.182586882205436812e-01 6.941731817857219695e-04
9.929826116633150290e-01 1.182584538573270005e-01 6.941714738008475600e-04
9.929826394356996433e-01 1.182582206793651308e-01 6.941682219902376057e-04
9.929826669948037532e-01 1.182579893004363503e-01 6.941634988495143507e-04
9.929826942710838766e-01 1.182577603040590453e-01 6.941573780830928705e-04
9.929827211986498314e-01 1.182575342430740861e-01 6.941499343452936510e-04
9.929827477153022608e-01 1.182573116393315499e-01 6.941412429893642055e-04
9.929827737625579465e-01 1.182570929834782236e-01 6.941313798248000422e-04
9.929827992856637975e-01 1.182568787348424605e-01 6.941204208833125786e-04
9.929828242335994037e-01 1.182566693214127801e-01 6.941084421937551664e-04
9.929828485590689313e-01 1.182564651399062722e-01 6.940955195662806658e-04
9.929828722184828038e-01 1.182562665559230980e-01 6.940817283859633448e-04
9.929828951719298358e-01 1.182560739041830095e-01 6.940671434160849236e-04
9.929829173831395961e-01 1.182558874888399308e-01 6.940518386112475013e-04
9.929829388194364448e-01 1.182557075838703842e-01 6.940358869404402191e-04
9.929829594516847990e-01 1.182555344335318587e-01 6.940193602201560419e-04
9.929829792542269606e-01 1.182553682528866695e-01 6.940023289576208957e-04
9.929829982048132830e-01 1.182552092283873924e-01 6.939848622041639966e-04
9.929830162845261210e-01 1.182550575185195157e-01 6.939670274187321932e-04
9.929830334776963419e-01 1.182549132544972043e-01 6.939488903415212163e-04
9.929830497718153959e-01 1.182547765410080637e-01 6.939305148776653970e-04
9.929830651574408362e-01 1.182546474570026762e-01 6.939119629909067067e-04
9.929830796280977312e-01 1.182545260565249362e-01 6.938932946071343748e-04
9.929830931801753025e-01 1.182544123695791066e-01 6.938745675276667118e-04
9.929831058128200105e-01 1.182543064030295715e-01 6.938558373521202085e-04
9.929831175278246436e-01 1.182542081415295654e-01 6.938371574106926530e-04
9.929831283295150746e-01 1.182541175484748408e-01 6.938185787056687977e-04
9.929831382246340210e-01 1.182540345669786663e-01 6.938001498619335771e-04
9.929831472222231392e-01 1.182539591208645047e-01 6.937819170862674720e-04
9.929831553335026761e-01 1.182538911156728045e-01 6.937639241351767133e-04
9.929831625717505661e-01 1.182538304396784645e-01 6.937462122910042963e-04
9.929831689521805282e-01 1.182537769649156523e-01 6.937288203460455520e-04
9.929831744918193870e-01 1.182537305482067591e-01 6.937117845943878989e-04
9.929831792093842813e-01 1.182536910321924095e-01 6.936951388311822595e-04
9.929831831251605401e-01 1.182536582463595415e-01 6.936789143590416963e-04
9.929831862608795578e-01 1.182536320080647407e-01 6.936631400012584865e-04
9.929831886395978913e-01 1.182536121235500809e-01 6.936478421215214228e-04
9.929831902855776882e-01 1.182535983889489162e-01 6.936330446498129585e-04
9.929831912241680048e-01 1.182535905912791979e-01 6.936187691141568147e-04
9.929831914816884542e-01 1.182535885094219280e-01 6.936050346778894907e-04
9.929831910853147425e-01 1.182535919150826814e-01 6.935918581821187050e-04
9.929831900629664254e-01 1.182536005737341300e-01 6.935792541930415559e-04
9.929831884431968847e-01 1.182536142455375555e-01 6.935672350537830464e-04
9.929831862550865251e-01 1.182536326862417969e-01 6.935558109404274356e-04
9.929831835281385244e-01 1.182536556480578566e-01 6.935449899219071814e-04
9.929831802921775807e-01 1.182536828805076934e-01 6.935347780234256236e-04
9.929831765772522134e-01 1.182537141312459128e-01 6.935251792930838093e-04
9.929831724135401716e-01 1.182537491468530488e-01 6.935161958713948740e-04
9.929831678312572851e-01 1.182537876735994392e-01 6.935078280633680909e-04
9.929831628605703120e-01 1.182538294581786664e-01 6.935000744128528303e-04
9.929831575315132275e-01 1.182538742484097322e-01 6.934929317788391789e-04
9.929831518739071772e-01 1.182539217939072573e-01 6.934863954134183649e-04
9.929831459172846486e-01 1.182539718467191386e-01 6.934804590411118791e-04
9.929831396908174179e-01 1.182540241619311483e-01 6.934751149392909784e-04
9.929831332232484931e-01 1.182540784982381576e-01 6.934703540194097748e-04
9.929831265428279430e-01 1.182541346184816794e-01 6.934661659087910501e-04
9.929831196772528346e-01 1.182541922901535897e-01 6.934625390327075166e-04
9.929831126536113883e-01 1.182542512858660438e-01 6.934594606965154440e-04
9.929831054983309091e-01 1.182543113837875720e-01 6.934569171676023460e-04
9.929830982371297132e-01 1.182543723680455211e-01 6.934548937569266812e-04
9.929830908949731638e-01 1.182544340290950374e-01 6.934533748999322953e-04
9.929830834960337027e-01 1.182544961640550618e-01 6.934523442366342071e-04
9.929830760636546572e-01 1.182545585770115176e-01 6.934517846906832926e-04
9.929830686203178214e-01 1.182546210792883717e-01 6.934516785472245783e-04
9.929830611876149238e-01 1.182546834896869431e-01 6.934520075293802233e-04
9.929830537862228690e-01 1.182547456346942499e-01 6.934527528731951026e-04
9.929830464358823106e-01 1.182548073486609230e-01 6.934538954008929871e-04
9.929830391553799984e-01 1.182548684739495592e-01 6.934554155923088785e-04
9.929830319625347901e-01 1.182549288610541677e-01 6.934572936543662025e-04
9.929830248741862153e-01 1.182549883686916659e-01 6.934595095884814406e-04
9.929830179061870377e-01 1.182550468638662311e-01 6.934620432557916849e-04
9.929830110733985915e-01 1.182551042219075615e-01 6.934648744401073189e-04
9.929830043896893388e-01 1.182551603264838103e-01 6.934679829085049329e-04
9.929829978679359792e-01 1.182552150695903581e-01 6.934713484694852298e-04
9.929829915200274471e-01 1.182552683515154385e-01 6.934749510286295675e-04
9.929829853568719056e-01 1.182553200807835020e-01 6.934787706417008205e-04
9.929829793884056288e-01 1.182553701740776120e-01 6.934827875651417223e-04
9.929829736236047699e-01 1.182554185561418003e-01 6.934869823039333924e-04
9.929829680704992390e-01 1.182554651596645218e-01 6.934913356567878103e-04
9.929829627361885791e-01 1.182555099251443170e-01 6.934958287586532027e-04
9.929829576268599522e-01 1.182555528007388224e-01 6.935004431205232366e-04
9.929829527478079010e-01 1.182555937420981945e-01 6.935051606665463327e-04
9.929829481034558869e-01 1.182556327121840611e-01 6.935099637684421451e-04
9.929829436973794943e-01 1.182556696810751484e-01 6.935148352772345327e-04
9.929829395323309660e-01 1.182557046257606548e-01 6.935197585523241153e-04
9.929829356102650717e-01 1.182557375299224389e-01 6.935247174879251341e-04
9.929829319323664194e-01 1.182557683837071327e-01 6.935296965368999015e-04
9.929829284990773219e-01 1.182557971834892474e-01 6.935346807320300891e-04
9.929829253101272180e-01 1.182558239316262721e-01 6.935396557047682209e-04
9.929829223645627589e-01 1.182558486362068201e-01 6.935446077015214143e-04
9.929829196607780073e-01 1.182558713107928344e-01 6.935495235975203858e-04
9.929829171965461887e-01 1.182558919741567710e-01 6.935543909083344370e-04
9.929829149690514445e-01 1.182559106500147977e-01 6.935591977990950875e-04
9.929829129749205840e-01 1.182559273667568023e-01 6.935639330914973111e-04
9.929829112102558364e-01 1.182559421571743180e-01 6.935685862686485209e-04
9.929829096706673797e-01 1.182559550581869651e-01 6.935731474778403325e-04
9.929829083513059818e-01 1.182559661105684473e-01 6.935776075313200822e-04
9.929829072468953077e-01 1.182559753586728130e-01 6.935819579051417895e-04
9.929829063517648935e-01 1.182559828501617560e-01 6.935861907361787464e-04
