1.000000000000000000e+00 0.000000000000000000e+00 0.000000000000000000e+00
9.999161510335862202e-01 4.782641331959593296e-03 -1.203401132194479098e-02
9.996531899449595526e-01 1.077347885151221790e-02 -2.402982305905333044e-02
9.991910147427827127e-01 1.796685017260013853e-02 -3.597928613350219462e-02
9.985056288815135073e-01 2.635529436068277664e-02 -4.787388163839806365e-02
9.975692614384379375e-01 3.592936291705810248e-02 -5.970469718410303939e-02
9.963505132131373898e-01 4.667741150204085532e-02 -7.146240855394689340e-02
9.948145308439451107e-01 5.858537548503588155e-02 -8.313726733759511933e-02
9.929232109743809653e-01 7.163653290324896450e-02 -9.471909517357007813e-02
9.906354363508408367e-01 8.581125890977783777e-02 -1.061972851800755679e-01
9.879073454832060230e-01 1.010867762840192419e-01 -1.175608110836519615e-01
9.846926371467447092e-01 1.174369070479585053e-01 -1.287982444669338311e-01
9.809429105435097940e-01 1.348318306637629194e-01 -1.398977804490338928e-01
9.766080413744542277e-01 1.532378546618739512e-01 -1.508472719846097598e-01
9.716365934036048646e-01 1.726172038436462053e-01 -1.616342728210417579e-01
9.659762643312080899e-01 1.929278343968880982e-01 -1.722460889888172142e-01
9.595743639469617170e-01 2.141232793349590324e-01 -1.826698385206420028e-01
9.523783216255370387e-01 2.361525316001797936e-01 -1.928925189034988996e-01
9.443362192778805841e-01 2.589599709425461360e-01 -2.029010815694252678e-01
9.353973449113456295e-01 2.824853402812619318e-01 -2.126825125307716668e-01
9.255127610117314108e-01 3.066637766707355217e-01 -2.222239180705909978e-01
9.146358810761464619e-01 3.314259012220827083e-01 -2.315126142157275524e-01
9.027230468344359382e-01 3.566979713809143582e-01 -2.405362185566665978e-01
8.897340980360972651e-01 3.824020978454274466e-01 -2.492827428418658842e-01
8.756329261848860845e-01 4.084565271471850001e-01 -2.577406846723947487e-01
8.603880033067815569e-01 4.347759895403885966e-01 -2.658991165617822783e-01
8.439728767650843677e-01 4.612721103914747545e-01 -2.737477706113805587e-01
8.263666213080793632e-01 4.878538817734958122e-01 -2.812771170870765891e-01
8.075542399597183119e-01 5.144281894976746594e-01 -2.884784352707189248e-01
7.875270060416420526e-01 5.409003894089883246e-01 -2.953438750988934824e-01
7.662827395341188508e-01 5.671749254849325350e-01 -3.018665082901156316e-01
7.438260121216967447e-01 5.931559811554317774e-01 -3.080403678942331136e-01
7.201682765938498543e-01 6.187481543506103687e-01 -3.138604754678250286e-01
6.953279177399550592e-01 6.438571461175491839e-01 -3.193228553777185397e-01
6.693302234428497588e-01 6.683904522531640691e-01 -3.244245360510336629e-01
6.422072762826438463e-01 6.922580472926138651e-01 -3.291635383130466219e-01
6.139977675571222093e-01 7.153730503737111279e-01 -3.335388512718827636e-01
5.847467371526664515e-01 7.376523629579557761e-01 -3.375503965100761228e-01
5.545052441095491558e-01 7.590172691067329502e-01 -3.411989816166419720e-01
5.233299739733481282e-01 7.793939899553338213e-01 -3.444862443301240917e-01
4.912827900740228682e-01 7.987141851578356544e-01 -3.474145887555188383e-01
4.584302366996162448e-01 8.169153953465859708e-01 -3.499871152605739666e-01
4.248430027169471934e-01 8.339414210117235271e-01 -3.522075457465587700e-01
3.905953545322015108e-01 8.497426346087499915e-01 -3.540801460243899190e-01
3.557645473854864626e-01 8.642762240973412835e-01 -3.556096470104263552e-01
3.204302238499370792e-01 8.775063674580773077e-01 -3.568011663908121633e-01
2.846738080803722371e-01 8.894043389871563177e-01 -3.576601322941680428e-01
2.485779038572770161e-01 8.999485493012151505e-01 -3.581922103662890655e-01
2.122257038315109590e-01 9.091245219718180337e-01 -3.584032354648012397e-01
1.757004166280833057e-01 9.169248105369613988e-01 -3.582991489944710728e-01
1.390847176482000180e-01 9.233488602979861293e-01 -3.578859426931599863e-01
1.024602285506571175e-01 9.284028198048511760e-01 -3.571696094621087947e-01
6.590702952673171966e-02 9.320993072674084168e-01 -3.561561016195949891e-01
2.950320763331771429e-02 9.344571373169000550e-01 -3.548512967504856563e-01
-6.675556361074183598e-03 9.355010135960288853e-01 -3.532609711312945100e-01
-4.255636091679141503e-02 9.352611925958201899e-01 -3.513907805354512526e-01
-7.806941543510523274e-02 9.337731240026189150e-01 -3.492462480699124461e-01
-1.131483303371828009e-01 9.310770725886473587e-01 -3.468327585642081434e-01
-1.477303656366814044e-01 9.272177263935327263e-01 -3.441555589277359162e-01
-1.817566385856254074e-01 9.222437956195754793e-01 -3.412197638108779851e-01
-2.151722913509567514e-01 9.162076063156942007e-01 -3.380303658498215458e-01
-2.479266199870875931e-01 9.091646925670457957e-01 -3.345922497426396247e-01
-2.799731662148469691e-01 9.011733905498635622e-01 -3.309102093935419320e-01
-3.112697737071732362e-01 8.922944374621817332e-01 -3.269889673711333655e-01
-3.417786107248272365e-01 8.825905780065851358e-01 -3.228331959526441475e-01
-3.714661610491831745e-01 8.721261807845829273e-01 -3.184475390668776718e-01
-4.003031852311537131e-01 8.609668666655173608e-01 -3.138366345014402259e-01
-4.282646542220950869e-01 8.491791509164656748e-01 -3.090051358020617367e-01
-4.553296574797213170e-01 8.368301006226671612e-01 -3.039577333609560506e-01
-4.814812876542210462e-01 8.239870086891121215e-01 -2.986991742647974735e-01
-5.067065039604590204e-01 8.107170854911250890e-01 -2.932342805487753723e-01
-5.309959763339419103e-01 7.970871690329343062e-01 -2.875679655792989786e-01
-5.543439124528448669e-01 7.831634542762480056e-01 -2.817052483624515324e-01
-5.767478696868204580e-01 7.690112421138991516e-01 -2.756512656466682532e-01
-5.982085540059607354e-01 7.546947082851395150e-01 -2.694112817550058381e-01
-6.187296078501477448e-01 7.402766923580675895e-01 -2.629906961437032953e-01
-6.383173889198551221e-01 7.258185067403106761e-01 -2.563950487386565391e-01
-6.569807418038595692e-01 7.113797655212572568e-01 -2.496300231493347177e-01
-6.747307643069132554e-01 6.970182327980726233e-01 -2.427014479001581015e-01
-6.915805702809305622e-01 6.827896899940159026e-01 -2.356152958522444163e-01
-7.075450506965504927e-01 6.687478215420757932e-01 -2.283776820137094488e-01
-7.226406346181643015e-01 6.549441181807394985e-01 -2.209948599545367987e-01
-7.365070716603023815e-01 6.386676559684787424e-01 -2.228474175123953127e-01
-7.501338482624978488e-01 6.219457760058467732e-01 -2.246834980382007851e-01
-7.635043385494688639e-01 6.047804058973260677e-01 -2.264990034554875409e-01
-7.766015871946021498e-01 5.871743896905677884e-01 -2.282897802898284367e-01
-7.894083620331142637e-01 5.691315296651336952e-01 -2.300516308161500989e-01
-8.019072111207785625e-01 5.506566249492232945e-01 -2.317803251441491741e-01
-8.140805240888778771e-01 5.317555064642037754e-01 -2.334716142110343229e-01
-8.259105975899133645e-01 5.124350676962418083e-01 -2.351212436387884186e-01
-8.373797045704426401e-01 4.927032908006395151e-01 -2.367249684006880184e-01
-8.484701670480419011e-01 4.725692675581381619e-01 -2.382785682291040374e-01
-8.591644320097124865e-01 4.520432147238958587e-01 -2.397778636838353017e-01
-8.694451499901043601e-01 4.311364833393762086e-01 -2.412187327876133269e-01
-8.792952558307994826e-01 4.098615616151592977e-01 -2.425971281231947274e-01
-8.886980510677543466e-01 3.882320710386995000e-01 -2.439090942748741164e-01
-8.976372873440319200e-01 3.662627554151229869e-01 -2.451507854865606351e-01
-9.060972502003624696e-01 3.439694626109032205e-01 -2.463184833990193778e-01
-9.140628425580419325e-01 3.213691188391002984e-01 -2.474086147207376629e-01
-9.215196671783227877e-01 2.984796954000289992e-01 -2.484177686803727136e-01
-9.284541073608107986e-01 2.753201678717540068e-01 -2.493427141040922834e-01
-9.348534051313565074e-01 2.519104678295553401e-01 -2.501804159585253595e-01
-9.426218713565145402e-01 2.327238334906270856e-01 -2.393817828445933271e-01
-9.496458438512103140e-01 2.144238473787604404e-01 -2.284626829942157933e-01
-9.559785356885499574e-01 1.970496983735829377e-01 -2.174315245858568779e-01
-9.616714976239472135e-01 1.806368306197663198e-01 -2.062965776155787079e-01
-9.667743111163112912e-01 1.652171664610396773e-01 -1.950659652418067491e-01
-9.713343081218612785e-01 1.508193312229843264e-01 -1.837476596111270455e-01
-9.753963168915540383e-01 1.374688762004247500e-01 -1.723494821810579447e-01
-9.790024328356737859e-01 1.251884964400216405e-01 -1.608791084771525881e-01
-9.821918134035609871e-01 1.139982401595615313e-01 -1.493440771497928365e-01
-9.850004958619388296e-01 1.039157069076035722e-01 -1.377518031306241564e-01
-9.874612368400322859e-01 9.495623183658832844e-02 -1.261095946295303638e-01
-9.896033725410091630e-01 8.713305373615305716e-02 -1.144246736599674602e-01
-9.914526985938068027e-01 8.045746474909996893e-02 -1.027041997328702189e-01
-9.930313686330842771e-01 7.493893996905781618e-02 -9.095529631666640635e-02
-9.943578108432495899e-01 7.058524539610383508e-02 -7.918507962263054978e-02
-9.954466618801379729e-01 6.740252300505422678e-02 -6.740068924038132570e-02
-9.963087177853863219e-01 6.539535196209095291e-02 -5.560932011736265806e-02
-9.969509017278653795e-01 6.456678531075979444e-02 -4.381825534836757824e-02
-9.973762486372731439e-01 6.491836174044440799e-02 -3.203489921644569333e-02
-9.975839070303368361e-01 6.645009235170624973e-02 -2.026680990494607315e-02
-9.977129774851773991e-01 6.439944600228236782e-02 -2.053133791120927143e-02
-9.978395800115844594e-01 6.232252992364874927e-02 -2.078664839120382760e-02
-9.979635046825898748e-01 6.022027485301319899e-02 -2.103263522054248796e-02
-9.980845466119705467e-01 5.809362292305355474e-02 -2.126919643539887037e-02
-9.982025063078152627e-01 5.594352723943029487e-02 -2.149623428980279582e-02
-9.983171900162849388e-01 5.377095144880281175e-02 -2.171365531098516308e-02
-9.984284100549352114e-01 5.157686929757796662e-02 -2.192137035268294440e-02
-9.985359851349895344e-01 4.936226418164377239e-02 -2.211929464631640085e-02
-9.986397406719687009e-01 4.712812868736482308e-02 -2.230734784995251976e-02
-9.987395090841033607e-01 4.487546412413939700e-02 -2.248545409497075889e-02
-9.988351300779797493e-01 4.260528004884115566e-02 -2.265354203034971800e-02
-9.989264509208888310e-01 4.031859378249039172e-02 -2.281154486449601948e-02
-9.990133266993765915e-01 3.801642991952138700e-02 -2.295940040453978148e-02
-9.990956205635174170e-01 3.569981983003320258e-02 -2.309705109302429352e-02
-9.991732039564588108e-01 3.336980115543088099e-02 -2.322444404192113010e-02
-9.992459568288150074e-01 3.102741729788306355e-02 -2.334153106390569193e-02
-9.993137678375152433e-01 2.867371690403983098e-02 -2.344826870083223380e-02
-9.993765345287427548e-01 2.630975334347123926e-02 -2.354461824935173697e-02
-9.994341635046308792e-01 2.393658418230262472e-02 -2.363054578362041788e-02
-9.994865705734151673e-01 2.155527065253703620e-02 -2.370602217505137985e-02
-9.995336808827727237e-01 1.916687711756819359e-02 -2.377102310906675092e-02
-9.995754290361125172e-01 1.677247053439898106e-02 -2.382552909881267139e-02
-9.996117591916156009e-01 1.437311991309077330e-02 -2.386952549580464294e-02
-9.996426251438571553e-01 1.196989577397772515e-02 -2.390300249747605993e-02
-9.996679903878773477e-01 9.563869603187447055e-03 -2.392595515160806513e-02
-9.996878281656034204e-01 7.156113307015382272e-03 -2.393838335762444799e-02
-9.997021214945610579e-01 4.747698665704478370e-03 -2.394029186474070162e-02
-9.997108631788473865e-01 2.339696787184509900e-03 -2.393169026696207943e-02
-9.997140558023741574e-01 -6.682243867336739793e-05 -2.391259299493095347e-02
-9.997117117044255208e-01 -2.470790884731617881e-03 -2.388301930462952485e-02
-9.997038529376098825e-01 -4.871142729637558885e-03 -2.384299326294939819e-02
-9.996905112083190881e-01 -7.266814998700965589e-03 -2.379254373014518323e-02
-9.996717277998458107e-01 -9.656748102053160782e-03 -2.373170433919470981e-02
-9.996475534783413330e-01 -1.203988636954919644e-02 -2.366051347209392058e-02
-9.996180483818319917e-01 -1.441517858188269205e-02 -2.357901423311978620e-02
-9.995832818925449725e-01 -1.678157849739230281e-02 -2.348725441909979214e-02
-9.995433324928257868e-01 -1.913804537404961703e-02 -2.338528648673165317e-02
-9.994982876049638421e-01 -2.148354448613041742e-02 -2.327316751700178599e-02
-9.994482434152708317e-01 -2.381704763508474265e-02 -2.315095917675583786e-02
-9.993933046827895295e-01 -2.613753365413587493e-02 -2.301872767747914841e-02
-9.993335845330366674e-01 -2.844398890615429040e-02 -2.287654373134933444e-02
-9.992692042372137706e-01 -3.073540777436960247e-02 -2.272448250462738920e-02
-9.992002929773459163e-01 -3.301079314550162819e-02 -2.256262356845757308e-02
-9.991269875978342485e-01 -3.526915688491069623e-02 -2.239105084715002983e-02
-9.990494323439315094e-01 -3.750952030338725735e-02 -2.220985256402354877e-02
-9.989677785876747151e-01 -3.973091461522158113e-02 -2.201912118488895745e-02
-9.988821845418298651e-01 -4.193238138721580577e-02 -2.181895335925662302e-02
-9.987928149624233365e-01 -4.411297297832268705e-02 -2.160944985935404558e-02
-9.986998408404553773e-01 -4.627175296961800327e-02 -2.139071551704193122e-02
-9.986034390834074292e-01 -4.840779658433682492e-02 -2.116285915871910644e-02
-9.985037921871703359e-01 -5.052019109772714484e-02 -2.092599353830840864e-02
-9.984010878990379201e-01 -5.260803623649829008e-02 -2.068023526841707496e-02
-9.982955188724201845e-01 -5.467044456766545490e-02 -2.042570474976635950e-02
-9.981872823139436024e-01 -5.670654187661564732e-02 -2.016252609898587164e-02
-9.980765796236167331e-01 -5.871546753424455867e-02 -1.989082707486871868e-02
-9.979636160287465030e-01 -6.069637485303768648e-02 -1.961073900318375737e-02
-9.978486002122974874e-01 -6.264843143199300135e-02 -1.932239670014120753e-02
-9.977317439363939666e-01 -6.457081949030581136e-02 -1.902593839460754027e-02
-9.976132616616660842e-01 -6.646273618975988284e-02 -1.872150564916495383e-02
-9.974933701631455429e-01 -6.832339394579151071e-02 -1.840924328010980215e-02
-9.978411305911037976e-01 -6.539148627530157187e-02 -6.086183397624962688e-03
-9.981048401078924659e-01 -6.122170069151687544e-02 6.216240401570630528e-03
-9.982698700643174439e-01 -5.581537667540925618e-02 1.849109339303470906e-02
-9.983172951283835195e-01 -4.917509402420353060e-02 3.073107321445175955e-02
-9.982239562814316791e-01 -4.130484499731363474e-02 4.292847088532080607e-02
-9.979625450080173987e-01 -3.221023389815439592e-02 5.507513600730710307e-02
-9.975017112366383332e-01 -2.189870199099257925e-02 6.716244692438702590e-02
-9.968061977357683956e-01 -1.037977515357148099e-02 7.918128662271904650e-02
-9.958370037396303553e-01 2.334668869208604211e-03 9.112202513884501420e-02
-9.945515805581764957e-01 1.623011731129367363e-02 1.029745092186972466e-01
-9.929040618037857646e-01 3.128912761881837840e-02 1.147280599263142131e-01
-9.908455306322746514e-01 4.749102595315610187e-02 1.263714788376743559e-01
-9.883243260388439033e-01 6.481160443197521437e-02 1.378930633694960828e-01
-9.852863897640715685e-01 8.322282313378744079e-02 1.492806316835822711e-01
-9.816756547480520734e-01 1.026925233968978279e-01 1.605215574733731831e-01
-9.774344753236796635e-01 1.231841593717926675e-01 1.716028147807636961e-01
-9.725040984694907076e-01 1.446565551096009594e-01 1.825110328089648015e-01
-9.668251744608958864e-01 1.670636946604824868e-01 1.932325604934944097e-01
-9.603383041849263835e-01 1.903545526874805827e-01 2.037535403718547800e-01
-9.529846192432390728e-01 2.144729729486269942e-01 2.140599910580657794e-01
-9.484128503253014264e-01 2.348980052082170478e-01 2.129225513194859531e-01
-9.434509733126609232e-01 2.551086876881057952e-01 2.117069643524200906e-01
-9.381100422446005949e-01 2.750906825565807012e-01 2.104155063287427851e-01
-9.324016965569454918e-01 2.948303771863861056e-01 2.090505804762838593e-01
-9.263381075987200397e-01 3.143149131346937852e-01 2.076147056471503161e-01
-9.199319239272217841e-01 3.335322104218628181e-01 2.061105046268117691e-01
-9.131962158158304366e-01 3.524709870995855199e-01 2.045406922764538282e-01
-9.061444193985478401e-01 3.711207741440016306e-01 2.029080635989049253e-01
-8.987902808602975524e-01 3.894719257517918476e-01 2.012154818152547542e-01
-8.911478010628822721e-01 4.075156251566317556e-01 1.994658665352081195e-01
-8.832311809737244390e-01 4.252438861192913699e-01 1.976621820993668677e-01
-8.750547682386496939e-01 4.426495502767720525e-01 1.958074261661239823e-01
-8.666330052115905902e-01 4.597262805639527050e-01 1.939046186098085101e-01
-8.579803787237685331e-01 4.764685509451221934e-01 1.919567907902612058e-01
-8.491113718432159452e-01 4.928716327124416097e-01 1.899669752472707418e-01
-8.400404178429901059e-01 5.089315776238281241e-01 1.879381958663744190e-01
-8.307818565636169161e-01 5.246451981640670725e-01 1.858734585555385233e-01
-8.213498933226761611e-01 5.400100452202968304e-01 1.837757424652838589e-01
-8.117585604924384413e-01 5.550243834665735676e-01 1.816479917780054743e-01
-8.020216818354801713e-01 5.696871647522726567e-01 1.794931080856354833e-01
-7.877462417048282095e-01 5.871057942324248158e-01 1.864474870353496627e-01
-7.726681546602942596e-01 6.047072004598860184e-01 1.931661086450932596e-01
-7.567820395066431338e-01 6.224336677049953082e-01 1.996429204654995571e-01
-7.400853771816537918e-01 6.402267050438160689e-01 2.058723463072075488e-01
-7.225786677142160830e-01 6.580273262089217923e-01 2.118493093765618507e-01
-7.042655594785708351e-01 6.757763432604433351e-01 2.175692514191741589e-01
-6.851529489081451540e-01 6.934146711054910428e-01 2.230281475343527386e-01
-6.652510492525175456e-01 7.108836396264158752e-01 2.282225164044562327e-01
-6.445734274165368927e-01 7.281253099769406933e-01 2.331494257713704332e-01
-6.231370084002602061e-01 7.450827914758088033e-01 2.378064930851094827e-01
-6.009620473499882598e-01 7.617005554738073281e-01 2.421918813443856566e-01
-5.780720697216371606e-01 7.779247425929263215e-01 2.463042902431697156e-01
-5.544937805354266391e-01 7.937034598346400793e-01 2.501429428280926293e-01
-5.302569441533638850e-01 8.089870642240597487e-01 2.537075679564638753e-01
-5.053942364272615562e-01 8.237284298920093395e-01 2.569983789213716729e-01
-4.799410714354586105e-01 8.378831957900078065e-01 2.600160486767761903e-01
-4.539354053431959857e-01 8.514099915742022739e-01 2.627616821500767252e-01
-4.274175201788875111e-01 8.642706395728818602e-01 2.652367861711450447e-01
-4.004297905126154022e-01 8.764303311570122990e-01 2.674432375745444124e-01
-3.730164361525130090e-01 8.878577762527612993e-01 2.693832500453573475e-01
-3.452232640398176788e-01 8.985253251579781164e-01 2.710593402789444051e-01
-3.170974025267534468e-01 9.084090622404314974e-01 2.724742940116969825e-01
-2.886870311672111722e-01 9.174888714946873858e-01 2.736311324544656864e-01
-2.600411090440168937e-01 9.257484743084917200e-01 2.745330796241822746e-01
-2.312091045050786997e-01 9.331754401315611736e-01 2.751835310238510135e-01
-2.022407289912797890e-01 9.397611710445100686e-01 2.755860240683216666e-01
-1.731856774194269755e-01 9.455008614896290853e-01 2.757442105949421407e-01
-1.440933773417254482e-01 9.503934346463266403e-01 2.756618317362005688e-01
-1.150127488467588693e-01 9.544414571116852652e-01 2.753426953676522126e-01
-8.599197690295687369e-02 9.576510336815363678e-01 2.747906562805195185e-01
-5.707829758051044533e-02 9.600316841216093300e-01 2.740095991659504127e-01
-2.831779932730431326e-02 9.615962038744816365e-01 2.730034244384220155e-01
2.447597765713425966e-04 9.623605106697461498e-01 2.717760368703798224e-01
2.856611809898803797e-02 9.623434789959908198e-01 2.703313369598767668e-01
5.660465940565374832e-02 9.615667643580816382e-01 2.686732149084601340e-01
8.432054441847869342e-02 9.600546191861439871e-01 2.668055470483608471e-01
1.116758249058096147e-01 9.578337021877427748e-01 2.647321945264660692e-01
1.386345403929217790e-01 9.549328828460379448e-01 2.624570040277029448e-01
1.651627977267787484e-01 9.513830426677705177e-01 2.599838103022482638e-01
1.912288338559827994e-01 9.472168746790462501e-01 2.573164402491740499e-01
2.168030622961031328e-01 9.424686825568284743e-01 2.544587183033775735e-01
2.418581038435032027e-01 9.371741806721585188e-01 2.514144728724603262e-01
2.663688021788709337e-01 9.313702962092856863e-01 2.481875435750635350e-01
2.903122250664291193e-01 9.250949744145769982e-01 2.447817890414336339e-01
3.136676519078022141e-01 9.183869879213774068e-01 2.412010950500397266e-01
3.364165484522050886e-01 9.112857509926657329e-01 2.374493827902355303e-01
3.585425294983470845e-01 9.038311394228749629e-01 2.335306170595976838e-01
3.800313104494150718e-01 8.960633167438842861e-01 2.294488142250355189e-01
4.008706486017543091e-01 8.880225672880415200e-01 2.252080497984436103e-01
4.210502750612797329e-01 8.797491365731171520e-01 2.208124654999783776e-01
4.405618181899364494e-01 8.712830793902472948e-01 2.162662757044563622e-01
4.593987194882478420e-01 8.626641158960797195e-01 2.115737731884139439e-01
4.775561428195739255e-01 8.539314959343886624e-01 2.067393341166151866e-01
4.950308778774716312e-01 8.451238717402874689e-01 2.017674222268829309e-01
5.118212387897328464e-01 8.362791791118193707e-01 1.966625921907537156e-01
5.279269587414441300e-01 8.274345270691506604e-01 1.914294921443785158e-01
5.433490814848879191e-01 8.186260959609166221e-01 1.860728653991224057e-01
5.580898505863917114e-01 8.098890439206016811e-01 1.805975513543301991e-01
5.721525972394234660e-01 8.012574215233494446e-01 1.750084856456490534e-01
5.855416274494342765e-01 7.927640944455137673e-01 1.693106995711079199e-01
5.982621093692811476e-01 7.844406738858126227e-01 1.635093188438709044e-01
6.103199615346706075e-01 7.763174544683847378e-01 1.576095617252704639e-01
6.217217427171117805e-01 7.684233593146190255e-01 1.516167365944874335e-01
6.324745440775598748e-01 7.607858919425508626e-01 1.455362390122095229e-01
6.425858842674755378e-01 7.534310946300981637e-01 1.393735483349261006e-01
6.520636080856649919e-01 7.463835128615851078e-01 1.331342239343832889e-01
6.609157892592417705e-01 7.396661654659766327e-01 1.268239010733257233e-01
6.691506378756150175e-01 7.333005200500434251e-01 1.204482864841946027e-01
6.767764129498035075e-01 7.273064733302710971e-01 1.140131536921498295e-01
6.838013405678372569e-01 7.217023359735931232e-01 1.075243381178519197e-01
6.902335380027453393e-01 7.165048215687916944e-01 1.009877319890907510e-01
6.960809441548365673e-01 7.117290393673969540e-01 9.440927908379201372e-02
7.013512566228168321e-01 7.073884904547964592e-01 8.779496932036839896e-02
7.060518756668782148e-01 7.034950670386195259e-01 8.115083320500061925e-02
7.101898552793460828e-01 7.000590545718142765e-01 7.448293613940867863e-02
7.137718615328403349e-01 6.970891364616389474e-01 6.779737258716631021e-02
7.168041383302345970e-01 6.945924011524438058e-01 6.110026009176349610e-02
7.192924806350051714e-01 6.925743514089746089e-01 5.439773313555656964e-02
7.212422152148353360e-01 6.910389156672882560e-01 4.769593682556501346e-02
7.226581888855861946e-01 6.899884613615098194e-01 4.100102038986081637e-02
7.235447641969368071e-01 6.894238101758239923e-01 3.431913046710860504e-02
7.239058224551447873e-01 6.893442552115184307e-01 2.765640417168938395e-02
7.237447739324999185e-01 6.897475800978075666e-01 2.101896191779104722e-02
7.230645750671808036e-01 6.906300801118057109e-01 1.441289998786455043e-02
7.218677524114760491e-01 6.919865854066370447e-01 7.844282833892875922e-03
7.201564330408195547e-01 6.938104864765569646e-01 1.319135103944549942e-03
7.179323810910143155e-01 6.960937620134480808e-01 -5.156566608593650750e-03
7.151970400466159949e-01 6.988270093295249064e-01 -1.157690228998820015e-02
7.119515803600405812e-01 7.019994775360026695e-01 -1.793601729581627974e-02
7.081969519389094136e-01 7.055991036763880064e-01 -2.422813138884678114e-02
7.039339409988970564e-01 7.096125520155809330e-01 -3.044754800134932132e-02
6.991632307413814251e-01 7.140252566818731106e-01 -3.658866369048044409e-02
6.938854652800627854e-01 7.188214678480590036e-01 -4.264597774779620848e-02
6.881013162089862911e-01 7.239843016202287540e-01 -4.861410191648035672e-02
6.818115511766802417e-01 7.294957937785127022e-01 -5.448777016274516938e-02
6.750171038080169383e-01 7.353369574833610312e-01 -6.026184844124521378e-02
6.677191442975187741e-01 7.414878450242669006e-01 -6.593134438842483680e-02
6.599191499857449683e-01 7.479276136457260193e-01 -7.149141687267107637e-02
6.516189752246283051e-01 7.546345954383391064e-01 -7.693738532612341696e-02
6.428209198386468648e-01 7.615863712321042645e-01 -8.226473878014058105e-02
6.335277954968859815e-01 7.687598483750229805e-01 -8.746914452485944624e-02
6.237429893266291936e-01 7.761313422241584714e-01 -9.254645631309391107e-02
6.134705241222661032e-01 7.836766611193096699e-01 -9.749272203007172677e-02
6.027151145340163829e-01 7.913711945526284985e-01 -1.023041907532248468e-01
5.914822186591141007e-01 7.991900041919608455e-01 -1.069773191304274479e-01
5.797780845033791985e-01 8.071079173625755887e-01 -1.115087770106741455e-01
5.676097908330892672e-01 8.150996225423891017e-01 -1.158954522681345939e-01
5.549852819951590632e-01 8.231397663808391885e-01 -1.201344547686984954e-01
5.419133963471168824e-01 8.312030517121958839e-01 -1.242231194373968756e-01
5.284038880063764987e-01 8.392643360011654563e-01 -1.281590083952808823e-01
5.144674416998800126e-01 8.472987296328853279e-01 -1.319399121452649037e-01
5.001156805692820173e-01 8.552816934413782768e-01 -1.355638497978818025e-01
4.853611668623438735e-01 8.631891348606542946e-01 -1.390290683396291083e-01
4.702173955169643982e-01 8.709975020811269175e-01 -1.423340409583684074e-01
4.546987807191283371e-01 8.786838756009062168e-01 -1.454774644518413707e-01
4.388206355888787935e-01 8.862260565766933995e-01 -1.484582557565520267e-01
4.225991452181209751e-01 8.936026514021276901e-01 -1.512755476448142400e-01
4.060513333496347244e-01 9.007931519720475677e-01 -1.539286836474735021e-01
3.891950230471954986e-01 9.077780111285954634e-01 -1.564172122684982791e-01
3.720487917613827245e-01 9.145387128286814882e-01 -1.587408805651449872e-01
3.546319212438270863e-01 9.210578366211560342e-01 -1.608996271736023720e-01
3.369643428037996102e-01 9.273191160752010109e-01 -1.628935748648260851e-01
3.190665784348077905e-01 9.333074908579436224e-01 -1.647230227186181895e-01
3.009596783650309582e-01 9.390091522181105432e-01 -1.663884380058673895e-01
2.826651556039391777e-01 9.444115816926649254e-01 -1.678904478692493374e-01
2.642049180683856413e-01 9.495035829138136485e-01 -1.692298308916350413e-01
2.456011988750669839e-01 9.542753064536000362e-01 -1.704075086390374472e-01
2.268764853828502126e-01 9.587182677016308219e-01 -1.714245372612409335e-01
2.080534475585247012e-01 9.628253578275416391e-01 -1.722820992284233299e-01
1.891548662235850164e-01 9.665908479328828573e-01 -1.729814952762362690e-01
1.702035617182955651e-01 9.700103865466238595e-01 -1.735241366251090434e-01
1.512223234931831528e-01 9.730809906639454887e-01 -1.739115375321468593e-01
1.322338411079350962e-01 9.758010305690548725e-01 -1.741453082260759067e-01
1.132606370841438698e-01 9.781702087191536110e-01 -1.742271482674127847e-01
9.432500202212709683e-02 9.801895329982690530e-01 -1.741588403675731755e-01
7.544893235383541563e-02 9.818612846763672408e-01 -1.739422446921415066e-01
5.665407106428067829e-02 9.831889814310379450e-01 -1.735792936651518459e-01
3.796165167357001824e-02 9.841773358061941535e-01 -1.730719872831161243e-01
1.939244573106420691e-02 9.848322094948429584e-01 -1.724223889398031895e-01
9.667140328820482409e-04 9.851605638412943566e-01 -1.716326217555258771e-01
-1.729583826562295160e-02 9.851704069624700466e-01 -1.707048653980244857e-01
-3.537610250931095407e-02 9.848707378885580566e-01 -1.696413533760135206e-01
-5.325560327866867005e-02 9.842714881204724930e-01 -1.684443707811385804e-01
-7.091653094073416264e-02 9.833834609957684547e-01 -1.671162524495088120e-01
-8.834176998875746534e-02 9.822182692461710607e-01 -1.656593815101449485e-01
-1.055149231755183603e-01 9.807882711190594183e-01 -1.640761882846193398e-01
-1.224203314748383703e-01 9.791065054224278308e-01 -1.623691494998511231e-01
-1.390430899332955883e-01 9.771866258383501425e-01 -1.605407877744332856e-01
-1.553690594994482643e-01 9.750428348340960394e-01 -1.585936713379750562e-01
-1.713848749409963568e-01 9.726898174830727051e-01 -1.565304139426978158e-01
-1.870779489812799956e-01 9.701426754899411531e-01 -1.543536749268748787e-01
-2.024364728053712481e-01 9.674168616958247480e-01 -1.520661593905958675e-01
-2.174494131028115174e-01 9.645281153206883840e-01 -1.496706184457048394e-01
-2.321065058288458438e-01 9.614923981809186948e-01 -1.471698495035408116e-01
-2.463982468788734614e-01 9.583258321010367231e-01 -1.445666965662350534e-01
-2.603158798818438480e-01 9.550446377194811154e-01 -1.418640504897261123e-01
-2.738513813275509912e-01 9.516650748696370288e-01 -1.390648491892748084e-01
-2.869974432502865880e-01 9.482033846988749959e-01 -1.361720777610367639e-01
-2.997474536971776460e-01 9.446757336704030283e-01 -1.331887684961202967e-01
-3.120954752138203059e-01 9.410981595753178386e-01 -1.301180007664685112e-01
-3.239269309986269607e-01 9.369270309426004362e-01 -1.312977828141283776e-01
-3.358133438982032204e-01 9.325600062002936674e-01 -1.325188989720023636e-01
-3.477548642931123646e-01 9.279920682784456032e-01 -1.337807954889066453e-01
-3.597514013890972251e-01 9.232180517779402518e-01 -1.350828772205997785e-01
-3.718026113031561719e-01 9.182326493146827362e-01 -1.364245050864217879e-01
-3.839078849370106128e-01 9.130304185867692546e-01 -1.378049934680322108e-01
-3.960663356675309665e-01 9.076057902165000080e-01 -1.392236075576090970e-01
-4.082767868887857698e-01 9.019530764195946571e-01 -1.406795606638888141e-01
-4.205377594457955226e-01 8.960664805541117550e-01 -1.421720114855166417e-01
-4.328474590058072335e-01 8.899401076013180312e-01 -1.437000613623386769e-01
-4.452037634189413562e-01 8.835679756300361953e-01 -1.452627515164945649e-01
-4.576042101263830819e-01 8.769440282947689180e-01 -1.468590602964626179e-01
-4.700459836808716929e-01 8.700621484160948604e-01 -1.484879004385603329e-01
-4.825259034510507861e-01 8.629161726893920248e-01 -1.501481163618061110e-01
-4.950404115882384715e-01 8.554999075648112017e-01 -1.518384815134926069e-01
-5.075855613413121636e-01 8.478071463375301819e-01 -1.535576957843007018e-01
-5.201570058126170348e-01 8.398316874826063927e-01 -1.553043830132788961e-01
-5.327499872550305327e-01 8.315673542631583093e-01 -1.570770886045152470e-01
-5.453593270174712515e-01 8.230080156340788822e-01 -1.588742772788170887e-01
-5.579794162531305224e-01 8.141476084559776671e-01 -1.606943309851703861e-01
-5.706042075114360346e-01 8.049801610255061801e-01 -1.625355469981525913e-01
-5.832272073411020052e-01 7.954998179186183460e-01 -1.643961362287962857e-01
-5.958414700374673467e-01 7.857008661326192467e-01 -1.662742217776178866e-01
-6.084395926725217896e-01 7.755777625010564780e-01 -1.681678377596082796e-01
-6.210137115504350547e-01 7.651251623426039705e-01 -1.700749284318980314e-01
-6.335555002348662867e-01 7.543379492911024276e-01 -1.719933476555253749e-01
-6.460561692966898528e-01 7.432112662388902224e-01 -1.739208587232158598e-01
-6.585064679318477499e-01 7.317405473095438539e-01 -1.758551345852919223e-01
-6.708966875986602796e-01 7.199215507592346963e-01 -1.777937585057316194e-01
-6.832166678219214750e-01 7.077503926882068308e-01 -1.797342251799508572e-01
-6.954558043073002516e-01 6.952235814255318669e-01 -1.816739423450570157e-01
-7.076030595037997584e-01 6.823380524314659468e-01 -1.836102329120777588e-01
-7.196469757441393833e-01 6.690912035426209714e-01 -1.855403376479745348e-01
-7.315756910827815318e-01 6.554809303659966391e-01 -1.874614184330763988e-01
-7.433769579388055382e-01 6.415056616089609420e-01 -1.893705621168909892e-01
-7.550381646358452770e-01 6.271643941138028699e-01 -1.912647849920453280e-01
-7.665463599137911643e-01 6.124567273478269680e-01 -1.931410379023678348e-01
-7.778882804668891815e-01 5.973828970834609287e-01 -1.949962119968378649e-01
-7.890503815402625243e-01 5.819438079878551662e-01 -1.968271451363044211e-01
-8.000188705918044318e-01 5.661410648283539127e-01 -1.986306289545254067e-01
-8.107797439989570254e-01 5.499770019893872597e-01 -2.004034165692268610e-01
-8.213188267602695714e-01 5.334547109881652149e-01 -2.021422309325650313e-01
-8.316218151100592815e-01 5.165780656714242802e-01 -2.038437738036417701e-01
-8.416743219312546875e-01 4.993517447737509385e-01 -2.055047353186369996e-01
-8.514619248169540411e-01 4.817812515200266543e-01 -2.071218041267563759e-01
-8.609702165957714426e-01 4.638729299606014767e-01 -2.086916780526344439e-01
-8.701848581001567773e-01 4.456339777381741474e-01 -2.102110752381836367e-01
-8.790916329210654023e-01 4.270724550002285014e-01 -2.116767457092474103e-01
-8.876765038571983180e-01 4.081972891903828393e-01 -2.130854833049233288e-01
-8.959256707331275660e-01 3.890182754762072093e-01 -2.144341379001953596e-01
-9.038256292285946625e-01 3.695460725999184515e-01 -2.157196278456897098e-01
-9.113632303317700245e-01 3.497921939717537620e-01 -2.169389525420811204e-01
-9.185257400029236408e-01 3.297689938635251505e-01 -2.180892050610639121e-01
-9.253008986124208191e-01 3.094896486015495385e-01 -2.191675847199987537e-01
-9.316769796988095820e-01 2.889681327034060998e-01 -2.201714095134786331e-01
-9.376428475795695050e-01 2.682191899512716970e-01 -2.210981283022441235e-01
-9.431880133393261145e-01 2.472582994453122740e-01 -2.219453326582221941e-01
-9.483026887184125009e-01 2.261016367330588861e-01 -2.227107682640518671e-01
-9.529778374288947473e-01 2.047660301641026082e-01 -2.233923457663602452e-01
-9.572052234357755207e-01 1.832689126729654117e-01 -2.239881509843094365e-01
-9.628571077027143765e-01 1.662221156524404109e-01 -2.127825743715376916e-01
-9.679122926623834333e-01 1.501732007966515015e-01 -2.014791023327408004e-01
-9.724204530624133147e-01 1.351514299119256635e-01 -1.900857131507569797e-01
-9.764287580102570807e-01 1.211829080980297568e-01 -1.786102122220808441e-01
-9.799816328975319291e-01 1.082908171809330716e-01 -1.670602359241186996e-01
-9.831205461307492843e-01 9.649564117480147196e-02 -1.554432600651762808e-01
-9.858838194097647722e-01 8.581538071708730286e-02 -1.437666127277053563e-01
-9.883064602676681076e-01 7.626575369753210709e-02 -1.320374912543152424e-01
-9.904200156083120543e-01 6.786037958163777806e-02 -1.202629830714348619e-01
-9.922524450468906965e-01 6.061094520917179040e-02 -1.084500899967038440e-01
-9.938280129709170518e-01 5.452735012709598178e-02 -9.660575563252453424e-02
-9.951671983890545414e-01 4.961782979351436751e-02 -8.473689540904709439e-02
-9.962866218184858180e-01 4.588905526535176638e-02 -7.285042880455613878e-02
-9.971989886723702234e-01 4.334620825887985224e-02 -6.095331323922840300e-02
-9.979130488415588474e-01 4.199303075099480864e-02 -4.905257910911640928e-02
-9.984335724128107215e-01 4.183184857296303599e-02 -3.715536540072381794e-02
-9.987613417225739143e-01 4.286356874018371066e-02 -2.526895530260977324e-02
-9.988931602038436663e-01 4.508765056450259046e-02 -1.340081120924473991e-02
-9.988218787361119455e-01 4.850205091277925984e-02 -1.558608494223630292e-03
-9.985364404469936339e-01 5.310314430942772446e-02 1.024973258445272505e-02
-9.984844051769565798e-01 5.411839833262724331e-02 1.000577003881312349e-02
-9.984326853545252289e-01 5.510883839472563439e-02 9.757694392902516861e-03
-9.983813733948770919e-01 5.607406098506337311e-02 9.505619165908578416e-03
-9.983305607888298683e-01 5.701367421604722902e-02 9.249659451707302124e-03
-9.982803379450765346e-01 5.792729796442744328e-02 8.989931864972161221e-03
-9.982307940347386888e-01 5.881456400678870822e-02 8.726554486918359013e-03
-9.981820168385006076e-01 5.967511614927712565e-02 8.459646810711752424e-03
-9.981340925965822564e-01 6.050861035158917878e-02 8.189329686571083372e-03
-9.980871058618013825e-01 6.131471484525223559e-02 7.915725266591283962e-03
-9.980411393559697197e-01 6.209311024622923836e-02 7.638956949314655229e-03
-9.979962738298612246e-01 6.284348966188312013e-02 7.359149324075795438e-03
-9.979525879269830480e-01 6.356555879233900808e-02 7.076428115145171234e-03
-9.979101580513717318e-01 6.425903602628442457e-02 6.790920125695276005e-03
-9.978690582396307907e-01 6.492365253124955660e-02 6.502753181612340623e-03
-9.978293600374162908e-01 6.555915233841128065e-02 6.212056075175598040e-03
-9.977911323805692678e-01 6.616529242196568517e-02 5.918958508625146546e-03
-9.977544414810846085e-01 6.674184277311502600e-02 5.623591037638497186e-03
-9.977193507180984744e-01 6.728858646871521687e-02 5.326085014734967087e-03
-9.976859205340645742e-01 6.780531973463076179e-02 5.026572532626160175e-03
-9.976542083362832658e-01 6.829185200384359222e-02 4.725186367529879937e-03
-9.971595303521560982e-01 7.350644129644104408e-02 1.642249081075581804e-02
-9.964085559775757162e-01 7.988743977359000215e-02 2.807153209291478324e-02
-9.953810859455187732e-01 8.742609602658447943e-02 3.966353712437678536e-02
-9.940534377473930761e-01 9.611155813091883104e-02 5.118941660680104838e-02
-9.923985955010438120e-01 1.059307067729409885e-01 6.263975181812569959e-02
-9.903863861511029709e-01 1.168679752567917535e-01 7.400478668756652056e-02
-9.879836833715394118e-01 1.289051597072377320e-01 8.527442568794722788e-02
-9.851546403784037231e-01 1.420212231978203732e-01 9.643823801685857955e-02
-9.818609526177234370e-01 1.561920979306652413e-01 1.074854684678960837e-01
-9.780621509660104573e-01 1.713904899618996780e-01 1.184050553078372509e-01
-9.737159256679817076e-01 1.875856912908155927e-01 1.291856553748063630e-01
-9.687784807397651354e-01 2.047434043962823302e-01 1.398156764964971488e-01
-9.632049179912122172e-01 2.228255844942440278e-01 1.502833171972824400e-01
-9.569496491766742441e-01 2.417903048890491235e-01 1.605766135201545097e-01
-9.499668340822369217e-01 2.615916507830797211e-01 1.706834926363069715e-01
-9.422108416153130994e-01 2.821796467793884489e-01 1.805918327549802249e-01
-9.336367301997434698e-01 3.035002230489579067e-01 1.902895286829128507e-01
-9.242007430196093054e-01 3.254952247293282919e-01 1.997645622210407756e-01
-9.138608129240001210e-01 3.481024685705902399e-01 2.090050764312181841e-01
-9.025770711311149608e-01 3.712558501491894369e-01 2.179994526633571017e-01
-8.903123532822220243e-01 3.948855041365345597e-01 2.267363891093404638e-01
-8.770326959226070196e-01 4.189180191511829299e-01 2.352049795501128526e-01
-8.627078161542861556e-01 4.432767076598638223e-01 2.433947908918719649e-01
-8.473115670371544894e-01 4.678819302493252286e-01 2.512959380509561802e-01
-8.308223613297857080e-01 4.926514723989190436e-01 2.588991547485341438e-01
-8.132235563705780823e-01 5.175009706783192387e-01 2.661958588179636487e-01
-7.945037933094206695e-01 5.423443841141581956e-01 2.731782107106022206e-01
-7.746572845066603819e-01 5.670945053533561486e-01 2.798391640091631438e-01
-7.536840437087171107e-01 5.916635052386427507e-01 2.861725069189244852e-01
-7.315900545689092427e-01 6.159635035398685066e-01 2.921728939020079019e-01
-7.083873741810525759e-01 6.399071578853627873e-01 2.978358668427660838e-01
-6.840941694988758037e-01 6.634082624368587977e-01 3.031578653759115505e-01
-6.587346857879858852e-01 6.863823475677798269e-01 3.081362262652108663e-01
-6.323391475576036758e-01 7.087472717477676376e-01 3.127691719805313353e-01
-6.049435937040569256e-01 7.304237970068484520e-01 3.170557888757124521e-01
-5.765896498255200786e-01 7.513361397420448284e-01 3.209959956103205503e-01
-5.473242417991809328e-01 7.714124892203734207e-01 3.245905026766656154e-01
-5.171992557141817937e-01 7.905854869002436613e-01 3.278407640823919889e-01
-4.862711500988876612e-01 8.087926606073190250e-01 3.307489223927473354e-01
-4.546005270492533001e-01 8.259768086255219188e-01 3.333177484511299915e-01
-4.222516693442180946e-01 8.420863298610971048e-01 3.355505771692992023e-01
-3.892920509202135171e-01 8.570754973689770351e-01 3.374512408090497573e-01
-3.557918281738268185e-01 8.709046736588437199e-01 3.390240011662585262e-01
-3.218233194802525565e-01 8.835404672889378697e-01 3.402734820186007481e-01
-2.874604800721425879e-01 8.949558312787748715e-01 3.412046031138305513e-01
-2.527783790402173825e-01 9.051301048027601270e-01 3.418225168612907261e-01
-2.178526847180979331e-01 9.140490004464191243e-01 3.421325487509653263e-01
-1.827591641255602861e-01 9.217045400029135749e-01 3.421401423680520693e-01
-1.475732014934380554e-01 9.280949423530607811e-01 3.418508097029612225e-01
-1.123693402054306012e-01 9.332244674061958012e-01 3.412700872829532162e-01
-7.722085179089988038e-02 9.371032203858249421e-01 3.404034984780237583e-01
-4.219933490938759107e-02 9.397469209311357652e-01 3.392565221652844021e-01
-7.374346599793239754e-03 9.411766415642297545e-01 3.378345677773992861e-01
2.718693256093383803e-02 9.414185200568178091e-01 3.361429566152777104e-01
6.141999832264290193e-02 9.405034501337072861e-01 3.341869091759922528e-01
9.526328710420746415e-02 9.384667547887860506e-01 3.319715381357875028e-01
1.286584047269273834e-01 9.353478462771214197e-01 3.295018465362568039e-01
1.615503198511978877e-01 9.311898765980802795e-01 3.267827306497733120e-01
1.938875227666719547e-01 9.260393820115193630e-01 3.238189869478971250e-01
2.256221504674949530e-01 9.199459248429123770e-01 3.206153225630341552e-01
2.567100791734714949e-01 9.129617355427753767e-01 3.171763686179335240e-01
2.871109856408043948e-01 9.051413576780611425e-01 3.135066957981705871e-01
3.167883787483142255e-01 8.965412982536652420e-01 3.096108315578145476e-01
3.457096029528405334e-01 8.872196854945108013e-01 3.054932783760851422e-01
3.738458152866237505e-01 8.772359359650905297e-01 3.011585325209459318e-01
4.011719376251668412e-01 8.666504326648667433e-01 2.966111028222104262e-01
4.276665859910366296e-01 8.555242155146123295e-01 2.918555290098364119e-01
4.533119786812160323e-01 8.439186854399681748e-01 2.868963992307151933e-01
4.780938250161356207e-01 8.318953230630543594e-01 2.817383664175995284e-01
5.020011965098283291e-01 8.195154228295277177e-01 2.763861632451756756e-01
5.250263822545200298e-01 8.068398432255544650e-01 2.708446154691533381e-01
5.471647303005506835e-01 7.939287735753940423e-01 2.651186535032785674e-01
5.684144767944833143e-01 7.808415177544621999e-01 2.592133221452186387e-01
5.887765646148918064e-01 7.676362950039476996e-01 2.531337884143520789e-01
6.082544532166487272e-01 7.543700578906789023e-01 2.468853475118522045e-01
6.268539213604285010e-01 7.410983273196934951e-01 2.404734269554786308e-01
6.445828643644060385e-01 7.278750443768935430e-01 2.339035889777766886e-01
6.614510874695938014e-01 7.147524386555835774e-01 2.271815313066763153e-01
6.774700968588376337e-01 7.017809126041634205e-01 2.203130864716840998e-01
6.926528898122247258e-01 6.890089413235140903e-01 2.133042197970180243e-01
7.070137454187555015e-01 6.764829871425613872e-01 2.061610262553086603e-01
7.205680171959786273e-01 6.642474282100538918e-01 1.988897263621607348e-01
7.333319288964244009e-01 6.523445002606974574e-01 1.914966612932962609e-01
7.453223747028110413e-01 6.408142506453411436e-01 1.839882874026264881e-01
7.565567249339596456e-01 6.296945036587067168e-01 1.763711703119191787e-01
7.670526383010614069e-01 6.190208361548672489e-01 1.686519787312765473e-01
7.768278816703649836e-01 6.088265624108162299e-01 1.608374781549828103e-01
7.859001582044782275e-01 5.991427271823548395e-01 1.529345245599926517e-01
7.942869446712480519e-01 5.899981058943003509e-01 1.449500582149915173e-01
8.020053386274869078e-01 5.814192109186311352e-01 1.368910976871313689e-01
8.090719161054109598e-01 5.734303029193810186e-01 1.287647341117800215e-01
8.155026003531913315e-01 5.660534062814577272e-01 1.205781257684421098e-01
8.213125421079540134e-01 5.593083276914845303e-01 1.123384929839049695e-01
8.265160118102015119e-01 5.532126770014983430e-01 1.040531133620926363e-01
8.311263041030618748e-01 5.477818895799886345e-01 9.572931731949253786e-02
8.351556548979182093e-01 5.430292494383023305e-01 8.737448388573487712e-02
8.386151712295558669e-01 5.389659125127473915e-01 7.899603671129364069e-02
8.415147740685351430e-01 5.356009295825517880e-01 7.060144020864236869e-02
8.438631542054486623e-01 5.329412684098698838e-01 6.219819573980001071e-02
8.456677412703204055e-01 5.309918347988528131e-01 5.379383775226551090e-02
8.469346858998022531e-01 5.297554923849459030e-01 4.539592975705050715e-02
8.476688550141253664e-01 5.292330810814893649e-01 3.701206003702488950e-02
8.478738401140251124e-01 5.294234342267721827e-01 2.864983697119972972e-02
8.475519784541638568e-01 5.303233945892532608e-01 2.031688386095680671e-02
8.467043868930506090e-01 5.319278295000030576e-01 1.202083314762321387e-02
8.453310081593427006e-01 5.342296454877766276e-01 3.769319917171786577e-03
8.434306692100709268e-01 5.372198028917202217e-01 -4.430025402854099667e-03
8.410011512873272199e-01 5.408873310177534366e-01 -1.256958523694260213e-02
8.380392712060638072e-01 5.452193444853710158e-01 -2.064176401366484698e-02
8.345409733269057995e-01 5.502010614802483879e-01 -2.863899832679616536e-02
8.305014315846008799e-01 5.558158246829463245e-01 -3.655376813661123658e-02
8.259151608555272972e-01 5.620451256836516141e-01 -4.437860902104063393e-02
8.207761368574910676e-01 5.688686337158804784e-01 -5.210612546342727885e-02
8.150779236831036112e-01 5.762642295472227838e-01 -5.972900513956054536e-02
8.088138079758869781e-01 5.842080453516054206e-01 -6.724003414196236261e-02
8.019769386677186862e-01 5.926745113545749399e-01 -7.463211305456590727e-02
7.945604711093621209e-01 6.016364099904880636e-01 -8.189827376650997415e-02
7.865577143448754249e-01 6.110649382383753769e-01 -8.903169689034240442e-02
7.779622802080240485e-01 6.209297787121881296e-01 -9.602572962806711632e-02
7.687682328568659074e-01 6.311991799721561325e-01 -1.028739039087621654e-01
7.589702373138376146e-01 6.418400463985884929e-01 -1.095699546045020289e-01
7.485637055452285527e-01 6.528180378295883601e-01 -1.161078376175617988e-01
7.375449385979715444e-01 6.640976790122553597e-01 -1.224817476218353490e-01
7.259112633149954474e-01 6.756424787558391598e-01 -1.286861352354631283e-01
7.136611621743851330e-01 6.874150585081861831e-01 -1.347157234001491177e-01
7.007943948432374670e-01 6.993772899071696303e-01 -1.405655227457578427e-01
6.873121101048259574e-01 7.114904406903023171e-01 -1.462308457266135453e-01
6.732169469073653323e-01 7.237153281821966377e-01 -1.517073193284409205e-01
6.585131233935848094e-01 7.360124794247429048e-01 -1.569908961619300714e-01
6.432065129011533822e-01 7.483422968724944280e-01 -1.620778637801839617e-01
6.273047060728580426e-01 7.606652284492002591e-01 -1.669648520824000837e-01
6.108170583798702147e-01 7.729419406537997306e-01 -1.716488386945164701e-01
5.937547225385332306e-01 7.851334933181046694e-01 -1.761271522485826357e-01
5.761306654875425481e-01 7.972015145559377958e-01 -1.803974735155817744e-01
5.579596697845611297e-01 8.091083744061382532e-01 -1.844578343805541032e-01
5.392583194754163589e-01 8.208173556604032584e-01 -1.883066146833384802e-01
5.200449706811963724e-01 8.322928203815357362e-01 -1.919425369822336802e-01
5.003397073350064339e-01 8.435003706577635096e-01 -1.953646593305748691e-01
4.801642826772216099e-01 8.544070022031696743e-01 -1.985723661868554479e-01
4.595420472824560121e-01 8.649812495011198754e-01 -2.015653576069002806e-01
4.384978645402008435e-01 8.751933212945350871e-01 -2.043436368910975520e-01
4.170580146416923983e-01 8.850152253511518463e-01 -2.069074968803173709e-01
3.952500882361016932e-01 8.944208815703975635e-01 -2.092575051104938744e-01
3.731028710082179844e-01 9.033862226478277524e-01 -2.113944880476625598e-01
3.506462204966318552e-01 9.118892816697440340e-01 -2.133195146323955682e-01
3.279109365158073275e-01 9.199102661711574536e-01 -2.150338793650612979e-01
3.049286265677084717e-01 9.274316183513027223e-01 -2.165390851612760403e-01
2.817315676296717197e-01 9.344380612992759794e-01 -2.178368262005497547e-01
2.583525656862979969e-01 9.409166312351542327e-01 -2.189289709807945294e-01
2.348248143359581708e-01 9.468566959166287988e-01 -2.198175457774850516e-01
2.111817537490448815e-01 9.522499594955778912e-01 -2.205047186893261402e-01
1.874569311875537159e-01 9.570904542314025987e-01 -2.209927844328311020e-01
1.636838642162638802e-01 9.613745195770561081e-01 -2.212841500268138140e-01
1.398959076470825125e-01 9.651007692486518463e-01 -2.213813214850259836e-01
1.161261251623692675e-01 9.682700469698966028e-01 -2.212868916116008944e-01
9.240716646252683519e-02 9.708853716482905849e-01 -2.210035289701457739e-01
6.877115067994604702e-02 9.729518727913442078e-01 -2.205339680737727626e-01
4.524955669745954479e-02 9.744767170085398833e-01 -2.198810008205415445e-01
2.187312090649732796e-02 9.754690264692251755e-01 -2.190474691771186755e-01
-1.328257160375812679e-03 9.759397901990403135e-01 -2.180362590932943267e-01
-2.432560098470158347e-02 9.759017690989841842e-01 -2.168502956116251101e-01
-4.709093475949595320e-02 9.753693955630047263e-01 -2.154925391201156226e-01
-6.959735246988243973e-02 9.743586685533011105e-01 -2.139659826816719401e-01
-9.181907827900363805e-02 9.728870449685766975e-01 -2.122736503621535098e-01
-1.137315182158579463e-01 9.709733281104852010e-01 -2.104185964692551758e-01
-1.353113032299566587e-01 9.686375540185893085e-01 -2.084039056071540497e-01
-1.565363237395608342e-01 9.659008764053605978e-01 -2.062326934467938189e-01
-1.773857558558608605e-01 9.627854508810320677e-01 -2.039081081087499026e-01
-1.978400795150204172e-01 9.593143191143176374e-01 -2.014333320546832784e-01
-2.178810887938078533e-01 9.555112935298738508e-01 -1.988115843842847841e-01
-2.374918947229117394e-01 9.514008430975263719e-01 -1.960461234371460026e-01
-2.566569209453405942e-01 9.470079807222462343e-01 -1.931402496029674953e-01
-2.753618925959037123e-01 9.423581526980815415e-01 -1.900973082487171506e-01
-2.935938188020184025e-01 9.374771306440802254e-01 -1.869206926775656141e-01
-3.113409692263321427e-01 9.323909062959705452e-01 -1.836138470414388768e-01
-3.285928450881998586e-01 9.271255894842217460e-01 -1.801802691366302112e-01
-3.453401451142099621e-01 9.217073095872725386e-01 -1.766235130199051429e-01
-3.615747268779593293e-01 9.161621207083293639e-01 -1.729471913907266178e-01
-3.772895639963658732e-01 9.105159107853255662e-01 -1.691549776934493932e-01
-3.924786996541717032e-01 9.047943148064842012e-01 -1.652506079014267326e-01
-4.069042191412785003e-01 8.981374783283566643e-01 -1.666675482594416335e-01
-4.213457814328992468e-01 8.911794860489390402e-01 -1.681276338551641047e-01
-4.358001816694471175e-01 8.839140769879871851e-01 -1.696294528867819396e-01
-4.502637710545189798e-01 8.763349220091766201e-01 -1.711715106153790522e-01
-4.647324418610108143e-01 8.684356457720551203e-01 -1.727522263656466328e-01
-4.792016130487533609e-01 8.602098502119776002e-01 -1.743699306265058258e-01
-4.936662166197984258e-01 8.516511395855550504e-01 -1.760228622808205079e-01
-5.081206848473083237e-01 8.427531471104905414e-01 -1.777091659953309311e-01
-5.225589385235847040e-01 8.335095632186381165e-01 -1.794268898038468563e-01
-5.369743763819700977e-01 8.239141654296316952e-01 -1.811739829185716744e-01
-5.513598658560051602e-01 8.139608498394526048e-01 -1.829482938061516573e-01
-5.657077353471344772e-01 8.036436642037961819e-01 -1.847475685666159495e-01
-5.800097681792394377e-01 7.929568425800463949e-01 -1.865694496547533610e-01
-5.942571984241117322e-01 7.818948414740816144e-01 -1.884114749846135251e-01
-6.084407087864459607e-01 7.704523774190491503e-01 -1.902710774586755527e-01
-6.225504307397875525e-01 7.586244658927226991e-01 -1.921455849637448976e-01
-6.365759471058736185e-01 7.464064614581932267e-01 -1.940322208757677969e-01
-6.505062972687035705e-01 7.337940989895754829e-01 -1.959281051154372066e-01
-6.643299852112238835e-01 7.207835358203106280e-01 -1.978302557956535535e-01
-6.780349905564654334e-01 7.073713946267242703e-01 -1.997355915005440130e-01
-6.916087827861023829e-01 6.935548068340232630e-01 -2.016409342337880661e-01
-7.050383387974936689e-01 6.793314563061813027e-01 -2.035430130713972996e-01
-7.183101639451421327e-01 6.646996230555294316e-01 -2.054384685508165442e-01
-7.314103166940069123e-01 6.496582266827203300e-01 -2.073238578242170560e-01
-7.443244369901221846e-01 6.342068692335172120e-01 -2.091956605991180662e-01
-7.570377784284552103e-01 6.183458771360366146e-01 -2.110502858839878870e-01
-7.695352442688750960e-01 6.020763418611604356e-01 -2.128840795502398575e-01
-7.818014273185729390e-01 5.854001589303563513e-01 -2.146933327150660209e-01
-7.938206536634104804e-01 5.683200648796571386e-01 -2.164742909418720940e-01
-8.055770301917062337e-01 5.508396717765979833e-01 -2.182231642467390154e-01
-8.170544958121979118e-01 5.329634988790550310e-01 -2.199361378904044484e-01
-8.282368762237505289e-01 5.146970010216873614e-01 -2.216093839258154730e-01
-8.391079420482900897e-01 4.960465933175568498e-01 -2.232390734614564110e-01
-8.496514700910154927e-01 4.770196717699325406e-01 -2.248213895905246951e-01
-8.598513074438344228e-01 4.576246294026502515e-01 -2.263525409257534926e-01
-8.696914380999162253e-01 4.378708675369901160e-01 -2.278287756694199195e-01
-8.791560517000728270e-01 4.177688018690524085e-01 -2.292463961380041271e-01
-8.882296139862176920e-01 3.973298630341319249e-01 -2.306017736512599170e-01
-8.968969384943239476e-01 3.765664913835695682e-01 -2.318913636863143279e-01
-9.051432589800226802e-01 3.554921257448133698e-01 -2.331117211890284535e-01
-9.142406885627147872e-01 3.382957824396081725e-01 -2.229797566004244058e-01
-9.225702320568539561e-01 3.218871337210943429e-01 -2.127272539597069578e-01
-9.301752316454143799e-01 3.063062524348613147e-01 -2.023624527965308950e-01
-9.370978173856874260e-01 2.915897576060382801e-01 -1.918935583149709023e-01
-9.433786236936777536e-01 2.777709603666416727e-01 -1.813287330679389242e-01
-9.490565279830477374e-01 2.648800136483905332e-01 -1.706760917014601975e-01
-9.541684114059397759e-01 2.529440626715166451e-01 -1.599436988207141586e-01
-9.587489414981382740e-01 2.419873934239852309e-01 -1.491395699617621973e-01
-9.628303764210498494e-01 2.320315765110727846e-01 -1.382716755888218629e-01
-9.664423904178310876e-01 2.230956039591947826e-01 -1.273479479772198220e-01
-9.696119200597844712e-01 2.151960167773450117e-01 -1.163762907870179719e-01
-9.723630308501666208e-01 2.083470213120284242e-01 -1.053645910818853532e-01
-9.747168037733761059e-01 2.025605926751195551e-01 -9.432073350211662988e-02
-9.766912414249865337e-01 1.978465637771047170e-01 -8.325261625975717561e-02
-9.783011934285502642e-01 1.942126987595562682e-01 -7.216816858754038222e-02
-9.795583009342415659e-01 1.916647498897193491e-01 -6.107536924174179760e-02
-9.804709600974982342e-01 1.902064972563541345e-01 -4.998226563211075058e-02
-9.810443045476782142e-01 1.898397708892666791e-01 -3.889699312981574619e-02
-9.812802069718672415e-01 1.905644552151601612e-01 -2.782779408697802492e-02
-9.811773000515361387e-01 1.923784760593713616e-01 -1.678303608909822303e-02
-9.814959810104153526e-01 1.906735278759560115e-01 -1.758657209224783954e-02
-9.818263815753220936e-01 1.888891141387509798e-01 -1.838209714329236064e-02
-9.821679422654094882e-01 1.870259720087422139e-01 -1.916928469640307234e-02
-9.825200854177431609e-01 1.850848699868282154e-01 -1.994781067825034115e-02
-9.828822161396335577e-01 1.830666079790881362e-01 -2.071735360653355340e-02
-9.832537232903917346e-01 1.809720173529166809e-01 -2.147759471275115239e-02
-9.836339804912604956e-01 1.788019609824151590e-01 -2.222821806920252663e-02
-9.840223471622127072e-01 1.765573332814189822e-01 -2.296891072019175903e-02
-9.844181695842436630e-01 1.742390602225408203e-01 -2.369936281738148701e-02
-9.848207819857240919e-01 1.718480993406124591e-01 -2.441926775922293943e-02
-9.852295076513155614e-01 1.693854397189195338e-01 -2.512832233436629661e-02
-9.856436600518874158e-01 1.668521019566407693e-01 -2.582622686893339126e-02
-9.860625439938099923e-01 1.642491381159270625e-01 -2.651268537751282767e-02
-9.864854567859382417e-01 1.615776316470867446e-01 -2.718740571771591230e-02
-9.869116894225361536e-01 1.588386972903799155e-01 -2.785009974811027134e-02
-9.873405277803321001e-01 1.560334809529689004e-01 -2.850048348932691239e-02
-9.877712538278367038e-01 1.531631595596219253e-01 -2.913827728811586512e-02
-9.882031468449963274e-01 1.502289408758236133e-01 -2.976320598410539184e-02
-9.886354846512012129e-01 1.472320633020090253e-01 -3.037499907900021931e-02
-9.890675448396131220e-01 1.441737956377070196e-01 -3.097339090793551145e-02
-9.894986060157285879e-01 1.410554368144538717e-01 -3.155812081268525443e-02
-9.899279490380481494e-01 1.378783155964192209e-01 -3.212893331640662153e-02
-9.903548582586760851e-01 1.346437902477727322e-01 -3.268557829958574495e-02
-9.907786227616408592e-01 1.313532481659120676e-01 -3.322781117683521607e-02
-9.911985375966878564e-01 1.280081054797697349e-01 -3.375539307417967094e-02
-9.916139050062687810e-01 1.246098066125180259e-01 -3.426809100645305389e-02
-9.920240356434272266e-01 1.211598238080976025e-01 -3.476567805441966447e-02
-9.924282497782592749e-01 1.176596566211053213e-01 -3.524793354122091049e-02
-9.928258784906167644e-01 1.141108313696910376e-01 -3.571464320774110635e-02
-9.932162648467113275e-01 1.105149005512298388e-01 -3.616559938647823103e-02
-9.935987650572767338e-01 1.068734422206563811e-01 -3.660060117349991926e-02
-9.939727496149530772e-01 1.031880593314698363e-01 -3.701945459806088579e-02
-9.943376044085666665e-01 9.946037903954212112e-02 -3.742197278945526978e-02
-9.946927318119994643e-01 9.569205196998716023e-02 -3.780797614067667178e-02
-9.950375517453674545e-01 9.188475144747509926e-02 -3.817729246845932845e-02
-9.953715027062596254e-01 8.804017269050144756e-02 -3.852975716927645872e-02
-9.956940427688296680e-01 8.416003197024714277e-02 -3.886521337087591593e-02
-9.960046505485806723e-01 8.024606573479055316e-02 -3.918351207893925464e-02
-9.963028261307358413e-01 7.630002969955583525e-02 -3.948451231845787057e-02
-9.965880919601519672e-01 7.232369790500388362e-02 -3.976808126942928817e-02
-9.968599936907993619e-01 6.831886174269070910e-02 -4.003409439648743934e-02
-9.971181009929100947e-01 6.428732895093430821e-02 -4.028243557209361392e-02
-9.973620083159768779e-01 6.023092258144280980e-02 -4.051299719292879992e-02
-9.975913356058757619e-01 5.615147993836483442e-02 -4.072568028914389654e-02
-9.978057289744813874e-01 5.205085149132605837e-02 -4.092039462614161655e-02
-9.980048613202449070e-01 4.793089976411379904e-02 -4.109705879858242122e-02
-9.981884328983132715e-01 4.379349820076357258e-02 -4.125560031632696106e-02
-9.983561718388814787e-01 3.964053001088753414e-02 -4.139595568204863102e-02
-9.985078346125872972e-01 3.547388699616391833e-02 -4.151807046027247705e-02
-9.986432064418818699e-01 3.129546835997890075e-02 -4.162189933761999833e-02
-9.987621016574365074e-01 2.710717950227711087e-02 -4.170740617406414746e-02
-9.988643639987764278e-01 2.291093080173414731e-02 -4.177456404502401244e-02
-9.989498668584680940e-01 1.870863638741359497e-02 -4.182335527415488585e-02
-9.990185134693213564e-01 1.450221290211184053e-02 -4.185377145671628080e-02
-9.990702370342101624e-01 1.029357825962639618e-02 -4.186581347342756970e-02
-9.991050007982535952e-01 6.084650398207147419e-03 -4.185949149474879616e-02
-9.991227980632427785e-01 1.877346032465008335e-03 -4.183482497555212481e-02
-9.991236521443409568e-01 -2.326420593981405778e-03 -4.179184264017737904e-02
-9.991076162692280604e-01 -6.524738952843070483e-03 -4.173058245789339205e-02
-9.990747734200008390e-01 -1.071570347021528515e-02 -4.165109160881479838e-02
-9.990252361182824226e-01 -1.489741475810351864e-02 -4.155342644035162764e-02
-9.989591461541339479e-01 -1.906798083620284134e-02 -4.143765241429647056e-02
-9.988766742594962222e-01 -2.322551834175074631e-02 -4.130384404468082082e-02
-9.987780197270259563e-01 -2.736815372531867935e-02 -4.115208482655844519e-02
-9.986634099753194382e-01 -3.149402443046119687e-02 -4.098246715589918404e-02
-9.985331000616446406e-01 -3.560128005520288297e-02 -4.079509224080118263e-02
-9.983873721434253223e-01 -3.968808349341192837e-02 -4.059007000425326334e-02
-9.982265348898378132e-01 -4.375261205418484733e-02 -4.036751897870184680e-02
-9.980509228449940817e-01 -4.779305855744927362e-02 -4.012756619269821495e-02
-9.978608957442924865e-01 -5.180763240408019915e-02 -3.987034704992223344e-02
-9.976568377856174230e-01 -5.579456061891933938e-02 -3.959600520089751746e-02
-9.974391568571653321e-01 -5.975208886518681983e-02 -3.930469240773050432e-02
-9.972082837237613573e-01 -6.367848242887867716e-02 -3.899656840222207044e-02
-9.969646711736146472e-01 -6.757202717185217811e-02 -3.867180073771468718e-02
-9.967087931275329105e-01 -7.143103045241307181e-02 -3.833056463505122441e-02
-9.964411437126864390e-01 -7.525382201233453416e-02 -3.797304282303274464e-02
-9.961622363030696592e-01 -7.903875482935503183e-02 -3.759942537377242849e-02
-9.958726025288634487e-01 -8.278420593432272989e-02 -3.720990953335075874e-02
