1.000000000000000000e+00 0.000000000000000000e+00 0.000000000000000000e+00
9.999766819066621126e-01 2.706839009797991358e-03 -6.269672971537377029e-03
9.999012778440116156e-01 6.386711087212474866e-03 -1.251578096370936123e-02
9.997635768351785801e-01 1.103536726166890782e-02 -1.873530250044820600e-02
9.995506932295482594e-01 1.664782839184376570e-02 -2.492513031138195168e-02
9.992471249446234216e-01 2.321830581447735520e-02 -3.108205948573534994e-02
9.988348212614396315e-01 3.074010916525347914e-02 -3.720277692912205003e-02
9.982932609754174846e-01 3.920554244346511480e-02 -4.328385231036731978e-02
9.975995417575638236e-01 4.860578955242846749e-02 -4.932173067936165833e-02
9.967284816083391563e-01 5.893079071385121104e-02 -5.531272692869480812e-02
9.956527332854822054e-01 7.016911132504601023e-02 -6.125302226108758630e-02
9.943429125550387049e-01 8.230780500074280637e-02 -6.713866281106659062e-02
9.927677410495496790e-01 9.533227271330273200e-02 -7.296556055258418549e-02
9.908942044170223618e-01 1.092261201126618481e-01 -7.872949660409225836e-02
9.886877263077650246e-01 1.239710152659356246e-01 -8.442612701872150016e-02
9.861123585729653085e-01 1.395465492012746000e-01 -9.005099111957763636e-02
9.831309878394723922e-01 1.559301017657391819e-01 -9.559952240873334506e-02
9.797055583810712065e-01 1.730967154067376279e-01 -1.010670620433937461e-01
9.757973109302028325e-01 1.910189795548299652e-01 -1.064488748342150154e-01
9.713670367694200447e-01 2.096669283163399011e-01 -1.117401676792957599e-01
9.663753461139814593e-01 2.290079541714076794e-01 -1.169361103035434918e-01
9.607829494522782676e-01 2.490067403115712175e-01 -1.220318581277211323e-01
9.560236933112186142e-01 2.671259861354287057e-01 -1.210884486484285483e-01
9.509703087598478932e-01 2.850094389578538001e-01 -1.201045318026766617e-01
9.456342814641405248e-01 3.026473285196128460e-01 -1.190815150101395409e-01
9.400274141965482277e-01 3.200305406694380905e-01 -1.180208477989941884e-01
9.341617828878711061e-01 3.371506262325655867e-01 -1.169240159269697293e-01
9.280496929269943518e-01 3.539998065125715687e-01 -1.157925355354704477e-01
9.217036359791700439e-01 3.705709755282249329e-01 -1.146279473726733861e-01
9.151362475762753190e-01 3.868576991098587881e-01 -1.134318111192150341e-01
9.083602657134279834e-01 4.028542109999611598e-01 -1.122056998475559619e-01
9.013884906658554685e-01 4.185554061201848253e-01 -1.109511946433966167e-01
8.942337462183596042e-01 4.339568311817157409e-01 -1.096698794146598738e-01
8.869088424774508317e-01 4.490546728279086741e-01 -1.083633359106034866e-01
8.794265404135802600e-01 4.638457435073313206e-01 -1.070331389706232900e-01
8.717995182582024549e-01 4.783274652819293760e-01 -1.056808520192987627e-01
8.640403398579474814e-01 4.924978517790438159e-01 -1.043080228212553417e-01
8.561614250662332726e-01 5.063554884976207981e-01 -1.029161795065081375e-01
8.481750222314566878e-01 5.198995116783206027e-01 -1.015068268741413648e-01
8.400931828206543717e-01 5.331295859445405183e-01 -1.000814429794935484e-01
8.319277381984125919e-01 5.460458809168214911e-01 -9.864147600748424116e-02
8.236902785629521828e-01 5.586490469969168648e-01 -9.718834143235115242e-02
8.135131165312555757e-01 5.727556010086394256e-01 -1.007344901743615767e-01
8.027777527341984909e-01 5.871060108496930496e-01 -1.041845422702569329e-01
7.914756984506023940e-01 6.016661667951661574e-01 -1.075362726896612886e-01
7.795996760411025850e-01 6.164012176537831955e-01 -1.107875975597489987e-01
7.671437220008344715e-01 6.312756714359705201e-01 -1.139365812918144150e-01
7.541032817791981646e-01 6.462535035411403062e-01 -1.169814429678997236e-01
7.404752954897847461e-01 6.612982718447941721e-01 -1.199205618872525719e-01
7.262582737132792232e-01 6.763732379543957451e-01 -1.227524821825459189e-01
7.114523626894778685e-01 6.914414938013193623e-01 -1.254759164278139438e-01
6.960593983000675777e-01 7.064660926466883595e-01 -1.280897481737325316e-01
6.800829483597531366e-01 7.214101835034545385e-01 -1.305930333609454930e-01
6.635283428576409515e-01 7.362371479172211686e-01 -1.329850005783174971e-01
6.464026919212024769e-01 7.509107380052786329e-01 -1.352650501499542413e-01
6.287148914091742480e-01 7.653952146279217050e-01 -1.374327520522236057e-01
6.104756161748459142e-01 7.796554845587309046e-01 -1.394878426794764481e-01
5.916973011747396205e-01 7.936572355310643756e-01 -1.414302204943375385e-01
5.723941107271572903e-01 8.073670680660399723e-01 -1.432599406149606958e-01
5.525818963480525481e-01 8.207526230318732408e-01 -1.449772084071772882e-01
5.322781437059557197e-01 8.337827039442902155e-01 -1.465823721637021793e-01
5.115019093412940254e-01 8.464273930912276089e-01 -1.480759149652211282e-01
4.902737478867579823e-01 8.586581606502635688e-01 -1.494584458290327544e-01
4.686156306030806462e-01 8.704479660620654258e-01 -1.507306902597739251e-01
4.465508561078098682e-01 8.817713510253389897e-01 -1.518934803234842368e-01
4.241039542228313142e-01 8.926045235859733085e-01 -1.529477443707845941e-01
4.013005838994145313e-01 9.029254329029648973e-01 -1.538944965372320561e-01
3.781674261976276097e-01 9.127138343839993340e-01 -1.547348261489926158e-01
3.547320733006834592e-01 9.219513449921340476e-01 -1.554698871599235477e-01
3.310229145350176427e-01 9.306214886298992406e-01 -1.561008877420957119e-01
3.070690203448007694e-01 9.387097316065957653e-01 -1.566290801458737614e-01
2.829000251365068608e-01 9.462035082871447234e-01 -1.570557509380995087e-01
2.585460098666007567e-01 9.530922371053623943e-01 -1.573822117179063951e-01
2.340373851949744954e-01 9.593673272001024266e-01 -1.576097903994676253e-01
2.094047759701063716e-01 9.650221759987472891e-01 -1.577398231397906525e-01
1.846789077506741095e-01 9.700521581287314676e-01 -1.577736469777669126e-01
1.598904960041149237e-01 9.744546060841210444e-01 -1.577125932383164897e-01
1.350701385568795765e-01 9.782287831109597320e-01 -1.575579817428708063e-01
1.102482118052372506e-01 9.813758488025573490e-01 -1.573111158548417265e-01
8.545477113066086983e-02 9.838988179147385438e-01 -1.569732783763417572e-01
6.071945590109051327e-02 9.858025129220422400e-01 -1.565457283004395017e-01
3.607139937958447895e-02 9.870935108398081193e-01 -1.560296984118260122e-01
1.255750721786044397e-02 9.877377039607567744e-01 -1.556166732428325428e-01
-1.090960280135800861e-02 9.878123432793585179e-01 -1.552667603027903520e-01
-3.432592769290561396e-02 9.873211407664364003e-01 -1.549797003550012486e-01
-5.768757393420066715e-02 9.862672098535324450e-01 -1.547551176253005034e-01
-8.099069302288672279e-02 9.846530717939716570e-01 -1.545925215140415976e-01
-1.042314182867724037e-01 9.824806659954491428e-01 -1.544913080045730303e-01
-1.274058030503372740e-01 9.797513642280389901e-01 -1.544507607782718839e-01
-1.505097602619238362e-01 9.764659886270490308e-01 -1.544700520502461094e-01
-1.735390036888633525e-01 9.726248334244085303e-01 -1.545482431437203985e-01
-1.964889907939596503e-01 9.682276903549065228e-01 -1.546842848248984326e-01
-2.193548674157367595e-01 9.632738776942488812e-01 -1.548770174237627251e-01
-2.421314143863722290e-01 9.577622728942458696e-01 -1.551251707698437787e-01
-2.648129962349988209e-01 9.516913487861633492e-01 -1.554273639754685798e-01
-2.873935121397420689e-01 9.450592133260780070e-01 -1.557821051023844383e-01
-3.098663493091253773e-01 9.378636528556945073e-01 -1.561877907509422736e-01
-3.322243389919364853e-01 9.301021788482501940e-01 -1.566427056142004615e-01
-3.544597153338994167e-01 9.217720781016295328e-01 -1.571450220423542543e-01
-3.765640773190833124e-01 9.128704663294241461e-01 -1.576927996657818132e-01
-3.985283540534174662e-01 9.033943450852450763e-01 -1.582839851276855170e-01
-4.203427736664455128e-01 8.933406619359951506e-01 -1.589164119797580044e-01
-4.419968361249739797e-01 8.827063737759590634e-01 -1.595878007964594003e-01
-4.634792902679528703e-01 8.714885131454601641e-01 -1.602957595653014267e-01
-4.847781153851283831e-01 8.596842573855060232e-01 -1.610377844119267321e-01
-5.058805076720706007e-01 8.472910004234321946e-01 -1.618112607196776354e-01
-5.267728719004131088e-01 8.343064269442732606e-01 -1.626134647036913405e-01
-5.474408186438478596e-01 8.207285886587512014e-01 -1.634415654992578681e-01
-5.678691673969058495e-01 8.065559823318000365e-01 -1.642926278231523207e-01
-5.880419559141298880e-01 7.917876291859782256e-01 -1.651636152648230105e-01
-6.079424560812707323e-01 7.764231552426128502e-01 -1.660513942616037020e-01
-6.275531966070039269e-01 7.604628721108636080e-01 -1.669527388084494912e-01
-6.468559927928565489e-01 7.439078576819919686e-01 -1.678643359480089525e-01
-6.658319836001161951e-01 7.267600361340211812e-01 -1.687827920810870130e-01
-6.844616761851722853e-01 7.090222566018128392e-01 -1.697046401306893104e-01
-7.027249980188553513e-01 6.906983698206398126e-01 -1.706263475848517064e-01
-7.206013566409111837e-01 6.717933020089384977e-01 -1.715443254343528567e-01
-7.380697070279944594e-01 6.523131252194918073e-01 -1.724549380112163910e-01
-7.551086264729268693e-01 6.322651233592797571e-01 -1.733545137226892574e-01
-7.716963967851150352e-01 6.116578530580817352e-01 -1.742393566632280955e-01
-7.878110935278873628e-01 5.905011985560438825e-01 -1.751057590740571213e-01
-8.034306819092772445e-01 5.688064197821698365e-01 -1.759500146062387138e-01
-8.184161569156275240e-01 5.484469477459795739e-01 -1.714670542257227814e-01
-8.324795467235850399e-01 5.283225637906783234e-01 -1.668924311605947397e-01
-8.456494926909152721e-01 5.084865296388434430e-01 -1.622294517708234296e-01
-8.579562030113756510e-01 4.889894974987427645e-01 -1.574815386814792106e-01
-8.694311907668296202e-01 4.698794682194762373e-01 -1.526522174531716458e-01
-8.801070150048369012e-01 4.512017686371548320e-01 -1.477451028128224930e-01
-8.900170264837962142e-01 4.329990470567200433e-01 -1.427638847094521157e-01
-8.991951195947699427e-01 4.153112856566132938e-01 -1.377123144444984126e-01
-9.076754918222325053e-01 3.981758284677666682e-01 -1.325941911076214952e-01
-9.154924119489978862e-01 3.816274234659400300e-01 -1.274133485276363609e-01
-9.226799980474087448e-01 3.656982772282256211e-01 -1.221736429248182904e-01
-9.292720061333725745e-01 3.504181205408575250e-01 -1.168789414259759074e-01
-9.353016301956773582e-01 3.358142833059758470e-01 -1.115331115779805982e-01
-9.408013141536190060e-01 3.219117770788477162e-01 -1.061400119694252547e-01
-9.458025761443561441e-01 3.087333835729324516e-01 -1.007034840442481011e-01
-9.503358454002018840e-01 2.962997474964444433e-01 -9.522734516592093468e-02
-9.544303118474367631e-01 2.846294721287986884e-01 -8.971538296652155353e-02
-9.581137884438670760e-01 2.737392161064430840e-01 -8.417135099197463333e-02
-9.614125861734835743e-01 2.636437899629360260e-01 -7.859896563317486651e-02
-9.643514015339349488e-01 2.543562510555641420e-01 -7.300190431276101788e-02
-9.671516144238299084e-01 2.433491243015928340e-01 -7.347764664747184760e-02
-9.698448158480056369e-01 2.322414186755733523e-01 -7.392538653663331683e-02
-9.724273539563701441e-01 2.210382600511136275e-01 -7.434470413638324948e-02
-9.748957475472233014e-01 2.097449343768725827e-01 -7.473519981186246830e-02
-9.772466950940366104e-01 1.983668810551428019e-01 -7.509649533819616474e-02
-9.794770834143368132e-01 1.869096857204883555e-01 -7.542823505574891563e-02
-9.815839959371849277e-01 1.753790724389213962e-01 -7.573008697383069865e-02
-9.835647205269811844e-01 1.637808953517767285e-01 -7.600174381720110894e-02
-9.854167568229016405e-01 1.521211297920340710e-01 -7.624292400993332164e-02
-9.871378230551819399e-01 1.404058629043087592e-01 -7.645337259145802700e-02
-9.887258623016943471e-01 1.286412838030464856e-01 -7.663286205990864353e-02
-9.901790481508065955e-01 1.168336733065860750e-01 -7.678119313823128511e-02
-9.914957897393448238e-01 1.049893932876612562e-01 -7.689819545890388963e-02
-9.926747361375864998e-01 9.311487568356875688e-02 -7.698372816352566650e-02
-9.937147800565633293e-01 8.121661121160753116e-02 -7.703768041398718902e-02
-9.946150608565238471e-01 6.930113783746674749e-02 -7.705997181241031058e-02
-9.953749668391695948e-01 5.737502904598564685e-02 -7.705055272755034768e-02
-9.959941368101935533e-01 4.544488196510777789e-02 -7.700940452587728968e-02
-9.964724609026932578e-01 3.351730539488980559e-02 -7.693653970609319603e-02
-9.968100806561536187e-01 2.159890779408926015e-02 -7.683200193639470876e-02
-9.970073883498709044e-01 9.696285277139091857e-03 -7.669586599434723151e-02
-9.970650255938717788e-01 -2.183990325783367534e-03 -7.652823760979710066e-02
-9.969838811845379567e-01 -1.403538329336908620e-02 -7.632925321180311640e-02
-9.967650882362353304e-01 -2.585140567110857587e-02 -7.609907958111553072e-02
-9.964100206042345587e-01 -3.762562871240801576e-02 -7.583791341026363542e-02
-9.959202886180553715e-01 -4.935169405434053358e-02 -7.554598077382732035e-02
-9.952977341480432338e-01 -6.102332458140453941e-02 -7.522353651195967661e-02
-9.945444250314576795e-01 -7.263433493289890575e-02 -7.487086353069184741e-02
-9.936626488875875962e-01 -8.417864161205576568e-02 -7.448827202298509420e-02
-9.926549063543897988e-01 -9.565027265786797683e-02 -7.407609861489378167e-02
-9.915239037818417422e-01 -1.070433768435811311e-01 -7.363470544156493214e-02
-9.902725454195979715e-01 -1.183522323690578137e-01 -7.316447915812158975e-02
-9.889039251386184670e-01 -1.295712550176316424e-01 -7.266582989075710819e-02
-9.874213177281905285e-01 -1.406950057516165031e-01 -7.213919013360389765e-02
-9.858281698111834856e-01 -1.517181977242877955e-01 -7.158501359713180523e-02
-9.841280904214518843e-01 -1.626357026898725133e-01 -7.100377401397817145e-02
-9.823248412880428715e-01 -1.734425567968388426e-01 -7.039596390821328820e-02
-9.804223268712651818e-01 -1.841339657535305818e-01 -6.976209333410204882e-02
-9.784245841957501799e-01 -1.947053093589140860e-01 -6.910268859043594558e-02
-9.763357725253904995e-01 -2.051521453948636498e-01 -6.841829091648071737e-02
-9.751309088882182952e-01 -2.128908242424548403e-01 -6.162153425782816024e-02
-9.740494946247616470e-01 -2.195941042365288642e-01 -5.482715942255181329e-02
-9.731125658850744431e-01 -2.252652150686739740e-01 -4.803668404565114569e-02
-9.723378936411152251e-01 -2.299072413644745738e-01 -4.125150901544331200e-02
-9.717399971646395462e-01 -2.335230185310746276e-01 -3.447294291592770121e-02
-9.713301580331601404e-01 -2.361150499345431308e-01 -2.770222720355173390e-02
-9.711164338278536201e-01 -2.376854454115943094e-01 -2.094056193695304630e-02
-9.711036709306766213e-01 -2.382358810862050258e-01 -1.418913188333521987e-02
-9.712935160736126949e-01 -2.377675804372350321e-01 -7.449132828166579387e-03
-9.716844265396327174e-01 -2.362813165438699126e-01 -7.217979157034121185e-04
-9.722716791614591791e-01 -2.337774354170805979e-01 5.991576153653497237e-03
-9.730473785094029271e-01 -2.302559003028117890e-01 1.268960324695189018e-02
-9.740004649021194449e-01 -2.257163568118039088e-01 1.937078242701013864e-02
-9.751167231125803525e-01 -2.201582186874424807e-01 2.603347327726430321e-02
-9.763787928740319533e-01 -2.135807739626138235e-01 3.267587212469343777e-02
-9.777661825149106534e-01 -2.059833111752726875e-01 3.929598937350097659e-02
-9.792552872647957152e-01 -1.973652652066942292e-01 4.589162817425040952e-02
-9.808194139720846083e-01 -1.877263821730466575e-01 5.246036466550015043e-02
-9.824288141541277497e-01 -1.770669026374339650e-01 5.899953003698864273e-02
-9.840507274573543350e-01 -1.653877622141139425e-01 6.550619467432608478e-02
-9.856494377331159740e-01 -1.526908084082925776e-01 7.197715465410585434e-02
-9.871863440286584579e-01 -1.389790322739119510e-01 7.840892086443485010e-02
-9.886200488454168767e-01 -1.242568131796208952e-01 8.479771102811591021e-02
-9.899064660220301404e-01 -1.085301746525204336e-01 9.113944490308231727e-02
-9.909989505503047358e-01 -9.180704892477445367e-02 9.742974292616167487e-02
-9.918484525222311943e-01 -7.409754744596233622e-02 1.036639285508463848e-01
-9.924036972289974612e-01 -5.541423425212856080e-02 1.098370345065565329e-01
-9.926113931835733872e-01 -3.577239871069097521e-02 1.159438131751129863e-01
-9.924164695130119895e-01 -1.519032380032638019e-02 1.219787512391901363e-01
-9.917623437630590510e-01 6.310454250091839662e-03 1.279360887070280506e-01
-9.905912206761396943e-01 2.870489943485263554e-02 1.338098423575931339e-01
-9.888444219471343999e-01 5.196424726860485871e-02 1.395938335809837894e-01
-9.864627463354495029e-01 7.605579878780628633e-02 1.452817205108913323e-01
-9.833868588259612187e-01 1.009427422184378670e-01 1.508670342605009096e-01
-9.795577067982245145e-01 1.265840072512606773e-01 1.563432189819796980e-01
-9.749169603991837407e-01 1.529341567294562609e-01 1.617036753747439215e-01
-9.694074735391624564e-01 1.799433202905638962e-01 1.669418071715711716e-01
-9.629737611667829045e-01 2.075571741078693355e-01 1.720510700372673285e-01
-9.555624877506753156e-01 2.357169703427446916e-01 1.770250222252677252e-01
-9.471229612309127743e-01 2.643596192508077536e-01 1.818573762567084751e-01
-9.376076261280597013e-01 2.934178260886073919e-01 1.865420508176714176e-01
-9.269725490388344147e-01 3.228202840571168242e-01 1.910732220169151785e-01
-9.151778894288917776e-01 3.524919235127257910e-01 1.954453731116132797e-01
-9.021883484759412042e-01 3.823542166002761311e-01 1.996533417951351086e-01
-8.879735887364230695e-01 4.123255353454326477e-01 2.036923641508048832e-01
-8.725086176164498220e-01 4.423215601186074597e-01 2.075581144101543152e-01
-8.557741280260159344e-01 4.722557342855550067e-01 2.112467397138297065e-01
-8.377567901804595651e-01 5.020397598273745876e-01 2.147548891574183050e-01
-8.184494892729716753e-01 5.315841277809473242e-01 2.180797365113815445e-01
-7.978515046572286495e-01 5.607986765531759454e-01 2.212189961313871522e-01
-7.759686272237182880e-01 5.895931705278505408e-01 2.241709317190528905e-01
-7.528132127949417329e-01 6.178778909357210969e-01 2.269343577491035047e-01
-7.284041705669055400e-01 6.455642307124651591e-01 2.295086335422559520e-01
-7.027668868479676201e-01 6.725652850337047184e-01 2.318936501284642182e-01
-6.759330855511470615e-01 6.987964293905939428e-01 2.340898102070370634e-01
-6.479406280435683341e-01 7.241758774448594504e-01 2.360980016632794054e-01
-6.188332560108911196e-01 7.486252114617290010e-01 2.379195652407786465e-01
-5.886602819241540940e-01 7.720698788391664458e-01 2.395562570899424093e-01
-5.574762324762535526e-01 7.944396491028626883e-01 2.410102070133677832e-01
-5.253404509671206757e-01 8.156690266851379656e-01 2.422838733044827553e-01
-4.923166650499823382e-01 8.356976158166513624e-01 2.433799951260563754e-01
-4.584725265030051289e-01 8.544704348965291851e-01 2.443015433990565755e-01
-4.238791297656102630e-01 8.719381787344333556e-01 2.450516711703735195e-01
-3.886105158879704646e-01 8.880574280452515623e-01 2.456336644014582848e-01
-3.527431683024645492e-01 9.027908064956822187e-01 2.460508940710758874e-01
-3.163555064584039345e-01 9.161070864292580884e-01 2.463067704168946936e-01
-2.795273828904400459e-01 9.279812451152449349e-01 2.464047000557497702e-01
-2.423395887426486872e-01 9.383944739662466450e-01 2.463480466246311951e-01
-2.048733721706061939e-01 9.473341436439829399e-01 2.461400954773813876e-01
-1.672099734181395903e-01 9.547937283227978522e-01 2.457840228593231313e-01
-1.294301797371985585e-01 9.607726926111053167e-01 2.452828698669949625e-01
-9.161390270901971500e-02 9.652763447513432737e-01 2.446395213859793027e-01
-5.383977994960759128e-02 9.683156597414547262e-01 2.438566900892503442e-01
-1.618480265598663120e-02 9.699070759600270097e-01 2.429369054739183853e-01
2.127603001873556304e-02 9.700722687488961826e-01 2.418825078176471133e-01
5.847002917790760507e-02 9.688379042275733211e-01 2.406956468488826162e-01
9.532710673612476704e-02 9.662353763992405087e-01 2.393782848484527770e-01
1.317800383438305356e-01 9.623005303732219406e-01 2.379322038347851664e-01
1.677646989204628902e-01 9.570733742871565530e-01 2.363590164313169317e-01
2.032202711900522596e-01 9.505977822750356632e-01 2.346601799726973636e-01
2.380894277196849707e-01 9.429211906040956270e-01 2.328370133759262439e-01
2.723184870274605318e-01 9.340942889012608941e-01 2.308907162832307680e-01
3.058575443613799627e-01 9.241707082130973250e-01 2.288223899746977541e-01
3.386605777629265734e-01 9.132067074945640073e-01 2.266330595497475509e-01
3.706855300274748966e-01 9.012608600017349980e-01 2.243236968866667291e-01
4.018943671658846695e-01 8.883937409708330124e-01 2.218952439077337968e-01
4.322531139644961162e-01 8.746676178976486860e-01 2.193486357030514922e-01
4.617318672398245116e-01 8.601461446838370994e-01 2.166848230980751855e-01
4.903047873938114476e-01 8.448940608850100675e-01 2.139047942870138386e-01
5.179500688984119972e-01 8.289768972748078335e-01 2.110095951957771387e-01
5.446498903760991217e-01 8.124606889239148755e-01 2.080003482829503314e-01
5.703903449957878902e-01 7.954116969780664625e-01 2.048782695344057991e-01
5.951613519707904532e-01 7.778961402996352748e-01 2.016446834556350487e-01
6.189565500247778962e-01 7.599799381091341122e-01 1.983010359147661383e-01
6.417731737806051662e-01 7.417284647224061667e-01 1.948489047376213146e-01
6.636119141218954631e-01 7.232063174237433056e-01 1.912900080032219619e-01
6.844767636747500772e-01 7.044770984429445937e-01 1.876262100330869376e-01
7.043748486529266550e-01 6.856032119146203696e-01 1.838595251097941696e-01
7.233162484004356241e-01 6.666456765909996030e-01 1.799921189989747150e-01
7.413138040470599321e-01 6.476639549560965214e-01 1.760263083836707265e-01
7.583829177615111217e-01 6.287157992511067661e-01 1.719645583504052222e-01
7.745413441409909616e-01 6.098571147707205764e-01 1.678094780920877938e-01
7.898089753126367185e-01 5.911418406305697371e-01 1.635638150138297442e-01
8.042076213401473384e-01 5.726218480405186328e-01 1.592304474437908068e-01
8.177607875269810034e-01 5.543468559504276527e-01 1.548123761623617922e-01
8.304934501857214046e-01 5.363643637678676690e-01 1.503127149694347686e-01
8.424318324020448889e-01 5.187196006844868590e-01 1.457346805114480559e-01
8.536031812622920656e-01 5.014554909925404980e-01 1.410815815876208801e-01
8.640355479375970704e-01 4.846126346284262976e-01 1.363568081486765671e-01
8.737575719269323749e-01 4.682293020484444845e-01 1.315638201918154226e-01
8.827982706587087502e-01 4.523414424255252086e-01 1.267061367431910057e-01
8.911868355383700813e-01 4.369827040559424725e-01 1.217873251041439731e-01
8.989524354105268289e-01 4.221844657831933523e-01 1.168109905204398197e-01
9.061240282813876057e-01 4.079758781828999870e-01 1.117807664152177805e-01
9.127301820233216789e-01 3.943839132079794418e-01 1.067003053067502039e-01
9.187989046609241761e-01 3.814334209671874643e-01 1.015732705118677359e-01
9.243574847193591904e-01 3.691471923018806445e-01 9.640332871542560411e-02
9.294323420031530558e-01 3.575460258345511955e-01 9.119414346582922770e-02
9.340488890688335433e-01 3.466487981872181101e-01 8.594936963671664931e-02
9.382314035593549706e-01 3.364725361067762988e-01 8.067264887568036114e-02
9.420029114832720873e-01 3.270324892864604482e-01 7.536760604262267293e-02
9.453850814479222153e-01 3.183422027361557660e-01 7.003784662315450105e-02
9.483981297939146904e-01 3.104135876278643624e-01 6.468695508650169901e-02
9.510607365281404935e-01 3.032569896247204744e-01 5.931849414277216848e-02
9.533899719141293305e-01 2.968812537911265093e-01 5.393600484122423877e-02
9.554012335514463494e-01 2.912937852765308255e-01 4.854300743939569951e-02
9.571081937592332833e-01 2.865006050648928326e-01 4.314300296261476542e-02
9.585227570720306067e-01 2.825064001848999196e-01 3.773947536451210949e-02
9.596550276575598337e-01 2.793145678815783239e-01 3.233589419166783135e-02
9.605132864749240662e-01 2.769272533572522677e-01 2.693571764943113872e-02
9.611039780063046489e-01 2.753453807981511847e-01 2.154239596121419742e-02
9.614317064142026137e-01 2.745686775117330281e-01 1.615937491015392163e-02
9.614992409980295252e-01 2.745956911084490026e-01 1.079009944993070298e-02
9.613075308468010949e-01 2.754237997697387419e-01 5.438017270709551848e-03
9.608557286072183512e-01 2.770492157510539011e-01 1.065822066127868062e-04
9.601412233069401836e-01 2.794669823741968706e-01 -5.200742627162946094e-03
9.591596821898120684e-01 2.826709648667378727e-01 -1.048048207650899982e-02
9.579051015317409101e-01 2.866538355071823752e-01 -1.572914667454146029e-02
9.563698664114116399e-01 2.914070536322729277e-01 -2.094323095090505973e-02
9.545448194078870463e-01 2.969208411565949501e-01 -2.611921241665183038e-02
9.533756485718809515e-01 3.007243125155220076e-01 -2.529371454187564691e-02
9.522301017324309447e-01 3.044001963878548156e-01 -2.446150468194420446e-02
9.511099029815409667e-01 3.079479195147244996e-01 -2.362292804409366412e-02
9.500167239215571158e-01 3.113669595339940699e-01 -2.277832713985998916e-02
9.489521818689538035e-01 3.146568431106323560e-01 -2.192804169184631169e-02
9.479178381703045053e-01 3.178171440849631435e-01 -2.107240855619626346e-02
9.469151966287425726e-01 3.208474816451671319e-01 -2.021176166035195190e-02
9.459457020390295012e-01 3.237475185301193492e-01 -1.934643195563710491e-02
9.450107388291847377e-01 3.265169592683408450e-01 -1.847674738417078716e-02
9.441116298064964329e-01 3.291555484585347857e-01 -1.760303285958511599e-02
9.432496350056199796e-01 3.316630690968618289e-01 -1.672561026099121315e-02
9.424259506363847905e-01 3.340393409557941840e-01 -1.584479843961151754e-02
9.416417081288659396e-01 3.362842190190671321e-01 -1.496091323747307522e-02
9.408979732732356549e-01 3.383975919769289797e-01 -1.407426751753571882e-02
9.401957454518896640e-01 3.403793807855701736e-01 -1.318517120461078565e-02
9.395359569613427331e-01 3.422295372942960046e-01 -1.229393133641037104e-02
9.389194724214072751e-01 3.439480429436916342e-01 -1.140085212405363493e-02
9.383470882692026560e-01 3.455349075377163737e-01 -1.050623502134552349e-02
9.378195323355992263e-01 3.469901680923564991e-01 -9.610378802134196888e-03
9.373374635017629464e-01 3.483138877631608010e-01 -8.713579645046315783e-03
9.359450542902483239e-01 3.518802344319887365e-01 -1.368091743519597725e-02
9.342404173824722102e-01 3.561577595324115220e-01 -1.861463347494833262e-02
9.322164329795705751e-01 3.611367502451301448e-01 -2.351130868020057454e-02
9.298647595358294771e-01 3.668062496794958216e-01 -2.836752228320154126e-02
9.271759119953248973e-01 3.731540404787427878e-01 -3.317985347157139525e-02
9.241393476045719479e-01 3.801666274746386964e-01 -3.794488370823734941e-02
9.207435590660857372e-01 3.878292201641706516e-01 -4.265919976720761869e-02
9.169761747506917082e-01 3.961257158217640906e-01 -4.731939750909734677e-02
9.128240656325233848e-01 4.050386840916124220e-01 -5.192208640854161644e-02
9.082734585504222968e-01 4.145493539250235115e-01 -5.646389483319882996e-02
9.033100553336778082e-01 4.246376037363605582e-01 -6.094147606110288801e-02
8.979191572597096105e-01 4.352819556473510043e-01 -6.535151500982709638e-02
8.920857942376531069e-01 4.464595746725594227e-01 -6.969073563746316924e-02
8.857948580363125268e-01 4.581462736681296555e-01 -7.395590896200229802e-02
8.790312387992632592e-01 4.703165248211607641e-01 -7.814386163255923612e-02
8.717799640158280239e-01 4.829434783981864099e-01 -8.225148497324769048e-02
8.640263390461754289e-01 4.959989893983433040e-01 -8.627574440865082295e-02
8.557560882339090291e-01 5.094536526704083190e-01 -9.021368916899404067e-02
8.469554955822804487e-01 5.232768469537376621e-01 -9.406246216357887213e-02
8.376115439225693127e-01 5.374367881923673984e-01 -9.781930990302740991e-02
8.277120514671341134e-01 5.519005923505840849e-01 -1.014815923446525103e-01
8.172458046168805668e-01 5.666343478289037616e-01 -1.050467925310205608e-01
8.062026858849249411e-01 5.816031974436856045e-01 -1.085125258896909167e-01
7.945737958062497608e-01 5.967714297938658818e-01 -1.118765490623369746e-01
7.823515677280287184e-01 6.121025796970800403e-01 -1.151367681340715599e-01
7.695298744174892125e-01 6.275595372374325187e-01 -1.182912461388518910e-01
7.561041254837365111e-01 6.431046648311570246e-01 -1.213382097243096841e-01
7.420713546864547983e-01 6.586999215871734981e-01 -1.242760548691612815e-01
7.274302962969724229e-01 6.743069941197979977e-01 -1.271033515583636087e-01
7.121814497845073699e-01 6.898874328631658948e-01 -1.298188473351956640e-01
6.963271322207660319e-01 7.054027928435967487e-01 -1.324214696652097067e-01
6.798715179273426834e-01 7.208147777891820152e-01 -1.349103270642092456e-01
6.628206650301301517e-01 7.360853863969333277e-01 -1.372847089607255044e-01
6.451825287305266166e-01 7.511770595380978799e-01 -1.395440842825044769e-01
6.269669612517599910e-01 7.660528271624512664e-01 -1.416880987758822041e-01
6.081856985672228211e-01 7.806764536627449624e-01 -1.437165710862049750e-01
5.888523341633935537e-01 7.950125804807511853e-01 -1.456294876462366772e-01
5.689822802298867277e-01 8.090268647757448139e-01 -1.474269964373896014e-01
5.485927168007880272e-01 8.226861130335733074e-01 -1.491093997052480580e-01
5.277025294922956800e-01 8.359584085680529242e-01 -1.506771457258905822e-01
5.063322365897625632e-01 8.488132319543004733e-01 -1.521308197326639577e-01
4.845039063308252403e-01 8.612215735334829425e-01 -1.534711341240839466e-01
4.622410653091619803e-01 8.731560372378578405e-01 -1.546989180822490872e-01
4.395685989847220032e-01 8.845909351012700705e-01 -1.558151067374351773e-01
4.165126453306351451e-01 8.955023719408116145e-01 -1.568207300183301067e-01
3.931004826745093661e-01 9.058683198175231377e-01 -1.577169013286709165e-01
3.693604128029212008e-01 9.156686820053192566e-01 -1.585048061899185234e-01
3.453216403934462608e-01 9.248853463154396159e-01 -1.591856909861619207e-01
3.210141498197288112e-01 9.335022277365766508e-01 -1.597608519418432793e-01
2.964685803432859923e-01 9.415053004566252826e-01 -1.602316244553380620e-01
2.717161006626197528e-01 9.488826194292527827e-01 -1.605993729021435168e-01
2.467882837375498795e-01 9.556243317360626488e-01 -1.608654810106808219e-01
2.217169827463386089e-01 9.617226780722168966e-01 -1.610313429017735387e-01
1.965342089670201187e-01 9.671719847495267031e-01 -1.610983548700094525e-01
1.712720123042109077e-01 9.719686466660670821e-01 -1.610679079717043938e-01
1.459623651102918140e-01 9.761111017354664465e-01 -1.609413814703394008e-01
1.206370498768255112e-01 9.795997973025643013e-01 -1.607201371764003794e-01
9.532755129984071818e-02 9.824371490957446440e-01 -1.604055147047553920e-01
7.006495315241650923e-02 9.846274932807377311e-01 -1.599988276592822778e-01
4.487984033087424884e-02 9.861770321869721689e-01 -1.595013607416099211e-01
2.086467104799256261e-02 9.870486930497868183e-01 -1.590583730423654196e-01
-3.104854118817220593e-03 9.873252228670008623e-01 -1.586798259902185426e-01
-2.702399084288927694e-02 9.870106867460672895e-01 -1.583654987348082632e-01
-5.088813622206239673e-02 9.861085403250201553e-01 -1.581150445858366393e-01
-7.469276002022795513e-02 9.846216347841050265e-01 -1.579279929563782714e-01
-9.843333720940961040e-02 9.825522262691529507e-01 -1.578037509956665141e-01
-1.221052819424663233e-01 9.799019896140216401e-01 -1.577416049204625470e-01
-1.457038830846552058e-01 9.766720362653649179e-01 -1.577407210587311870e-01
-1.692242414340883183e-01 9.728629363276958264e-01 -1.578001466237894668e-01
-1.926612087663187589e-01 9.684747446597559151e-01 -1.579188102413799644e-01
-2.160093288466228278e-01 9.635070309641843300e-01 -1.580955222562665796e-01
-2.392627805647015160e-01 9.579589138210111710e-01 -1.583289748489686566e-01
-2.624153233601779212e-01 9.518290986212285532e-01 -1.586177419971432079e-01
-2.854602451230509041e-01 9.451159193592758578e-01 -1.589602793198963138e-01
-3.083903127707884884e-01 9.378173842424039064e-01 -1.593549238469449958e-01
-3.311977257225705018e-01 9.299312250702702620e-01 -1.597998937580442091e-01
-3.538740725108541207e-01 9.214549503295094146e-01 -1.602932881414182997e-01
-3.764102907904238182e-01 9.123859019351995281e-01 -1.608330868230594124e-01
-3.987966310248513002e-01 9.027213155339299799e-01 -1.614171503216377535e-01
-4.210226241492328048e-01 8.924583842614439710e-01 -1.620432199863609257e-01
-4.430770535255613152e-01 8.815943258215078737e-01 -1.627089183773654524e-01
-4.649479315224507858e-01 8.701264527217560385e-01 -1.634117499500574444e-01
-4.866224810634537379e-01 8.580522454668442212e-01 -1.641491021061701194e-01
-5.080871224971640343e-01 8.453694284695003613e-01 -1.649182466750942211e-01
-5.293274661469195008e-01 8.320760483962409415e-01 -1.657163418891814677e-01
-5.503283108974510451e-01 8.181705546170245924e-01 -1.665404349161342668e-01
-5.710736491695077577e-01 8.036518813774300440e-01 -1.673874650101901951e-01
-5.915466786205942906e-01 7.885195312587142125e-01 -1.682542673415021173e-01
-6.117298208897946621e-01 7.727736594360913314e-01 -1.691375775598221443e-01
-6.316047476766056823e-01 7.564151581896823018e-01 -1.700340371442471132e-01
-6.511524144072391440e-01 7.394457410668562325e-01 -1.709401995853110923e-01
-6.703531016965537104e-01 7.218680260403013138e-01 -1.718525374390688643e-01
-6.891864647593911597e-01 7.036856169544148942e-01 -1.727674502849730065e-01
-7.076315908615193884e-01 6.849031825048998989e-01 -1.736812736102987254e-01
-7.256670648277424585e-01 6.655265319542873481e-01 -1.745902886336327675e-01
-7.432710425433601831e-01 6.455626867510207978e-01 -1.754907330685635536e-01
-7.604213322956384635e-01 6.250199471933108875e-01 -1.763788128162694646e-01
-7.770954837051385899e-01 6.039079532627518176e-01 -1.772507145623147817e-01
-7.932708838937787554e-01 5.822377387481850741e-01 -1.781026192387807627e-01
-8.089248604287810895e-01 5.600217777888722992e-01 -1.789307162980701416e-01
-8.240347904708759108e-01 5.372740229889256813e-01 -1.797312187295503350e-01
-8.385782154432392943e-01 5.140099342931264692e-01 -1.805003787349046540e-01
-8.525329604268117034e-01 4.902464978684679120e-01 -1.812345039629272014e-01
-8.658772573802574479e-01 4.660022343063733308e-01 -1.819299741898441347e-01
-8.785898711813906470e-01 4.412971955475890051e-01 -1.825832583174023249e-01
-8.906502273940259951e-01 4.161529500348344346e-01 -1.831909315482818656e-01
-9.020385405825140923e-01 3.905925557165738637e-01 -1.837496925872074971e-01
-9.127359419282595754e-01 3.646405206574609981e-01 -1.842563807067938986e-01
-9.227246048506856368e-01 3.383227511553440481e-01 -1.847079925099778808e-01
-9.319878673015848936e-01 3.116664874190086532e-01 -1.851016982161557412e-01
-9.405103493884265919e-01 2.847002270224693321e-01 -1.854348572960990149e-01
-9.482780649904364312e-01 2.574536365176298136e-01 -1.857050332815608495e-01
-9.552785260621033947e-01 2.299574517542538332e-01 -1.859100075793355678e-01
-9.615008383726544317e-01 2.022433676209520192e-01 -1.860477921264563073e-01
-9.669357875068463892e-01 1.743439180797081989e-01 -1.861166407331911188e-01
-9.715759140514261816e-01 1.462923475157470454e-01 -1.861150589734312522e-01
-9.754155770114827373e-01 1.181224745607919457e-01 -1.860418124977769039e-01
-9.784510046397189020e-01 8.986854966770584097e-02 -1.858959336628621117e-01
-9.806803320169559246e-01 6.156510781519766023e-02 -1.856767263908909726e-01
-9.821036248909669197e-01 3.324681780019638627e-02 -1.853837691955906308e-01
-9.838478239159506034e-01 7.622583630023726381e-03 -1.788445640130991166e-01
-9.849052273090789233e-01 -1.703607949481954209e-02 -1.722541361214341427e-01
-9.853495942999460633e-01 -4.070421158039107257e-02 -1.656181334044047049e-01
-9.852526757465863705e-01 -6.336123372192351000e-02 -1.589419413103595469e-01
-9.846839328380178058e-01 -8.499058327900503584e-02 -1.522306627338454454e-01
-9.837102949159710619e-01 -1.055793450749856754e-01 -1.454891023670273897e-01
-9.823959543448228526e-01 -1.251178829990180208e-01 -1.387217554274625397e-01
-9.808021960079577051e-01 -1.435994759384824904e-01 -1.319328006130295883e-01
-9.789872587416807992e-01 -1.610199615091340020e-01 -1.251260970901195979e-01
-9.770062258299981872e-01 -1.773773905928893724e-01 -1.183051852870282278e-01
-9.749109415691700198e-01 -1.926716952496315693e-01 -1.114732912400522719e-01
-9.727499508630129688e-01 -2.069043721486648058e-01 -1.046333342241137082e-01
-9.705684588209643193e-01 -2.200781832745007105e-01 -9.778793739172647603e-02
-9.684083073931868402e-01 -2.321968753056166124e-01 -9.093944114264353173e-02
-9.663079661828349876e-01 -2.432649187471065955e-01 -8.408991895041553755e-02
-9.643025347177242024e-01 -2.532872676205899509e-01 -7.724119538022361509e-02
-9.624237536352614475e-01 -2.622691402778311587e-01 -7.039486604362997502e-02
-9.607000224295232371e-01 -2.702158217075699143e-01 -6.355231924930898613e-02
-9.591564216224464090e-01 -2.771324875463855308e-01 -5.671475912344590975e-02
-9.578147374476858600e-01 -2.830240498815571604e-01 -4.988322998848637030e-02
-9.566934873720226440e-01 -2.878950248437159298e-01 -4.305864180354702225e-02
-9.558079450222722873e-01 -2.917494219260080013e-01 -3.624179648341704224e-02
-9.551701633331386443e-01 -2.945906549305114530e-01 -2.943341492514705074e-02
-9.547889949816952271e-01 -2.964214744275021074e-01 -2.263416458128647557e-02
-9.546701094259729681e-01 -2.972439216143734630e-01 -1.584468742653150422e-02
-9.548160061177445312e-01 -2.970593034739614224e-01 -9.065628169608841783e-03
-9.552260237125419495e-01 -2.958681891519909790e-01 -2.297662564453684976e-03
-9.558963453529366605e-01 -2.936704274955657668e-01 4.458474325967464423e-03
-9.568200003538905873e-01 -2.904651857142487303e-01 1.120196006351767588e-02
-9.579868628712135958e-01 -2.862510091375097265e-01 1.793185712336250320e-02
-9.593836483852700159e-01 -2.810259020423513943e-01 2.464708570336935495e-02
-9.609939090811583373e-01 -2.747874295080385276e-01 3.134639723269787986e-02
-9.627980294522650029e-01 -2.675328402164464103e-01 3.802834877204545883e-02
-9.647732236943962203e-01 -2.592592100521951548e-01 4.469127851404798568e-02
-9.668935366899642503e-01 -2.499636062623285526e-01 5.133328260969227674e-02
-9.691298506025086690e-01 -2.396432718071039580e-01 5.795219356464685612e-02
-9.714498993068908517e-01 -2.282958293683148565e-01 6.454556046742537800e-02
-9.738182930646459567e-01 -2.159195042770112871e-01 7.111063132841123624e-02
-9.761965560111739437e-01 -2.025133653769748965e-01 7.764433782403305784e-02
-9.785431791448315764e-01 -1.880775825534287959e-01 8.414328275272836555e-02
-9.809008697846292035e-01 -1.752304970274242146e-01 8.442617555613737834e-02
-9.830994373344652537e-01 -1.623131700524005627e-01 8.467557912575723877e-02
-9.851361637646510738e-01 -1.493326844613864224e-01 8.489117010612429182e-02
-9.870086099675315916e-01 -1.362962546924224305e-01 8.507265941733901937e-02
-9.887146233066007595e-01 -1.232112132564446294e-01 8.521979327712872476e-02
-9.902523443201477482e-01 -1.100849966744443104e-01 8.533235411145245752e-02
-9.916202125385559230e-01 -9.692513094537479057e-02 8.541016134822994321e-02
-9.928169713793799644e-01 -8.373921660988266347e-02 8.545307208944423472e-02
-9.938416720896792178e-01 -7.053491347807282208e-02 8.546098165758124476e-02
-9.946936767107350530e-01 -5.731992509213722220e-02 8.543382401312285546e-02
-9.953726600461740848e-01 -4.410198299675444772e-02 8.537157204059557525e-02
-9.958786106206004574e-01 -3.088883089167644355e-02 8.527423770148756521e-02
-9.962118306220510977e-01 -1.768820874184089814e-02 8.514187205317361173e-02
-9.963729348278599351e-01 -4.507836920672610506e-03 8.497456513382425913e-02
-9.963628485197975060e-01 8.644599538040316500e-03 8.477244571411109153e-02
-9.961828044005693883e-01 2.176146650518560877e-02 8.453568091734915690e-02
-9.958343385298538131e-01 3.483519606523539230e-02 8.426447571052954333e-02
-9.953192853039742882e-01 4.785830149801287292e-02 8.395907226948357005e-02
-9.946397715089798641e-01 6.082339186488619487e-02 8.361974922217675632e-02
-9.937982094822884749e-01 7.372318613405429155e-02 8.324682077484832354e-02
-9.927972894230896461e-01 8.655052678316370318e-02 8.284063572638442063e-02
-9.916399708963565818e-01 9.929839282150626500e-02 8.240157637693427961e-02
-9.903294735795425963e-01 1.119599121784487922e-01 8.193005733734258500e-02
-9.888692673048022908e-01 1.245283734094871086e-01 8.142652424647470188e-02
-9.872630614528534743e-01 1.369972366763450022e-01 8.089145240394976510e-02
-9.855147937573639494e-01 1.493601439627982308e-01 8.032534532616747436e-02
-9.836286185809890448e-01 1.616109284933387458e-01 7.972873323381579613e-02
-9.816088947258982955e-01 1.737436233273463859e-01 7.910217147927799120e-02
-9.794601728428077303e-01 1.857524691070494283e-01 7.844623892251725850e-02
-9.771871825031838155e-01 1.976319209431741386e-01 7.776153626410786668e-02
-9.747948189994197765e-01 2.093766544277550767e-01 7.704868434410326594e-02
-9.722881299374167563e-01 2.209815707690490905e-01 7.630832241538697269e-02
-9.696723016851562793e-01 2.324418010488210340e-01 7.554110640004398081e-02
-9.669526457395525298e-01 2.437527096074020849e-01 7.474770713712226844e-02
-9.641345850721516619e-01 2.549098965668227246e-01 7.392880862992996793e-02
-9.612236405121362681e-01 2.659091995069567393e-01 7.308510630073819514e-02
-9.582254172226329914e-01 2.767466943139480495e-01 7.221730526043716736e-02
-9.551455913235458173e-01 2.874186952242040460e-01 7.132611860032973816e-02
-9.519898967110936860e-01 2.979217540909043782e-01 7.041226571284654734e-02
-9.487641121209495765e-01 3.082526589032797970e-01 6.947647064753613433e-02
-9.454740484784126542e-01 3.184084315918468966e-01 6.851946050822792234e-02
-9.421255365754260813e-01 3.283863251553385543e-01 6.754196389679004153e-02
-9.387244151105281764e-01 3.381838201472414651e-01 6.654470940841414328e-02
-9.352765191240282050e-01 3.477986205616468429e-01 6.552842418285989567e-02
-9.317876688568725863e-01 3.572286491595422775e-01 6.449383251558840624e-02
-9.282636590578412505e-01 3.664720422777325570e-01 6.344165453221065065e-02
-9.247102487599281329e-01 3.755271441632879736e-01 6.237260492917841986e-02
-9.211331515430375427e-01 3.843925008767983265e-01 6.128739178315577296e-02
-9.175380262965034950e-01 3.930668538077728424e-01 6.018671543103164961e-02
-9.139304684914308918e-01 4.015491328452976405e-01 5.907126742207289422e-02
-9.103160019694911398e-01 4.098384492465588780e-01 5.794172954327371505e-02
-9.067000712515994598e-01 4.179340882450899297e-01 5.679877291853584198e-02
-9.030880343668677979e-01 4.258355014396233429e-01 5.564305718191450700e-02
-8.994851561993857381e-01 4.335422990032539170e-01 5.447522972479115072e-02
-8.958966023477343832e-01 4.410542417512655078e-01 5.329592501648566794e-02
-8.923274334896988957e-01 4.483712331044709676e-01 5.210576399749941578e-02
-8.887826002424127347e-01 4.554933109832841609e-01 5.090535354428661619e-02
-8.852669385061487928e-01 4.624206396660068275e-01 4.969528600418549047e-02
-8.817851652781629745e-01 4.691535016429961846e-01 4.847613879890218941e-02
-8.783418749213998122e-01 4.756922894965011639e-01 4.724847409472954229e-02
-8.749415358714753843e-01 4.820374978340372651e-01 4.601283853749844888e-02
-8.715884877641625339e-01 4.881897153012285662e-01 4.476976305010179485e-02
-8.682869389646046265e-01 4.941496166981016458e-01 4.351976269029773220e-02
-8.650409644786732910e-01 4.999179552208822264e-01 4.226333656639045394e-02
-8.618545042262489853e-01 5.054955548494368678e-01 4.100096780830043280e-02
-8.587313616557371576e-01 5.108833028986328184e-01 3.973312359147167239e-02
-8.556752026788227994e-01 5.160821427500692504e-01 3.846025521101902739e-02
-8.526895549043012057e-01 5.210930667788707948e-01 3.718279820349281589e-02
-8.497778071497980035e-01 5.259171094885447539e-01 3.590117251362930778e-02
-8.469432092102872067e-01 5.305553408652811109e-01 3.461578270346252206e-02
-8.441888718625291110e-01 5.350088599615404616e-01 3.332701820119371439e-02
-8.415177670848654756e-01 5.392787887173200456e-01 3.203525358724866601e-02
-8.389327284722167821e-01 5.433662660261242561e-01 3.074084891499724581e-02
-8.364364518266189652e-01 5.472724420513918053e-01 2.944415006366438506e-02
-8.340314959042012255e-01 5.509984727979486685e-01 2.814548912102390540e-02
-8.317202833001324791e-01 5.545455149419650231e-01 2.684518479353639048e-02
-8.295051014537504486e-01 5.579147209218957570e-01 2.554354284166742567e-02
-8.273881037568135977e-01 5.611072342919730671e-01 2.424085653820227254e-02
-8.253713107485868283e-01 5.641241853389999950e-01 2.293740714745612710e-02
-8.234566113822701094e-01 5.669666869624582217e-01 2.163346442336450473e-02
-8.216457643481068773e-01 5.696358308172900786e-01 2.032928712452496817e-02
-8.199403994393510420e-01 5.721326837181425207e-01 1.902512354434864050e-02
-8.183420189481324103e-01 5.744582843033640973e-01 1.772121205456666029e-02
-8.168519990791247576e-01 5.766136399566200721e-01 1.641778166042238973e-02
-8.154715913697957452e-01 5.785997239836340178e-01 1.511505256596399824e-02
-8.142019241068885194e-01 5.804174730412707817e-01 1.381323674793345259e-02
-8.130440037296566835e-01 5.820677848159385714e-01 1.251253853682640291e-02
-8.119987162112379808e-01 5.835515159481101666e-01 1.121315520377245446e-02
-8.110668284104115555e-01 5.848694801996292547e-01 9.915277551956522273e-03
-8.102489893868302095e-01 5.860224468603832948e-01 8.619090511368962190e-03
-8.095457316736553999e-01 5.870111393908781228e-01 7.324773735734688151e-03
-8.089574725023483959e-01 5.878362342972386356e-01 6.032502200529300113e-03
-8.084845149751798132e-01 5.884983602351820942e-01 4.742446801043119844e-03
-8.081270491818171031e-01 5.889980973395575470e-01 3.454774949501864152e-03
-8.078851532571302840e-01 5.893359767761133794e-01 2.169651170295353211e-03
-8.077587943781224800e-01 5.895124805122455847e-01 8.872376924030978863e-04
-8.077478296986428941e-01 5.895280413035768330e-01 -3.923049618621849560e-04
-8.078520072212749259e-01 5.893830428933303223e-01 -1.668817392645105622e-03
-8.080709666065125640e-01 5.890778204215758596e-01 -2.942140743702344706e-03
-8.084042399200422890e-01 5.886126610415447491e-01 -4.212116129735068298e-03
-8.088512523196380588e-01 5.879878047403244157e-01 -5.478584070700736816e-03
-8.094113226838518527e-01 5.872034453613530491e-01 -6.741383933899134338e-03
-8.100836641853402798e-01 5.862597318262345869e-01 -8.000353384625192785e-03
-8.108673848123142402e-01 5.851567695534792835e-01 -9.255327846183419166e-03
-8.117614878422281244e-01 5.838946220718486124e-01 -1.050613997006516476e-02
-8.127648722724388763e-01 5.824733128260302095e-01 -1.175261911710040637e-02
-8.138763332131652151e-01 5.808928271723992065e-01 -1.299459085040977589e-02
-8.150945622486621689e-01 5.791531145626250821e-01 -1.423187644100011931e-02
-8.164181477730902969e-01 5.772540909128563991e-01 -1.546429238686732911e-02
-8.178455753081125268e-01 5.751956411561606197e-01 -1.669164994649342468e-02
-8.193752278097807817e-01 5.729776219758067057e-01 -1.791375468765034687e-02
-8.210053859727891590e-01 5.705998647168528670e-01 -1.913040605245029321e-02
-8.227342285406611389e-01 5.680621784733397295e-01 -2.034139693961121639e-02
-8.245598326309084847e-01 5.653643533481880201e-01 -2.154651330493587841e-02
-8.264801740846452471e-01 5.625061638826555077e-01 -2.274553378103307683e-02
-8.284931278505591745e-01 5.594873726519242751e-01 -2.393822931733985415e-02
-8.305964684135321852e-01 5.563077340230604406e-01 -2.512436284153310093e-02
-8.327878702785631582e-01 5.529669980712148547e-01 -2.630368894344735364e-02
-8.350649085209682632e-01 5.494649146495158565e-01 -2.747595358264233803e-02
-8.374250594141245951e-01 5.458012376076428751e-01 -2.864089382078808046e-02
-8.388029678897386265e-01 5.438831521128950630e-01 -2.450958682853884504e-02
-8.398066506175988488e-01 5.425028349215218482e-01 -2.038346545226301862e-02
-8.404398226430803698e-01 5.416607437654521462e-01 -1.626546090153079688e-02
-8.407054301937050278e-01 5.413562345366560447e-01 -1.215849818845372507e-02
-8.406056570184206045e-01 5.415875731402023385e-01 -8.065494125797184610e-03
-8.401419363164954746e-01 5.423519467696459317e-01 -3.989355284631387888e-03
-8.393149681449341148e-01 5.436454746766136159e-01 6.702411541277455281e-05
-8.381247421734296932e-01 5.454632185423095025e-01 4.100764408920362647e-03
-8.365705656355526543e-01 5.477991925924702299e-01 8.109002804296341904e-03
-8.346510963039793785e-01 5.506463736286052457e-01 1.208889584163077950e-02
-8.323643802959822535e-01 5.539967111767371000e-01 1.603762200741387298e-02
-8.297078944930831312e-01 5.578411379798968728e-01 1.995238452139947924e-02
-8.266785933357023719e-01 5.621695810819459238e-01 2.383041430722778950e-02
-8.232729597298745761e-01 5.669709737675350247e-01 2.766897315438360608e-02
-8.194870597787667910e-01 5.722332686358608811e-01 3.146535707474470978e-02
-8.153166010270010977e-01 5.779434520940560649e-01 3.521689985242860976e-02
-8.107569938808919519e-01 5.840875605593395248e-01 3.892097678094470076e-02
-8.058034158429620009e-01 5.906506986572785944e-01 4.257500857687612078e-02
-8.004508781748478352e-01 5.976170596965766357e-01 4.617646545452922663e-02
-7.946942945793599167e-01 6.049699486886598310e-01 4.972287134127915953e-02
-7.901555033236166148e-01 6.109991127274998490e-01 4.831551922692076118e-02
-7.857043503728237122e-01 6.168212906473579116e-01 4.690622337516921203e-02
-7.813450064657156968e-01 6.224388907324270859e-01 4.549541465757264702e-02
-7.770814572767223982e-01 6.278543448896785062e-01 4.408349961610400630e-02
-7.729175060121465934e-01 6.330700996747029574e-01 4.267086096504236342e-02
-7.688567762601253852e-01 6.380886077327352357e-01 4.125785813475244673e-02
-7.649027150602633052e-01 6.429123196549783037e-01 3.984482785316081216e-02
-7.610585961602679417e-01 6.475436762484505504e-01 3.843208476092477982e-02
-7.573275234284227997e-01 6.519851012158847103e-01 3.701992205649555501e-02
-7.537124343922773084e-01 6.562389942407046428e-01 3.560861216748743147e-02
-7.502161038755088551e-01 6.603077244707955540e-01 3.419840744497842228e-02
-7.468411477064955672e-01 6.641936243936437112e-01 3.278954087758231828e-02
-7.435900264737270726e-01 6.678989840944588030e-01 3.138222682234621114e-02
-7.404650493047540971e-01 6.714260458880849658e-01 2.997666174973920641e-02
-7.374683776469362906e-01 6.747769993148521328e-01 2.857302500020637501e-02
-7.346020290297715638e-01 6.779539764900069931e-01 2.717147954996542575e-02
-7.318678807900850236e-01 6.809590477959799326e-01 2.577217278392121558e-02
-7.292676737428041012e-01 6.837942179064843140e-01 2.437523727376424837e-02
-7.268030157814528991e-01 6.864614221312974607e-01 2.298079155950286459e-02
-7.244753853938536992e-01 6.889625230705259673e-01 2.158894093285435370e-02
-7.222861350798281954e-01 6.912993075672075882e-01 2.019977822108722648e-02
-7.202364946589405736e-01 6.934734839472349588e-01 1.881338457006505663e-02
-7.183275744575208233e-01 6.954866795357955711e-01 1.742983022539108112e-02
-7.165603683653475331e-01 6.973404384398009803e-01 1.604917531069239428e-02
-7.149357567534565527e-01 6.990362195861169470e-01 1.467147060221242298e-02
-7.134545092455734094e-01 7.005753950057975743e-01 1.329675829900079168e-02
-7.121172873366505840e-01 7.019592483549670359e-01 1.192507278810044091e-02
-7.109246468529208940e-01 7.031889736634688859e-01 1.055644140423302700e-02
-7.098770402487598608e-01 7.042656743029187538e-01 9.190885183575327882e-03
-7.089748187364907084e-01 7.051903621663352384e-01 7.828419611301699887e-03
-7.082182342460573432e-01 7.059639570520906959e-01 6.469055362640697450e-03
-7.076074412122478341e-01 7.065872862455047088e-01 5.112799037257920176e-03
-7.071424981878693394e-01 7.070610842920018735e-01 3.759653886832263828e-03
-7.068233692819605452e-01 7.073859929563586224e-01 2.409620535739072800e-03
-7.066499254227840421e-01 7.075625613631791877e-01 1.062697694791516238e-03
-7.066219454459681248e-01 7.075912463143487763e-01 -2.811171319789904522e-04
-7.067391170087763408e-01 7.074724127798278639e-01 -1.621826947501143991e-03
-7.070010373320659847e-01 7.072063345587528138e-01 -2.959434568785274024e-03
-7.074072137720678333e-01 7.067931951084066577e-01 -4.293941940966683815e-03
-7.079570642246767465e-01 7.062330885392094082e-01 -5.625349458251297993e-03
-7.086499173654862149e-01 7.055260207744451506e-01 -6.953655291753204487e-03
-7.094850127293419462e-01 7.046719108739983861e-01 -8.278854724229978493e-03
-7.104615006337243743e-01 7.036705925219017832e-01 -9.600939491744831661e-03
-7.115784419508019987e-01 7.025218156780077550e-01 -1.091989713231460678e-02
-7.128348077335365796e-01 7.012252483945777826e-01 -1.223571034163908715e-02
-7.142294787017556823e-01 6.997804787990377084e-01 -1.354835633604995447e-02
-7.157612445946573976e-01 6.981870172445682199e-01 -1.485780622286667074e-02
-7.174288033967611833e-01 6.964442986305874328e-01 -1.616402437840150016e-02
-7.192307604448823222e-01 6.945516848955313183e-01 -1.746696783391649133e-02
-7.211656274242802533e-01 6.925084676846472442e-01 -1.876658566990136584e-02
-7.232318212627147913e-01 6.903138711957801377e-01 -2.006281841911257413e-02
-7.254276629317417679e-01 6.879670552063498201e-01 -2.135559747889008431e-02
-7.277513761651893676e-01 6.854671182848854905e-01 -2.264484453334945913e-02
-7.302010861053779278e-01 6.828131011905993475e-01 -2.393047098613202556e-02
-7.327748178882833585e-01 6.800039904645389655e-01 -2.521237740448530745e-02
-7.354704951794873713e-01 6.770387222158558149e-01 -2.649045297553874120e-02
-7.382859386734174079e-01 6.739161861066645942e-01 -2.776457497573579791e-02
-7.412188645690418465e-01 6.706352295388325890e-01 -2.903460825448238303e-02
-7.442668830358584175e-01 6.671946620458399924e-01 -3.030040473317237304e-02
-7.474274966846866652e-01 6.635932598925743386e-01 -3.156180292085363631e-02
-7.495485694576892177e-01 6.613535344236582958e-01 -2.807969586986782881e-02
-7.512871778146300583e-01 6.595168959734335479e-01 -2.459807286138543381e-02
-7.526470354163004028e-01 6.580854322461757722e-01 -2.111939358399570268e-02
-7.536314618697339540e-01 6.570603162609331971e-01 -1.764611441670775258e-02
-7.542433798121586097e-01 6.564418154565480057e-01 -1.418068597975623985e-02
-7.544853156754224299e-01 6.562293013669988628e-01 -1.072555068474775018e-02
-7.543594040737832129e-01 6.564212598599103998e-01 -7.283140276684866438e-03
-7.538673957408198456e-01 6.570153019477681378e-01 -3.855873360534050210e-03
-7.530106689243242224e-01 6.580081751973493320e-01 -4.461529054007261873e-04
-7.517902441313601969e-01 6.593957757778761142e-01 2.943636279969899169e-03
-7.502068020992398445e-01 6.611731612021853888e-01 6.311130105749423840e-03
-7.482607048519946957e-01 6.633345638275723877e-01 9.653987797899768117e-03
-7.459520196860360830e-01 6.658734051936925358e-01 1.296989453629576565e-02
-7.432805459131650583e-01 6.687823112838199302e-01 1.625656413552265672e-02
-7.402458441739688810e-01 6.720531288026962979e-01 1.951174176811660416e-02
-7.368472681200169960e-01 6.756769425690279940e-01 2.273320672823768429e-02
-7.330839982492458606e-01 6.796440941232876343e-01 2.591877523189774213e-02
-7.289550776656139597e-01 6.839442016517792711e-01 2.906630324794452422e-02
-7.244594495216570840e-01 6.885661813258772135e-01 3.217368935206461888e-02
-7.195959958911152254e-01 6.934982701509407876e-01 3.523887759414774667e-02
-7.143635778085026811e-01 6.987280504126626157e-01 3.825986036749128016e-02
-7.087610762035070344e-01 7.042424757995796591e-01 4.123468126655371879e-02
-7.027874334506020171e-01 7.100278992692652391e-01 4.416143791832538579e-02
-6.964416952484057122e-01 7.160701027124526385e-01 4.703828477090932214e-02
-6.897230525392690215e-01 7.223543284541835696e-01 4.986343582162786753e-02
-6.826308831774896557e-01 7.288653126142318195e-01 5.263516726592127465e-02
-6.751647930545446874e-01 7.355873203307483621e-01 5.535182004751090790e-02
-6.673246563919356111e-01 7.425041828315778192e-01 5.801180228978452397e-02
-6.591106549167333739e-01 7.495993363172850366e-01 6.061359158814304954e-02
-6.505233156417553619e-01 7.568558625989162403e-01 6.315573714314171028e-02
-6.415635469815319514e-01 7.642565314122210518e-01 6.563686171467109087e-02
-6.322326729468242812e-01 7.717838443088111955e-01 6.805566337815906197e-02
-6.225324651743854298e-01 7.794200800038630916e-01 7.041091706482924262e-02
-6.124651725648472267e-01 7.871473410398238668e-01 7.270147586941691498e-02
-6.020335483199290572e-01 7.949476016064686013e-01 7.492627211040409074e-02
-5.912408741904618958e-01 8.028027563399021682e-01 7.708431812977156738e-02
-5.800909817687951442e-01 8.106946699069795814e-01 7.917470682145065497e-02
-5.685882706827881661e-01 8.186052271674043590e-01 8.119661188006094266e-02
-5.567377235735212482e-01 8.265163836936778585e-01 8.314928776410614175e-02
-5.445449177648152839e-01 8.344102164193122340e-01 8.503206937053041370e-02
-5.320160335593228096e-01 8.422689741784290529e-01 8.684437142036897928e-02
-5.191578591230296968e-01 8.500751278951604872e-01 8.858568755811610518e-02
-5.059777919471664109e-01 8.578114201792058635e-01 9.025558917033468798e-02
-4.924838369034414409e-01 8.654609140844924386e-01 9.185372393189945861e-02
-4.786846009348613706e-01 8.730070407911134645e-01 9.337981409105435004e-02
-4.645892844498821228e-01 8.804336459764927625e-01 9.483365450713113209e-02
-4.502076695119516248e-01 8.877250346499379052e-01 9.621511045727922096e-02
-4.355501049393890045e-01 8.948660142352328206e-01 9.752411523085748046e-02
-4.206274884517587354e-01 9.018419356985000190e-01 9.876066753220448524e-02
-4.054512460182294054e-01 9.086387325330033127e-01 9.992482871430394265e-02
-3.900333085806862443e-01 9.152429574286257141e-01 1.010167198673722760e-01
-3.743860863394551930e-01 9.216418164711769334e-01 1.020365187875972163e-01
-3.585224408022988918e-01 9.278232007351828736e-01 1.029844568521355724e-01
-3.424556548078069307e-01 9.337757151531073108e-01 1.038608158270278164e-01
-3.261994007424010578e-01 9.394887045637702050e-01 1.046659246349047750e-01
-3.097677071759348255e-01 9.449522768627763858e-01 1.054001561092508116e-01
-2.931749241443389886e-01 9.501573231977986644e-01 1.060639237615579600e-01
-2.764356873090350608e-01 9.550955351713055208e-01 1.066576785869697425e-01
-2.595648812220270329e-01 9.597594190325727803e-01 1.071819059329904983e-01
-2.425776019228236546e-01 9.641423068593484302e-01 1.076371224545482758e-01
-2.254891190888025643e-01 9.682383647471833887e-01 1.080238731771721444e-01
-2.083148379544769169e-01 9.720425980410360989e-01 1.083427286883063834e-01
-1.910702612075532436e-01 9.755508536591845914e-01 1.085942824748653002e-01
-1.737709510608677066e-01 9.787598195736444406e-01 1.087791484230645200e-01
-1.564324916894529460e-01 9.816670215241204422e-01 1.088979584943809836e-01
-1.390704522113103969e-01 9.842708170539811174e-01 1.089513605892266923e-01
-1.217003503791324326e-01 9.865703869668234205e-01 1.089400166076035514e-01
-1.043376171384114565e-01 9.885657243108959547e-01 1.088646007136697680e-01
-8.699756219525647816e-02 9.902576210060085593e-01 1.087257978088227023e-01
-6.969534072496330612e-02 9.916476522336218347e-01 1.085243022156171522e-01
-5.244592134009030959e-02 9.927381587156428600e-01 1.082608165726186011e-01
-3.526405542459724873e-02 9.935322270111339726e-01 1.079360509381619149e-01
-1.816424792861269163e-02 9.940336679627543859e-01 1.075507220989687096e-01
-1.160729706692956859e-03 9.942469934263872267e-01 1.071055530776908044e-01
1.573256852891054269e-02 9.941773914181578631e-01 1.066012728317075192e-01
3.250204057939459767e-02 9.938306998130165271e-01 1.060386161339259281e-01
4.913442740486625993e-02 9.932133787283315973e-01 1.054183236249242733e-01
6.561683800405043732e-02 9.923324817246129692e-01 1.047411420245487473e-01
8.193676849770717419e-02 9.911956259536450764e-01 1.040078244900261295e-01
9.808211939427768922e-02 9.898109613820280650e-01 1.032191311067929551e-01
1.140412110248600064e-01 9.881871392154861766e-01 1.023758294975649907e-01
1.298027971427377636e-01 9.863332796463589736e-01 1.014786955346769076e-01
1.453560766903713442e-01 9.842589390435044772e-01 1.005285141404063110e-01
1.606907037440316599e-01 9.819740767004583315e-01 9.952608015985295320e-02
1.757967956531410469e-01 9.794890212541510488e-01 9.847219929096423519e-02
1.906649393979079621e-01 9.768144368828129975e-01 9.736768905647326389e-02
2.052861961950298020e-01 9.739612893879234790e-01 9.621337980283442559e-02
2.196521043871138001e-01 9.709408122611985492e-01 9.501011571169226677e-02
2.337546806570510727e-01 9.677644728336792790e-01 9.375875580998951908e-02
2.475864196138915230e-01 9.644439385999795666e-01 9.246017496549639725e-02
2.611402918018210229e-01 9.609910438066914251e-01 9.111526485531151742e-02
2.744097401886455567e-01 9.574177563898209620e-01 8.972493489573196701e-02
2.873886751947464790e-01 9.537361453419463952e-01 8.829011312280093948e-02
3.000714683277871386e-01 9.499583485855438436e-01 8.681174701380284242e-02
3.124529444925184807e-01 9.460965414246220728e-01 8.529080424097421065e-02
3.245283730488468521e-01 9.421629056424426496e-01 8.372827334971978674e-02
3.362934576948770626e-01 9.381695993086774932e-01 8.212516435465568032e-02
3.477443252549169972e-01 9.341287273548812831e-01 8.048250924783192928e-02
