1.000000000000000000e+00 0.000000000000000000e+00 0.000000000000000000e+00
9.999938726386160548e-01 1.510126002847989512e-03 -3.158200742077955838e-03
9.999811686866182381e-01 8.511006704121955183e-04 -6.077658398420390101e-03
9.999784263641875448e-01 4.497781206279187483e-05 -6.568471260205843189e-03
9.999744209806155082e-01 -2.175633636850607140e-03 -6.813518352905431619e-03
9.999262899825611672e-01 1.806324297142251553e-04 -1.214010223080328604e-02
9.998812118838971141e-01 2.055379823617198287e-03 -1.527539450564717634e-02
9.998065443356094484e-01 6.194985530070753858e-03 -1.866805428848985690e-02
9.997230302658773882e-01 9.362306200859409760e-03 -2.159190116830457182e-02
9.995911813907428778e-01 1.408607774281442869e-02 -2.488077087397166237e-02
9.995501262207255877e-01 1.864404397907989258e-02 -2.349351084665867589e-02
9.993427340512139878e-01 2.283857165254944352e-02 -2.815137436365533485e-02
9.993027586271977514e-01 2.712742536536467269e-02 -2.565345384179034544e-02
9.990396074361506118e-01 3.296221648232326717e-02 -2.886789607619722961e-02
9.989736803338522542e-01 3.344056818046061558e-02 -3.055020082887116573e-02
9.986230733543093319e-01 4.017282497226279392e-02 -3.373576708651193634e-02
9.981562388940885544e-01 4.834323805187516060e-02 -3.670224292682754824e-02
9.977119130866808350e-01 5.442630384605860044e-02 -4.010880872759025467e-02
9.966858779887904918e-01 6.787128825231145135e-02 -4.484138495574772898e-02
9.957808857948564629e-01 7.868002935791985897e-02 -4.722162197827566715e-02
9.950551322782854591e-01 8.625387022267161363e-02 -4.924992123177035497e-02
9.939425755908922744e-01 9.534217245500986593e-02 -5.466285729731287790e-02
9.929035937373592580e-01 1.048880920008914835e-01 -5.604411784996718437e-02
9.918075826816560303e-01 1.134874122852621431e-01 -5.863725561063724140e-02
9.909045096794298901e-01 1.207997840503895193e-01 -5.929305570673338438e-02
9.898104467107112781e-01 1.271947821592298855e-01 -6.400600451849479400e-02
9.884517602339489839e-01 1.355312880044602097e-01 -6.778192486725853616e-02
9.862595500373749768e-01 1.484104732919977188e-01 -7.257019522393348687e-02
9.844409727473792948e-01 1.582011754099985623e-01 -7.647457887217323780e-02
9.818990233853274185e-01 1.726886320880678949e-01 -7.780068263271426587e-02
9.793864338756113064e-01 1.855161041927320120e-01 -7.991239190514289048e-02
9.767134442169955744e-01 1.985959350940886547e-01 -8.118192348643273049e-02
9.736203560700752435e-01 2.114906328117564793e-01 -8.564529776967406971e-02
9.709050231633823413e-01 2.236500599981597892e-01 -8.558089277112679305e-02
9.675646448040967629e-01 2.366835479621346716e-01 -8.831511069528835689e-02
9.632425387899533620e-01 2.533930627907013400e-01 -8.919512188709584344e-02
9.590742008425948706e-01 2.676086415090379034e-01 -9.253266994685267754e-02
9.543655031507668474e-01 2.832416875216529628e-01 -9.466063449865255719e-02
9.506943645486828354e-01 2.949846575830450401e-01 -9.573024573326255338e-02
9.447201465577511614e-01 3.119509421024794227e-01 -1.009477957301114781e-01
9.389805079666507792e-01 3.277722537165365102e-01 -1.043118331828427753e-01
9.340931742065915477e-01 3.409794599874293453e-01 -1.058440033203197905e-01
9.293322332850615375e-01 3.542316686421792538e-01 -1.042186565093921463e-01
9.242680830875120712e-01 3.672219658180587154e-01 -1.042906595290611638e-01
9.182673344645008173e-01 3.824253090568616731e-01 -1.026449641660202167e-01
9.134054710246157782e-01 3.944661136565365545e-01 -1.004337281617136840e-01
9.079768167940398538e-01 4.065944787475256339e-01 -1.012868852985274737e-01
9.009967934927780586e-01 4.223662045954361122e-01 -9.905337110913867149e-02
8.940194485622364740e-01 4.378969841803017626e-01 -9.473890185378000539e-02
8.880596731567990121e-01 4.500236407057556787e-01 -9.396138753687911793e-02
8.821970421117244499e-01 4.619453185599906586e-01 -9.129569618481074567e-02
8.760731809310777773e-01 4.736747449778747066e-01 -9.015553340510645830e-02
8.701301283387836705e-01 4.848994115177762132e-01 -8.801206159334289125e-02
8.614840918650180646e-01 4.994993641399805284e-01 -9.135396734491632587e-02
8.555756226593566049e-01 5.102141711153773684e-01 -8.758913227602553586e-02
8.497265412884869029e-01 5.200394959826424301e-01 -8.673943850775575615e-02
8.432912457102533788e-01 5.307723178904851791e-01 -8.450221255896270267e-02
8.347295208807263833e-01 5.443456274378668525e-01 -8.315327612290564219e-02
8.279117172335150876e-01 5.545168633290112892e-01 -8.410255182666251383e-02
8.226460708246979836e-01 5.626724613845527356e-01 -8.156681847780600236e-02
8.149031822822271343e-01 5.739740282020364681e-01 -8.053956149573775203e-02
8.077865457001627281e-01 5.843627053916387037e-01 -7.746694492054133352e-02
8.011050221752568090e-01 5.938001988501528938e-01 -7.504711659444031346e-02
7.937215252773532903e-01 6.036890487350541346e-01 -7.460345264941460608e-02
7.863561166557015980e-01 6.134809225963433477e-01 -7.269950334573528627e-02
7.798468237887228316e-01 6.219147795745934015e-01 -7.114028921554325924e-02
7.714615722870572512e-01 6.324114988777150836e-01 -7.001957534214683920e-02
7.652813038162770143e-01 6.400401487394089539e-01 -6.850646967085136096e-02
7.606136749237366601e-01 6.455708342051602600e-01 -6.859400775825273688e-02
7.525743497306072172e-01 6.550618064075182101e-01 -6.727466301948954730e-02
7.473311319574484912e-01 6.610807740343568328e-01 -6.684603038369833772e-02
7.397940187083548169e-01 6.693794926315215221e-01 -6.808749572307111475e-02
7.364745314569205448e-01 6.729950613804969173e-01 -6.843182165930657146e-02
7.313353322979240234e-01 6.785250405075944347e-01 -6.893767821344801150e-02
7.250308598957199147e-01 6.857021599074473173e-01 -6.436460453098261092e-02
7.159087037382538821e-01 6.955962049225976607e-01 -6.017183495711726782e-02
7.076042635158574790e-01 7.041849426631862086e-01 -5.847884174825424691e-02
6.999479278494780132e-01 7.119557682515583741e-01 -5.649676530670397212e-02
6.906954583773006195e-01 7.209770145103673311e-01 -5.596365294432128351e-02
6.864613956810470263e-01 7.252859308500666513e-01 -5.225966817603574371e-02
6.788909627449490891e-01 7.325074502517714414e-01 -5.039740271757821299e-02
6.720635467755977643e-01 7.386660946359496771e-01 -5.199030591453654426e-02
6.665312086164593142e-01 7.436550855744183952e-01 -5.208899901182666853e-02
6.606800104971299881e-01 7.490112939152894223e-01 -4.983981853897301306e-02
6.551557769328280045e-01 7.540156157525965686e-01 -4.723728846037533041e-02
6.488100293830157961e-01 7.596971461209925947e-01 -4.365540240267146155e-02
6.432277423435924790e-01 7.643153567701945761e-01 -4.560821267213135272e-02
6.390065829147760779e-01 7.678937388249020835e-01 -4.483073764893549806e-02
6.346274963892327703e-01 7.713627007021728321e-01 -4.740808951878292682e-02
6.270321283469889595e-01 7.776973046747801543e-01 -4.491786402696101854e-02
6.183333395069942062e-01 7.846918478025248778e-01 -4.384731995080021899e-02
6.111378854359436064e-01 7.902150230632098982e-01 -4.550499485165696023e-02
6.048750221138298189e-01 7.950995449182022279e-01 -4.407860687710947467e-02
5.991300191325046320e-01 7.995750862788064683e-01 -4.150787772804293008e-02
5.904117433114269842e-01 8.061469874154475468e-01 -3.925570518944074966e-02
5.869527935676982500e-01 8.087926965788516664e-01 -3.661686076617877428e-02
5.831916454972499997e-01 8.116696128715181757e-01 -3.286254181719099055e-02
5.770465383839827878e-01 8.160292993752257251e-01 -3.336881144249407433e-02
5.712643647179460604e-01 8.201822397941648246e-01 -3.095354059427028043e-02
5.651312613208910873e-01 8.245490237239905262e-01 -2.730508040776597964e-02
5.602224638237653931e-01 8.278304310575759217e-01 -2.911307078922427752e-02
5.583640625580184036e-01 8.291873607684563385e-01 -2.603645235511245146e-02
5.574320366234880586e-01 8.298658302961736677e-01 -2.433579091376780398e-02
5.530643252012327205e-01 8.328420290353841793e-01 -2.222632088458238384e-02
5.482202499075058411e-01 8.360552008379080746e-01 -2.159308286261176629e-02
5.462372042486218771e-01 8.372812448585427170e-01 -2.418752142665740387e-02
5.427305220650205930e-01 8.396408954621212839e-01 -2.113645138312631247e-02
5.368661505301686176e-01 8.433329042366605188e-01 -2.375608310136338719e-02
5.370917678960920316e-01 8.432359940593029402e-01 -2.203391984286297636e-02
5.333208407253655636e-01 8.456129264824356895e-01 -2.253135271058489056e-02
5.274341283314079032e-01 8.493239707491953006e-01 -2.149500957502943621e-02
5.253946932338945386e-01 8.506348614696940258e-01 -1.951284856515831528e-02
5.227011481530012826e-01 8.523440823639351072e-01 -1.711950586761944518e-02
5.186102257963495221e-01 8.548642087959956726e-01 -1.583100555861031988e-02
5.165360797010593030e-01 8.561724824275770418e-01 -1.261591244115583058e-02
5.157298307879013555e-01 8.566639888158232852e-01 -1.222924554767870764e-02
5.139531862243407190e-01 8.577391208413311929e-01 -1.165012857588737169e-02
5.136363391204517015e-01 8.579245520055585050e-01 -1.196564869476021004e-02
5.109551974068807789e-01 8.595559584372891582e-01 -9.399102308713987858e-03
5.082341685380077356e-01 8.611823364354230792e-01 -7.938256519815285739e-03
5.072958551920219161e-01 8.617530205748807903e-01 -5.713966685554192418e-03
5.064553494374153253e-01 8.622574455292307816e-01 -3.883201518687907049e-03
5.060778887171134555e-01 8.624876865029040829e-01 -4.047245448610546810e-04
5.060821523440474090e-01 8.624850124495340165e-01 -6.789685766036201650e-04
5.071151272805373145e-01 8.618757823595269985e-01 2.094301272300338329e-03
5.061763108427779212e-01 8.624177707957745298e-01 4.597130457023935676e-03
5.074919645628610532e-01 8.616503413352629703e-01 3.255432172913231854e-03
5.090846982587688974e-01 8.607016350446782260e-01 5.046592894609595523e-03
5.091998967621945704e-01 8.606163572222097491e-01 7.413062601421743780e-03
5.106977256537584831e-01 8.597364691706300688e-01 6.406190396520165635e-03
5.085715137116749718e-01 8.609904108264205824e-01 7.108487827541182420e-03
5.106766039787159484e-01 8.597173386815806229e-01 9.772739177207497713e-03
5.099986694312953484e-01 8.600884690745067562e-01 1.221414199059777696e-02
5.121906664757301941e-01 8.587675759528694552e-01 1.337813083271940234e-02
5.125435836223057873e-01 8.585841584847051511e-01 1.150306092277646360e-02
5.116579537335097516e-01 8.591393489697234376e-01 9.258518331445425228e-03
5.120670508643979657e-01 8.588851976180517100e-01 1.017622033236265273e-02
5.146414048371309446e-01 8.573202483533495233e-01 1.209210115879029435e-02
5.173034622150027850e-01 8.556608817583047921e-01 1.554304113556483936e-02
5.188427642731183731e-01 8.546361146525859320e-01 1.998249813202013919e-02
5.197512203840102263e-01 8.541802801877924622e-01 1.532059500034847754e-02
5.243829275372121623e-01 8.513746233315581113e-01 1.355724407450429637e-02
5.223487919536532464e-01 8.526093365322153783e-01 1.445896337751718594e-02
5.243157725706273364e-01 8.513372439406591274e-01 1.782892448965699844e-02
5.270097443392993686e-01 8.496387092417307940e-01 1.935964768413893367e-02
5.296096112132744338e-01 8.478800236289375514e-01 2.476142390859820477e-02
5.324263318568142056e-01 8.459576845618324015e-01 2.962768862771341175e-02
5.353208465973973151e-01 8.440229714945626238e-01 3.250873167925519974e-02
5.372271806045930687e-01 8.426969621637765417e-01 3.533821174690776612e-02
5.438427035434498791e-01 8.384941853418619306e-01 3.409718150714395601e-02
5.492151167440231241e-01 8.348806971185547265e-01 3.656473627105243096e-02
5.556266238313595229e-01 8.305435206373041890e-01 3.842548614727710199e-02
5.621657600383401787e-01 8.261192116791405970e-01 3.868732484192239501e-02
5.699119321420891282e-01 8.207667317972191512e-01 3.927294670738670085e-02
5.725679565877663801e-01 8.188409424601905684e-01 4.080991064800729845e-02
5.757468508740378743e-01 8.163001413613465429e-01 4.657945615176869308e-02
5.800930446655674366e-01 8.133119650296569692e-01 4.489665768074541097e-02
5.854887010448517337e-01 8.092223756915548627e-01 4.860175399071692270e-02
5.908364916327344396e-01 8.052418741682511039e-01 4.997766600741742476e-02
5.958082939023054969e-01 8.014353251452256410e-01 5.209509920304217223e-02
6.031809924896417430e-01 7.958056164002205168e-01 5.353610016359316992e-02
6.082797580911762925e-01 7.919093048059731021e-01 5.362267873656220013e-02
6.140390661105378234e-01 7.875469552524081429e-01 5.220939937602092629e-02
6.218821397463181189e-01 7.813867261132467767e-01 5.193641627855424131e-02
6.280981505112742669e-01 7.764697597114197380e-01 5.086677093548661738e-02
6.335555694854362319e-01 7.719455906583128080e-01 5.203218474634709045e-02
6.393464205806708156e-01 7.672518007230996195e-01 5.060465990773625744e-02
6.427193374105888424e-01 7.643282129446280493e-01 5.209835954247226536e-02
6.483517441355787225e-01 7.596571699415837209e-01 5.060635196459082469e-02
6.549779044673939010e-01 7.536870032843431266e-01 5.440449118817618918e-02
6.598281122575921920e-01 7.494612445573468618e-01 5.417294621375805946e-02
6.666550544957050572e-01 7.434087797131241349e-01 5.398543764205492729e-02
6.708196135543720295e-01 7.398163200412114504e-01 5.169972522793841313e-02
6.744369813519482948e-01 7.367316454729601061e-01 4.859262949618154553e-02
6.776813959693142042e-01 7.337127569208858890e-01 4.912757671059992531e-02
6.804972484315074954e-01 7.314376472302971388e-01 4.384593573724712701e-02
6.854876824843073591e-01 7.267632531787556749e-01 4.383849883658143265e-02
6.914839261060978792e-01 7.211317979668233624e-01 4.264871470421854882e-02
6.966128696119593400e-01 7.161339376239472809e-01 4.339004778670298157e-02
7.006069729514471378e-01 7.123670210700756567e-01 4.102559772476009614e-02
7.054103504399300562e-01 7.075108402902193783e-01 4.271593767353182303e-02
7.110066475870311375e-01 7.018263394991753890e-01 4.369598680177367439e-02
7.139500741303239639e-01 6.988480278183101246e-01 4.343648990202967491e-02
7.191396830155460940e-01 6.932603359587889980e-01 4.720408773830243876e-02
7.259281257571178481e-01 6.862303870356623037e-01 4.600233871893632392e-02
7.325481051415776435e-01 6.789929183594413109e-01 4.839311452223023918e-02
7.350831696545359062e-01 6.761609725765366230e-01 4.958907057348103942e-02
7.399741946029543271e-01 6.708883355054415798e-01 4.844621391934011284e-02
7.447212953065885932e-01 6.654347815821622936e-01 5.086007128212540612e-02
7.474025283858013458e-01 6.623207865504981973e-01 5.215974825484023109e-02
7.529805723033483611e-01 6.556920826065006924e-01 5.557115847164480205e-02
7.586875199693351446e-01 6.492824479509594626e-01 5.315593044830103919e-02
7.653084131648132393e-01 6.411721556760101581e-01 5.658005559340058277e-02
7.702455100594312043e-01 6.350725820649657516e-01 5.834957489223518978e-02
7.777187445476739791e-01 6.258148323278597269e-01 5.923979379883115293e-02
7.838881636909493800e-01 6.180722868053704078e-01 5.921147069024846471e-02
7.913108064216104465e-01 6.086111250696072394e-01 5.847827990298503503e-02
7.957481071270590123e-01 6.029528281935420120e-01 5.685806998033471338e-02
8.019445178544043484e-01 5.944005871600609447e-01 5.977403628489456888e-02
8.068523652158917647e-01 5.873643127922383300e-01 6.318566281752228952e-02
8.115182683934376584e-01 5.808490321040349347e-01 6.365928958235825275e-02
8.169525697497168615e-01 5.730569069426307838e-01 6.476328716205677349e-02
8.219197059108038772e-01 5.659529961186554603e-01 6.438327734189951135e-02
8.263401393514201443e-01 5.597225195126641628e-01 6.223084743921141609e-02
8.311500859350541282e-01 5.521765892558848643e-01 6.550230592440002553e-02
8.363117042089373010e-01 5.442304496271080927e-01 6.630199302644546044e-02
8.413660707751380308e-01 5.357678404565489050e-01 7.110526952259235700e-02
8.482134721159579893e-01 5.245831881138786068e-01 7.311899742982291839e-02
8.525753236434663318e-01 5.173599462201929899e-01 7.385124840556857306e-02
8.594815132873518948e-01 5.049923372105273867e-01 7.921029759963871264e-02
8.643956280753219978e-01 4.963981968659856303e-01 8.005642954005745549e-02
8.699257157985955669e-01 4.857452181801638069e-01 8.532781371084720290e-02
8.767731128159714782e-01 4.735543831610624643e-01 8.375654367600837702e-02
8.831499572658219055e-01 4.613337483976807096e-01 8.495486651584710502e-02
8.889144074866152101e-01 4.502757587849874898e-01 8.416009130671632532e-02
8.938178838704398110e-01 4.404963412573004167e-01 8.397956634124223441e-02
8.976379046357201297e-01 4.323666838584224736e-01 8.547073533319318739e-02
9.026561053930710621e-01 4.222698881449878927e-01 8.306684470938816012e-02
9.078910670744767542e-01 4.103895899061685837e-01 8.552308777016243146e-02
9.127773670918774007e-01 3.989546135248759340e-01 8.759393975999069104e-02
9.174057484255018213e-01 3.884373022917385621e-01 8.650525272133910426e-02
9.230543032846940665e-01 3.750456345868421471e-01 8.550747892695823027e-02
9.288632261759939279e-01 3.599829401432401155e-01 8.732350035563443691e-02
9.343702814328106454e-01 3.440687371332741828e-01 9.256827513587452538e-02
9.389110091596422070e-01 3.306425133704047337e-01 9.550732708636193447e-02
9.439532635626882717e-01 3.155235572554430656e-01 9.693877108236942375e-02
9.489504997100147721e-01 3.004662515677515855e-01 9.598429574270363196e-02
9.529003646764817592e-01 2.877862655358911503e-01 9.570770400418693313e-02
9.556778846140070449e-01 2.776847743154954307e-01 9.783123853486488941e-02
9.584955877263631185e-01 2.668412741868290139e-01 1.004088989641571672e-01
9.624372925500588316e-01 2.514707327753535893e-01 1.023568900825881367e-01
9.660603292739843306e-01 2.382893188505943172e-01 9.972785494088005909e-02
9.691674369068841166e-01 2.257743149245624303e-01 9.869367888468005834e-02
9.721033369827184467e-01 2.137839409631758225e-01 9.649628531705869983e-02
9.757545398112300594e-01 1.959088418499281836e-01 9.758487610364231790e-02
9.792390602827686363e-01 1.777657465701358852e-01 9.741769076695909468e-02
9.817400134035225712e-01 1.634398676897267366e-01 9.733426962115726555e-02
9.839697016790140971e-01 1.485039177001884758e-01 9.874318691188885277e-02
9.864235483625888312e-01 1.315472524614806349e-01 9.830517758557619223e-02
9.885777100511736748e-01 1.149020223333869217e-01 9.752764106380992781e-02
9.902743235846258596e-01 9.980562683806604163e-02 9.693093001650121554e-02
9.913383272037744609e-01 8.637248853670466409e-02 9.893492124037449320e-02
9.922482402274569457e-01 7.091821021926843216e-02 1.020492122826543030e-01
9.934194946629935075e-01 5.682761338186105571e-02 9.944010393840171935e-02
9.943907447309350278e-01 4.294432184926630369e-02 9.665834827496959381e-02
9.953488400357358712e-01 2.674405235948639284e-02 9.254969729593323646e-02
9.960438352432939846e-01 1.507093142340536901e-02 8.757596374054227306e-02
9.963085945002859711e-01 -1.589994488829019753e-03 8.582925206878910807e-02
9.963512433067730489e-01 -1.465762122281980689e-02 8.407947510433559646e-02
9.963462807838157076e-01 -2.873648554580001541e-02 8.042578585100589039e-02
9.964306493585358693e-01 -3.840363968186657345e-02 7.517396699615788713e-02
9.961934987727143476e-01 -4.729516164717492699e-02 7.322352448940927516e-02
9.955761233771984742e-01 -5.836192256194396022e-02 7.363472288084825512e-02
9.950090035118989151e-01 -6.954276724555581712e-02 7.156039581373202507e-02
9.945284387466898357e-01 -7.817368259352369675e-02 6.929692353576023811e-02
9.939553833276830730e-01 -8.739847547794135640e-02 6.643949183883619825e-02
9.930664755980763703e-01 -9.687395754450692231e-02 6.659140365727411748e-02
9.923553148164343529e-01 -1.064044662205011205e-01 6.252217450026846535e-02
9.917012500370933070e-01 -1.141187515900366073e-01 5.920764113084618641e-02
9.909244318587132616e-01 -1.229386040890592946e-01 5.435874851262341434e-02
9.897919126890797337e-01 -1.329988641379249992e-01 5.121791901271981196e-02
9.886556008967642972e-01 -1.420839527876275321e-01 4.870581735423874792e-02
9.874630303524025710e-01 -1.513682638315910489e-01 4.477070474748931495e-02
9.866713574848879897e-01 -1.576891294645722807e-01 4.017181004144775719e-02
9.861410941800463625e-01 -1.617879377040978284e-01 3.674791363759934149e-02
9.853910758115698165e-01 -1.670788934012429061e-01 3.300113071272478549e-02
9.845230607740724782e-01 -1.721958968947150392e-01 3.260244509529609119e-02
9.835097069315115181e-01 -1.785856880811354797e-01 2.856241771517445405e-02
9.832077296514774023e-01 -1.811791084707376764e-01 2.183333092741990972e-02
9.826584158672942992e-01 -1.845618698471170605e-01 1.787057031296405279e-02
9.823723133549487896e-01 -1.864692312467964574e-01 1.318586752391152569e-02
9.828278730585167100e-01 -1.844237066155791915e-01 6.105066794791684862e-03
9.827140368262241577e-01 -1.850972726200530438e-01 3.482090811698691953e-03
9.827558586026163834e-01 -1.849072817245266676e-01 -4.722590296965482187e-04
9.833687211585153687e-01 -1.816035979212070328e-01 -2.468799818484157874e-03
9.835664628615473637e-01 -1.805016131218176723e-01 -4.022971970870441519e-03
9.844877437512841167e-01 -1.753434180274113241e-01 -6.210612923507547248e-03
9.849439400667425737e-01 -1.725607718586508188e-01 -1.040281295306878101e-02
9.851353622977546687e-01 -1.709409247019097466e-01 -1.695646985109747554e-02
9.856174003845257214e-01 -1.678061360825569837e-01 -1.998610599586321535e-02
9.860860116598426650e-01 -1.643827245110654756e-01 -2.475280269003386074e-02
9.864267725413741195e-01 -1.614893628087615274e-01 -2.972224644732553850e-02
9.873304003667187079e-01 -1.553943272235146777e-01 -3.211366384123200135e-02
9.879718555307122063e-01 -1.509021654143682389e-01 -3.376615162809523674e-02
9.886430470016097649e-01 -1.453278860299521413e-01 -3.827185722386429456e-02
9.892535778832936000e-01 -1.397597492631553195e-01 -4.294851661654990049e-02
9.903218261165041003e-01 -1.309175692568808058e-01 -4.607900668649463072e-02
9.910894836332515556e-01 -1.235394433825183214e-01 -4.979603946237023265e-02
9.922975492488047555e-01 -1.136186047454025710e-01 -4.935980738756137742e-02
9.932298584076230119e-01 -1.044263207424812323e-01 -5.088807403235033611e-02
9.939342574847059852e-01 -9.529739329295888739e-02 -5.489173856865323109e-02
9.945276717231356089e-01 -8.655379294570354765e-02 -5.850773838653063746e-02
9.950579867365029196e-01 -7.830487713836686847e-02 -6.105697069189654907e-02
9.958091611977518687e-01 -6.525139069077373621e-02 -6.408100333995657427e-02
9.964920351953215905e-01 -5.228994672997955284e-02 -6.534056773074430058e-02
9.965353145479705077e-01 -4.383413091292409636e-02 -7.068196815912523856e-02
9.967526985676072870e-01 -3.147686379984793864e-02 -7.411659653604871223e-02
9.971305028512461588e-01 -2.110988405751015873e-02 -7.269895463169506744e-02
9.973283568795090481e-01 -7.682962605056155997e-03 -7.264382680429570804e-02
9.971171423810616385e-01 5.307775936573831330e-03 -7.569172184155624483e-02
9.967970926900303619e-01 1.671258437446010783e-02 -7.820646053689372934e-02
9.963502882461816590e-01 3.149704864885500416e-02 -7.933501121488874264e-02
9.958039783989107718e-01 4.388241816899277059e-02 -8.030426508955366971e-02
9.950709081247457455e-01 5.663885402962461069e-02 -8.139983451177044971e-02
9.942492992678578778e-01 6.851390459721282133e-02 -8.230541174523885173e-02
9.936132554936398797e-01 7.548936989328863811e-02 -8.386929512061583325e-02
9.926302830420573597e-01 9.042098695895323113e-02 -8.067943606389148259e-02
9.915104186369978478e-01 1.022302965208390507e-01 -8.034961911915504407e-02
9.902372906818635023e-01 1.156864018510691261e-01 -7.776097713040165671e-02
9.887292910808914703e-01 1.287747377874451093e-01 -7.636400204090533494e-02
9.870399887946869066e-01 1.415443966306018098e-01 -7.561249374600895190e-02
9.853369280013924980e-01 1.542214500582472780e-01 -7.298552956398579594e-02
9.835059935005454612e-01 1.667527024043303774e-01 -7.006783613696895840e-02
9.809780361533254611e-01 1.810714696445431815e-01 -6.996584977667406891e-02
9.791882675157804750e-01 1.907047873238488511e-01 -6.944080582418296621e-02
9.775704902443774769e-01 2.000591261990647407e-01 -6.582011235597834409e-02
9.753789956470096945e-01 2.102120276558381573e-01 -6.668375267945234053e-02
9.732879849213452728e-01 2.194901207114819119e-01 -6.733936377164878584e-02
9.714327607546354715e-01 2.290656287338007358e-01 -6.202687659258220021e-02
9.707715963030959516e-01 2.323273454293480200e-01 -6.022056731008038066e-02
9.680802469401657007e-01 2.431088232149663519e-01 -6.098147165931888658e-02
9.652503959431640856e-01 2.538612665570736393e-01 -6.201721391991352195e-02
9.627063981002044191e-01 2.632263636375666849e-01 -6.251621307860016907e-02
9.599849419511981008e-01 2.726446647159754266e-01 -6.398282932320430161e-02
9.587112426373196605e-01 2.773538168325549447e-01 -6.283007193042045024e-02
9.567236829781228247e-01 2.846657715396284094e-01 -6.037546999755039751e-02
9.546676273095722198e-01 2.907001963095779407e-01 -6.405561385439156874e-02
9.525814362373696831e-01 2.974367070167346361e-01 -6.418735923827448286e-02
9.482224370397427382e-01 3.107610599075590896e-01 -6.558794068613449380e-02
9.452057218576561670e-01 3.206880136292755701e-01 -6.119922912731511067e-02
9.420973717981213635e-01 3.296543126095328735e-01 -6.148642611953698822e-02
9.381647118020146614e-01 3.407565515868573036e-01 -6.108969177424221353e-02
9.351897145594177951e-01 3.490208551969187223e-01 -6.003869399986468125e-02
9.330748088964315734e-01 3.552267077134682594e-01 -5.643927116812764988e-02
9.307276859435202887e-01 3.616484566558101910e-01 -5.437253547941402892e-02
9.272047677546031430e-01 3.705098331333739892e-01 -5.489796352731198675e-02
9.244472147375738524e-01 3.775405199248932919e-01 -5.348370911511081405e-02
9.209218747233314240e-01 3.857472128532151712e-01 -5.569553552761551812e-02
9.184364835635990820e-01 3.921506159752256582e-01 -5.188761145617130921e-02
9.161693429323132243e-01 3.977025492447726074e-01 -4.966308071074485020e-02
9.128689519774597638e-01 4.052577822744936054e-01 -4.936001022588890064e-02
9.094486493087733381e-01 4.129449766346886541e-01 -4.878119230294392095e-02
9.047560318082481512e-01 4.224146384317191694e-01 -5.461135852617905045e-02
9.014454072932741591e-01 4.291462007660550304e-01 -5.683062927977932527e-02
8.975015629408347184e-01 4.371944425987620564e-01 -5.789618547090532447e-02
8.937091191674673141e-01 4.444620737862667315e-01 -6.113493106337451743e-02
8.889491394932997892e-01 4.537590383885168333e-01 -6.222673863843659892e-02
8.831457587229063488e-01 4.647947411799698836e-01 -6.339891189664238758e-02
8.789499463774950172e-01 4.724806124483360570e-01 -6.487732490971451216e-02
8.722716518506462569e-01 4.839684841131683957e-01 -7.011901938339369644e-02
8.665021900731746385e-01 4.942665235740144603e-01 -6.981807346053046925e-02
8.597020472010202807e-01 5.061605338076832217e-01 -6.865791365550556746e-02
8.529490227451416162e-01 5.170667944371909464e-01 -7.155347524473641696e-02
8.468794833955294310e-01 5.267700096557996758e-01 -7.285947221776421789e-02
8.423898291919948988e-01 5.335749053844958123e-01 -7.534720475862215217e-02
8.337008449941070154e-01 5.470422000425995135e-01 -7.541709140263873345e-02
8.262762692153523547e-01 5.581439464127685435e-01 -7.578170803150387214e-02
8.187874805902631836e-01 5.691029496563086987e-01 -7.555726018132577493e-02
8.102501925172959085e-01 5.808933945757731587e-01 -7.782991081859240434e-02
8.025960659637704220e-01 5.914142485900872881e-01 -7.790216183891848778e-02
7.960725129960406488e-01 6.000163431186752439e-01 -7.905028414997651576e-02
7.866034142434740195e-01 6.124203218621243616e-01 -7.871736427770749389e-02
7.784680138465374100e-01 6.228908545085513060e-01 -7.742441579770276139e-02
7.711525257177156423e-01 6.324390785514476532e-01 -7.310676703720429825e-02
7.632262308022241815e-01 6.417208237658489356e-01 -7.536650735030800408e-02
7.555329299932058706e-01 6.505187792945392733e-01 -7.742941985359030888e-02
7.483400820589491964e-01 6.587360745110435456e-01 -7.780688468667366908e-02
7.406494013319292469e-01 6.671366931733729855e-01 -7.979412624482867811e-02
7.326593962606811061e-01 6.757979877638176092e-01 -8.066780310516760699e-02
7.229549240650100517e-01 6.860275702121337860e-01 -8.186792060293451856e-02
7.144658835843938904e-01 6.946136574864782975e-01 -8.396650408529975074e-02
7.065254776869119846e-01 7.025938254085472012e-01 -8.475654351669625886e-02
6.978924692271597507e-01 7.106796856685645425e-01 -8.877213337812701888e-02
6.875519566361166790e-01 7.206903516799760823e-01 -8.875657613254138434e-02
6.779014458647347752e-01 7.298008674098535042e-01 -8.854563516049376859e-02
6.686658117554505898e-01 7.380843664261386161e-01 -9.009720391798134442e-02
6.564540704541094174e-01 7.490068427287106534e-01 -8.975972836761469953e-02
6.474536836510583759e-01 7.566491011057392413e-01 -9.102676111093944977e-02
6.366690939036308006e-01 7.655403287701330051e-01 -9.273875037797520149e-02
6.253547769373581922e-01 7.750894089441272561e-01 -9.037597558256084407e-02
6.143247264791603657e-01 7.835851724377496108e-01 -9.273302486630684294e-02
6.012499910491393429e-01 7.937064853770010586e-01 -9.234971170037423183e-02
5.881120533142222273e-01 8.037100858838421846e-01 -9.041192697358810260e-02
5.738144311576497403e-01 8.135343567123797248e-01 -9.433374285963780359e-02
5.632444243326513167e-01 8.209182615065366839e-01 -9.406876408976783122e-02
5.491076617405795668e-01 8.304397783192966065e-01 -9.407739576283698224e-02
5.336909349502139133e-01 8.405617579038792142e-01 -9.289737916697791975e-02
5.229320627179675496e-01 8.473841704213650461e-01 -9.209848767649753132e-02
5.087567633265472899e-01 8.562257216483238897e-01 -8.968876865229231943e-02
4.975315619273720236e-01 8.626330170312879186e-01 -9.125036302239107611e-02
4.848536018290910410e-01 8.700621682474435348e-01 -8.893151329419855811e-02
4.685576293866810516e-01 8.783960545267350817e-01 -9.420257642889993954e-02
4.530148955072310635e-01 8.863099330595176628e-01 -9.608440589537435572e-02
4.368721943043286093e-01 8.947529464439406555e-01 -9.251949424715411041e-02
4.209308344232844945e-01 9.025944837794095399e-01 -9.022436828819407895e-02
4.094108253060766422e-01 9.079608555263971592e-01 -8.938605653956555042e-02
3.966512102456201672e-01 9.133059260191009887e-01 -9.241271182349515556e-02
3.818396847577155140e-01 9.194138209644483473e-01 -9.421617363011521029e-02
3.694342572435175276e-01 9.247224821273959394e-01 -9.168787776282694146e-02
3.561807494631470394e-01 9.298790789610793528e-01 -9.197922877928695062e-02
3.426962470787296433e-01 9.347667775552745972e-01 -9.365020086952327572e-02
3.296729017699824849e-01 9.393497705833160349e-01 -9.453989980747705413e-02
3.173171189699325323e-01 9.437266205967764776e-01 -9.321972918727118584e-02
3.002333168663620100e-01 9.490713340062275627e-01 -9.551735350065210239e-02
2.864135656087383741e-01 9.533060282463283741e-01 -9.578565837714486664e-02
2.731539645205746658e-01 9.572564906570829590e-01 -9.511534662793344475e-02
2.616021691005486760e-01 9.605842237959534291e-01 -9.403329467535888331e-02
2.460035619640999760e-01 9.647200293016215955e-01 -9.379509030018313986e-02
2.318920256055490015e-01 9.683160718673682332e-01 -9.268268354675479603e-02
2.165387333787017754e-01 9.718866559592443943e-01 -9.245167015367958263e-02
2.016728167725810317e-01 9.752545749694895294e-01 -9.059026061407117469e-02
1.883341462162554658e-01 9.777756472924576947e-01 -9.211427291991679256e-02
1.759918086837773399e-01 9.803294528370742889e-01 -8.933674231336283245e-02
1.618847447734284850e-01 9.826262080084138262e-01 -9.076932885718945465e-02
1.482207382288078523e-01 9.851416553227844153e-01 -8.675562253337675001e-02
1.353728264999270459e-01 9.872791544294774457e-01 -8.339109915698265929e-02
1.215082196851544061e-01 9.890068232784646751e-01 -8.426898844445820935e-02
1.086472542425673954e-01 9.905093375779120413e-01 -8.418451562400611210e-02
9.529785238891888555e-02 9.919874719373549254e-01 -8.294082935337185325e-02
8.483103302560961179e-02 9.931304119894286409e-01 -8.059582452443345146e-02
7.356752620028898793e-02 9.937103377684143313e-01 -8.442505603418676285e-02
5.992407111130206021e-02 9.947193738327566592e-01 -8.332154247134600233e-02
5.048799187844650593e-02 9.951094707497178948e-01 -8.490059079585557389e-02
3.497194841040066060e-02 9.954821495459021952e-01 -8.827377253228745058e-02
2.091799674945736542e-02 9.956032147423964362e-01 -9.130543311084828029e-02
8.911011653406625613e-03 9.957457585087693408e-01 -9.171141798121165700e-02
-6.924859398200393021e-03 9.957697796786422195e-01 -9.162203944086233509e-02
-1.977210493620042836e-02 9.955265088411383578e-01 -9.239069178833278495e-02
-3.493031335907545443e-02 9.952136768690098556e-01 -9.126673254596676110e-02
-4.733210781020222302e-02 9.949985272719020779e-01 -8.796367625195493367e-02
-5.999943547043808112e-02 9.942854797458389182e-01 -8.829755680690966335e-02
-7.342102456890368944e-02 9.932326929520085557e-01 -8.998987037066466521e-02
-8.315886720604624693e-02 9.926903449664120638e-01 -8.746706757765888851e-02
-9.672674075479310851e-02 9.916025523754893323e-01 -8.583893013817232853e-02
-1.112303870032420317e-01 9.898018681605428304e-01 -8.899476876694051297e-02
-1.224455270662761913e-01 9.883512114944941196e-01 -9.038241895740919962e-02
-1.355115303515076752e-01 9.865331735857961748e-01 -9.159109415495081397e-02
-1.506530232496274824e-01 9.844638112375133643e-01 -9.019244371886846190e-02
-1.633008467210217696e-01 9.823247275029918235e-01 -9.149300048604969149e-02
-1.745837939453409038e-01 9.807103068714295713e-01 -8.790790074560415890e-02
-1.895750762762771768e-01 9.779072650506752673e-01 -8.808335564663866135e-02
-2.029829660652666123e-01 9.750897354869326739e-01 -8.943114290199562222e-02
-2.205745426091965111e-01 9.710610435883636482e-01 -9.158235035119592637e-02
-2.329253671607661169e-01 9.684316158593266888e-01 -8.880306787946400104e-02
-2.500997003763010262e-01 9.641907568120575700e-01 -8.824018640304602534e-02
-2.634223551729533708e-01 9.604865083168573348e-01 -8.985731102180025132e-02
-2.768501934908232931e-01 9.566993630130269377e-01 -8.989051886807833402e-02
-2.903133946731274451e-01 9.526308385943428325e-01 -9.062353144604021193e-02
-3.017655923489679926e-01 9.489741279022649856e-01 -9.157312979076291659e-02
-3.160247104856614975e-01 9.444680304588836117e-01 -9.004736611793660861e-02
-3.274798798011704926e-01 9.403993280965240453e-01 -9.168444998636350596e-02
-3.405220403821704878e-01 9.363463904886075717e-01 -8.544111151335866128e-02
-3.510396760609858502e-01 9.325394907669019018e-01 -8.450591991221663435e-02
-3.642196587161649068e-01 9.273630943592511278e-01 -8.568394190771856656e-02
-3.743728693619374215e-01 9.234186695428241443e-01 -8.451580861715071724e-02
-3.831766166173047883e-01 9.197864994767841473e-01 -8.466689045591488383e-02
-3.947078290937224843e-01 9.147881782482601976e-01 -8.583894850425051459e-02
-4.051199937159121189e-01 9.104445570880995708e-01 -8.347757574627207022e-02
-4.165693234274654988e-01 9.054024714799321361e-01 -8.195346162439402782e-02
-4.281343320667970742e-01 8.999521971638945184e-01 -8.238351162945459216e-02
-4.391808627928526221e-01 8.945296179663589919e-01 -8.328828736591360749e-02
-4.503349361690556774e-01 8.890580273290084046e-01 -8.230598883343627492e-02
-4.604015633707017607e-01 8.839194650106877438e-01 -8.195600231523823831e-02
-4.718321765434794202e-01 8.781410899197990005e-01 -7.901031519881474008e-02
-4.828823916946861639e-01 8.720574135317142872e-01 -7.962706742218673972e-02
-4.916279593185747254e-01 8.673050569916497254e-01 -7.799932263393272169e-02
-5.039025900850805373e-01 8.601836691463258244e-01 -7.852542023855769993e-02
-5.136663451255398805e-01 8.543126243055604307e-01 -7.935258305168259307e-02
-5.224119861873628423e-01 8.488373663992788698e-01 -8.099906595510666940e-02
-5.342446196329504460e-01 8.412075227771257380e-01 -8.338223212007822571e-02
-5.449413257528833432e-01 8.343918904269790326e-01 -8.263855815318757458e-02
-5.570516209507295757e-01 8.263475439082630380e-01 -8.272384716853412034e-02
-5.702033100654649855e-01 8.172209118071772638e-01 -8.377453747178562060e-02
-5.794505214367666746e-01 8.106717369470028967e-01 -8.395495674407768560e-02
-5.914637203527020048e-01 8.018050159891233486e-01 -8.531934464117110761e-02
-6.022642612362879566e-01 7.936153838620987333e-01 -8.632721949239653692e-02
-6.123651490737471725e-01 7.855895934942389580e-01 -8.864491827988266182e-02
-6.250853966585939725e-01 7.756778594948339212e-01 -8.713272540922974152e-02
-6.365066906899962129e-01 7.668225387009048877e-01 -8.271900220218242339e-02
-6.458060326581243071e-01 7.589763795356094800e-01 -8.300259021972884732e-02
-6.541925475249111832e-01 7.523311351128522118e-01 -7.765294820475790449e-02
-6.637453170216467413e-01 7.440726473095538029e-01 -7.614496755997852973e-02
-6.735067294551595474e-01 7.354098270402397164e-01 -7.457263583604722967e-02
-6.781013319422664054e-01 7.309051715094373458e-01 -7.717655229027337027e-02
-6.854908185594612569e-01 7.237808371458681611e-01 -7.901673128220564057e-02
-6.936811273932720345e-01 7.159235342936531854e-01 -7.912011701255983187e-02
-7.011084731911858547e-01 7.088109220583904690e-01 -7.767877430625570734e-02
-7.078504489992963888e-01 7.021270645428338009e-01 -7.723557122561477972e-02
-7.163788618542795694e-01 6.934895800008727962e-01 -7.663899171268725996e-02
-7.251339662603630831e-01 6.840801465263616210e-01 -7.883584512415151013e-02
-7.332542089969719123e-01 6.753863777734229190e-01 -7.868616190072201533e-02
-7.435326061970652933e-01 6.641337830373814644e-01 -7.801017952251666776e-02
-7.510697339035097286e-01 6.553779235325427610e-01 -7.983757593633698801e-02
-7.602764294359218855e-01 6.446555465112175920e-01 -7.999364706216512133e-02
-7.677130347997811466e-01 6.358606679187408517e-01 -7.935939480989805117e-02
-7.765421102060381386e-01 6.250453459785539900e-01 -7.937677807611175085e-02
-7.839202365407390571e-01 6.156915284378977615e-01 -7.995630626849019318e-02
-7.916612453009050920e-01 6.059377505589139679e-01 -7.817877889402181923e-02
-7.977401579948095733e-01 5.979639107678138554e-01 -7.778051206755104419e-02
-8.051556167146293186e-01 5.882852048154892932e-01 -7.513292841411875478e-02
-8.098364859855584630e-01 5.821395519969915222e-01 -7.265269621474097772e-02
-8.163953281481284296e-01 5.732818983747107744e-01 -6.961709096633009186e-02
-8.218983032438834657e-01 5.651754174713294887e-01 -7.113320469998081486e-02
-8.272931413770744369e-01 5.574285028727825608e-01 -6.971031949608998135e-02
-8.348100139011846998e-01 5.456427644811069344e-01 -7.325449195175727513e-02
-8.415985511570545086e-01 5.348224062265952705e-01 -7.534506495455425834e-02
-8.471079421461854553e-01 5.258183879239809455e-01 -7.696209203423122480e-02
-8.531237500533187523e-01 5.158548862517189360e-01 -7.793336733667288740e-02
-8.594447486516118007e-01 5.046455633375293015e-01 -8.177766103579781065e-02
-8.654680317135169387e-01 4.942379867319201536e-01 -8.181628798952685078e-02
-8.711554657757476505e-01 4.845199757943172703e-01 -7.955220878113965222e-02
-8.776682446967496443e-01 4.723791951007459411e-01 -8.097132047352899320e-02
-8.826951065449505363e-01 4.627219073319774889e-01 -8.208405330750877249e-02
-8.869922320113604597e-01 4.539143478201788651e-01 -8.489141170635058908e-02
-8.932656046428477659e-01 4.417280249317729890e-01 -8.338415977152825731e-02
-9.003522255720234346e-01 4.266661656863468544e-01 -8.556786534000450362e-02
-9.057514579894253570e-01 4.145916877945456380e-01 -8.790924598810567758e-02
-9.122235984892855809e-01 4.001731753103385802e-01 -8.780400265982236940e-02
-9.177636648128831842e-01 3.874637055144068976e-01 -8.707318285442561256e-02
-9.245656237867857508e-01 3.706819184448329474e-01 -8.816648668148648060e-02
-9.289742642231342273e-01 3.591379685080919870e-01 -8.959209117480991524e-02
-9.332518817451475046e-01 3.473964717566799254e-01 -9.141456923328404593e-02
-9.389538218101753930e-01 3.327797448743759490e-01 -8.731190328623954222e-02
-9.440558366567475268e-01 3.195600945680759919e-01 -8.148576439676435967e-02
-9.482066595756902805e-01 3.076994798110849749e-01 -7.889972938545405934e-02
-9.515501630104806763e-01 2.968496971864227341e-01 -8.020318586870198163e-02
-9.537871990851101156e-01 2.899986006231502489e-01 -7.868161764899728183e-02
-9.562294665517127035e-01 2.816504409000708531e-01 -7.936146987982652112e-02
-9.593437167158237466e-01 2.706303828238790787e-01 -8.011763589267391350e-02
-9.632847801758074313e-01 2.581784070304745105e-01 -7.366375550451645382e-02
-9.661703950585625034e-01 2.482899897960039459e-01 -6.976284876667347701e-02
-9.687039024227380724e-01 2.380440351914606678e-01 -7.034055127217424264e-02
-9.705500538645162045e-01 2.317163487391625531e-01 -6.587968532169298508e-02
-9.725504450960207325e-01 2.231959315396571664e-01 -6.579676402298291482e-02
-9.747645937351286927e-01 2.130309452542319126e-01 -6.672188132447549880e-02
-9.766226630468085590e-01 2.045322291702618700e-01 -6.614187420116642013e-02
-9.782912773806177187e-01 1.967339602664037179e-01 -6.513011388260486756e-02
-9.797071089429666424e-01 1.897880853309035776e-01 -6.445517513291035283e-02
-9.818377886131436361e-01 1.786717206547900616e-01 -6.380422661986120958e-02
-9.829164589103288607e-01 1.729760878898484455e-01 -6.288492713059845585e-02
-9.841672572274461350e-01 1.655140127273313222e-01 -6.340289925074064914e-02
-9.860391941859502074e-01 1.557544216698151240e-01 -5.888356045959859675e-02
-9.882032140727463609e-01 1.432880978932001281e-01 -5.406417196827843080e-02
-9.891598159552350555e-01 1.371354126696693043e-01 -5.250469572550992003e-02
-9.902529347934133641e-01 1.303370159434097397e-01 -4.910594063591658398e-02
-9.911104262934670173e-01 1.238029901623475676e-01 -4.871291931750790921e-02
-9.918543332375872046e-01 1.191661784780332772e-01 -4.499343829989971982e-02
-9.925395019253535622e-01 1.129441213402730265e-01 -4.592350728093938517e-02
-9.934354624313386228e-01 1.064660384252514580e-01 -4.184459889543831052e-02
-9.943858225349944124e-01 9.883303889175375223e-02 -3.780042388416840482e-02
-9.947501561532487990e-01 9.626064462979824765e-02 -3.472781054971667974e-02
-9.950089189107379495e-01 9.365491902004458025e-02 -3.443854128216064514e-02
-9.953938316256177865e-01 9.058199648097320367e-02 -3.140107631170617475e-02
-9.959377904796914427e-01 8.506268604532167543e-02 -2.953409210894592310e-02
-9.960472551234011984e-01 8.372513379174094383e-02 -2.966434211000862006e-02
-9.965522774268519290e-01 7.909772999056176312e-02 -2.504222676499987671e-02
-9.970020611652909981e-01 7.354988673674911492e-02 -2.402727231197250568e-02
-9.972226974341978911e-01 7.156823320349073314e-02 -2.061274693686033013e-02
-9.973110927578048290e-01 7.037450881735420050e-02 -2.044549801174343207e-02
-9.976816728635024001e-01 6.495802893493225760e-02 -2.029137064601724272e-02
-9.977865758137418606e-01 6.448845749616294309e-02 -1.622324262070382050e-02
-9.979687106286240228e-01 6.264187633320193738e-02 -1.159541188101182070e-02
-9.981797987858924692e-01 5.832400277149222406e-02 -1.534293544195480113e-02
-9.982433420926507539e-01 5.809423965530028516e-02 -1.163163671773541699e-02
-9.984065452203142454e-01 5.539148380981836345e-02 -1.077773929715572510e-02
-9.985925358965073162e-01 5.109516147209450243e-02 -1.422102287744138674e-02
-9.988428714137883579e-01 4.711778256991326630e-02 -9.635273384085924278e-03
-9.988502865456704294e-01 4.747448980389468859e-02 -6.654592578886904530e-03
-9.990082385665884912e-01 4.316083959724079100e-02 -1.094015581846398064e-02
-9.989623198445143348e-01 4.404230440502310967e-02 -1.160020516787638872e-02
-9.988952698487403303e-01 4.602902151397549046e-02 -9.464400590603553459e-03
-9.990462156482978751e-01 4.269398079055052031e-02 -9.159084345771961039e-03
-9.990300736288442174e-01 4.354184789077054224e-02 -6.559367622879307136e-03
-9.992352253099006099e-01 3.885469432514337268e-02 -4.391245240586785087e-03
-9.991720225413456280e-01 4.051879265381834461e-02 -3.674590962519880787e-03
-9.991664400020313641e-01 4.065009619204520280e-02 -3.741745508448500630e-03
-9.991414712270182408e-01 4.136976745684205897e-02 -2.206497373322685671e-03
-9.990897706040356985e-01 4.263466001445265913e-02 -1.386312282394999750e-03
-9.990155256788399996e-01 4.430493759390768255e-02 -2.248951634575755993e-03
-9.990017857291914050e-01 4.458386458952083575e-02 -2.777940698055613757e-03
-9.991498130778742048e-01 4.107141997353553481e-02 -3.577056066585759808e-03
-9.992304514845731234e-01 3.877734607923336019e-02 -5.901536280863471998e-03
-9.992023391197234483e-01 3.939875370794811843e-02 -6.513798943486744791e-03
-9.992404631976337104e-01 3.814031989990473992e-02 -7.988653619816377116e-03
-9.992838758982403036e-01 3.715024564439337040e-02 -7.183348611089936456e-03
-9.993655154506957405e-01 3.419518464121078932e-02 -9.963021225693421273e-03
-9.993744752058293379e-01 3.458245032933568441e-02 -7.397186217018889010e-03
-9.994273661804029540e-01 3.336682729737495273e-02 -5.621431752937093400e-03
-9.994150895672000434e-01 3.417596267411254080e-02 -1.219956242223930488e-03
-9.994222759599448169e-01 3.395908559585926467e-02 -1.378692588999961806e-03
-9.994259572827327576e-01 3.360701503335047219e-02 -4.281406113143836067e-03
-9.994130720903294796e-01 3.418460139979877244e-02 -2.220441442182808679e-03
-9.993323464102445985e-01 3.639451435922675532e-02 -3.210411288602982478e-03
-9.993604450504928183e-01 3.522508378978971011e-02 -6.156327300104869407e-03
-9.994981979502458591e-01 3.115853973754252951e-02 -5.701202885650300325e-03
-9.995155373908782837e-01 3.085553965071622523e-02 -4.078260247433304099e-03
-9.995268924588116555e-01 3.039871193620031359e-02 -4.681408393373512333e-03
-9.994164938319064495e-01 3.396679589643247094e-02 -3.596480014272662035e-03
-9.994169172341443863e-01 3.385284673334679889e-02 -4.451555997919464346e-03
-9.994499263356456664e-01 3.302745192587977496e-02 -3.006360297587981623e-03
-9.994129444834383147e-01 3.411301811239554616e-02 -3.174024005234202944e-03
-9.994564194110653332e-01 3.283933278395185368e-02 -2.906880359814793119e-03
-9.993882048288222908e-01 3.491694325925177173e-02 -2.007277904364363364e-03
-9.992070957456254954e-01 3.981354071457087612e-02 2.604616739950806927e-04
-9.991171813304891014e-01 4.191917187873556161e-02 2.765335069887586879e-03
-9.990612235116972384e-01 4.292002171467297622e-02 5.877883645527495586e-03
-9.988829344137416522e-01 4.530896200141777685e-02 1.341594321773904169e-02
-9.987011374424731303e-01 4.856648438687280467e-02 1.540587312142554025e-02
-9.986110665341182413e-01 5.036510639493146924e-02 1.546932819837783767e-02
-9.984314654767209030e-01 5.296215527362164999e-02 1.815558137057714239e-02
-9.983214204811141634e-01 5.423332654970988709e-02 2.032471395308205545e-02
-9.980239972344721044e-01 5.863849961253225079e-02 2.257506695440926817e-02
-9.976016851380020700e-01 6.461226077785692246e-02 2.482216710839240878e-02
-9.973138217143781015e-01 6.798730890162617280e-02 2.725570171152559215e-02
-9.968614110593203570e-01 7.323390916137052786e-02 3.006872471392457724e-02
-9.962157014275714317e-01 7.996917391908650585e-02 3.404723308038358487e-02
-9.953535137571170033e-01 8.751017251095574712e-02 4.016664395972034673e-02
-9.944622410269875479e-01 9.527164393138415344e-02 4.436408519525355393e-02
-9.939265734063426061e-01 1.013586636422451892e-01 4.285317932478288627e-02
-9.928211400697537492e-01 1.094956511291007434e-01 4.813411863737957624e-02
-9.915284165166475816e-01 1.203036633522358567e-01 4.897381975549002647e-02
-9.907093930185308928e-01 1.256356078752930983e-01 5.206342149349255100e-02
-9.892651759056753091e-01 1.361937590228411710e-01 5.296866060955603833e-02
-9.882568889975785753e-01 1.453378065667030039e-01 4.717256122629824577e-02
-9.869444828474720488e-01 1.533327357361577992e-01 4.929165429986630265e-02
-9.861356590058604210e-01 1.583435965581833083e-01 4.963642539553940469e-02
-9.854595640561922831e-01 1.629095757995145666e-01 4.826929636850546546e-02
-9.843431494108718649e-01 1.709595857845170597e-01 4.291143520266969130e-02
-9.835749474122109648e-01 1.750011259817372544e-01 4.421465573156379419e-02
-9.826347634156984423e-01 1.805295717821312484e-01 4.287193114553700807e-02
-9.809087827806114435e-01 1.892291523248916252e-01 4.483631191940415373e-02
-9.804312036778184414e-01 1.926678722756986761e-01 4.041971057009206142e-02
-9.796825746577906280e-01 1.965637150535795019e-01 3.980911933636361449e-02
-9.781910795899499966e-01 2.040306367203684745e-01 3.890653169992307897e-02
-9.771199040451135076e-01 2.089744241702357341e-01 3.957764885795971715e-02
-9.751731599736820355e-01 2.179748209611414855e-01 3.904219018282341358e-02
-9.734539953013600089e-01 2.260518401091711760e-01 3.588720804649406237e-02
-9.719629713949607952e-01 2.325557076434008885e-01 3.472509383989608178e-02
-9.709352478716092305e-01 2.363808161235754213e-01 3.753480176462600792e-02
-9.687995273821915498e-01 2.452155347076742653e-01 3.601144768129132395e-02
-9.672550046053514095e-01 2.511142423320262274e-01 3.687004821911102348e-02
-9.661424986254686376e-01 2.556061055911425517e-01 3.513115717866274745e-02
-9.652904956504945178e-01 2.581586137493628308e-01 3.960298303009592708e-02
-9.634387727889432984e-01 2.647483647606292401e-01 4.115873651401725369e-02
-9.619013765450524778e-01 2.699179582192699489e-01 4.347464606218066907e-02
-9.592139005815735198e-01 2.788302913668406768e-01 4.650127895506266096e-02
-9.561872288853505708e-01 2.883509676502078456e-01 5.059357995631392352e-02
-9.534717954789408978e-01 2.965951860269744889e-01 5.406328229126348972e-02
-9.499912847144702521e-01 3.074859913159375124e-01 5.448790493431734244e-02
-9.464446196643322429e-01 3.183332501855363206e-01 5.391225630190851770e-02
-9.437438973813941923e-01 3.260974989006810709e-01 5.484418869510573891e-02
-9.399885578875895042e-01 3.365130481153243980e-01 5.639580862517071247e-02
-9.368660776593519257e-01 3.451061267918617559e-01 5.642447628362809442e-02
-9.338053167371950236e-01 3.532002666232489374e-01 5.707197107069012648e-02
-9.295793599794786033e-01 3.640609015538112669e-01 5.780900706973707975e-02
-9.251742044976903889e-01 3.747419757189314748e-01 6.017599985943219987e-02
-9.212841970132416014e-01 3.835307834286847961e-01 6.433952677610874082e-02
-9.185616597304709918e-01 3.901363358063368314e-01 6.354624264448056892e-02
-9.152125017739962676e-01 3.977396233300402595e-01 6.472462321240597671e-02
-9.098588124441029379e-01 4.100892988790146854e-01 6.311668924800342695e-02
-9.048228345690754182e-01 4.210501970583673814e-01 6.334333192609829799e-02
-9.012855138806278310e-01 4.286645448574808448e-01 6.269879199445578533e-02
-8.975918683443403490e-01 4.360553869802353266e-01 6.468806333491312899e-02
-8.920801565436481395e-01 4.471903392865961835e-01 6.491381152350574057e-02
-8.856587562018441995e-01 4.595131670137679869e-01 6.675496353796182836e-02
-8.805788082635259695e-01 4.690198347923625333e-01 6.783336429601273532e-02
-8.747002076651448910e-01 4.795116549077760304e-01 7.048494760098909795e-02
-8.701823045868590789e-01 4.875617256018555112e-01 7.117814859552504259e-02
-8.646030596466515172e-01 4.974555003538544962e-01 7.070772758954331494e-02
-8.590311360711603283e-01 5.069094582750788280e-01 7.147248912848910840e-02
-8.524805745374238741e-01 5.175213187078875343e-01 7.381438351733633774e-02
-8.470804057797707287e-01 5.262832911981371042e-01 7.403169626544332804e-02
-8.387669892600885246e-01 5.388141435899744813e-01 7.841724942578605362e-02
-8.317743995196490436e-01 5.495820063494550878e-01 7.817272672891718843e-02
-8.237105865653758796e-01 5.612751059090461681e-01 8.044335752775420845e-02
-8.156208878103580195e-01 5.729560109002812540e-01 8.052319942843702560e-02
-8.089551273665833708e-01 5.822423280318895777e-01 8.115098321746290477e-02
-8.000591773824239361e-01 5.941311849074990548e-01 8.314719867644097817e-02
-7.912000542745879494e-01 6.058491231595993787e-01 8.336259904576363844e-02
-7.806763550051689649e-01 6.186215338834278876e-01 8.861058427895474043e-02
-7.717466349039047158e-01 6.295053084294250922e-01 9.016766234861044171e-02
-7.621199313177758894e-01 6.410471183076660306e-01 9.072933150496757804e-02
-7.544891570611563791e-01 6.498894739225680173e-01 9.159581226088807371e-02
-7.419579980733841396e-01 6.644852119445203709e-01 8.920617333424879503e-02
-7.318701040628349253e-01 6.756324661423778188e-01 8.880839277778170004e-02
-7.207727262939791490e-01 6.874552511663165610e-01 8.883672567482732430e-02
-7.101994629973571449e-01 6.984191310802718711e-01 8.847287289588359749e-02
-6.982156966251007457e-01 7.099768252346730923e-01 9.180282097218833703e-02
-6.898394182135348940e-01 7.181963375224836854e-01 9.118995094458200168e-02
-6.775505918016889728e-01 7.298247079565111095e-01 9.100055213602366300e-02
-6.649494870766818888e-01 7.415769906121892907e-01 8.891431717064654516e-02
-6.550028890001204918e-01 7.503860984159805847e-01 8.883652327983584951e-02
-6.439382822080460533e-01 7.597927188488782235e-01 8.976927266224986324e-02
-6.340625011152011270e-01 7.682043272460888916e-01 8.846957326355260609e-02
-6.227869361468404419e-01 7.773391583228939083e-01 8.877090867310151456e-02
-6.100884698888606739e-01 7.870448160754499600e-01 9.139215305344206008e-02
-5.993728961033467639e-01 7.953718707495399665e-01 9.019826993794319292e-02
-5.880191305666436774e-01 8.038473457615155082e-01 8.979396439897391335e-02
-5.752807034543249154e-01 8.127645476161388105e-01 9.201038886813311946e-02
-5.624398366104680358e-01 8.214281553785542922e-01 9.443106058118705404e-02
-5.505028292906471998e-01 8.293741503396664383e-01 9.531612210830685272e-02
-5.404371469518357562e-01 8.362659678790332896e-01 9.266569215537494297e-02
-5.272980834871439093e-01 8.443629328850416060e-01 9.491036812389158639e-02
-5.176421547788352395e-01 8.506370637008112690e-01 9.199562472656411249e-02
-5.060463084696573688e-01 8.574865442023641426e-01 9.291915686963474197e-02
-4.931013726984194157e-01 8.649795381604649114e-01 9.306688090048452489e-02
-4.821615994665870986e-01 8.716247874456670708e-01 8.826342074565449169e-02
-4.764714874221673280e-01 8.752437438072593334e-01 8.320649160027182578e-02
-4.663823236610598610e-01 8.807762163299555080e-01 8.198045285773265800e-02
-4.561444727908202101e-01 8.858227367576486655e-01 8.514874502350873453e-02
-4.450910375388008600e-01 8.915826651792051472e-01 8.351244973607442612e-02
-4.319346963026449160e-01 8.981428872474290781e-01 8.229083846160639704e-02
-4.196800324447378383e-01 9.039148132160707005e-01 8.250267083041755434e-02
-4.080105091259078609e-01 9.092676132620016727e-01 8.221825713776081956e-02
-3.972301326437132629e-01 9.140080448263211421e-01 8.244710789538410578e-02
-3.867830871100560453e-01 9.185142721040232550e-01 8.203892592207835677e-02
-3.775922890797102083e-01 9.227341581280157357e-01 7.736760682176252457e-02
-3.661778133514179134e-01 9.273877420799825355e-01 7.658847697820020395e-02
-3.539469395173170385e-01 9.321449150168917841e-01 7.633761439188396780e-02
-3.426522953244144909e-01 9.363529363901051950e-01 7.637141466986316352e-02
-3.312334847401534610e-01 9.403400680155579172e-01 7.774924411787374756e-02
-3.209895598985214038e-01 9.438747972945142894e-01 7.788503934497809089e-02
-3.081172224274303373e-01 9.479202313785923817e-01 8.069090392435003534e-02
-2.986622325663120803e-01 9.511402001807046647e-01 7.831475136159714301e-02
-2.903665862894421190e-01 9.536791339735833928e-01 7.863437438169103288e-02
-2.764271976714150481e-01 9.581227313860635197e-01 7.475858367610187238e-02
-2.620418175945085637e-01 9.623471485515698864e-01 7.226383206955126759e-02
-2.497178982575742889e-01 9.657235721695529573e-01 7.084464249808963832e-02
-2.379308643127832634e-01 9.688867141208461486e-01 6.817220094495417271e-02
-2.272175013773145569e-01 9.715021336754539050e-01 6.749682459813607927e-02
-2.201204667870092502e-01 9.732648360387722297e-01 6.559381880857761971e-02
-2.115230272391765975e-01 9.751762127456812257e-01 6.549330560121859046e-02
-2.043912918665234391e-01 9.767346732591402070e-01 6.491215524129773096e-02
-1.948009676219956687e-01 9.786767054553939804e-01 6.514982150056768118e-02
-1.832925519278761073e-01 9.810463789560985859e-01 6.286376453840045175e-02
-1.713788819867098356e-01 9.832356837857282317e-01 6.226458947941668209e-02
-1.618689068787582952e-01 9.848486802259842632e-01 6.222173420710815778e-02
-1.540088255274266738e-01 9.860543857837039683e-01 6.307170575623728681e-02
-1.448332005518515042e-01 9.876694621085327919e-01 5.943389577223155695e-02
-1.365956213293332833e-01 9.889650471202792170e-01 5.735662262826551200e-02
-1.296012667048014599e-01 9.899743879161767568e-01 5.616256167652648734e-02
-1.226646519634588817e-01 9.911238611022901157e-01 5.125315200801976168e-02
-1.174244628236858767e-01 9.918476251300584190e-01 4.949539940304623770e-02
-1.061035766935749108e-01 9.931241326534270275e-01 4.946209320132913256e-02
-9.767553156667771463e-02 9.941093394665666549e-01 4.696937592179279558e-02
-9.063606459457121400e-02 9.948023174478303199e-01 4.640542597259374180e-02
-8.391268083730107907e-02 9.953688532912942089e-01 4.689902400516840486e-02
-7.865299152810403815e-02 9.958671571640107523e-01 4.541280454118531984e-02
-7.144058528951099940e-02 9.965074325070020222e-01 4.323413440226368115e-02
-6.500021656748754262e-02 9.967467723559515491e-01 4.765347998995212581e-02
-5.786259725929309566e-02 9.971933238906599550e-01 4.751215780588920190e-02
-5.178651047799145979e-02 9.974964311642474657e-01 4.815638740532857121e-02
-4.347421518984700278e-02 9.979401142058734742e-01 4.717554033475669650e-02
-3.798080142892838740e-02 9.982352298298371451e-01 4.564970117228128732e-02
-3.009176818518304042e-02 9.984183226068265027e-01 4.749051569777313492e-02
-2.698522997646898500e-02 9.985846951355248358e-01 4.583027955715129192e-02
-2.143790124854265053e-02 9.987695450902158711e-01 4.471937748260304546e-02
-1.206748747135162614e-02 9.988550489104480734e-01 4.629230507098888725e-02
-3.329065916439917852e-03 9.988306303000196174e-01 4.823172963645506323e-02
5.880499710167210597e-03 9.987134985312654534e-01 5.036643672647585224e-02
1.272376980946855925e-02 9.985382547475070147e-01 5.253065555634407746e-02
1.982978056708730591e-02 9.984564318903325075e-01 5.188008966294309354e-02
2.950371214586339913e-02 9.982374702134018118e-01 5.149266266076162751e-02
3.777232561476200068e-02 9.979795842763711233e-01 5.108826731280102784e-02
4.761236366972744494e-02 9.973752100138004728e-01 5.455055912105283289e-02
5.970645456680484520e-02 9.968865790826011430e-01 5.150046525343052184e-02
6.675783734069457021e-02 9.963871612278691892e-01 5.249786932695642283e-02
7.798390542433611405e-02 9.954195426074287090e-01 5.530329977024717875e-02
8.653998106377132349e-02 9.949074008065920127e-01 5.167306779843653525e-02
9.458702475764241280e-02 9.942686743230857438e-01 4.983079772654420980e-02
1.008084715014517796e-01 9.936637560639406397e-01 4.969911824063449196e-02
1.120227490202273385e-01 9.926367363938087829e-01 4.607845174209011796e-02
1.194180976481288570e-01 9.917536196556244743e-01 4.651974108933353697e-02
1.242925660165996316e-01 9.912149294406128464e-01 4.521429143630897873e-02
1.342590439866755414e-01 9.899676909164867311e-01 4.402829249312941590e-02
1.408699744015922684e-01 9.890554804716672477e-01 4.387388004783204093e-02
1.462302379500639571e-01 9.883408900699282018e-01 4.241477350287663900e-02
1.525717099611977323e-01 9.873126449329260312e-01 4.399573805619867717e-02
1.607305229016648407e-01 9.859189232521136104e-01 4.614744100554824674e-02
1.665350869447966842e-01 9.848700696184879977e-01 4.792725025598654903e-02
1.775782090881903308e-01 9.829404781657186119e-01 4.789578865559972198e-02
1.841459584193116950e-01 9.817148420824747257e-01 4.823116589154970851e-02
1.923143436230591030e-01 9.801892178480270390e-01 4.737405359078832034e-02
2.007973371439989441e-01 9.785624613262902116e-01 4.578153769883024082e-02
2.076939596997777748e-01 9.770113976504475328e-01 4.808282921554776768e-02
2.161466149776390400e-01 9.751679645215725056e-01 4.825030887899880994e-02
2.194128391595051297e-01 9.744204959105338126e-01 4.860775316931563450e-02
2.271548956184752388e-01 9.725949360483729933e-01 4.959590977588809041e-02
2.361283031690922241e-01 9.704264504691682003e-01 5.015913835223780731e-02
2.411420727710043010e-01 9.692808250631516076e-01 4.842719708973061005e-02
2.484958876682229756e-01 9.673956389337254880e-01 4.894366256433807516e-02
2.564994871679570076e-01 9.654419778477653091e-01 4.614987645631071084e-02
2.648213142595023939e-01 9.631525456180076716e-01 4.697718562693476568e-02
2.690677068474700007e-01 9.621447830459856077e-01 4.335892404110725656e-02
2.733292026708153410e-01 9.609466033158947651e-01 4.327566575585735376e-02
2.795485303652694431e-01 9.590969632818000523e-01 4.456057569045979855e-02
2.874402614942972445e-01 9.567985163024191886e-01 4.375735347385362184e-02
2.917682037449170762e-01 9.553948935569692713e-01 4.573754919473090041e-02
2.968818512484456829e-01 9.537455474755303086e-01 4.722931158194568907e-02
3.043385893345745274e-01 9.514190828422162127e-01 4.668792817519434868e-02
