1.000000000000000000e+00 0.000000000000000000e+00 0.000000000000000000e+00
1.000000000000000000e+00 0.000000000000000000e+00 0.000000000000000000e+00
1.000000000000000000e+00 0.000000000000000000e+00 0.000000000000000000e+00
1.000000000000000000e+00 0.000000000000000000e+00 0.000000000000000000e+00
1.000000000000000000e+00 0.000000000000000000e+00 0.000000000000000000e+00
1.000000000000000000e+00 0.000000000000000000e+00 0.000000000000000000e+00
1.000000000000000000e+00 0.000000000000000000e+00 0.000000000000000000e+00
1.000000000000000000e+00 0.000000000000000000e+00 0.000000000000000000e+00
1.000000000000000000e+00 0.000000000000000000e+00 0.000000000000000000e+00
1.000000000000000000e+00 0.000000000000000000e+00 0.000000000000000000e+00
1.000000000000000000e+00 0.000000000000000000e+00 0.000000000000000000e+00
1.000000000000000000e+00 0.000000000000000000e+00 0.000000000000000000e+00
1.000000000000000000e+00 0.000000000000000000e+00 0.000000000000000000e+00
1.000000000000000000e+00 0.000000000000000000e+00 0.000000000000000000e+00
1.000000000000000000e+00 0.000000000000000000e+00 0.000000000000000000e+00
1.000000000000000000e+00 0.000000000000000000e+00 0.000000000000000000e+00
1.000000000000000000e+00 0.000000000000000000e+00 0.000000000000000000e+00
1.000000000000000000e+00 0.000000000000000000e+00 0.000000000000000000e+00
1.000000000000000000e+00 0.000000000000000000e+00 0.000000000000000000e+00
1.000000000000000000e+00 0.000000000000000000e+00 0.000000000000000000e+00
1.000000000000000000e+00 0.000000000000000000e+00 0.000000000000000000e+00
1.000000000000000000e+00 0.000000000000000000e+00 0.000000000000000000e+00
9.999999075963502682e-01 2.167756528960021250e-04 -3.712529514470815236e-04
9.999995499479512606e-01 6.000028230588657242e-04 -7.349396691705878566e-04
9.999987522213593660e-01 1.145496919765968003e-03 -1.087869301903523220e-03
9.999972750286967305e-01 1.847653139670037354e-03 -1.426961399204888792e-03
9.999948264269330478e-01 2.699502680198724060e-03 -1.749272729635075949e-03
9.999910763461851149e-01 3.692780787316773949e-03 -2.052022774079275639e-03
9.999856728792562155e-01 4.818006011456346833e-03 -2.332617674472915389e-03
9.999782597984300248e-01 6.064569948450507925e-03 -2.588672430629909531e-03
9.999684946226903293e-01 7.420836648830915309e-03 -2.818031152212300411e-03
9.999560665404387816e-01 8.874250789973775824e-03 -3.018785189176910640e-03
9.999407134999179769e-01 1.041145362262508450e-02 -3.189288982315649588e-03
9.999222378115201204e-01 1.201840562780005610e-02 -3.328173495737237093e-03
9.999005196616681523e-01 1.368051475351263375e-02 -3.434357115215653285e-03
9.998755280148703406e-01 1.538276904482315660e-02 -3.507053920075236478e-03
9.998473284759650248e-01 1.710987243676508063e-02 -3.545779261438401515e-03
9.998160877949414660e-01 1.884638244909242477e-02 -3.550352605903004527e-03
9.997820748179705452e-01 2.057684850545599825e-02 -3.520897630655961744e-03
9.997456578159600316e-01 2.228594959818537904e-02 -3.457839583236904397e-03
9.997072982514222383e-01 2.395863003353214740e-02 -3.361899946184096141e-03
9.996675411710405079e-01 2.558023202079261205e-02 -3.234088473164102931e-03
9.996339324491921863e-01 2.692000570004758619e-02 -2.704578698076766981e-03
9.996051890253059291e-01 2.801478748697149024e-02 -2.153605453312959061e-03
9.995823189914463391e-01 2.885605418698026711e-02 -1.586152958613639384e-03
9.995661134340485532e-01 2.943756612003691625e-02 -1.007326449317831000e-03
9.995571206045333890e-01 2.975540972282782887e-02 -4.223066775688185488e-04
9.995556288934820399e-01 2.980801986769103518e-02 1.636959435955937479e-04
9.995616591203554391e-01 2.959618190142831312e-02 7.454871809057600713e-04
9.995749663198230106e-01 2.912301353431061973e-02 1.317934440219996946e-03
9.995950508720136130e-01 2.839392683159034161e-02 1.876011484810593058e-03
9.996211784987727444e-01 2.741657068005703968e-02 2.414842058965542028e-03
9.996524083422543283e-01 2.620075422386341363e-02 2.929742069488566313e-03
9.996876280661265435e-01 2.475835188974887316e-02 3.416259984299227677e-03
9.997255946825437389e-01 2.310319075382363113e-02 3.870215114967860952e-03
9.997649796177284776e-01 2.125092114111132996e-02 4.287733459389071224e-03
9.998044163918788918e-01 1.921887149473410980e-02 4.665280792689041958e-03
9.998425492097176015e-01 1.702588870234955989e-02 4.999692709649667180e-03
9.998780807389423542e-01 1.469216522039531667e-02 5.288201341100728578e-03
9.999098173956448843e-01 1.223905448799516779e-02 5.528458490404075838e-03
9.999367105568085501e-01 9.688876267357787730e-03 5.718554964636034070e-03
9.999578922765413047e-01 7.064713680997325614e-03 5.857035908409705116e-03
9.999727042889716699e-01 4.390203832842000733e-03 5.942911986227508887e-03
9.999807193291325724e-01 1.689323995248075312e-03 5.975666301292243028e-03
9.999817540845030717e-01 -1.013824587299617767e-03 5.955256984045882024e-03
9.999758733937625932e-01 -3.695233187896997465e-03 5.882115431343088244e-03
9.999633856245155883e-01 -6.331200283206635596e-03 5.757140225933784702e-03
9.999448294766578593e-01 -8.898542364131822521e-03 5.581686814569859247e-03
9.999209527611669923e-01 -1.137479885735711432e-02 5.357553070297864026e-03
9.998926839844395342e-01 -1.373842923197603726e-02 5.086960909152582824e-03
9.998610978158968265e-01 -1.596900048054718246e-02 4.772534172466160428e-03
9.998273757228215430e-01 -1.804736330190153185e-02 4.417273022495759802e-03
9.997927632143397414e-01 -1.995581546892911257e-02 4.024525130437707661e-03
9.997585252411150814e-01 -2.167825103308887100e-02 3.597953961797751773e-03
9.997259013457030496e-01 -2.320029419318125896e-02 3.141504484462273074e-03
9.996960621497702482e-01 -2.450941683399758889e-02 2.659366639861735025e-03
9.996700686997238572e-01 -2.559503891644785215e-02 2.155936927759202586e-03
9.996488360748810864e-01 -2.644861107118325755e-02 1.635778461033454744e-03
9.996331024970870338e-01 -2.706367891012851495e-02 1.103579849073021459e-03
9.996234049741306027e-01 -2.743592872339741320e-02 5.641132678173315556e-04
9.996200622691846505e-01 -2.756321437255953438e-02 2.219207181759720506e-05
9.996231657235363777e-01 -2.744556532592610024e-02 -5.173717003954599221e-04
9.996379653542730725e-01 -2.686855862228623021e-02 -1.420931231431871340e-03
9.996622233573471128e-01 -2.588679093348435212e-02 -2.305136428612510231e-03
9.996945632789957514e-01 -2.451083329578819872e-02 -3.162245944631924491e-03
9.997331375051240476e-01 -2.275469273051143951e-02 -3.984791736023063358e-03
9.997757041204542450e-01 -2.063567769573967925e-02 -4.765643459640307548e-03
9.998197186416118987e-01 -1.817423550883850644e-02 -5.498069980823361291e-03
9.998624371868807259e-01 -1.539376269135262973e-02 -6.175797483902028921e-03
9.999010272533358501e-01 -1.232038941730224241e-02 -6.793063669095927327e-03
9.999326820157757867e-01 -8.982739518147707034e-03 -7.344667519146667531e-03
9.999547339508936261e-01 -5.411667806155952970e-03 -7.826014127343966162e-03
9.999647636292385844e-01 -1.639976811473890708e-03 -8.233154098656277065e-03
9.999606997062159275e-01 2.297884627823810772e-03 -8.562817069421102892e-03
9.999409064756443755e-01 6.366138146349321902e-03 -8.812438939551884773e-03
9.999042558136377323e-01 1.052800491455641724e-02 -8.980182474508633522e-03
9.998501809198953039e-01 1.474604362813429145e-02 -9.064951011319467844e-03
9.997787099361523655e-01 1.898249385931120164e-02 -9.066395091669475492e-03
9.996904782618841745e-01 2.319962107143493102e-02 -8.984911942541225563e-03
9.995867191668073026e-01 2.736005954710200860e-02 -8.821637827463561440e-03
9.994692330881145281e-01 3.142714951685070257e-02 -8.578433395046264689e-03
9.993403367673466819e-01 3.536526489941643064e-02 -8.257862251967952941e-03
9.992027940981945688e-01 3.914012826999530015e-02 -7.863163080944398156e-03
9.990597311957285509e-01 4.271910994938016293e-02 -7.398215706905969177e-03
9.989145387366978879e-01 4.607150843984839789e-02 -6.867501583844646922e-03
9.987707650413732985e-01 4.916880980615728758e-02 -6.276059228644973245e-03
9.986320036569381609e-01 5.198492399336245712e-02 -5.629435165794676073e-03
9.985017793532443564e-01 5.449639646878623456e-02 -4.933630968326786423e-03
9.983834364519659221e-01 5.668259395599369727e-02 -4.195046986810933333e-03
9.982800332832211243e-01 5.852586337925640841e-02 -3.420423351681939339e-03
9.981942463077592143e-01 6.001166344634017297e-02 -2.616778817333644501e-03
9.981282870701234655e-01 6.112866855832108093e-02 -1.791347992316043563e-03
9.980838346744386191e-01 6.186884494474921559e-02 -9.515174719339964705e-04
9.980619859178720965e-01 6.222749908250527207e-02 -1.047613607531855525e-04
9.980632245974490058e-01 6.220329857286317071e-02 7.414233541565484406e-04
9.980874108449820925e-01 6.179826573272255430e-02 1.579581140637580181e-03
9.981337906641702951e-01 6.101774421437048540e-02 2.402361547067698860e-03
9.982010251651928234e-01 5.987033901659954971e-02 3.202581702989570553e-03
9.982872383366915292e-01 5.836783030200799055e-02 3.973287283930997463e-03
9.983900815833056663e-01 5.652506150348637209e-02 4.707811525977555894e-03
9.985068127080105604e-01 5.435980229803819008e-02 5.399831867631691221e-03
9.986343865497883110e-01 5.189258715619961271e-02 6.043423786268487842e-03
9.987776397045062815e-01 4.893029106705931719e-02 7.003932914798709046e-03
9.989309084051085641e-01 4.554847036320940762e-02 7.898076074405048497e-03
9.990888477271209211e-01 4.177882079125601333e-02 8.718228561732072057e-03
9.992459952026819803e-01 3.765635855001019799e-02 9.457444612861699504e-03
9.993969643920468382e-01 3.321910902865100185e-02 1.010951829573687386e-02
9.995366343055011038e-01 2.850776628676206237e-02 1.066903827877163646e-02
9.996603280008214965e-01 2.356532566611212534e-02 1.113143575182120974e-02
9.997639740829210586e-01 1.843669254140475888e-02 1.149302480768794182e-02
9.998442454627566311e-01 1.316827083044383798e-02 1.175103465438137942e-02
9.998986705717425316e-01 7.807535454488740041e-03 1.190363312017680801e-02
9.999257132461828457e-01 2.402593429616948530e-03 1.194994103263457945e-02
9.999248186554360318e-01 -2.998261353358113064e-03 1.189003719458407542e-02
9.998964239025187606e-01 -8.346994365458715315e-03 1.172495383832965546e-02
9.998419332266151871e-01 -1.359627231645700943e-02 1.145666260642821607e-02
9.997636590311101967e-01 -1.869989537745071762e-02 1.108805127507223216e-02
9.996647311963451354e-01 -2.361321469407526297e-02 1.062289159611136923e-02
9.995489782644616517e-01 -2.829353051825797202e-02 1.006579877839273648e-02
9.994207850612716326e-01 -3.270046678858794242e-02 9.422183251917693944e-03
9.992849321115691019e-01 -3.679631857968049258e-02 8.698195454485269443e-03
9.991464227833901646e-01 -4.054636948378737699e-02 7.900664447183255654e-03
9.990223362757159054e-01 -4.370281653878170525e-02 6.666150964168018889e-03
9.989136395272790736e-01 -4.628807908661086018e-02 5.381086665689341526e-03
9.988254961088338657e-01 -4.828218731012552667e-02 4.057078464057943534e-03
9.987619950724145879e-01 -4.967047004224618006e-02 2.706008489380009804e-03
9.987260107619694294e-01 -5.044363908908670868e-02 1.339930543499155214e-03
9.987191093264343733e-01 -5.059783101100899516e-02 -2.903336684988828097e-05
9.987415046772613048e-01 -5.013460745037364580e-02 -1.388795899240277036e-03
9.987920648995803896e-01 -4.906091484586817819e-02 -2.727406190913726595e-03
9.988683683859748141e-01 -4.738900407456446418e-02 -4.033150191560491531e-03
9.989668072643054231e-01 -4.513631027057572742e-02 -5.294649076671748174e-03
9.990827340843781990e-01 -4.232529283775370715e-02 -6.500955263589025708e-03
9.992106462588966620e-01 -3.898323555147377439e-02 -7.641645484180164573e-03
9.993444014664550901e-01 -3.514200666932770084e-02 -8.706910281110766606e-03
9.994774561599641949e-01 -3.083777916745264469e-02 -9.687639199323262382e-03
9.996031185207109315e-01 -2.611071159794899066e-02 -1.057550085209147013e-02
9.997148066886061279e-01 -2.100459061675068184e-02 -1.136301696361091858e-02
9.998063029079609088e-01 -1.556643693770400419e-02 -1.204362943849443535e-02
9.998719943705466351e-01 -9.846077290202214644e-03 -1.261175949208279828e-02
9.999070920171385657e-01 -3.895685845365366544e-03 -1.306285790098789257e-02
9.999078193651169677e-01 2.230700527812751362e-03 -1.339344550448953904e-02
9.998783590266655530e-01 8.260954667324533346e-03 -1.322993846778865862e-02
9.998154695266735503e-01 1.418925391941860265e-02 -1.294987305153061548e-02
9.997218669286027648e-01 1.996333475499756718e-02 -1.255631095209912805e-02
9.996013256060032326e-01 2.553260338954646547e-02 -1.205331781040179691e-02
9.994585340731663159e-01 3.084859111191168637e-02 -1.144591845380763841e-02
9.992989198467072676e-01 3.586538253585407066e-02 -1.074004316517011490e-02
9.991284499859707235e-01 4.054001248075043279e-02 -9.942465883970777810e-03
9.989534147394448782e-01 4.483282803208316070e-02 -9.060735329624340292e-03
9.987802022113421163e-01 4.870781320017784216e-02 -8.103100080305746661e-03
9.986150721486719561e-01 5.213287443596236609e-02 -7.078428643933090333e-03
9.984639368389759406e-01 5.508008602951684762e-02 -5.996125525565613318e-03
9.983321567183631728e-01 5.752589507362800697e-02 -4.866044234141589722e-03
9.982243576440170685e-01 5.945128619427673261e-02 -3.698398089532779938e-03
9.981442759176148982e-01 6.084190661933971261e-02 -2.503669597604149359e-03
9.980946360938274253e-01 6.168815237512095817e-02 -1.292519065774239790e-03
9.980770654119569540e-01 6.198521647939799623e-02 -7.569304332714281262e-05
9.980920473909262736e-01 6.173309996214225437e-02 1.136066902957606067e-03
9.981389157704703141e-01 6.093658642232097772e-02 2.332114620589777199e-03
9.982158886060790159e-01 5.960518065849262914e-02 3.501988582562363950e-03
9.983201409724128395e-01 5.775301173235680013e-02 4.635499453916943485e-03
9.984479134385881860e-01 5.539870067767516115e-02 5.722815569493492315e-03
9.985946522863250463e-01 5.256519298814112118e-02 6.754545837887782414e-03
9.987551763839865870e-01 4.927955603654212563e-02 7.721819530685397961e-03
9.989238647391444070e-01 4.557274171487095404e-02 8.616362351956717916e-03
9.990948580594181117e-01 4.147931485136283764e-02 9.430568118815131629e-03
9.992622671816346891e-01 3.703714835479610112e-02 1.015756532795823903e-02
9.994203810029096413e-01 3.228708654629228875e-02 1.079127784361746077e-02
9.995638665770725240e-01 2.727257874103473576e-02 1.132647892635708226e-02
9.996879543304766358e-01 2.203928580442508084e-02 1.175883783524676006e-02
9.997886018974703193e-01 1.663466309012960262e-02 1.208495828159114951e-02
9.998626308620511827e-01 1.110752382841564967e-02 1.230240809176665756e-02
9.999078316922077603e-01 5.507587628948663536e-03 1.240973954839758898e-02
9.999230333308227747e-01 -1.149807473159181193e-04 1.240650001925328212e-02
9.999081352165911651e-01 -5.710036841177519064e-03 1.229323264582654271e-02
9.998641008982110945e-01 -1.122792047977312115e-02 1.207146704079041510e-02
9.997929138189283194e-01 -1.661991258949678529e-02 1.174370012652433889e-02
9.996974972288692474e-01 -2.183867930349103412e-02 1.131336742632160254e-02
9.995816014738531097e-01 -2.683869816807426742e-02 1.078480528671019525e-02
9.994496630606981569e-01 -3.157666173757746331e-02 1.016320465551312675e-02
9.993066408670037148e-01 -3.601185444817953107e-02 9.454557159421655282e-03
9.991578356139803052e-01 -4.010649934086071150e-02 8.665594312595729237e-03
9.990086992307771752e-01 -4.382607192043964928e-02 7.803720742112376860e-03
9.988646409957827599e-01 -4.713957915052266467e-02 6.876942337329132113e-03
9.987308373433653186e-01 -5.001980225476646003e-02 5.893790221063724064e-03
9.986120519823721287e-01 -5.244350259064671504e-02 4.863241405527345997e-03
9.985124725030314341e-01 -5.439159035849086554e-02 3.794636941316238167e-03
9.984355689763855235e-01 -5.584925629097351601e-02 2.697598300559230985e-03
9.983839792050361872e-01 -5.680606673190876504e-02 1.581942662996262952e-03
9.983594242994555668e-01 -5.725602266340928947e-02 4.575977035478210383e-04
9.983626571662311822e-01 -5.719758329190161028e-02 -6.654835817406711766e-04
9.983934453401647202e-01 -5.663365477829795241e-02 -1.777407522465268693e-03
9.984505884079842852e-01 -5.557154462359277514e-02 -2.868423435147923056e-03
9.985319690938312398e-01 -5.402288212919144350e-02 -3.929005852630042261e-03
9.986346359408758699e-01 -5.200350527287977281e-02 -4.949934868261799716e-03
9.987549144632272835e-01 -4.953331430601271707e-02 -5.922374118108778181e-03
9.988885426897535780e-01 -4.663609241038635389e-02 -6.837945888182586293e-03
9.990308262062579381e-01 -4.333929387311542120e-02 -7.688802789910824907e-03
9.991768071514434135e-01 -3.967380045548400680e-02 -8.467695401811033140e-03
9.993214411582124201e-01 -3.567364694908323197e-02 -9.168035235190353030e-03
9.994597759732291031e-01 -3.137571732232063981e-02 -9.783952353144604111e-03
9.995871254465106270e-01 -2.681941334653186598e-02 -1.031034696105244050e-02
9.996992327642861831e-01 -2.204629812973046832e-02 -1.074293429792362413e-02
9.997924171996733778e-01 -1.709971754785028289e-02 -1.107828219461967634e-02
9.998636992655132172e-01 -1.202440311482993671e-02 -1.131384072855890627e-02
9.999108999518493412e-01 -6.866060339614236258e-03 -1.144796349451102611e-02
9.999327106884919880e-01 -1.670947047256267359e-03 -1.147992012497254730e-02
9.999287317548442022e-01 3.514553535831165150e-03 -1.140989982707733830e-02
9.998994780226208023e-01 8.644359937921355930e-03 -1.123900585022805619e-02
9.998463521161635725e-01 1.367311479245449102e-02 -1.096924095277129231e-02
9.997715862618654636e-01 1.855659743045192517e-02 -1.060348408969588076e-02
9.996781552255993297e-01 2.325212199820583109e-02 -1.014545868916931493e-02
9.995696637609622348e-01 2.771891674656929913e-02 -9.599693017009023818e-03
9.994502128728680601e-01 3.191848060605429610e-02 -8.971473239290666049e-03
9.993242499089589614e-01 3.581491370646952555e-02 -8.266789880113766670e-03
9.991964080022344152e-01 3.937521908905484286e-02 -7.492278431743373476e-03
9.990713406880664671e-01 4.256957345992477132e-02 -6.655154907484880575e-03
9.989535576023896857e-01 4.537156541448957719e-02 -5.763147135136422600e-03
9.988472670390180497e-01 4.775840009553488502e-02 -4.824422573766738200e-03
9.987562308142868828e-01 4.971106971070564373e-02 -3.847513403296929160e-03
9.986836363747026990e-01 5.121448971330808120e-02 -2.841239590269066875e-03
9.986319904114718815e-01 5.225760073660997568e-02 -1.814630580082932012e-03
9.986030374420677980e-01 5.283343656726816051e-02 -7.768462116876748581e-04
9.985977059134379941e-01 5.293915855682262278e-02 2.629025994237367461e-04
9.986160834056569957e-01 5.257605691659959779e-02 1.295432905573474939e-03
9.986574215010333155e-01 5.174951934113534296e-02 2.311668023849777417e-03
9.987201698640397751e-01 5.046896738185110282e-02 3.302714626677204918e-03
9.988020380834571332e-01 4.874776097084533577e-02 4.259938168681818085e-03
9.989000828901801743e-01 4.660307149810784255e-02 5.175036181205545406e-03
9.990108175110365973e-01 4.405572389514184062e-02 6.040108944101415731e-03
9.991303391774334353e-01 4.113000829027033817e-02 6.847727016058543885e-03
9.992544702017415181e-01 3.785346198622140113e-02 7.590995074264490078e-03
9.993789075847484549e-01 3.425662277248525678e-02 8.263611486797623612e-03
9.994993758407733075e-01 3.037275491970366920e-02 8.859923021904277454e-03
9.996117776346408190e-01 2.623754960017847526e-02 9.374974092046114982e-03
9.997123369222644662e-01 2.188880192028356056e-02 9.804549941331178881e-03
9.997977295731147462e-01 1.736606721480513094e-02 1.014521321558548711e-02
9.998651969202816403e-01 1.271029971421836803e-02 1.039433340642299461e-02
9.999126383168405185e-01 7.963477126334172346e-03 1.055010873423746325e-02
9.999386795534264127e-01 3.168215046940520314e-03 1.061158012850657410e-02
9.999427148825521527e-01 -1.632624593934024412e-03 1.057863707412211307e-02
9.999249213662517732e-01 -6.396326652024751820e-03 1.045201521532855213e-02
9.998862452772655507e-01 -1.108071297921157071e-02 1.023328573900417725e-02
9.998283613004048664e-01 -1.564452529030180977e-02 9.924836690639673303e-03
9.997536062600758111e-01 -2.004779641223548153e-02 9.529846503531629390e-03
9.996648900042709451e-01 -2.425220591075273949e-02 9.052250138820423439e-03
9.995655868704944602e-01 -2.822141645191713483e-02 8.496698336218707834e-03
9.994594118162383189e-01 -3.192138769056852149e-02 7.868510558847147812e-03
9.993502857934899453e-01 -3.532066496018115842e-02 7.173622278109167798e-03
9.992421952683193664e-01 -3.839064054248646912e-02 6.418527285063010783e-03
9.991390509254385321e-01 -4.110578579474499089e-02 5.610215733840716486e-03
9.990445505537320914e-01 -4.344385288420329894e-02 4.756108622251474516e-03
9.989620508890073580e-01 -4.538604530352813304e-02 3.863989397887658116e-03
9.988944528075346385e-01 -4.691715670363131446e-02 2.941933348790503298e-03
9.988441037363547936e-01 -4.802567787314261649e-02 1.998235400509300753e-03
9.988127204957932825e-01 -4.870387191511527797e-02 1.041336900821866664e-03
9.988013350410365199e-01 -4.894781782582652285e-02 7.975193385922950493e-05
9.988102647498043885e-01 -4.875742277775962918e-02 -8.780063292959927861e-04
9.988391080399705579e-01 -4.813640346348137949e-02 -1.823498763337052207e-03
9.988867652226306459e-01 -4.709223688669807173e-02 -2.748432441762363974e-03
9.989514836305212198e-01 -4.563608101033485298e-02 -3.644731353963910278e-03
9.990386423419704842e-01 -4.356631111581135002e-02 -4.875516363510531449e-03
9.991428017724039989e-01 -4.095122573836580682e-02 -6.054939550760718783e-03
9.992589650733867401e-01 -3.781634252228709137e-02 -7.172798827718026259e-03
9.993814961439301259e-01 -3.419166809105365218e-02 -8.219470719438359135e-03
9.995043393928290110e-01 -3.011143299627742909e-02 -9.185993715415152402e-03
9.996212546637107677e-01 -2.561378853383789247e-02 -1.006414671266091763e-02
9.997260587929535092e-01 -2.074046646907527769e-02 -1.084652170678203353e-02
9.998128650363587999e-01 -1.553640334670322067e-02 -1.152658983967433902e-02
9.998763116772692028e-01 -1.004933180469480200e-02 -1.209875989549604250e-02
9.999117715212939572e-01 -4.329342121893176021e-03 -1.255842835693224586e-02
9.999155346832595548e-01 1.571581944423200948e-03 -1.290202019535328232e-02
9.998849580594891817e-01 7.600048187274727717e-03 -1.312701967206577648e-02
9.998185761187308174e-01 1.370175630725274304e-02 -1.323199057097852738e-02
9.997161690911636756e-01 1.982200750970009376e-02 -1.321658546004613258e-02
9.995787862293809001e-01 2.590621688606633763e-02 -1.308154378148148819e-02
9.994087234926413155e-01 3.190042196853699885e-02 -1.282867878853694195e-02
9.992094566961310376e-01 3.775178091718140588e-02 -1.246085356798645911e-02
9.989855328001040480e-01 4.340905409181337882e-02 -1.198194660032906103e-02
9.987424235227098102e-01 4.882306325842133976e-02 -1.139680750285352283e-02
9.984863467853958285e-01 5.394712335035323908e-02 -1.071120376426961535e-02
9.982403688927782293e-01 5.852141192969545491e-02 -9.561179249455698664e-03
9.980066892850123494e-01 6.255577991987469610e-02 -8.332325464790613784e-03
9.977936571818600830e-01 6.601755868733928667e-02 -7.035910021770909982e-03
9.976088108074622207e-01 6.887931296080469779e-02 -5.683716294226061165e-03
9.974586216663631211e-01 7.111901960362518316e-02 -4.287937240761933305e-03
9.973482790436098977e-01 7.272020013832866669e-02 -2.861068348964191342e-03
9.972815216003676486e-01 7.367200892815659041e-02 -1.415800404954932479e-03
9.972605212315979184e-01 7.396927884146171917e-02 3.508736196371252739e-05
9.972858225258801612e-01 7.361252595267374355e-02 1.478833334219790008e-03
9.973563392753586054e-01 7.260791442385372552e-02 2.902798420625807459e-03
9.974694075792077674e-01 7.096718222833232892e-02 4.294569532053245896e-03
9.976208932174588373e-01 6.870752789123907300e-02 5.642061314396326979e-03
9.978053491919888218e-01 6.585145799827453461e-02 6.933615786399616177e-03
9.980162176849516342e-01 6.242659492492632495e-02 8.158099443736473166e-03
9.982460692178346529e-01 5.846544411366570715e-02 9.304997276526814215e-03
9.984868705512517373e-01 5.400512031197174379e-02 1.036450301731864712e-02
9.987302718889236042e-01 4.908703249728928186e-02 1.132760480412766009e-02
9.989679032776072054e-01 4.375652775508654529e-02 1.218616532274454170e-02
9.991916697604149578e-01 3.806249512251988487e-02 1.293299539799416462e-02
9.993940348675510732e-01 3.205693132415825958e-02 1.356191994717643491e-02
9.995682824277865031e-01 2.579447135357925899e-02 1.406783520013366907e-02
9.997087474535322205e-01 1.933188792969782119e-02 1.444675613542031715e-02
9.998110079735195166e-01 1.272756490720243841e-02 1.469585318301124509e-02
9.998720311242295100e-01 6.040950673454797797e-03 1.481347739869114284e-02
9.998902685121613398e-01 -6.680016481722186872e-04 1.479917351733329133e-02
9.998656977569481130e-01 -7.339399803320204550e-03 1.465368053156745030e-02
9.997998091418847100e-01 -1.391397613346830216e-02 1.437891970576301269e-02
9.996955383481250790e-01 -2.033364172289070862e-02 1.397797020782162031e-02
9.995571482440013256e-01 -2.654202353682812848e-02 1.345503280731392970e-02
9.993900645571222041e-01 -3.248497766328622971e-02 1.281538233294371790e-02
9.992006718978319046e-01 -3.811107254259218924e-02 1.206530979193315423e-02
9.989960779644163624e-01 -4.337203701726077831e-02 1.121205521830161839e-02
9.987838547949714485e-01 -4.822316909542313096e-02 1.026373242937364191e-02
9.985717666073955501e-01 -5.262370242440637252e-02 9.229246927452144575e-03
9.983674940747307991e-01 -5.653712854789297998e-02 8.118208187784966418e-03
9.981783648221965732e-01 -5.993147400728290192e-02 6.940837529909647460e-03
9.980110995238291594e-01 -6.277953219295334675e-02 5.707872685592999158e-03
9.978715822519659273e-01 -6.505905051585401944e-02 4.430470063717692301e-03
9.977646627322540596e-01 -6.675287393261421232e-02 3.120105582891179521e-03
9.976939969267961672e-01 -6.784904611377637340e-02 1.788474808974750002e-03
9.976619309580150308e-01 -6.834086960746860173e-02 4.473930092902147874e-04
9.976694318463863453e-01 -6.822692624743882661e-02 -8.913043713841221211e-04
9.977160669163248619e-01 -6.751105882487258569e-02 -2.215860387344445633e-03
9.978000320747170138e-01 -6.620231473655956156e-02 -3.514694041914653237e-03
9.979182275325734208e-01 -6.431485199127767727e-02 -4.776496142948373491e-03
9.980663779669033397e-01 -6.186780765577538921e-02 -5.990323172632397615e-03
9.982391926504539104e-01 -5.888512860186261716e-02 -7.145688726230114106e-03
9.984305597530658272e-01 -5.539536431979152215e-02 -8.232651996202419720e-03
9.986337678799096507e-01 -5.143142162245194215e-02 -9.241902684767759613e-03
9.988417469960900741e-01 -4.703028129872054153e-02 -1.016484162989438750e-02
9.990473202276146658e-01 -4.223267718645096203e-02 -1.099365633819781619e-02
9.992434576536965984e-01 -3.708273871447528847e-02 -1.172139054436650146e-02
9.994235231355739213e-01 -3.162759868217575321e-02 -1.234200687067305881e-02
9.995815054737573480e-01 -2.591696886521083557e-02 -1.285044165012117282e-02
9.997122257486679153e-01 -2.000268690719833944e-02 -1.324265100855641537e-02
9.998115135658824926e-01 -1.393823882351628157e-02 -1.351564737728905459e-02
9.998763460698444350e-01 -7.778262246797566955e-03 -1.366752572774219791e-02
9.999049449686037150e-01 -1.578036228708532690e-03 -1.369747897928897708e-02
9.998968283743450147e-01 4.607036069096808253e-03 -1.360580222362657750e-02
9.998528159475744692e-01 1.072194514754906333e-02 -1.339388562405080182e-02
9.997749875674906139e-01 1.671258667144363483e-02 -1.306419607435375420e-02
9.996665974649079356e-01 2.252626011091377056e-02 -1.262024792741504690e-02
9.995319473759108897e-01 2.811214830513225627e-02 -1.206656331566720308e-02
9.993762237382013414e-01 3.342177229994145599e-02 -1.140862277336426520e-02
9.992053052006991676e-01 3.840941654148082030e-02 -1.065280702481006918e-02
9.990255477049133637e-01 4.303252035064120129e-02 -9.806330916893653271e-03
9.988435550920872208e-01 4.725203250421929069e-02 -8.877170544995141230e-03
9.986659435757301306e-01 5.103272665253587304e-02 -7.873984648365292549e-03
9.984991084916858828e-01 5.434347615765118544e-02 -6.806031337367491295e-03
9.983490015072140622e-01 5.715748769581985994e-02 -5.683081166180237523e-03
9.982209259577494720e-01 5.945249359736936440e-02 -4.515327488552312724e-03
9.981193572150715010e-01 6.121090337411259907e-02 -3.313294940307701542e-03
9.980477940101123435e-01 6.241991519967299284e-02 -2.087746790505742162e-03
9.980086454783453354e-01 6.307158826629663539e-02 -8.495918033251798323e-04
9.980031574086756230e-01 6.316287696006959995e-02 3.902088361897363376e-04
9.980313798017517168e-01 6.269562770289884013e-02 1.620734050010884083e-03
9.980921764240235916e-01 6.167653914022632605e-02 2.831194413122724816e-03
9.981832756220542224e-01 6.011708614932936845e-02 4.011022302571222789e-03
9.983013602785644203e-01 5.803340794698337579e-02 5.149960228061506613e-03
9.984421934869520676e-01 5.544616042826278068e-02 6.238146891464468186e-03
9.986007753323805636e-01 5.238033280642379053e-02 7.266200471291150639e-03
9.987715251307788256e-01 4.886502867546915069e-02 8.225298563213466127e-03
9.989484826254237948e-01 4.493321180043120117e-02 9.107254136977426320e-03
9.991255210038514356e-01 4.062141726235553307e-02 9.904586802313930516e-03
9.992965642005420257e-01 3.596942903990717894e-02 1.061058862057068231e-02
9.994558008117793158e-01 3.101992567992310768e-02 1.121938366304883750e-02
9.995978870790683812e-01 2.581809636671525410e-02 1.172598050844557253e-02
9.997181317979850768e-01 2.041123040729217117e-02 1.212631689553436871e-02
9.998126566713131380e-01 1.484828386369679495e-02 1.241729580609424871e-02
9.998785265286717072e-01 9.179427738451453184e-03 1.259681234736296888e-02
9.999138449483501168e-01 3.455582709700247800e-03 1.266377093049906102e-02
9.999178120992991969e-01 -2.272054121360489280e-03 1.261809239673028493e-02
9.998907430221312120e-01 -7.952484699339817942e-03 1.246071091891389447e-02
9.998340460312324929e-01 -1.353538179879159795e-02 1.219356069439345332e-02
9.997501623860327591e-01 -1.897155128212077435e-02 1.181955263563400083e-02
9.996424697883070642e-01 -2.421337923513693438e-02 1.134254144831324876e-02
9.995151535574443580e-01 -2.921525879964508021e-02 1.076728365311029230e-02
9.993730504664068981e-01 -3.393399208111404913e-02 1.009938724945354249e-02
9.992214711457959586e-01 -3.832916317544716317e-02 9.345253830961419012e-03
9.990660076507323906e-01 -4.236347909058853223e-02 8.512014039547032354e-03
9.989123332153918566e-01 -4.600307609214344950e-02 7.607457287002651440e-03
9.987660013849942731e-01 -4.921778973450304656e-02 6.639956680690689388e-03
9.986322516180231590e-01 -5.198138751166081484e-02 5.618390067409790439e-03
9.985158281056599749e-01 -5.427176364367447547e-02 4.552058062156831217e-03
9.984208179824970442e-01 -5.607109598348556517e-02 3.450599863337025074e-03
9.983505143307799257e-01 -5.736596537298027654e-02 2.323907580732888483e-03
9.983073084427211974e-01 -5.814743799605104346e-02 1.182039725113899443e-03
9.982926147378620163e-01 -5.841111137969105804e-02 3.513443615213115469e-05
9.983068305727046399e-01 -5.815712470067572332e-02 -1.106677035338859581e-03
9.983493319660516896e-01 -5.739013399129395260e-02 -2.233356119048723713e-03
9.984185050335209199e-01 -5.611925273396759645e-02 -3.335041543680142100e-03
9.985118117155598050e-01 -5.435795822482578782e-02 -4.402132339618830895e-03
9.986258872307186563e-01 -5.212396400334304292e-02 -5.425368767944736305e-03
9.987566656241623209e-01 -4.943905861888839987e-02 -6.395910686384337698e-03
9.988995288426356645e-01 -4.632891105988360542e-02 -7.305412819384945154e-03
9.990494739810733549e-01 -4.282284332420570327e-02 -8.146096350152747315e-03
9.992012927392355248e-01 -3.895357086860744972e-02 -8.910816203967757837e-03
9.993497567213867061e-01 -3.475691203875992674e-02 -9.593123351374395133e-03
9.994898020250208015e-01 -3.027146803888107127e-02 -1.018732143365617786e-02
9.996167066063166295e-01 -2.553827553069052889e-02 -1.068851700720158809e-02
9.997262541830711502e-01 -2.060043452799468697e-02 -1.109266272247912133e-02
9.998148789344097898e-01 -1.550271484245312019e-02 -1.139659280014843241e-02
9.998797859656222142e-01 -1.029114490196426576e-02 -1.159805024212291757e-02
9.999190434018887519e-01 -5.012587269458616650e-03 -1.169570531783782966e-02
9.999316430237488174e-01 2.856943967349222235e-04 -1.168916499219210120e-02
9.999175275198268764e-01 5.556471907400152739e-03 -1.157897310643431384e-02
9.998775836628448488e-01 1.075298744723366187e-02 -1.136660128004247060e-02
9.998136019641435945e-01 1.582938163670800577e-02 -1.105443066287499151e-02
9.997282045797494243e-01 2.074110972245207449e-02 -1.064572482468579932e-02
9.996247443790676757e-01 2.544534116637691204e-02 -1.014459421591394107e-02
9.995071791013993012e-01 2.990133832812936002e-02 -9.555952762747139256e-03
9.993799253778398173e-01 3.407081045918913809e-02 -8.885467265440543869e-03
9.992476980569955369e-01 3.791823981835449470e-02 -8.139500348096189927e-03
9.991153407217521210e-01 4.141117734291687585e-02 -7.325047758875711731e-03
9.989876535100973287e-01 4.452050593279537061e-02 -6.449670842236409317e-03
9.988692243542427462e-01 4.722066999409554183e-02 -5.521425001456296833e-03
9.987642695363072587e-01 4.948987041665256492e-02 -4.548784944297553506e-03
9.986764890406086836e-01 5.131022460652928663e-02 -3.540567462267115752e-03
9.986089415835069927e-01 5.266789154656438543e-02 -2.505852440492185515e-03
9.985639434479953724e-01 5.355316211186240266e-02 -1.453902736966314335e-03
9.985429943715783407e-01 5.396051502698620550e-02 -3.940835128687144445e-04
9.985467327643501312e-01 5.388863892964167179e-02 6.642184548197390022e-04
9.985749215026750170e-01 5.334042102029728366e-02 1.711674986784500301e-03
9.986264644858279249e-01 5.232290275155649512e-02 2.739095775104087669e-03
9.986994530913758661e-01 5.084720297089441454e-02 3.737506262016535453e-03
9.987912406520651487e-01 4.892840890170479379e-02 4.698223664173717395e-03
9.988985421333040904e-01 4.658543535486470849e-02 5.612930665381894897e-03
9.990175553450049151e-01 4.384085262686580192e-02 6.473746273484974958e-03
9.991440993012636884e-01 4.072068367620169244e-02 7.273293304167044102e-03
9.992737647698927139e-01 3.725417138564189601e-02 8.004761921157092439e-03
9.994020716512099778e-01 3.347351701526984219e-02 8.661968634088374613e-03
9.995246276072090597e-01 2.941359132302308679e-02 9.239410137478528545e-03
9.996372823382251305e-01 2.511162026194662181e-02 9.732311371794283295e-03
9.997362720780575973e-01 2.060684763611576875e-02 1.013666720423531988e-02
9.998183492467060951e-01 1.594017758501605972e-02 1.044927716531394990e-02
9.998808927513959111e-01 1.115380024094802212e-02 1.066777273858569158e-02
9.999219951428202080e-01 6.290804336841957639e-03 1.079063678440984539e-02
9.999405236887093373e-01 1.394780905295101014e-03 1.081721478215282896e-02
9.999361533888341258e-01 -3.490577520088217200e-03 1.074771769505396962e-02
9.999093709872026725e-01 -8.321877631086247590e-03 1.058321639308657143e-02
9.998614500980410602e-01 -1.305642139274005090e-02 1.032562770574009699e-02
9.997943986103109415e-01 -1.765259289620154173e-02 9.977692312480015632e-03
9.997108805298866585e-01 -2.207023171102903344e-02 9.542944807526779205e-03
9.996141153207335206e-01 -2.627098875136503822e-02 9.025676391875908297e-03
9.995077585827655264e-01 -3.021866108043997148e-02 8.430890744439221984e-03
9.993957685269097002e-01 -3.387950255402290972e-02 7.764253702376409244e-03
9.992822631568902825e-01 -3.722250771885993181e-02 7.032037436150859015e-03
9.991713733298005495e-01 -4.021966690896670860e-02 6.241059837212133143e-03
9.990670969390115230e-01 -4.284619099426653643e-02 5.398619846653102128e-03
9.989731593463163639e-01 -4.508070470906266891e-02 4.512429444272186840e-03
9.988928848952399742e-01 -4.690540790359089274e-02 3.590542992871993341e-03
9.988290838798841165e-01 -4.830620440779093139e-02 2.641284596808187758e-03
9.987839587440623390e-01 -4.927279846649271905e-02 1.673174091623824775e-03
9.987590325679809311e-01 -4.979875890023070795e-02 6.948522379139209122e-04
9.987551020910896415e-01 -4.988155127302830449e-02 -2.849943481799807263e-04
9.987722166482676522e-01 -4.952253842035712200e-02 -1.257708029519414867e-03
9.988096834912810751e-01 -4.872694972389661483e-02 -2.214734273916265424e-03
9.988660990575510823e-01 -4.750381953417413816e-02 -3.147694611580801119e-03
9.989394048622705080e-01 -4.586589515807376616e-02 -4.048457966736890290e-03
9.990269658553407872e-01 -4.382951486518733147e-02 -4.909209898461090564e-03
9.991324212131038607e-01 -4.119806145118348056e-02 -6.093466948999699644e-03
9.992499881756556901e-01 -3.804470618489300127e-02 -7.215799478020031715e-03
9.993739725019258335e-01 -3.439962535836162821e-02 -8.266546011560882076e-03
9.994982582487966782e-01 -3.029723594983402962e-02 -9.236710532402808010e-03
9.996165449338588749e-01 -2.577589099101000591e-02 -1.011804124979673834e-02
9.997225913243199535e-01 -2.087753765044518539e-02 -1.090310359724812675e-02
9.998104570082071429e-01 -1.564733970560865800e-02 -1.158534655988739670e-02
9.998747329833134190e-01 -1.013326682831687878e-02 -1.215916141534002098e-02
9.999107528972381864e-01 -4.385653928257956385e-03 -1.261993199223469288e-02
9.999147772806086243e-01 1.543265364545754956e-03 -1.296407561249592923e-02
9.998841441139795227e-01 7.599846200918571222e-03 -1.318907398813169013e-02
9.998173803223183720e-01 1.372953541819465530e-02 -1.329349348781414669e-02
9.997142702520177560e-01 1.987738371456371569e-02 -1.327699436746146780e-02
9.995758787958678449e-01 2.598856058586229700e-02 -1.314032876380383068e-02
9.994045285251820232e-01 3.200886536279882316e-02 -1.288532747000003739e-02
9.992037318946703772e-01 3.788522775893039818e-02 -1.251487573594490567e-02
9.989780812335661286e-01 4.356619163748091939e-02 -1.203287855084479718e-02
9.987331007583821751e-01 4.900237620984678605e-02 -1.144421606047470175e-02
9.984750661782904047e-01 5.414690955779333237e-02 -1.075468993636586809e-02
9.982107985637361791e-01 5.895583018103230794e-02 -9.970961641426580660e-03
9.979644404436743832e-01 6.317254280734364846e-02 -8.730004366173840791e-03
9.977381225587633740e-01 6.681031393811025232e-02 -7.418053735612969816e-03
9.975398655900543643e-01 6.984021662941004849e-02 -6.047050528778800255e-03
9.973766228236675691e-01 7.223881747612834192e-02 -4.629371210857585045e-03
9.972540479019085247e-01 7.398831819019552336e-02 -3.177718913312412193e-03
9.971763104924487031e-01 7.507665183309379653e-02 -1.705014219739974619e-03
9.971459655599739236e-01 7.549753571313229383e-02 -2.242863255371965649e-04
9.971638800438783479e-01 7.525048268132274176e-02 1.251434999320240977e-03
9.972292187884900239e-01 7.434077212583339866e-02 2.709226313706840361e-03
9.973394895940143057e-01 7.277938144149508071e-02 4.136375996083009772e-03
9.974906453089826819e-01 7.058287821035816312e-02 5.520488046104478352e-03
9.976772390183052952e-01 6.777327284412947017e-02 6.849583875649217432e-03
9.978926266433503223e-01 6.437783107593710030e-02 8.112201681193998218e-03
9.981292097091460924e-01 6.042884550304213065e-02 9.297492870772649382e-03
9.983787096951773909e-01 5.596336541468809045e-02 1.039531488033270529e-02
9.986324643149774305e-01 5.102288441299536459e-02 1.139631957049427359e-02
9.988817353071247629e-01 4.565298585233860951e-02 1.229203626068678737e-02
9.991180169020648094e-01 3.990294686603585578e-02 1.307494834827439660e-02
9.993333340825688582e-01 3.382530268082198366e-02 1.373856238897565481e-02
9.995205200962340442e-01 2.747537398473802114e-02 1.427746849245049854e-02
9.996734634073359826e-01 2.091076124483386839e-02 1.468739092066253735e-02
9.997873153769802901e-01 1.419081099154140095e-02 1.496522786962625751e-02
9.998586514013736437e-01 7.376060118801331007e-03 1.510907956596842239e-02
9.998855799669021938e-01 5.276651194107149015e-04 1.511826401239952863e-02
9.998677960302405632e-01 -6.293176179584433413e-03 1.499331996062443217e-02
9.998065772216362390e-01 -1.302580244374090812e-02 1.473599696301157273e-02
9.997047235109638441e-01 -1.961065820990325753e-02 1.434923263982889469e-02
9.995664430769665154e-01 -2.598984703950367806e-02 1.383711758041814531e-02
9.993971890904443933e-01 -3.210766119172309141e-02 1.320484855809672328e-02
9.992034538799511312e-01 -3.791108133619195547e-02 1.245867096534668955e-02
9.989925284242504588e-01 -4.335024079676282061e-02 1.160581155633838221e-02
9.987722362559450229e-01 -4.837884992023468167e-02 1.065440271013762090e-02
9.985506516301709823e-01 -5.295457732322707972e-02 9.613399496405685557e-03
9.983358121948835429e-01 -5.703938591270028141e-02 8.492490836747844732e-03
9.981354363970068588e-01 -6.059982263234701960e-02 7.302006013967288905e-03
9.979566554896982522e-01 -6.360726180030440435e-02 6.052817696770901659e-03
9.978057693015567331e-01 -6.603810263006183734e-02 4.756242530115409838e-03
9.976880339301148481e-01 -6.787392204007401675e-02 3.423940204262261068e-03
9.976074882773076080e-01 -6.910158415086006811e-02 2.067811772246364206e-03
9.975668249052848102e-01 -6.971330795180878670e-02 6.998978489361718999e-04
9.975673091095057510e-01 -6.970669452046683590e-02 -6.677227931744854437e-04
9.976087484344706713e-01 -6.908471493534479313e-02 -2.023033806445758732e-03
9.976895131460116195e-01 -6.785565968981502327e-02 -3.354180659571094798e-03
9.978066064710825467e-01 -6.603305004587617377e-02 -4.649568486847997437e-03
9.979557817677956466e-01 -6.363551142014856055e-02 -5.897958024621152359e-03
9.981317022396988259e-01 -6.068660862507533477e-02 -7.088559210935730173e-03
9.983281374021110155e-01 -5.721464264332569438e-02 -8.211121943739881426e-03
9.985381892862326136e-01 -5.325240862935812919e-02 -9.256023394010574543e-03
9.987545403680315736e-01 -4.883691503181605137e-02 -1.021435116384705050e-02
9.989697144694892339e-01 -4.400906412109378829e-02 -1.107798147775664738e-02
9.991763414305708801e-01 -3.881329477882358714e-02 -1.183965150997621542e-02
9.993674162150051332e-01 -3.329718913501547584e-02 -1.249302489276348307e-02
9.995365433059497651e-01 -2.751104548464052696e-02 -1.303274942939751380e-02
9.996781577716397083e-01 -2.150742082761483015e-02 -1.345450605780952949e-02
9.997877152255575384e-01 -1.534064729580111863e-02 -1.375504817981190557e-02
9.998618440455993017e-01 -9.066327596101517866e-03 -1.393223058676037844e-02
9.998984546127691608e-01 -2.740815350121121076e-03 -1.398502737152800685e-02
9.998968019294375287e-01 3.579313204877985870e-03 -1.391353841187774332e-02
9.998574997163073297e-01 9.837789313938402613e-03 -1.371898423183910698e-02
9.997824858941825044e-01 1.597917662298394340e-02 -1.340368928360127256e-02
9.996749411556803411e-01 2.194938404833633727e-02 -1.297105392969780460e-02
9.995391640478215045e-01 2.769616007621067064e-02 -1.242551563078864683e-02
9.993804075483787575e-01 3.316956253612442923e-02 -1.177250004604807158e-02
9.992046834651023834e-01 3.832239863467278018e-02 -1.101836292089133917e-02
9.990185420675486982e-01 4.311063090645721879e-02 -1.017032376307224276e-02
9.988288351404340792e-01 4.749374568033916388e-02 -9.236392388829575695e-03
9.986424711046314462e-01 5.143508161262362599e-02 -8.225289454962743038e-03
9.984661709816348152e-01 5.490211674775858502e-02 -7.146362083049515035e-03
9.983062337880534987e-01 5.786671338198189074e-02 -6.009495634071843756e-03
9.981683194590716957e-01 6.030532068676210111e-02 -4.825022613515557793e-03
9.980572566441658910e-01 6.219913557050398001e-02 -3.603629588275957148e-03
9.979768817321673646e-01 6.353422260680810507e-02 -2.356262888005874155e-03
9.979299142881224993e-01 6.430159403813609509e-02 -1.094033755448234248e-03
9.979178727659343551e-01 6.449725089125754596e-02 1.718764874636719182e-04
9.979410329438621607e-01 6.412218614335739308e-02 1.430310770187385831e-03
9.979984300596004276e-01 6.318235069232042145e-02 2.670229667914145524e-03
9.980879041417414221e-01 6.168858265457059092e-02 3.880803453219481853e-03
9.982061865874106710e-01 5.965650028441519398e-02 5.051502396018319081e-03
9.983490246626500753e-01 5.710635862441068578e-02 6.172184873124736404e-03
9.985113393419767780e-01 5.406286989645391061e-02 7.233182796269211484e-03
9.986874107938383816e-01 5.055498765999456162e-02 8.225383798786343667e-03
9.988710848944000187e-01 4.661565491859198662e-02 9.140309544552326082e-03
9.990559934449170232e-01 4.228151665859687658e-02 9.970189447320157439e-03
9.992357803050280207e-01 3.759259775068053699e-02 1.070802902384291981e-02
9.994043254567064327e-01 3.259194772002835944e-02 1.134767205908277649e-02
9.995559590946383466e-01 2.732525456618342674e-02 1.188385574415491697e-02
9.996856582023210258e-01 2.184043055084495394e-02 1.231225796336459302e-02
9.997892187123161856e-01 1.618717362644251506e-02 1.262953595928907255e-02
9.998633972453320196e-01 1.041650890150075046e-02 1.283335569513710181e-02
9.999060175458954758e-01 4.580315182418024864e-03 1.292241135954166030e-02
9.999160380409717330e-01 -1.269157848823014405e-03 1.289643461572777608e-02
9.998935783911525599e-01 -7.079775901721931455e-03 1.275619337747486287e-02
9.998399044239539846e-01 -1.280000369587229112e-02 1.250348008944918848e-02
9.997573723731462136e-01 -1.837937986271022742e-02 1.214108968917026674e-02
9.996493348339019480e-01 -2.376897728473548535e-02 1.167278762162105889e-02
9.995200122205916138e-01 -2.892184343277158509e-02 1.110326845534257215e-02
9.993743347279443467e-01 -3.379341582486020124e-02 1.043810580207257463e-02
9.992177608014564116e-01 -3.834190841361576757e-02 9.683694363830465390e-03
9.990560788846182261e-01 -4.252866546892607180e-02 8.847185017457256592e-03
9.988951997060754318e-01 -4.631848031322123582e-02 7.936413895299905194e-03
9.987409465889784954e-01 -4.967987704115631870e-02 6.959826432988975090e-03
9.985988512091688030e-01 -5.258535407257865918e-02 5.926397334609779903e-03
9.984739619109336273e-01 -5.501158901236530285e-02 4.845547357640265021e-03
9.983706711303350634e-01 -5.693960479792020690e-02 3.727057752034302653e-03
9.982925677052691960e-01 -5.835489749061830572e-02 2.580983107918936176e-03
9.982423189022748833e-01 -5.924752630863309999e-02 1.417563282961365866e-03
9.982215858998878533e-01 -5.961216661394616589e-02 2.471350015513815255e-04
9.982309752759837007e-01 -5.944812657448007159e-02 -9.199563494719678429e-04
9.982700277915997900e-01 -5.875932814991328967e-02 -2.073444254274217809e-03
9.983372444854008432e-01 -5.755425292922815989e-02 -3.203227486298271080e-03
9.984301488295993510e-01 -5.584585321476667058e-02 -4.299454974907846588e-03
9.985453824868897321e-01 -5.365142863694295078e-02 -5.352608670583854089e-03
9.986788310843814909e-01 -5.099246852843031252e-02 -6.353583927001581720e-03
9.988257754183337278e-01 -4.789446031387754182e-02 -7.293766872607580082e-03
9.989810626540434058e-01 -4.438666430073345825e-02 -8.165108190833820015e-03
9.991392914167497308e-01 -4.050185549910995803e-02 -8.960192673879688666e-03
9.992950042060683158e-01 -3.627603345420531145e-02 -9.672303867508296252e-03
9.994428803271984130e-01 -3.174810153373973376e-02 -1.029548309079401057e-02
9.995779225293898174e-01 -2.695951765550957252e-02 -1.082458210168534343e-02
9.996956307806047493e-01 -2.195391903858847152e-02 -1.125530869174287858e-02
9.997921570828499638e-01 -1.677672418165607540e-02 -1.158426453483058297e-02
9.998644359316939401e-01 -1.147471587550164332e-02 -1.180897468614679549e-02
9.999102859227838591e-01 -6.095609605291077773e-03 -1.192790822880737504e-02
9.999284790752723806e-01 -6.876121553982140339e-04 -1.194048969206337740e-02
9.999187756364071866e-01 4.701024435569986157e-03 -1.184710101298663137e-02
9.998819234061924188e-01 1.002244823278103381e-02 -1.164907397532213319e-02
9.998196219249623207e-01 1.522964670966301705e-02 -1.134867322733576489e-02
9.997344531473948415e-01 2.027687476488415630e-02 -1.094907014655630006e-02
9.996297814326778886e-01 2.512006650489129883e-02 -1.045430797517452048e-02
9.995096267649564714e-01 2.971722626862442068e-02 -9.869258788174553945e-03
9.993785160398928058e-01 3.402879490456021949e-02 -9.199572971041077019e-03
9.992413179794688016e-01 3.801798792095759105e-02 -8.451621970897157249e-03
9.991030677448738961e-01 4.165110278170550129e-02 -7.632435142014335101e-03
9.989687875933578320e-01 4.489779327547756271e-02 -6.749631533769991608e-03
9.988433099662411552e-01 4.773130951015512602e-02 -5.811347468330338613e-03
9.987311092081833097e-01 5.012870264765414974e-02 -4.826160730438271845e-03
9.986361477168820278e-01 5.207099397321170858e-02 -3.803012147934303842e-03
9.985617417290435505e-01 5.354330827300225748e-02 -2.751125285232308357e-03
9.985104511894569157e-01 5.453497176885908904e-02 -1.679924909522402662e-03
9.984839972558434695e-01 5.503957503211603236e-02 -5.989548274718961909e-04
9.984832099957871021e-01 5.505500138175789537e-02 4.822043654943077452e-04
9.985080077676795618e-01 5.458342128382834973e-02 1.554017125829968609e-03
9.985574086797921467e-01 5.363125323331907612e-02 2.607073924986037967e-03
9.986295734245229649e-01 5.220909154364061777e-02 3.632170881370801099e-03
9.987218777219196708e-01 5.033160142020749739e-02 4.620387604986093445e-03
9.988310116098140234e-01 4.801738168017428976e-02 5.563162781379059514e-03
9.989531019176822735e-01 4.528879552285489107e-02 6.452366992864977911e-03
9.990838534858256237e-01 4.217176987229383223e-02 7.280372239245940999e-03
9.992187040659640251e-01 3.869556401536417695e-02 8.040117582810778207e-03
9.993529873855714341e-01 3.489250854831610349e-02 8.725170309053741774e-03
9.994820985934486091e-01 3.079771601637694423e-02 9.329781971083455500e-03
9.996016562398355454e-01 2.644876507139379621e-02 9.848938677413498349e-03
9.997076550860731770e-01 2.188536046121756715e-02 1.027840499410432630e-02
9.997966043844309647e-01 1.714897167565668235e-02 1.061476086612602246e-02
9.998656468084240467e-01 1.228245357793112530e-02 1.085543102080560769e-02
9.999126539299562078e-01 7.329652816898735157e-03 1.099870639803816365e-02
9.999362950064747402e-01 2.335004214290643289e-03 1.104375725554164640e-02
9.999360768266339905e-01 -2.656878373367966423e-03 1.099063771914917005e-02
9.999123534287502890e-01 -7.601612027162835128e-03 1.084028168291499734e-02
9.998663056107253144e-01 -1.245545081775867660e-02 1.059449010562228850e-02
9.997998912493853974e-01 -1.717568325110962330e-02 1.025590989254790766e-02
9.997157684979401937e-01 -2.172101662032508915e-02 9.828004687457564392e-03
9.996171948916495742e-01 -2.605194409195263350e-02 9.315018023638686057e-03
9.995079062274807580e-01 -3.013109076949449169e-02 8.721929389120228887e-03
9.993919797634304159e-01 -3.392353546569126105e-02 8.054403846167306272e-03
9.992736867846216953e-01 -3.739710544981925816e-02 7.318735906316856457e-03
9.991573398917412696e-01 -4.052264198742255852e-02 6.521788398958492695e-03
9.990471404767061747e-01 -4.327423502892043666e-02 5.670927084742332161e-03
9.989470317625067652e-01 -4.562942590482693683e-02 4.773951757404936748e-03
9.988605625081893313e-01 -4.756937732817234643e-02 3.839024552685812389e-03
9.987907660314694347e-01 -4.907901037460202925e-02 2.874596145498135337e-03
9.987400586012509240e-01 -5.014710840001475323e-02 1.889330471547904719e-03
9.987101605250419123e-01 -5.076638806417684002e-02 8.920285623596228494e-04
9.987020424293979737e-01 -5.093353776306695779e-02 -1.084479619914209981e-04
9.987158983342804275e-01 -5.064922384533983996e-02 -1.103253236095162954e-03
9.987511461846600991e-01 -4.991806501654447170e-02 -2.083632850174421940e-03
9.988064555549880374e-01 -4.874857533901885004e-02 -3.040998447081656036e-03
9.988798013139901233e-01 -4.715307623747008736e-02 -3.967000757884102738e-03
9.989685411573342444e-01 -4.514757794137996133e-02 -4.853600611527849641e-03
9.990695141113140609e-01 -4.275163085450310596e-02 -5.693137437759635856e-03
9.991791564071006437e-01 -3.998814745392146458e-02 -6.478394760115619919e-03
9.992936305451016743e-01 -3.688319549630502542e-02 -7.202662151352026698e-03
9.994089629321568635e-01 -3.346576355109267403e-02 -7.859793101663606688e-03
9.995211851963986538e-01 -2.976750018668508635e-02 -8.444258234989726955e-03
9.996264741766802686e-01 -2.582242849750414695e-02 -8.951193304949301571e-03
9.997212856511614731e-01 -2.166663806220625599e-02 -9.376441413142859449e-03
9.998024771125685328e-01 -1.733795684699244999e-02 -9.716588921426785527e-03
9.998674153089289751e-01 -1.287560599009820311e-02 -9.968994577814390204e-03
9.999140648347250027e-01 -8.319840799869684597e-03 -1.013181144304992586e-02
9.999410547584450804e-01 -3.711581645358882041e-03 -1.020400129039310613e-02
9.999477210826146489e-01 9.079613066901061347e-04 -1.018534125216709156e-02
9.999341237208038136e-01 5.497665369112616877e-03 -1.007642259942779887e-02
9.999010376085059049e-01 1.001687040303896048e-02 -9.878641661085152403e-03
9.998499185047942106e-01 1.442574748004766573e-02 -9.594183010782922350e-03
9.997828449526664496e-01 1.868565707231964468e-02 -9.225995168503097615e-03
9.997024387128560230e-01 2.275949293850549823e-02 -8.777759174125803615e-03
9.996117667366972714e-01 2.661200819352066427e-02 -8.253850487584337564e-03
9.995142283710806153e-01 3.021012044017760273e-02 -7.659294751277400184e-03
9.994134319711378556e-01 3.352319327783420677e-02 -6.999718012674758204e-03
9.993130654190741646e-01 3.652329196473220324e-02 -6.281292047518547209e-03
9.992167652024446234e-01 3.918541147313583245e-02 -5.510675446949399835e-03
9.991279886908810415e-01 4.148767561828293343e-02 -4.694951136792998095e-03
9.990498940719781951e-01 4.341150634538482045e-02 -3.841560986720301326e-03
9.989852320756298365e-01 4.494176260985276866e-02 -2.958238144455515011e-03
9.989362531473446882e-01 4.606684857632011021e-02 -2.052937699574745693e-03
9.989046331446457261e-01 4.677879108928741786e-02 -1.133766246818706993e-03
9.988914199491942814e-01 4.707328653534163104e-02 -2.089108841824893542e-04
9.988970026354403453e-01 4.694971733192871560e-02 7.134318501730713136e-04
9.989211040402260489e-01 4.641113835277456412e-02 1.625126623164522763e-03
9.989627967632060956e-01 4.546423365037804282e-02 2.518169072150035735e-03
9.990205418213836674e-01 4.411924387823504268e-02 3.384754236553265926e-03
9.990922484080341226e-01 4.238986486637824624e-02 4.217343201530685502e-03
9.991753524911448636e-01 4.029311787886560858e-02 5.008727491910567112e-03
9.992669113519346835e-01 3.784919219377565203e-02 5.752090742108060401e-03
9.993637106305348627e-01 3.508126080404299491e-02 6.441067153173796536e-03
9.994623800312718576e-01 3.201527024547959344e-02 7.069796234970085642e-03
9.995595135586011759e-01 2.867970581592661078e-02 7.632973323271222653e-03
9.996517900170511783e-01 2.510533375092840330e-02 8.125895361808523412e-03
9.997360895204328024e-01 2.132492225612964490e-02 8.544501450961130770e-03
9.998096019178884797e-01 1.737294365026816750e-02 8.885407690279348986e-03
9.998699233525131236e-01 1.328526022771065254e-02 9.145935882768128564e-03
9.999151376121360180e-01 9.098796786847912488e-03 9.324135725260990909e-03
9.999438794958293020e-01 4.851203071034958410e-03 9.418800180579910142e-03
9.999553780832295402e-01 5.805096141356510739e-04 9.429473811725777588e-03
9.999494785319359424e-01 -3.675219342172925813e-03 9.356453953331804810e-03
9.999266418129463263e-01 -7.878232098750635043e-03 9.200784697518877772e-03
9.998879225951036176e-01 -1.199143115124847760e-02 8.964243776078430898e-03
9.998349262760104494e-01 -1.597870656293645317e-02 8.649322524312814606e-03
9.997697468987629676e-01 -1.980525754674591909e-02 8.259199209713252027e-03
9.996948883632795768e-01 -2.343789899166000279e-02 7.797706097171549187e-03
9.996131719135186167e-01 -2.684534997832721190e-02 7.269290698482383344e-03
9.995276333375224809e-01 -2.999850168532050207e-02 6.678971715244628841e-03
9.994414136412269611e-01 -3.287066247250279571e-02 6.032290229660792168e-03
9.993576471402026984e-01 -3.543777832271361589e-02 5.335256726965107062e-03
9.992793509525523810e-01 -3.767862720962056322e-02 4.594294547105258301e-03
9.992093197732042631e-01 -3.957498632245511072e-02 3.816180363590210203e-03
9.991500295720724401e-01 -4.111177140511017292e-02 3.007982276556409474e-03
9.991035534977055210e-01 -4.227714774937015030e-02 2.176996088055770627e-03
9.990714927995878458e-01 -4.306261261595321216e-02 1.330680303531814367e-03
9.990549250245976953e-01 -4.346304904312661699e-02 4.765903776000298461e-04
9.990543711168553553e-01 -4.347675114563592791e-02 -3.776873025200386735e-04
9.990697823773165842e-01 -4.310542111485187594e-02 -1.224601223868115527e-03
9.991005475427613414e-01 -4.235413821534980694e-02 -2.056699888956590137e-03
9.991455195462155547e-01 -4.123130014619127981e-02 -2.866695845392577824e-03
9.992030608448676521e-01 -3.974853721004434348e-02 -3.647528161800307669e-03
9.992711055688578980e-01 -3.792059982233576820e-02 -4.392422906364649993e-03
9.993472361752092636e-01 -3.576522000646679272e-02 -5.094951178862693227e-03
9.994287718040765212e-01 -3.330294766760867609e-02 -5.749084239849581827e-03
9.995128651454904256e-01 -3.055696262114273448e-02 -6.349245274282476828e-03
9.995966043471032902e-01 -2.755286357294213506e-02 -6.890357324076277698e-03
9.996771163369441160e-01 -2.431843550389509515e-02 -7.367886927631343841e-03
9.997516679058756628e-01 -2.088339719297067215e-02 -7.777883016735375431e-03
9.998177609940553934e-01 -1.727913091099338161e-02 -8.117010644412609235e-03
9.998732188514327657e-01 -1.353839661778677428e-02 -8.382579152600579120e-03
9.999162600866851047e-01 -9.695033283518412343e-03 -8.572564436506616842e-03
9.999455580699277979e-01 -5.783650215491443689e-03 -8.685625022794738956e-03
9.999602836956665852e-01 -1.839311489534017213e-03 -8.721111750172838920e-03
9.999601301236896722e-01 2.102783252380909136e-03 -8.679070921486070275e-03
9.999453187738770454e-01 6.007618279687109569e-03 -8.560240883406036033e-03
9.999165865311769874e-01 9.840678142383830693e-03 -8.366042080090223265e-03
9.998751547933512063e-01 1.356825759765781410e-02 -8.098560717372561835e-03
9.998226816408651851e-01 1.715776188175415981e-02 -7.760526260726326175e-03
9.997611990013131056e-01 2.057799430335321977e-02 -7.355283070241423575e-03
9.996930371983233643e-01 2.379942838016108411e-02 -6.886756546461520953e-03
9.996207396987365490e-01 2.679446203045604893e-02 -6.359414220051120420e-03
9.995469711878447461e-01 2.953765165169976170e-02 -5.778222264591154067e-03
9.994744223010673112e-01 3.200592425399537838e-02 -5.148597944844046301e-03
9.994057144168395634e-01 3.417876615247773114e-02 -4.476358532920619686e-03
9.993433078696571936e-01 3.603838704636692924e-02 -3.767667233014710543e-03
9.992894167785711934e-01 3.756985861241745467e-02 -3.028976653474480321e-03
9.992459334134420335e-01 3.876122700884065270e-02 -2.266970355146009485e-03
9.992143646508727661e-01 3.960359891786734837e-02 -1.488502989617478730e-03
9.991957826187667369e-01 4.009120094989587768e-02 -7.005395227319762171e-04
9.991907911098998341e-01 4.022141239199291535e-02 8.990598010370125584e-05
9.991995087793309471e-01 3.999477141373825734e-02 8.758315476708206787e-04
9.992215695474219173e-01 3.941495495176688957e-02 1.650308030986970655e-03
9.992561400296028351e-01 3.848873259018671666e-02 2.406538931313428019e-03
9.993019532255706938e-01 3.722589484735141369e-02 3.137918899969936205e-03
9.993573571435021563e-01 3.563915638002095043e-02 3.838090484127257979e-03
9.994203765271559847e-01 3.374403473238770518e-02 4.500998692202543526e-03
9.994887854119770543e-01 3.155870539649917317e-02 5.120942950589120295e-03
9.995601878750329794e-01 2.910383411642488219e-02 5.692626022116044349e-03
9.996321040749521769e-01 2.640238756226610459e-02 6.211199457977314639e-03
9.997020585112387225e-01 2.347942371979153467e-02 6.672305161052277320e-03
9.997676673734332553e-01 2.036186358199386370e-02 7.072112651556919719e-03
9.998267219019703056e-01 1.707824598230733154e-02 7.407351647484273181e-03
9.998772648428309040e-01 1.365846766546886804e-02 7.675339603485419396e-03
9.999176573418199210e-01 1.013351093939996415e-02 7.874003893278878896e-03
9.999466339822307148e-01 6.535161477742365901e-03 8.001898372248105948e-03
9.999633441088412455e-01 2.895719035788699419e-03 8.058214117794783651e-03
9.999673780854033689e-01 -7.522960083039759507e-04 8.042784213806171423e-03
9.999587776831858621e-01 -4.376437278732709171e-03 7.956082520251525625e-03
9.999380303739673348e-01 -7.944625147858886891e-03 7.799216447001469134e-03
9.999060478803908358e-01 -1.142543458098780988e-02 7.573913829763440943e-03
9.998641298979896730e-01 -1.478837514404596730e-02 7.282504082775633110e-03
9.998139144255580035e-01 -1.800416038120487144e-02 6.927893874955768500e-03
9.997573166047765136e-01 -2.104496396341486858e-02 6.513537641220673580e-03
9.996964583596142928e-01 -2.388466024426935327e-02 6.043403296799794086e-03
