1.000000000000000000e+00 0.000000000000000000e+00 0.000000000000000000e+00
9.999807288283224516e-01 2.460764754835445284e-03 -5.699712157003736408e-03
9.999184110612503451e-01 5.806129875252372466e-03 -1.137806271566285839e-02
9.998046066413143196e-01 1.003229679559655696e-02 -1.703237899039850359e-02
9.996286632531778960e-01 1.513485594858794345e-02 -2.265992646429322924e-02
9.993777631148772489e-01 2.110872752145255202e-02 -2.825790002514472557e-02
9.990369770575499020e-01 2.794809254783635344e-02 -3.382341616443471088e-02
9.985893264259356750e-01 3.564631511140623626e-02 -3.935350627543130614e-02
9.980158533686245281e-01 4.419585654770120942e-02 -4.484511118167612553e-02
9.972957001069858718e-01 5.358818264461420039e-02 -5.029507702074820230e-02
9.964061977731888398e-01 6.381366495791149229e-02 -5.570015260022591341e-02
9.953229653891125794e-01 7.486147747506785577e-02 -6.105698833297106692e-02
9.940200195178692244e-01 8.671948997661801939e-02 -6.636213684703866356e-02
9.924698950570030043e-01 9.937415955698289394e-02 -7.161205535150226564e-02
9.906437775564473913e-01 1.128104218736987879e-01 -7.680310982314843271e-02
9.885116473346930999e-01 1.270115837921666768e-01 -8.193158106025613674e-02
9.860424355335419833e-01 1.419592191791379521e-01 -8.699367262852499005e-02
9.832041920960808978e-01 1.576330696686158994e-01 -9.198552070071019937e-02
9.799642654755443827e-01 1.740109522749874738e-01 -9.690320576580899181e-02
9.762894936866968187e-01 1.910686757562947979e-01 -1.017427661559628244e-01
9.721464060991557021e-01 2.087799676320042375e-01 -1.065002133099306053e-01
9.675014351473479879e-01 2.271164137310918985e-01 -1.111715486614902049e-01
9.623211368989491588e-01 2.460474120848211710e-01 -1.157527820099782390e-01
9.565724191877841287e-01 2.655401428819142984e-01 -1.202399511990138170e-01
9.502227757839792899e-01 2.855595560703497737e-01 -1.246291428989853151e-01
9.432405248498246797e-01 3.060683780190929237e-01 -1.289165142598922842e-01
9.355950497208530559e-01 3.270271384450835761e-01 -1.330983151744523085e-01
9.272570398647136392e-01 3.483942185673048475e-01 -1.371709108678527966e-01
9.181987297120683955e-01 3.701259211735116739e-01 -1.411308045109862241e-01
9.083941329301985501e-01 3.921765629802186348e-01 -1.449746595392490400e-01
8.978192696269189366e-01 4.144985893380637720e-01 -1.486993213497304345e-01
8.864523839345557210e-01 4.370427109890344108e-01 -1.523018380464744026e-01
8.742741494348723608e-01 4.597580622266065897e-01 -1.557794799069388836e-01
8.612678599483519770e-01 4.825923794527382515e-01 -1.591297572530942506e-01
8.474196033261151006e-01 5.054921987755282009e-01 -1.623504364279071688e-01
8.327184160493323883e-01 5.284030709571161388e-01 -1.654395536021368851e-01
8.171564166569993404e-01 5.512697917118761781e-01 -1.683954261671077313e-01
8.007289162844422048e-01 5.740366450785613361e-01 -1.712166615058706154e-01
7.834345048964398428e-01 5.966476573544541306e-01 -1.739021629771817234e-01
7.652751121334979700e-01 6.190468588913704551e-01 -1.764511329930713579e-01
7.462560420495323310e-01 6.411785509178119513e-01 -1.788630731203609547e-01
7.263859813950569455e-01 6.629875744723676689e-01 -1.811377811880960642e-01
7.056769814824114251e-01 6.844195785125947173e-01 -1.832753454352095968e-01
6.841444140488518455e-01 7.054212843012268586e-01 -1.852761357844891488e-01
6.618069018998969932e-01 7.259407432660039960e-01 -1.871407923787926086e-01
6.386862254600844668e-01 7.459275856772857871e-01 -1.888702115621950228e-01
6.148072066730235763e-01 7.653332576839121382e-01 -1.904655295312287500e-01
5.901975719702315937e-01 7.841112444861176867e-01 -1.919281039186111482e-01
5.648877962629809124e-01 8.022172776972268382e-01 -1.932594936030373745e-01
5.389109300990756468e-01 8.196095252450602553e-01 -1.944614370631443379e-01
5.123024122645470912e-01 8.362487624807484199e-01 -1.955358296112387206e-01
4.850998701978099237e-01 8.520985234881085502e-01 -1.964846998526564026e-01
4.573429106215410878e-01 8.671252319122563224e-01 -1.973101857197272768e-01
4.290729027876200030e-01 8.812983109435599260e-01 -1.980145104255014166e-01
4.003327566764014467e-01 8.945902723950325264e-01 -1.985999586720724741e-01
3.711666983979881040e-01 9.069767850914344232e-01 -1.990688534320860792e-01
3.416200449154968566e-01 9.184367230414742789e-01 -1.994235336005407977e-01
3.117389800546410683e-01 9.289521940865768102e-01 -1.996663327880630334e-01
2.815703335866845403e-01 9.385085499079997007e-01 -1.997995594973036582e-01
2.511613649794554592e-01 9.470943784271975696e-01 -1.998254788918314151e-01
2.205595532099804967e-01 9.547014797519903784e-01 -1.997462963327444607e-01
1.898123938283950984e-01 9.613248269041571037e-01 -1.995641428230168490e-01
1.604942474930951268e-01 9.668355897681479849e-01 -1.986719751245568377e-01
1.311452105536691504e-01 9.714186084776949004e-01 -1.978555930876151059e-01
1.017831362379713334e-01 9.750823052226235133e-01 -1.971159712523354035e-01
7.242503455547175117e-02 9.778346113548883611e-01 -1.964538168240035076e-01
4.308719390462424637e-02 9.796829173689151071e-01 -1.958695742226008174e-01
1.378530360438889532e-02 9.806340351003158817e-01 -1.953634295415016542e-01
-1.546542348342295342e-02 9.806941718564148314e-01 -1.949353148577052941e-01
-4.465012901847004168e-02 9.798689161791469537e-01 -1.945849123523970547e-01
-7.375418866313075694e-02 9.781632349339852706e-01 -1.943116582165433925e-01
-1.027630936725187766e-01 9.755814814156323900e-01 -1.941147463315764377e-01
-1.316623352554056881e-01 9.721274141603900576e-01 -1.939931317299639357e-01
-1.604372923469045420e-01 9.678042261545942715e-01 -1.939455338545476026e-01
-1.890731234203529287e-01 9.626145841265952852e-01 -1.939704396489289606e-01
-2.175546629595456194e-01 9.565606776049153659e-01 -1.940661065238468430e-01
-2.458663232123736719e-01 9.496442774160187561e-01 -1.942305652563807161e-01
-2.739920018519172440e-01 9.418668032803146906e-01 -1.944616228898724819e-01
-3.019149961798390236e-01 9.332294001434895403e-01 -1.947568657126219904e-01
-3.296179245181051209e-01 9.237330228511178021e-01 -1.951136624025943678e-01
-3.570826554470514225e-01 9.133785287370160821e-01 -1.955291674334828367e-01
-3.842902455589213839e-01 9.021667776494933788e-01 -1.960003248443841495e-01
-4.112208864044227252e-01 8.900987388842642734e-01 -1.965238724809319215e-01
-4.378538613136961355e-01 8.771756044283444131e-01 -1.970963468198497215e-01
-4.641675127704125159e-01 8.633989078460566624e-01 -1.977140884913694552e-01
-4.901392210065441124e-01 8.487706480569553458e-01 -1.983732486146414509e-01
-5.157453944637299115e-01 8.332934171669911239e-01 -1.990697960599683014e-01
-5.409614727331867323e-01 8.169705314199021684e-01 -1.997995257482499953e-01
-5.657619425380254752e-01 7.998061642373004432e-01 -2.005580680922722792e-01
-5.901203672580260795e-01 7.818054802152781813e-01 -2.013408996762551806e-01
-6.140094304160546024e-01 7.629747688449970422e-01 -2.021433552592863114e-01
-6.374009934463503724e-01 7.433215766273906233e-01 -2.029606411748091921e-01
-6.602661679472433542e-01 7.228548361608814199e-01 -2.037878501821849264e-01
-6.825754024843191381e-01 7.015849906992065455e-01 -2.046199778075165898e-01
-7.042985838550315236e-01 6.795241126075909355e-01 -2.054519401895064934e-01
-7.254051525532483335e-01 6.566860140932250234e-01 -2.062785934222716999e-01
-7.458642319838753032e-01 6.330863485539485191e-01 -2.070947543610179298e-01
-7.656447707758694543e-01 6.087427008807273499e-01 -2.078952228286026216e-01
-7.847156973296933735e-01 5.836746650682346216e-01 -2.086748051317284247e-01
-8.030460855163265022e-01 5.579039075364956579e-01 -2.094283387653141926e-01
-8.206053302237571456e-01 5.314542146474966477e-01 -2.101507181530918589e-01
-8.373633312284282093e-01 5.043515230155656281e-01 -2.108369212423482075e-01
-8.534831537398385182e-01 4.784797886975484804e-01 -2.064548674250120397e-01
-8.684656536375743308e-01 4.527428338179121936e-01 -2.019686823612635018e-01
-8.823455699518800710e-01 4.272081939442930465e-01 -1.973815279531344336e-01
-8.951603821252069881e-01 4.019401203812519863e-01 -1.926967640074538635e-01
-9.069499745190874318e-01 3.769994810745789238e-01 -1.879179276919381025e-01
-9.177562998899105873e-01 3.524436911150312657e-01 -1.830487114796376935e-01
-9.276230446056494827e-01 3.283266721034291402e-01 -1.780929400373238158e-01
-9.365952982359876389e-01 3.046988393130420913e-01 -1.730545465005757233e-01
-9.447192299672139137e-01 2.816071152866251870e-01 -1.679375485580192617e-01
-9.520417740769963055e-01 2.590949682401875731e-01 -1.627460247404751148e-01
-9.586103264597433116e-01 2.372024734180249173e-01 -1.574840912788846303e-01
-9.644724539281266384e-01 2.159663953566525185e-01 -1.521558798589876249e-01
-9.696756177379962649e-01 1.954202888705089403e-01 -1.467655165620128654e-01
-9.742669124996835572e-01 1.755946164697636536e-01 -1.413171022402355259e-01
-9.782928213554874519e-01 1.565168798591277943e-01 -1.358146945352034229e-01
-9.817989880272652847e-01 1.382117631440469008e-01 -1.302622917056754093e-01
-9.848300060750684315e-01 1.207012853839962152e-01 -1.246638183926691290e-01
-9.874292254623819876e-01 1.040049601780886901e-01 -1.190231134111675582e-01
-9.896385762995719704e-01 8.813996004167473641e-02 -1.133439196225307782e-01
-9.914984094375279833e-01 7.312128342963020167e-02 -1.076298759089149432e-01
-9.930473534102617350e-01 5.896192237808530606e-02 -1.018845112412930382e-01
-9.943221870795988515e-01 4.567302886701157111e-02 -9.611124080616199883e-02
-9.953577272175599955e-01 3.326407814713834565e-02 -9.031336413275585506e-02
-9.961867301723784651e-01 2.174302742222181117e-02 -8.449406514251942002e-02
-9.968398067016048802e-01 1.111646842825066497e-02 -7.865641402560308304e-02
-9.973453490191918069e-01 1.389772601722001275e-03 -7.280337083502563811e-02
-9.977294690912683617e-01 -7.432772322862608860e-03 -6.693779067767648139e-02
-9.980159472256644460e-01 -1.534783530265256338e-02 -6.106243037221513459e-02
-9.982261900310929192e-01 -2.235292544217936869e-02 -5.517995643687909069e-02
-9.983791968711057674e-01 -2.844628666366816327e-02 -4.929295426492394383e-02
-9.984915340032923803e-01 -3.362680421757432286e-02 -4.340393834159309017e-02
-9.985773156734762956e-01 -3.789392354379328420e-02 -3.751536335385772386e-02
-9.986481915256918418e-01 -4.124758188618050242e-02 -3.162963604241448429e-02
-9.987133397893346309e-01 -4.368815296198250847e-02 -2.574912764433845078e-02
-9.987794658129831582e-01 -4.521640489262967327e-02 -1.987618677415700988e-02
-9.988508056279523650e-01 -4.583347151196357633e-02 -1.401315259076800837e-02
-9.989291343416663027e-01 -4.554083708108518092e-02 -8.162368097446642476e-03
-9.990137792794915317e-01 -4.434033435422158470e-02 -2.326193422087084739e-03
-9.991016379118221602e-01 -4.223415585587103616e-02 3.492981075231149472e-03
-9.991872007190397698e-01 -3.922487814455281885e-02 9.292722020268011016e-03
-9.992625792585516642e-01 -3.531549875137290906e-02 1.507054072105800009e-02
-9.993175398034834789e-01 -3.050948539104682278e-02 2.082388149527826179e-02
-9.993395430197591356e-01 -2.481083694789785327e-02 2.655011078043817419e-02
-9.993137902352049462e-01 -1.822415563880088601e-02 3.224650717762934243e-02
-9.992232769288581506e-01 -1.075472964848074586e-02 3.791025257769829737e-02
-9.990488541287311230e-01 -2.408625419748199048e-03 4.353842451585927115e-02
-9.987692984497257287e-01 6.807211337698451312e-03 4.912798989668738792e-02
-9.983613915281014384e-01 1.688484698079558213e-02 5.467580022584504762e-02
-9.978000096128195606e-01 2.781524479889103951e-02 6.017858847751178519e-02
-9.970582240552972042e-01 3.958814473373339221e-02 6.563296771703243382e-02
-9.961074133958847110e-01 5.219193940858891240e-02 7.103543158650811595e-02
-9.949173876762977820e-01 6.561354805271318869e-02 7.638235674669970054e-02
-9.934565255112295379e-01 7.983829003398995594e-02 8.167000735150746482e-02
-9.916919243288567776e-01 9.484975983086080253e-02 8.689454161130877319e-02
-9.895895640389367198e-01 1.106297053807490799e-01 9.205202047852537039e-02
-9.871144842093370064e-01 1.271579118317483215e-01 9.713841846299113569e-02
-9.842309746285985428e-01 1.444120927929077869e-01 1.021496365561385539e-01
-9.809027789057792601e-01 1.623677912214374075e-01 1.070815172119692349e-01
-9.770933105125607643e-01 1.809982920980912069e-01 1.119298612995924674e-01
-9.727658804105261403e-01 2.002745490206625512e-01 1.166904469073021672e-01
-9.690825906517209765e-01 2.178331279488881500e-01 1.158778421661925129e-01
-9.651175385559536135e-01 2.351970370927754794e-01 1.150239276005018269e-01
-9.608801827988480149e-01 2.523562244818250977e-01 1.141298542893948859e-01
-9.563803480547155011e-01 2.693011750889272027e-01 1.131968210006092934e-01
-9.516281884257019597e-01 2.860229250595742179e-01 1.122260693052533759e-01
-9.466341505114029831e-01 3.025130730724216455e-01 1.112188786449318512e-01
-9.414089363591437998e-01 3.187637888621097648e-01 1.101765613830744256e-01
-9.359634665261759023e-01 3.347678189570127416e-01 1.091004578711571166e-01
-9.303088434741128010e-01 3.505184897047565751e-01 1.079919315590587153e-01
-9.244563155032711199e-01 3.660097076767633295e-01 1.068523641771175897e-01
-9.184172414204522239e-01 3.812359575596031558e-01 1.056831510155815529e-01
-9.122030561183638309e-01 3.961922976554659859e-01 1.044856963251113990e-01
-9.058252372286074161e-01 4.108743531265408033e-01 1.032614088598420160e-01
-8.992952729932057743e-01 4.252783071284861327e-01 1.020116975822585037e-01
-8.926246314822758876e-01 4.394008899864982332e-01 1.007379675468428604e-01
-8.858247312679039531e-01 4.532393665737695088e-01 9.944161597712111722e-02
-8.789069136467790866e-01 4.667915220564492484e-01 9.812402854842169897e-02
-8.718824164869014570e-01 4.800556461716543599e-01 9.678657588637090692e-02
-8.647623497568843742e-01 4.930305162057480595e-01 9.543061028892563247e-02
-8.575576727801843546e-01 5.057153788391279825e-01 9.405746267759873547e-02
-8.502791732411653092e-01 5.181099310212881059e-01 9.266843978148812944e-02
-8.429374479553461974e-01 5.302143000360870495e-01 9.126482155579219990e-02
-8.355428854025995777e-01 5.420290229121244030e-01 8.984785883469456613e-02
-8.281056500095306250e-01 5.535550253270551391e-01 8.841877121684081631e-02
-8.206356681558301114e-01 5.647936001477193990e-01 8.697874518011491918e-02
-8.131426158690875372e-01 5.757463857402809193e-01 8.552893242105857885e-02
-8.056359081633941432e-01 5.864153441763078067e-01 8.407044841306450522e-02
-7.981246899690498386e-01 5.968027394520357687e-01 8.260437117641419857e-02
-7.906178285938005867e-01 6.069111158290579899e-01 8.113174025231985331e-02
-7.831239076502407581e-01 6.167432763955176256e-01 7.965355587236465362e-02
-7.756512223792774163e-01 6.263022619376484856e-01 7.817077831411027578e-02
-7.682077762958186007e-01 6.355913302023239453e-01 7.668432743314813893e-02
-7.608012790800561254e-01 6.446139356222231331e-01 7.519508236150404534e-02
-7.534391456358046080e-01 6.533737095663861849e-01 7.370388136205610619e-02
-7.461284962362580986e-01 6.618744411703822994e-01 7.221152182848353251e-02
-7.388761576771687434e-01 6.701200587921017915e-01 7.071876042022059994e-02
-7.316886653577618915e-01 6.781146121313689212e-01 6.922631332193514286e-02
-7.245722662106107714e-01 6.858622550441770827e-01 6.773485661717587591e-02
-7.175329224031254949e-01 6.933672290754134826e-01 6.624502676602728179e-02
-7.105763157351996373e-01 7.006338477274786092e-01 6.475742117686653088e-02
-7.037078526598382622e-01 7.076664814762291256e-01 6.327259886262384669e-02
-6.969326698561935096e-01 7.144695435401892114e-01 6.179108117229899916e-02
-6.902556402873062380e-01 7.210474764039811468e-01 6.031335258887296491e-02
-6.836813796779337427e-01 7.274047390924119894e-01 5.883986158516867765e-02
-6.772142533510845386e-01 7.335457951876138694e-01 5.737102152965094931e-02
-6.708583833652344008e-01 7.394751015780519632e-01 5.590721163460723314e-02
-6.646176558976213400e-01 7.451970979250653881e-01 5.444877793961182266e-02
-6.584957288224695393e-01 7.507161968298804444e-01 5.299603432364170807e-02
-6.524960394364471838e-01 7.560367746816991641e-01 5.154926353967778652e-02
-6.466218122870787122e-01 7.611631631655041419e-01 5.010871826608682966e-02
-6.408760670631955536e-01 7.660996414066016946e-01 4.867462216953376969e-02
-6.352616265097896786e-01 7.708504287276304323e-01 4.724717097461806486e-02
-6.297811243328153008e-01 7.754196779927573502e-01 4.582653353585904726e-02
-6.244370130625549464e-01 7.798114695130551333e-01 4.441285290807185648e-02
-6.192315718471047559e-01 7.840298054865655342e-01 4.300624741157578479e-02
-6.141669141503438567e-01 7.880786049462897846e-01 4.160681168905960153e-02
-6.092449953314140743e-01 7.919616991892813873e-01 4.021461775129245297e-02
-6.044676200852542314e-01 7.956828276601258798e-01 3.882971600921411581e-02
-5.998364497260986195e-01 7.992456342623590615e-01 3.745213629026380303e-02
-5.953530092980665600e-01 8.026536640717776283e-01 3.608188883711260786e-02
-5.896384423861976698e-01 8.067710793745065390e-01 3.803873878612334253e-02
-5.836540905791349765e-01 8.110185498700174245e-01 3.996032148767664910e-02
-5.774017218995874945e-01 8.153871472272106180e-01 4.184572539470440139e-02
-5.708832581427948361e-01 8.198677614023044402e-01 4.369407864229894051e-02
-5.641007872688539315e-01 8.244511210204104046e-01 4.550454973654110419e-02
-5.570565751920032449e-01 8.291278141572469007e-01 4.727634815116846939e-02
-5.497530768931623291e-01 8.338883094739464319e-01 4.900872482859611884e-02
-5.421929467868877861e-01 8.387229776540741089e-01 5.070097258221901992e-02
-5.343790482792106777e-01 8.436221130883796437e-01 5.235242639739298709e-02
-5.263144624585288645e-01 8.485759557495120564e-01 5.396246362900708471e-02
-5.180024958677892366e-01 8.535747131959684486e-01 5.553050409411838806e-02
-5.094466873125669260e-01 8.586085826419875833e-01 5.705601005871540482e-02
-5.006508136662670694e-01 8.636677730279559428e-01 5.853848611830234083e-02
-4.916188946404925764e-01 8.687425270242135067e-01 5.997747897264618655e-02
-4.823551964955724580e-01 8.738231428999458927e-01 6.137257709569486630e-02
-4.728642346732735979e-01 8.788999961881553968e-01 6.272341030235019377e-02
-4.631507753407594352e-01 8.839635610775188335e-01 6.402964921445554458e-02
-4.532198358418529360e-01 8.890044314622791433e-01 6.529100462902799606e-02
-4.430766840585487198e-01 8.940133415821720497e-01 6.650722679241967417e-02
-4.327268366924388876e-01 8.989811861857520681e-01 6.767810458472556245e-02
-4.221760564822176764e-01 9.038990401523379070e-01 6.880346461935814284e-02
-4.114303483796546423e-01 9.087581775101237769e-01 6.988317026327521553e-02
-4.004959547123312369e-01 9.135500897907717910e-01 7.091712058387011908e-02
-3.893793493669724382e-01 9.182665036639802159e-01 7.190524922900724814e-02
-3.780872310323398766e-01 9.228993977990715969e-01 7.284752324710473681e-02
-3.666265155453504732e-01 9.274410189045271258e-01 7.374394185452669281e-02
-3.550043273883177752e-01 9.318838969005592832e-01 7.459453515784437994e-02
-3.432279903889622896e-01 9.362208591842199334e-01 7.539936283875840750e-02
-3.313050176780882872e-01 9.404450439511377047e-01 7.615851280963774339e-02
-3.192431009625659177e-01 9.445499125427126996e-01 7.687209984772795657e-02
-3.070500991734916862e-01 9.485292607924259434e-01 7.754026421610737962e-02
-2.947340265511275148e-01 9.523772293497916319e-01 7.816317027942903950e-02
-2.823030402294484098e-01 9.560883129653494628e-01 7.874100512237770799e-02
-2.697654273838765993e-01 9.596573687249133622e-01 7.927397717859846482e-02
-2.571295920060648332e-01 9.630796232260256939e-01 7.976231487761850647e-02
-2.444040413694341385e-01 9.663506786941676863e-01 8.020626531699058537e-02
-2.315973722486024400e-01 9.694665180407187055e-01 8.060609296653942213e-02
-2.187182569548857536e-01 9.724235088689034967e-01 8.096207841119527904e-02
-2.057754292487485870e-01 9.752184064379932904e-01 8.127451713845755543e-02
-1.927776701884560961e-01 9.778483555998129795e-01 8.154371837605063622e-02
-1.797337939722743194e-01 9.803108917251300847e-01 8.177000398481976129e-02
-1.666526338294112841e-01 9.826039406407544030e-01 8.195370741137296411e-02
-1.535430280125255342e-01 9.847258176011458586e-01 8.209517270441067660e-02
-1.404138059420874940e-01 9.866752253210110402e-01 8.219475359810492210e-02
-1.272737745501931750e-01 9.884512510977614408e-01 8.225281266529937962e-02
-1.141317048686358027e-01 9.900533630548153941e-01 8.226972054270684231e-02
-1.009963189031656966e-01 9.914814055385523517e-01 8.224585522968652640e-02
-8.787627683294482739e-02 9.927355937032842359e-01 8.218160146159587953e-02
-7.478016457125231942e-02 9.938165073199030086e-01 8.207735015813477641e-02
-6.171648172054808312e-02 9.947250838449130939e-01 8.193349794653910501e-02
-4.869362995207207612e-02 9.954626107873697505e-01 8.175044675893963775e-02
-3.571990183726663631e-02 9.960307174118459006e-01 8.152860350268527345e-02
-2.280347015547372000e-02 9.964313658159466014e-01 8.126837980193958588e-02
-9.952377699590932159e-03 9.966668414211095062e-01 8.097019180840063501e-02
2.825472401319419416e-03 9.967397429154817301e-01 8.063446007856726883e-02
1.552232582607769758e-02 9.966529716875706102e-01 8.026160951458406745e-02
2.813058565821185963e-02 9.964097207891415842e-01 7.985206936534255950e-02
4.064282042409735757e-02 9.960134634655022356e-01 7.940627328420030162e-02
5.305177156326847110e-02 9.954679412908761238e-01 7.892465943940212003e-02
6.535036032397914529e-02 9.947771519460543166e-01 7.840767067305075277e-02
7.727076236133746667e-02 9.939213421164332374e-01 7.841944540799544727e-02
8.918486040500428480e-02 9.929197695264095902e-01 7.846277082474995002e-02
1.010956653925996068e-01 9.917719230588488699e-01 7.853746568459928079e-02
1.130061336808270284e-01 9.904770834309242211e-01 7.864334295260491658e-02
1.249191595431274893e-01 9.890343252949266306e-01 7.878020947867338253e-02
1.368375676342990788e-01 9.874425193557636593e-01 7.894786561646836842e-02
1.487641054017369846e-01 9.857003345182160370e-01 7.914610478100231328e-02
1.607014354239914289e-01 9.838062400788467610e-01 7.937471294571672720e-02
1.726521276584641329e-01 9.817585079792667813e-01 7.963346807984734987e-02
1.846186515812720808e-01 9.795552151392501461e-01 7.992213952687221568e-02
1.966033682036091301e-01 9.771942458899643968e-01 8.024048732485901392e-02
2.086085219503392429e-01 9.746732945293372641e-01 8.058826146956489522e-02
2.206362323880685372e-01 9.719898680233199917e-01 8.096520112119755253e-02
2.326884857915776650e-01 9.691412888785219115e-01 8.137103375582349640e-02
2.447671265392600548e-01 9.661246982133830929e-01 8.180547426250867060e-02
2.568738483301160613e-01 9.629370590567085664e-01 8.226822398739978837e-02
2.690101852169095031e-01 9.595751599040076574e-01 8.275896972610342905e-02
2.811775024523108235e-01 9.560356185636510462e-01 8.327738266589494731e-02
2.933769871472412527e-01 9.523148863263660724e-01 8.382311727949309788e-02
3.056096387432064576e-01 9.484092524930246570e-01 8.439581017236863492e-02
3.176214282645446474e-01 9.445729332919801102e-01 8.305790891356042149e-02
3.293608646768466097e-01 9.406641004471338885e-01 8.168528101825310583e-02
3.408243052163483777e-01 9.366931989716771323e-01 8.027862798962318025e-02
3.520084427505222324e-01 9.326706463822844739e-01 7.883866880867229643e-02
3.629102972744321365e-01 9.286068115571384229e-01 7.736614055874715956e-02
3.735272067457834355e-01 9.245119941213515435e-01 7.586179896857564442e-02
3.838568173081257640e-01 9.203964043899124370e-01 7.432641887129105840e-02
3.938970729533132764e-01 9.162701438962485012e-01 7.276079457759419833e-02
4.036462046758471089e-01 9.121431865324086674e-01 7.116574016185278628e-02
4.131027191730990977e-01 9.080253603247253613e-01 6.954208966055666630e-02
4.222653871466274800e-01 9.039263298666236901e-01 6.789069718313128776e-02
4.311332312608252559e-01 8.998555794280200804e-01 6.621243693565712074e-02
4.397055138159766119e-01 8.958223967584983960e-01 6.450820315854784159e-02
4.479817241934167527e-01 8.918358575991872650e-01 6.277890997970231313e-02
4.559615661308881740e-01 8.879048109160018187e-01 6.102549118506323672e-02
4.636449448863445566e-01 8.840378648646658455e-01 5.924889990888888847e-02
4.710319543483676985e-01 8.802433734957250122e-01 5.745010824637225566e-02
4.781228641510235078e-01 8.765294242055996499e-01 5.563010679152515653e-02
4.849181068503846670e-01 8.729038259376390441e-01 5.378990410348413048e-02
4.914182652190913769e-01 8.693740981351290031e-01 5.193052610459100021e-02
4.976240597142023159e-01 8.659474604463002212e-01 5.005301541375638957e-02
5.035363361722113851e-01 8.626308231795895010e-01 4.815843061873033987e-02
5.091560537834763922e-01 8.594307785057383464e-01 4.624784549098368697e-02
5.144842733964255510e-01 8.563535924017845469e-01 4.432234814694931135e-02
5.195221461997916457e-01 8.534051973306181482e-01 4.238304015938695185e-02
5.242709028287756423e-01 8.505911856485451894e-01 4.043103562262201356e-02
5.287318429384767482e-01 8.479168037322308837e-01 3.846746017537118478e-02
5.329063252851581334e-01 8.453869468154880940e-01 3.649344998480893304e-02
5.367957583529572307e-01 8.430061545256283262e-01 3.451015069545271957e-02
5.404015915605189235e-01 8.407786071085079360e-01 3.251871634635441349e-02
5.437253070787374520e-01 8.387081223309715838e-01 3.052030825998425581e-02
5.467684122873650576e-01 8.367981530491113151e-01 2.851609390608519923e-02
5.495324328946920023e-01 8.350517854306209742e-01 2.650724574366269265e-02
5.520189067408481920e-01 8.334717378195094506e-01 2.449494004416073040e-02
5.542293783015360686e-01 8.320603602315421732e-01 2.248035569876228809e-02
5.561653939052022544e-01 8.308196344689828816e-01 2.046467301264337166e-02
5.578284976728026257e-01 8.297511748434993617e-01 1.844907248890703677e-02
5.592202281854409263e-01 8.288562294964553212e-01 1.643473360482887793e-02
5.603421158812793568e-01 8.281356823062200334e-01 1.442283358296005819e-02
5.611956811792467859e-01 8.275900553725682451e-01 1.241454615955927057e-02
5.617824333232367406e-01 8.272195120686971492e-01 1.041104035276195668e-02
5.621038699366970315e-01 8.270238606518344193e-01 8.413479232844080571e-03
5.621614772738013910e-01 8.270025584238337446e-01 6.423018696899093077e-03
5.619567311497635220e-01 8.271547164335344426e-01 4.440806250220142616e-03
5.614910985293363188e-01 8.274791047129772537e-01 2.467979796664659508e-03
5.607660397491451842e-01 8.279741580398133349e-01 5.056664402743296823e-04
5.597830113462538559e-01 8.286379822183880250e-01 -1.445018699570886850e-03
5.585434694622692930e-01 8.294683608720277990e-01 -3.382973657172038198e-03
5.570488737893805054e-01 8.304627627389822297e-01 -5.307110771390330384e-03
5.553006920220033837e-01 8.316183494642742646e-01 -7.216357816046961408e-03
5.533004047751918231e-01 8.329319838793750597e-01 -9.109659107475732293e-03
5.510495109286837057e-01 8.344002387611478833e-01 -1.098597658683090131e-02
5.485495333533966233e-01 8.360194060608878708e-01 -1.284429087472449896e-02
5.458020249753813280e-01 8.377855065935265744e-01 -1.468360229574262529e-02
5.428085751306950257e-01 8.396943001761730807e-01 -1.650293187037146087e-02
5.395708161633788746e-01 8.417412962041282976e-01 -1.830132227185310434e-02
5.360904302177273983e-01 8.439217646513488269e-01 -2.007783874549094044e-02
5.323691561753229884e-01 8.462307474810556451e-01 -2.183156998793639447e-02
5.284087966868893371e-01 8.486630704507962530e-01 -2.356162898401528705e-02
5.242112252488877466e-01 8.512133552947889203e-01 -2.526715379869448608e-02
5.197783932749518998e-01 8.538760322648183410e-01 -2.694730832184969935e-02
5.151123371127196426e-01 8.566453530093371960e-01 -2.860128296357423647e-02
5.102151849573813847e-01 8.595154037687653403e-01 -3.022829529786752456e-02
5.050891636143097774e-01 8.624801188633013371e-01 -3.182759065266177467e-02
4.997366050644670987e-01 8.655332944478779655e-01 -3.339844264428577097e-02
4.941599527878898779e-01 8.686686025072333228e-01 -3.494015365462663919e-02
4.883617678024146924e-01 8.718796050624525451e-01 -3.645205524943293668e-02
4.823447343769242113e-01 8.751597685587795272e-01 -3.793350853640552189e-02
4.761116653807398458e-01 8.785024784030308620e-01 -3.938390446194486166e-02
4.696655072333506542e-01 8.819010536175807546e-01 -4.080266404566387783e-02
4.630093444214289922e-01 8.853487615766461039e-01 -4.218923855203250695e-02
4.561464035530185535e-01 8.888388327895080376e-01 -4.354310959879183207e-02
4.490800569218708072e-01 8.923644756943699408e-01 -4.486378920205997406e-02
4.418138255581238738e-01 8.959188914257906200e-01 -4.615081975834666589e-02
4.343513817448414471e-01 8.994952885180594881e-01 -4.740377396399565041e-02
4.266965509833331449e-01 9.030868975065031723e-01 -4.862225467288149028e-02
4.188533133936319097e-01 9.066869853885447528e-01 -4.980589469349676335e-02
4.108258045399873493e-01 9.102888699063795830e-01 -5.095435652687442529e-02
4.026183156747168979e-01 9.138859336133866584e-01 -5.206733204709487750e-02
3.942352933972128048e-01 9.174716376868712331e-01 -5.314454212642547720e-02
3.856813387283094530e-01 9.210395354504196108e-01 -5.418573620742861419e-02
3.769612056035464565e-01 9.245832855700445441e-01 -5.519069182465002193e-02
3.680797987920941816e-01 9.280966648894021231e-01 -5.615921407875958116e-02
3.590421712512198993e-01 9.315735808706533394e-01 -5.709113506625893009e-02
3.498535209291424586e-01 9.350080836090249869e-01 -5.798631326809234460e-02
3.405191870319349001e-01 9.383943773907718056e-01 -5.884463290069645580e-02
3.310446457727693748e-01 9.417268317660496546e-01 -5.966600323319921906e-02
3.214355056242432229e-01 9.449999921101530642e-01 -6.045035787462703369e-02
3.116975020967686083e-01 9.482085896486431853e-01 -6.119765403509984381e-02
3.018364920680384755e-01 9.513475509240650885e-01 -6.190787176508624756e-02
2.918584476903937075e-01 9.544120066842159966e-01 -6.258101317685356435e-02
2.817694499045031997e-01 9.573973001742571709e-01 -6.321710165228071332e-02
2.715756815891285370e-01 9.602989948173388246e-01 -6.381618104120487245e-02
2.612834203778775510e-01 9.631128812708179554e-01 -6.437831485444604762e-02
2.508990311747567592e-01 9.658349838475678295e-01 -6.490358545559787862e-02
2.404289584010164960e-01 9.684615662942934744e-01 -6.539209325558852093e-02
2.298797180062494283e-01 9.709891369211538503e-01 -6.584395591390374003e-02
2.192578892769598553e-01 9.734144530793463757e-01 -6.625930755022663154e-02
2.085701064758770651e-01 9.757345249856010927e-01 -6.663829797008641309e-02
1.978230503451517408e-01 9.779466188947611993e-01 -6.698109190792352063e-02
1.870234395062593258e-01 9.800482596237743982e-01 -6.728786829077333664e-02
1.761780217889526712e-01 9.820372324324724289e-01 -6.755881952554634862e-02
1.652935655209698540e-01 9.839115842684756919e-01 -6.779415081264256182e-02
1.543768508094256198e-01 9.856696243854029538e-01 -6.799407948838345761e-02
1.434346608439095172e-01 9.873099243453022922e-01 -6.815883439847905678e-02
1.324737732502960785e-01 9.888313174178320342e-01 -6.828865530447242316e-02
1.215009515231532666e-01 9.902328973902133624e-01 -6.838379232482251491e-02
1.105229365634316924e-01 9.915140168033447221e-01 -6.844450541199996463e-02
9.954643834683936376e-02 9.926742846307111678e-01 -6.847106386668283529e-02
8.857812774696910418e-02 9.937135634178447807e-01 -6.846374588985182363e-02
7.762462853585998246e-02 9.946319659010898206e-01 -6.842283817329979090e-02
6.669250958325133316e-02 9.954298511253070192e-01 -6.834863552879057169e-02
5.578827727433927075e-02 9.961078200809174721e-01 -6.824144055582900825e-02
4.491836816438018326e-02 9.966667108813407339e-01 -6.810156334773982689e-02
3.408914188701286235e-02 9.971075935024318326e-01 -6.792932123549912105e-02
2.330687433169877781e-02 9.974317641059696760e-01 -6.772503856852024606e-02
1.257775110421502883e-02 9.976407389696053674e-01 -6.748904653136765519e-02
1.907861282683663215e-03 9.977362480459449623e-01 -6.722168299515807188e-02
-8.696808519810720825e-03 9.977202281736259337e-01 -6.692329240221073228e-02
-1.923037977637126125e-02 9.975948159633545309e-01 -6.659422568232639672e-02
-2.937710386712601152e-02 9.973533779203156424e-01 -6.650744739735331423e-02
-3.951020603272999837e-02 9.970073350295503012e-01 -6.644797030940829963e-02
-4.963278047073570870e-02 9.965568528365338352e-01 -6.641567141861454138e-02
-5.974790090400209502e-02 9.960019370780596182e-01 -6.641042777512733142e-02
-6.985861639927626321e-02 9.953424349779396163e-01 -6.643211640060907308e-02
-7.996794720213823426e-02 9.945780364563300280e-01 -6.648061416896337839e-02
-9.007888057164376017e-02 9.937082752568956456e-01 -6.655579764679006582e-02
-1.001943665983885956e-01 9.927325299969866901e-01 -6.665754289394315579e-02
-1.103173139901120203e-01 9.916500251469512195e-01 -6.678572522449856275e-02
-1.204505858093606607e-01 9.904598319456558997e-01 -6.694021892836796161e-02
-1.305969951481479319e-01 9.891608692602360531e-01 -6.712089695373039955e-02
-1.407593007249736961e-01 9.877519043990524716e-01 -6.732763055039479860e-02
-1.509402023900160150e-01 9.862315538877969301e-01 -6.756028887415448103e-02
-1.611423365247773298e-01 9.845982842196653317e-01 -6.781873855215034275e-02
-1.713682713229653654e-01 9.828504125915111800e-01 -6.810284320922298240e-02
-1.816205019399193821e-01 9.809861076389017054e-01 -6.841246295520615750e-02
-1.919014454984624418e-01 9.790033901840315966e-01 -6.874745383309567581e-02
-2.022134359396739745e-01 9.769001340114993326e-01 -6.910766722801976736e-02
-2.125587187077426776e-01 9.746740666880256976e-01 -6.949294923693974391e-02
-2.229394452587841746e-01 9.723227704432905183e-01 -6.990313999902462994e-02
-2.333576673842981675e-01 9.698436831301792127e-01 -7.033807298667080210e-02
-2.438153313408032985e-01 9.672340992838699414e-01 -7.079757425717889130e-02
-2.543142717781353146e-01 9.644911713003450071e-01 -7.128146166515601789e-02
-2.648562054599301052e-01 9.616119107560806567e-01 -7.178954403578281795e-02
-2.754427247709504978e-01 9.585931898918488292e-01 -7.232162029917288404e-02
-2.860752910071596711e-01 9.554317432847483360e-01 -7.287747858615813146e-02
-2.967552274458081230e-01 9.521241697337671228e-01 -7.345689528595836237e-02
-3.074837121942892715e-01 9.486669343853503245e-01 -7.405963406633776780e-02
-3.182617708181454952e-01 9.450563711266046774e-01 -7.468544485701704427e-02
-3.290902687503765023e-01 9.412886852748980626e-01 -7.533406279729706889e-02
-3.399699034861268787e-01 9.373599565936965305e-01 -7.600520714906143505e-02
-3.509011965689166623e-01 9.332661426655163295e-01 -7.669858017655944993e-02
-3.618844853768350411e-01 9.290030826538270281e-01 -7.741386599463154217e-02
-3.729199147195519370e-01 9.245665014866194520e-01 -7.815072938732432750e-02
-3.840074282596179778e-01 9.199520144951200962e-01 -7.890881459915483065e-02
-3.951467597743281157e-01 9.151551325417772720e-01 -7.968774410162238198e-02
-4.063374242774195344e-01 9.101712676721369633e-01 -8.048711733793303957e-02
-4.175787090230616005e-01 9.049957393255471105e-01 -8.130650944929505852e-02
-4.288696644179755824e-01 8.996237811397485018e-01 -8.214546998656496735e-02
-4.402090948710901119e-01 8.940505483843022017e-01 -8.300352161147137031e-02
-4.515955496138896463e-01 8.882711260574372991e-01 -8.388015879211706272e-02
-4.630273135285399855e-01 8.822805376802473898e-01 -8.477484649795818950e-02
-4.745023980249620799e-01 8.760737548211861014e-01 -8.568701889998027454e-02
-4.860185320122605845e-01 8.696457073824800377e-01 -8.661607808233236228e-02
-4.975731530142733505e-01 8.629912946783535599e-01 -8.756139277224041229e-02
-5.091633984834682547e-01 8.561053973328121014e-01 -8.852229709559493454e-02
-5.207860973719468101e-01 8.489828900221229047e-01 -8.949808936619248201e-02
-5.324377620228789576e-01 8.416186550840311087e-01 -9.048803091720103442e-02
-5.441145804502572902e-01 8.340075970121211268e-01 -9.149134498400957050e-02
-5.558124090793672423e-01 8.261446578495479365e-01 -9.250721564820685305e-02
-5.675267660247746981e-01 8.180248334915922737e-01 -9.353478685300563311e-02
-5.792528249868711399e-01 8.096431909011125860e-01 -9.457316150097901108e-02
-5.909854098520295196e-01 8.009948862349571819e-01 -9.562140064549613794e-02
-6.027189900851290805e-01 7.920751838727431160e-01 -9.667852278772592900e-02
-6.144476770065410154e-01 7.828794763321038630e-01 -9.774350329150903460e-02
-6.261652210485332271e-01 7.734033050465466408e-01 -9.881527392876965354e-02
-6.378650100883700436e-01 7.636423819734607932e-01 -9.989272256843713393e-02
-6.495400689570598463e-01 7.535926119905943521e-01 -1.009746930220617039e-01
-6.611830602236391519e-01 7.432501160294966436e-01 -1.020599850594249014e-01
-6.727862863549837202e-01 7.326112548840615357e-01 -1.031473546074516690e-01
-6.843416933503010391e-01 7.216726536214443932e-01 -1.042355141456135087e-01
-6.958408759475920302e-01 7.104312265113466029e-01 -1.053231333107580020e-01
-7.072750844963707761e-01 6.988842023780464929e-01 -1.064088397238964617e-01
-7.186352335867138841e-01 6.870291502677076112e-01 -1.074912200509166998e-01
-7.299119125191889657e-01 6.748640053115344539e-01 -1.085688213084501780e-01
-7.410953976933110088e-01 6.623870946534051729e-01 -1.096401524252029192e-01
-7.521756669838302045e-01 6.495971632988430944e-01 -1.107036860679483786e-01
-7.631424161643250992e-01 6.364933997307586910e-01 -1.117578607400725177e-01
-7.739850774262179156e-01 6.230754611264823772e-01 -1.128010831590514351e-01
-7.846928400284470806e-01 6.093434980004078794e-01 -1.138317309175299469e-01
-7.952546730986282952e-01 5.952981780872796946e-01 -1.148481554307560354e-01
-8.056593505906545216e-01 5.809407092729985678e-01 -1.158486851710169019e-01
-8.158954783863889837e-01 5.662728613729991478e-01 -1.168316291874261781e-01
-8.259515235104943898e-01 5.512969865529918634e-01 -1.177952809069407053e-01
-8.358158454076369814e-01 5.360160381833738441e-01 -1.187379222098573633e-01
-8.454767292104753418e-01 5.204335879170991497e-01 -1.196578277702756155e-01
-8.549224209051718981e-01 5.045538407814608162e-01 -1.205532696491360828e-01
-8.641411642788855429e-01 4.883816480772402158e-01 -1.214225221244892988e-01
-8.731212395110665714e-01 4.719225178841879309e-01 -1.222638667406454188e-01
-8.818510032476670757e-01 4.551826229799256773e-01 -1.230755975548431386e-01
-8.903189299749124652e-01 4.381688059902025256e-01 -1.238560265570959468e-01
-8.985136544873854048e-01 4.208885816020428439e-01 -1.246034892359694918e-01
-9.064240152242039050e-01 4.033501356877007837e-01 -1.253163502602626378e-01
-9.140390982273910447e-01 3.855623212064447358e-01 -1.259930092439539573e-01
-9.213482814585003400e-01 3.675346507729448930e-01 -1.266319065593841109e-01
-9.283412791935452546e-01 3.492772858052843876e-01 -1.272315291615202515e-01
-9.350081862026345947e-01 3.308010221921637295e-01 -1.277904163843396612e-01
-9.413395214097715069e-01 3.121172724474654547e-01 -1.283071656689180884e-01
-9.473262707203446986e-01 2.932380443506932832e-01 -1.287804381817578003e-01
-9.529599286991907725e-01 2.741759161035416392e-01 -1.292089642812739025e-01
-9.582325387809744743e-01 2.549440080655942520e-01 -1.295915487902080665e-01
-9.631367316971860548e-01 2.355559511654571891e-01 -1.299270760320779816e-01
-9.676657618104208547e-01 2.160258521170408119e-01 -1.302145145906157819e-01
-9.718135410568361499e-01 1.963682556037215088e-01 -1.304529217525061402e-01
-9.755746702117661373e-01 1.765981036252427527e-01 -1.306414475956034493e-01
-9.789444672113352119e-01 1.567306922329446961e-01 -1.307793386871768382e-01
-9.819189922843910567e-01 1.367816259077489494e-01 -1.308659413595816001e-01
-9.844950696739600549e-01 1.167667698617905897e-01 -1.309007045340553621e-01
-9.866703057554156997e-01 9.670220056823412846e-02 -1.308831820670507684e-01
-9.884431033892939755e-01 7.660415484422673782e-02 -1.308130345975937192e-01
-9.898126723797775472e-01 5.648897782877355944e-02 -1.306900308785451659e-01
-9.907790359448395145e-01 3.637307021026738724e-02 -1.305140485792830041e-01
-9.913430331403905171e-01 1.627283506723745110e-02 -1.302850745521420828e-01
-9.915063172179781059e-01 -3.795375309559409494e-03 -1.300032045598854269e-01
-9.912713499330939593e-01 -2.381531224537998537e-02 -1.296686424664545423e-01
-9.906413918584032752e-01 -4.377088279590116149e-02 -1.292816988981886073e-01
-9.896204887926632887e-01 -6.364620079206768921e-02 -1.288427893875375985e-01
-9.882134543912207691e-01 -8.342563647223374956e-02 -1.283524320159527554e-01
-9.864258491772598392e-01 -1.030938643749354233e-01 -1.278112445770529237e-01
-9.842639561239528989e-01 -1.226359091857321393e-01 -1.272199412852743350e-01
-9.817347530259294963e-01 -1.420371892549201209e-01 -1.265793290589606046e-01
-9.788458819036610636e-01 -1.612835575291459711e-01 -1.258903034101903351e-01
-9.756056157061699929e-01 -1.803613396685898040e-01 -1.251538439765332023e-01
-9.720228225956752954e-01 -1.992573691519677059e-01 -1.243710097323402486e-01
-9.681069281122300918e-01 -2.179590192036272023e-01 -1.235429339190908804e-01
-9.638678755269972642e-01 -2.364542314099726816e-01 -1.226708187357244129e-01
-9.593160846995334445e-01 -2.547315409258562591e-01 -1.217559298307767796e-01
-9.544624097573565225e-01 -2.727800982049140566e-01 -1.207995906385293527e-01
-9.493180959152730525e-01 -2.905896872206498172e-01 -1.198031766012720850e-01
-9.438947357476139555e-01 -3.081507401769282839e-01 -1.187681093192099191e-01
-9.396103820022770892e-01 -3.232622407007713639e-01 -1.124004822718233099e-01
-9.353748334854737889e-01 -3.373870018991232400e-01 -1.060374768453214295e-01
-9.312298529235291111e-01 -3.505348702745846867e-01 -9.968089304565111441e-02
-9.272141499541753928e-01 -3.627161832943334163e-01 -9.333223038963810170e-02
-9.233634239203267757e-01 -3.739415349996720872e-01 -8.699270393268072887e-02
-9.197104138402728557e-01 -3.842215606561346641e-01 -8.066326186566051548e-02
-9.162849532500406680e-01 -3.935667403333603098e-01 -7.434460445977809917e-02
-9.131140278074491023e-01 -4.019872211666086215e-01 -6.803720415904442043e-02
-9.102218337457376185e-01 -4.094926579505136499e-01 -6.174132664141299132e-02
-9.076298354642031718e-01 -4.160920716475504655e-01 -5.545705269041303204e-02
-9.053568207414643965e-01 -4.217937253555625876e-01 -4.918430073911026629e-02
-9.034189522519493476e-01 -4.266050172672726237e-01 -4.292284996684266746e-02
-9.018298142568195175e-01 -4.305323901666162634e-01 -3.667236384608984351e-02
-9.006004535262422950e-01 -4.335812570386427534e-01 -3.043241405174103298e-02
-8.997394137306533590e-01 -4.357559424182999019e-01 -2.420250465769176185e-02
-8.992527627148040326e-01 -4.370596391654171242e-01 -1.798209655593576567e-02
-8.991441122406955699e-01 -4.374943804254272095e-01 -1.177063204098328757e-02
-8.994146299549717893e-01 -4.370610266147046952e-01 -5.567559507422141334e-03
-9.000630435041501176e-01 -4.357592673527623250e-01 6.276417893314343785e-04
-9.010856368885155065e-01 -4.335876383478740048e-01 6.815436959615094221e-03
-9.015778217171255271e-01 -4.325458063613718540e-01 7.846789607177290932e-03
-9.021367028293817425e-01 -4.313590648909410574e-01 8.873661547969903529e-03
-9.027614186447027178e-01 -4.300278011362088093e-01 9.895786280525606382e-03
-9.034510253493839294e-01 -4.285524108209152749e-01 1.091289646920206267e-02
-9.042044979585135422e-01 -4.269332994453510222e-01 1.192472373811542634e-02
-9.050207314313847284e-01 -4.251708836494986765e-01 1.293099847609655365e-02
-9.058985418427795144e-01 -4.232655926825967807e-01 1.393144965343079932e-02
-9.068366676126795589e-01 -4.212178699745978139e-01 1.492580465112408258e-02
-9.078337707971197990e-01 -4.190281748047428034e-01 1.591378910341873301e-02
-9.088884384430364616e-01 -4.166969840622214427e-01 1.689512675426228794e-02
-9.099991840100704055e-01 -4.142247940936293338e-01 1.786953932841073983e-02
-9.111644488623711347e-01 -4.116121226316738491e-01 1.883674641782460968e-02
-9.123826038335045574e-01 -4.088595107993167610e-01 1.979646538399127548e-02
-9.136519508675939871e-01 -4.059675251832757792e-01 2.074841127678044017e-02
-9.149707247398251031e-01 -4.029367599705404590e-01 2.169229677041075235e-02
-9.163370948594129484e-01 -3.997678391412901600e-01 2.262783211707481215e-02
-9.177491671580684240e-01 -3.964614187113337795e-01 2.355472511873650532e-02
-9.192049860669067041e-01 -3.930181890169266445e-01 2.447268111757889761e-02
-9.207025365846165377e-01 -3.894388770345571515e-01 2.538140300554252507e-02
-9.222397464395483135e-01 -3.857242487280383991e-01 2.628059125335290014e-02
-9.238144883481896885e-01 -3.818751114149898651e-01 2.716994395939199489e-02
-9.254245823722718756e-01 -3.778923161445512657e-01 2.804915691872163219e-02
-9.270677983764921137e-01 -3.737767600779395849e-01 2.891792371251680066e-02
-9.287418585885475197e-01 -3.695293888632411594e-01 2.977593581811390638e-02
-9.304444402628512245e-01 -3.651511989956266468e-01 3.062288273982300552e-02
-9.321731784489475370e-01 -3.606432401539899635e-01 3.145845216059392491e-02
-9.339256688652536331e-01 -3.560066175048451353e-01 3.228233011456410617e-02
-9.356994708783404890e-01 -3.512424939641710098e-01 3.309420118045089398e-02
-9.374921105875166916e-01 -3.463520924077728713e-01 3.389374869568316517e-02
-9.393010840140056938e-01 -3.413366978206380242e-01 3.468065499109641153e-02
-9.411238603935063729e-01 -3.361976593756998977e-01 3.545460164594241292e-02
-9.429578855704024987e-01 -3.309363924323943107e-01 3.621526976288897554e-02
-9.448005854913392731e-01 -3.255543804453961410e-01 3.696234026260768191e-02
-9.466493697953212161e-01 -3.200531767739671629e-01 3.769549419746816982e-02
-9.485016354969015850e-01 -3.144344063824254798e-01 3.841441308377657043e-02
-9.503547707584396598e-01 -3.086997674223704302e-01 3.911877925191368371e-02
-9.522061587467944843e-01 -3.028510326874629954e-01 3.980827621364566027e-02
-9.540531815692118167e-01 -2.968900509317717318e-01 4.048258904579685874e-02
-9.558932242825450842e-01 -2.908187480429522132e-01 4.114140478939150997e-02
-9.577236789693356345e-01 -2.846391280618332797e-01 4.178441286328851006e-02
-9.599390783629387913e-01 -2.760839931451259943e-01 4.790209074950806806e-02
-9.622959838533627908e-01 -2.665904973950857793e-01 5.399964818757544555e-02
-9.647669429037680766e-01 -2.561557045850183512e-01 6.007509348066953497e-02
-9.673218406439216821e-01 -2.447770412694021125e-01 6.612618834878529472e-02
-9.699279208679887354e-01 -2.324524883697528244e-01 7.215043471473686632e-02
-9.725498178900483515e-01 -2.191807865660067300e-01 7.814506351391944938e-02
-9.751496013639747718e-01 -2.049616544537079532e-01 8.410702576529652252e-02
-9.776868362220771935e-01 -1.897960181745780572e-01 9.003298614591950799e-02
-9.801186598972931874e-01 -1.736862509489129347e-01 9.591931931199884631e-02
-9.823998789608500148e-01 -1.566364206361599565e-01 1.017621092052600068e-01
-9.844830872252717802e-01 -1.386525431298286926e-01 1.075571515731855304e-01
-9.863188072258551875e-01 -1.197428390609119042e-01 1.132999599149599329e-01
-9.878556567973262315e-01 -9.991799094809344917e-02 1.189857750407850995e-01
-9.890405422023436088e-01 -7.919139760256642402e-02 1.246095784001389206e-01
-9.898188789421897837e-01 -5.757942228107316984e-02 1.301661092941101550e-01
-9.901348409864523248e-01 -3.510163079486328108e-02 1.356498860379903859e-01
-9.899316386989108763e-01 -1.178101553769043963e-02 1.410552310829536748e-01
-9.891518252147911694e-01 1.235579879359921529e-02 1.463763000403441039e-01
-9.877376304463494350e-01 3.727837213307808734e-02 1.516071144796239112e-01
-9.856313212686369507e-01 6.295229302005636574e-02 1.567415982926021745e-01
-9.827755857775227755e-01 8.933905394337379735e-02 1.617736173337594452e-01
-9.791139388328109483e-01 1.163959622241575037e-01 1.666970219612925741e-01
-9.745911454185286482e-01 1.440760903311819607e-01 1.715056920182780054e-01
-9.691536576904346001e-01 1.723282691305845493e-01 1.761935837107487524e-01
-9.627500609595153191e-01 2.010971270603229000e-01 1.807547777623956797e-01
-9.553315233026725695e-01 2.303231775928646641e-01 1.851835281570564373e-01
-9.468522430209681540e-01 2.599429566154344839e-01 1.894743107231777746e-01
-9.372698878036893610e-01 2.898892105289204157e-01 1.936218707719228604e-01
-9.265460192229820757e-01 3.200911349623545288e-01 1.976212689751603580e-01
-9.146464960954723278e-01 3.504746630423267728e-01 2.014679246633980791e-01
-9.015418503164032149e-01 3.809628011722211438e-01 2.051576557384187371e-01
-8.872076290053448888e-01 4.114760092941605607e-01 2.086867144318460821e-01
-8.716246972014769501e-01 4.419326216581488387e-01 2.120518181992329942e-01
-8.547794959053822694e-01 4.722493032396458679e-01 2.152501751187768930e-01
-8.366642509712549636e-01 5.023415361591740957e-01 2.182795032628239984e-01
-8.172771291901936852e-01 5.321241297934311554e-01 2.211380436264749894e-01
-7.966223388479028999e-01 5.615117477506914589e-01 2.238245663276438868e-01
-7.747101730600576275e-01 5.904194445326717000e-01 2.263383699330099585e-01
-7.515569952537151099e-01 6.187632045329196639e-01 2.286792739101268790e-01
-7.271851672394038513e-01 6.464604760336370992e-01 2.308476043529272270e-01
-7.041115682978464907e-01 6.721242741530800702e-01 2.290761671994010484e-01
-6.803357458660377333e-01 6.967614730099165321e-01 2.273032192197034507e-01
-6.559068057623960168e-01 7.203611770795774749e-01 2.255350693613024926e-01
-6.308726323258899704e-01 7.429153516167865678e-01 2.237778650502197375e-01
-6.052797219004006912e-01 7.644186082305507446e-01 2.220375652956897983e-01
-5.791730432508919169e-01 7.848679830850308070e-01 2.203199170510591332e-01
-5.525959244281620775e-01 8.042627108469752040e-01 2.186304347549758997e-01
-5.255899652813320611e-01 8.226039972639682674e-01 2.169743829347921815e-01
-4.981949745518655659e-01 8.398947929979158067e-01 2.153567617190939032e-01
-4.704489302689037755e-01 8.561395710642811796e-01 2.137822950782907461e-01
-4.423879620007813429e-01 8.713441099479799501e-01 2.122554215909687181e-01
-4.140463533984659050e-01 8.855152841888332960e-01 2.107802875188216074e-01
-3.854565633892416132e-01 8.986608639592307268e-01 2.093607419639220979e-01
-3.566492643386199868e-01 9.107893248991580926e-01 2.080003338782909217e-01
-3.276533954902843271e-01 9.219096692328890841e-01 2.067023106965540924e-01
-2.984962300128334300e-01 9.320312589702280937e-01 2.054696183673150600e-01
-2.692034540232199347e-01 9.411636617950792649e-01 2.043049025670908569e-01
-2.397992560153068553e-01 9.493165100662853684e-01 2.032105108916729963e-01
-2.103064251934180506e-01 9.564993732003537197e-01 2.021884958330239235e-01
-1.807464572910293665e-01 9.627216435724714749e-01 2.012406183647994784e-01
-1.496247789408094719e-01 9.681131817644016424e-01 2.009211886226548727e-01
-1.184648794082697187e-01 9.725044238107808381e-01 2.005024915958398823e-01
-8.731390150133624961e-02 9.759004909608169909e-01 1.999863629512299845e-01
-5.621821389344758280e-02 9.783094313970140954e-01 1.993745213886697620e-01
-2.522325449850755866e-02 9.797421188725533581e-01 1.986685650543600357e-01
5.626615219928788464e-03 9.802121437943653870e-01 1.978699700418229679e-01
3.628824498966042034e-02 9.797356978460280974e-01 1.969800908890871616e-01
6.671981959504762194e-02 9.783314531559855753e-01 1.960001629583485172e-01
9.688097201022580207e-02 9.760204369253782097e-01 1.949313065651276100e-01
1.267328859954560405e-01 9.728259023393045490e-01 1.937745327078888302e-01
1.562383883863637801e-01 9.687731964984384048e-01 1.925307502361882361e-01
1.853620313258243779e-01 9.638896260269204097e-01 1.912007742856030312e-01
2.140701646959574933e-01 9.582043209391416516e-01 1.897853358008591285e-01
2.423309990055230179e-01 9.517480972837092379e-01 1.882850919645743248e-01
2.701146589784242935e-01 9.445533190283078584e-01 1.867006373477149150e-01
2.973932280744180368e-01 9.366537596046466962e-01 1.850325155990430182e-01
3.241407841557717440e-01 9.280844634980792707e-01 1.832812314943236542e-01
3.503334264955723643e-01 9.188816082412945008e-01 1.814472631716632922e-01
3.759492943065136372e-01 9.090823671548756701e-01 1.795310743868622494e-01
4.009685769548281820e-01 8.987247731684177010e-01 1.775331266318727341e-01
4.253735160138468197e-01 8.878475840530032359e-01 1.754538909701501559e-01
4.491483993064062652e-01 8.764901493977445002e-01 1.732938594546537259e-01
4.722795470856165911e-01 8.646922796683134127e-01 1.710535560072799222e-01
4.947552905096667675e-01 8.524941176924086816e-01 1.687335466523817440e-01
5.165659425784207004e-01 8.399360129244767270e-01 1.663344490115251095e-01
5.377037617173028305e-01 8.270583988483486415e-01 1.638569409815482103e-01
5.581629082169211609e-01 8.139016738805208151e-01 1.613017685331088469e-01
5.779393937643493295e-01 8.005060861375153936e-01 1.586697525820264243e-01
5.970310243331579114e-01 7.869116224272095783e-01 1.559617949006483206e-01
6.154373367331815725e-01 7.731579018155300131e-01 1.531788830510069643e-01
6.331595291566027850e-01 7.592840741059931897e-01 1.503220943355044470e-01
6.502003860931396817e-01 7.453287235499902463e-01 1.473925987741011301e-01
6.665641980228701469e-01 7.313297780804151049e-01 1.443916611293427910e-01
6.822566763294652947e-01 7.173244243303950052e-01 1.413206420119057505e-01
6.972848639083707445e-01 7.033490286628482080e-01 1.381809981095590834e-01
7.116570419728871499e-01 6.894390643958949738e-01 1.349742815914439231e-01
7.253826335854149931e-01 6.756290453644374638e-01 1.317021387472844529e-01
7.384721044607222007e-01 6.619524659102927755e-01 1.283663079275265129e-01
7.509368616025027254e-01 6.484417473429575640e-01 1.249686168554229315e-01
7.627891503434170994e-01 6.351281908613355398e-01 1.215109793857509224e-01
7.740419503620812325e-01 6.220419368745001565e-01 1.179953917871749552e-01
7.847088712481053996e-01 6.092119306077447005e-01 1.144239286263013800e-01
7.948040481784226508e-01 5.966658938296979242e-01 1.107987383312675767e-01
8.043420382550591219e-01 5.844303024880208586e-01 1.071220385113456769e-01
8.133377180365748416e-01 5.725303699959397585e-01 1.033961111066097893e-01
8.218061827731301117e-01 5.609900358703212575e-01 9.962329743831842277e-02
8.297626478290668350e-01 5.498319593847644793e-01 9.580599322641154825e-02
8.372223527476513327e-01 5.390775178687781111e-01 9.194664363553320396e-02
8.442004683808519427e-01 5.287468092569194145e-01 8.804773840538529517e-02
8.507120074733871551e-01 5.188586584700829452e-01 8.411180711512075692e-02
8.567717390554280277e-01 5.094306271951137832e-01 8.014141462501363222e-02
8.623941069629091905e-01 5.004790266186552872e-01 7.613915673192002409e-02
8.675931527689848544e-01 4.920189326666000729e-01 7.210765606817831630e-02
8.723824433753061269e-01 4.840642033015888912e-01 6.804955826669803476e-02
8.767750034779644430e-01 4.766274974375005469e-01 6.396752840815166097e-02
8.807832530905547186e-01 4.697202950415507727e-01 5.986424775950446864e-02
8.844189502761874433e-01 4.633529180111528589e-01 5.574241080667496906e-02
8.876931392116683694e-01 4.575345514337400554e-01 5.160472257798589396e-02
8.906161036806362619e-01 4.522732648629161356e-01 4.745389624930602263e-02
8.931973260682882776e-01 4.475760332731763547e-01 4.329265101645107111e-02
8.954454519084351638e-01 4.434487573875932065e-01 3.912371021555356709e-02
8.973682600139516463e-01 4.398962831078512270e-01 3.494979966776472907e-02
8.989726382040883479e-01 4.369224198133969117e-01 3.077364622084672804e-02
9.002645646263979229e-01 4.345299573357990774e-01 2.659797645697497062e-02
9.012490946569536865e-01 4.327206814552503888e-01 2.242551553341491644e-02
9.019303533498240766e-01 4.314953878080454164e-01 1.825898612067853102e-02
9.023115333950842976e-01 4.308538941364140618e-01 1.410110740130902235e-02
9.023948985336609496e-01 4.307950508548481494e-01 9.954594091591663710e-03
9.021817923666571870e-01 4.313167499496125545e-01 5.822155448241771690e-03
9.016726524861424785e-01 4.324159322700690256e-01 1.706494222472995127e-03
9.008670298433586465e-01 4.340885933113490802e-01 -2.389694475209234309e-03
8.997636132585642432e-01 4.363297876273849463e-01 -6.463724434625933019e-03
8.983602589640088398e-01 4.391336320509388047e-01 -1.051291976301317946e-02
8.966540250575307791e-01 4.424933079326591745e-01 -1.453461649002298420e-02
8.946412107287854409e-01 4.464010626439353091e-01 -1.852616438794823378e-02
8.923174001029758884e-01 4.508482106180259907e-01 -2.248492903087051867e-02
8.896775105280596563e-01 4.558251342302123699e-01 -2.640829411236933835e-02
8.867158451107184369e-01 4.613212848401946342e-01 -3.029366403696456475e-02
8.834261492839280416e-01 4.673251843382540960e-01 -3.413846679563838082e-02
8.798016711648681820e-01 4.738244275504973069e-01 -3.794015713065132522e-02
8.758352254363569456e-01 4.808056858674776279e-01 -4.169621998948943448e-02
8.715192604582395752e-01 4.882547124643781267e-01 -4.540417426222149999e-02
8.668459282875577987e-01 4.961563494795143692e-01 -4.906157679087971152e-02
8.618071572582749473e-01 5.044945375110005958e-01 -5.266602663378090743e-02
8.563947267433219546e-01 5.132523277789152738e-01 -5.621516956206259324e-02
8.506003436942822793e-01 5.224118972821666373e-01 -5.970670276020498962e-02
8.444157205277423861e-01 5.319545672555447968e-01 -6.313837969703756103e-02
8.378326539028038145e-01 5.418608252032911521e-01 -6.650801512877800581e-02
8.308431039121193518e-01 5.521103507511491149e-01 -6.981349019111494913e-02
8.234392731897229867e-01 5.626820455196182014e-01 -7.305275753331287591e-02
8.156136854234845579e-01 5.735540671774370658e-01 -7.622384644387468489e-02
8.073592627488385132e-01 5.847038677867109069e-01 -7.932486791452443564e-02
7.986694014940534103e-01 5.961082365001874050e-01 -8.235401958724146432e-02
7.895380457461954604e-01 6.077433466176915822e-01 -8.530959052784896357e-02
7.799597582115023187e-01 6.195848069534413138e-01 -8.818996576928493647e-02
7.699297878544008045e-01 6.316077174097297631e-01 -9.099363056819528839e-02
7.594441338160720090e-01 6.437867285961912378e-01 -9.371917431990771374e-02
7.484996051363358438e-01 6.560961052784815006e-01 -9.636529407917289458e-02
7.370938758316288864e-01 6.685097933866603892e-01 -9.893079763728036824e-02
7.252255349167808784e-01 6.810014902627825606e-01 -1.014146061102366853e-01
7.128941309988109376e-01 6.935447177800874163e-01 -1.038157559975803890e-01
7.001002111165983699e-01 7.061128979235725689e-01 -1.061334006770326688e-01
6.868453535504422947e-01 7.186794303843968557e-01 -1.083668113064574917e-01
6.731321943795072205e-01 7.312177716891679058e-01 -1.105153771114300298e-01
6.589644476221609981e-01 7.437015153602662965e-01 -1.125786050439727820e-01
6.443469188533728076e-01 7.561044725853749426e-01 -1.145561188055919249e-01
6.292855122537314161e-01 7.684007528636001005e-01 -1.164476572355001710e-01
6.137872311052986474e-01 7.805648440921191256e-01 -1.182530720727111018e-01
5.978601718094737061e-01 7.925716915611580315e-01 -1.199723251083979203e-01
5.815135115603520255e-01 8.043967753361176420e-01 -1.216054847523913157e-01
5.647574898628168194e-01 8.160161855235190664e-01 -1.231527220448186272e-01
5.476033841369459809e-01 8.274066949416828409e-01 -1.246143061505390476e-01
5.300634796985018715e-01 8.385458287471171390e-01 -1.259905993800978230e-01
5.121510344486174260e-01 8.494119306028028449e-01 -1.272820517863106626e-01
4.938802386437689540e-01 8.599842250141614963e-01 -1.284891953902176365e-01
4.752661701492967294e-01 8.702428755016557993e-01 -1.296126380939504608e-01
4.563247456058163731e-01 8.801690383248386151e-01 -1.306530573409930285e-01
4.370726679576978357e-01 8.897449115203462933e-01 -1.316111935863547577e-01
4.175273708063498290e-01 8.989537790649505533e-01 -1.324878436403113535e-01
3.977069600584393072e-01 9.077800500234827208e-01 -1.332838539496074837e-01
3.776301533406211663e-01 9.162092925894101958e-01 -1.340001138793836533e-01
3.573162176481780028e-01 9.242282629723359566e-01 -1.346375490576295630e-01
3.367849056856014323e-01 9.318249291310269911e-01 -1.351971148417285273e-01
3.160563913430794458e-01 9.389884893921768283e-01 -1.356797899637112448e-01
2.951512047346515621e-01 9.457093860334803148e-01 -1.360865704072549420e-01
2.740901672020588653e-01 9.519793139443597507e-01 -1.364184635653291344e-01
2.528943266636761167e-01 9.577912245085445919e-01 -1.366764827227886225e-01
2.315848936610081510e-01 9.631393248794960504e-01 -1.368616419032383513e-01
2.101831784266898207e-01 9.680190728422984892e-01 -1.369749511142324128e-01
1.887105292683599334e-01 9.724271674741207239e-01 -1.370174120194133649e-01
1.671882725327559771e-01 9.763615358297856872e-01 -1.369900140606314376e-01
1.456376543844278282e-01 9.798213158895406893e-01 -1.368937310474908631e-01
1.240797846040717634e-01 9.828068360130300940e-01 -1.367295182262289466e-01
1.025355825830527035e-01 9.853195911470308266e-01 -1.364983098344128010e-01
8.102572566356681938e-02 9.873622160350397081e-01 -1.362010171427025518e-01
5.957059994837898831e-02 9.889384556746667609e-01 -1.358385269799350092e-01
3.819025368036971235e-02 9.900531332643599525e-01 -1.354117007330750411e-01
1.690435327039349969e-02 9.907121158746493572e-01 -1.349213738092054915e-01
