1.000000000000000000e+00 0.000000000000000000e+00 0.000000000000000000e+00
9.999973211348514024e-01 8.574036895628581656e-04 -2.150019879740062891e-03
9.999888948531100441e-01 1.937530314791470910e-03 -4.296062618096455760e-03
9.999740289806471338e-01 3.239934163208102718e-03 -6.437717167821739930e-03
9.999518887905253228e-01 4.764121068177093812e-03 -8.574571173826938536e-03
9.999214983517611399e-01 6.509547262684051670e-03 -1.070621079082965423e-02
9.998817420282888335e-01 8.475618068966069701e-03 -1.283222051275920324e-02
9.998313661301947430e-01 1.066168642960009343e-02 -1.495218301531188454e-02
9.997689807194761746e-01 1.306705128624867027e-02 -1.706567901301851709e-02
9.996930615727361857e-01 1.569095581285216354e-02 -1.917228713215169897e-02
9.996019523033466969e-01 1.853258551064328186e-02 -2.127158380076180424e-02
9.994938666457011678e-01 2.159106617294244759e-02 -2.336314315708835562e-02
9.993668909042251469e-01 2.486546172826999135e-02 -2.544653697754685126e-02
9.992189865698233309e-01 2.835477197088177165e-02 -2.752133462544038497e-02
9.990479931064064623e-01 3.205793018839733083e-02 -2.958710302149018465e-02
9.988516309100640145e-01 3.597380069674177561e-02 -3.164340663721942892e-02
9.986275044433243764e-01 4.010117629316249654e-02 -3.368980751216024000e-02
9.983731055467726101e-01 4.443877563860717389e-02 -3.572586529578447578e-02
9.980858169300741434e-01 4.898524058125761776e-02 -3.775113731498474373e-02
9.977629158441851942e-01 5.373913343350230493e-02 -3.976517866785292399e-02
9.974015779362084277e-01 5.869893421509590759e-02 -4.176754234441922703e-02
9.969988812879813089e-01 6.386303787569357071e-02 -4.375777937492550396e-02
9.965518106390647279e-01 6.922975151035791475e-02 -4.573543900611233559e-02
9.960572617943252993e-01 7.479729158201418870e-02 -4.770006890590000603e-02
9.955120462157854844e-01 8.056378116517014243e-02 -4.965121539673929968e-02
9.949128957978430332e-01 8.652724722551825842e-02 -5.158842371779918945e-02
9.942564678243476228e-01 9.268561795029545136e-02 -5.351123831604482489e-02
9.935393501053577658e-01 9.903672014448504368e-02 -5.541920316614157294e-02
9.927580662906982933e-01 1.055782767081044349e-01 -5.731186211899877425e-02
9.919090813566940890e-01 1.123079042099252023e-01 -5.918875927864145070e-02
9.909888072616743759e-01 1.192231105730170299e-01 -6.104943940696931637e-02
9.899936087650301753e-01 1.263212928874895835e-01 -6.289344835583053628e-02
9.889198094037628950e-01 1.335997353657228937e-01 -6.472033352570391584e-02
9.877636976195981466e-01 1.410556074552254402e-01 -6.652964435014706301e-02
9.865215330288529261e-01 1.486859621240352314e-01 -6.832093280503127863e-02
9.851895528263449053e-01 1.564877343332824466e-01 -7.009375394144651272e-02
9.837639783137281935e-01 1.644577397111577632e-01 -7.184766644102225097e-02
9.822410215417300972e-01 1.725926734420797637e-01 -7.358223319227430448e-02
9.806168920548617995e-01 1.808891093843234543e-01 -7.529702188645294447e-02
9.788878037262840337e-01 1.893434994287619133e-01 -7.699160563123610967e-02
9.770499816696363027e-01 1.979521731106822502e-01 -7.866556358048325259e-02
9.750996692137920974e-01 2.067113374858667307e-01 -8.031848157814186484e-02
9.730331349256886586e-01 2.156170772812814329e-01 -8.194995281428006650e-02
9.708466796656074482e-01 2.246653553297889017e-01 -8.355957849110692837e-02
9.685366436585557404e-01 2.338520132973015142e-01 -8.514696849673709933e-02
9.660994135647321679e-01 2.431727727097203751e-01 -8.671174208435991626e-02
9.635314295314484356e-01 2.526232362858659708e-01 -8.825352855438534094e-02
9.608291922083455061e-01 2.621988895814046372e-01 -8.977196793706150590e-02
9.579892697072773800e-01 2.718951029475146774e-01 -9.126671167299175991e-02
9.550083044878577843e-01 2.817071338067241859e-01 -9.273742328892364828e-02
9.518830201493729826e-01 2.916301292469956064e-01 -9.418377906613921435e-02
9.486102281095657451e-01 3.016591289337356985e-01 -9.560546869874608777e-02
9.451868341506948212e-01 3.117890683379834771e-01 -9.700219593915192229e-02
9.416098448132781407e-01 3.220147822775803470e-01 -9.837367922800256681e-02
9.378763736180328880e-01 3.323310087666646595e-01 -9.971965230587612194e-02
9.339836470967431969e-01 3.427323931673653123e-01 -1.010398648040518044e-01
9.299290106131113953e-01 3.532134926361091276e-01 -1.023340828117142026e-01
9.257099339550819428e-01 3.637687808555082336e-01 -1.036020894170102818e-01
9.213240166806777598e-01 3.743926530413725917e-01 -1.048436852194481878e-01
9.167689932000405717e-01 3.850794312130046415e-01 -1.060586888112136084e-01
9.120427375771319456e-01 3.958233697135899454e-01 -1.072469372250804964e-01
9.071432680354195588e-01 4.066186609662082452e-01 -1.084082863467083768e-01
9.020687511528409086e-01 4.174594414497646011e-01 -1.095426112892475962e-01
8.968175057324017097e-01 4.283397978779865389e-01 -1.106498067283156195e-01
8.913880063359213013e-01 4.392537735635637097e-01 -1.117297871955618555e-01
8.857788864696740649e-01 4.501953749485244072e-01 -1.127824873292040397e-01
8.799889414119926867e-01 4.611585782810598833e-01 -1.138078620800950375e-01
8.740171306742797741e-01 4.721373364182292476e-01 -1.148058868720642223e-01
8.678625800883184027e-01 4.831255857333077164e-01 -1.157765577154707126e-01
8.615245835142629760e-01 4.941172531059895845e-01 -1.167198912731060856e-01
8.550026041652254438e-01 5.051062629732238074e-01 -1.176359248777896493e-01
8.482962755459334536e-01 5.160865444181520489e-01 -1.185247165012092846e-01
8.414054020045185212e-01 5.270520382744348087e-01 -1.193863446737735423e-01
8.343299588980834791e-01 5.379967042231977858e-01 -1.202209083554544033e-01
8.270700923742855259e-01 5.489145278599006916e-01 -1.210285267578140728e-01
8.196261187727456043e-01 5.597995277086309507e-01 -1.218093391176214291e-01
8.119985236516452654e-01 5.706457621616495279e-01 -1.225635044226728448e-01
8.041879604463887388e-01 5.814473363224607061e-01 -1.232912010906371120e-01
7.961952487686794200e-01 5.921984087312460732e-01 -1.239926266019433371e-01
7.880213723557744077e-01 6.028931979521791051e-01 -1.246679970879226579e-01
7.796674766810374191e-01 6.135259890029250984e-01 -1.253175468755986788e-01
7.711348662381879437e-01 6.240911396075209394e-01 -1.259415279906958285e-01
7.624250015128464231e-01 6.345830862548109685e-01 -1.265402096205990312e-01
7.535394956560879098e-01 6.449963500456862286e-01 -1.271138775391505438e-01
7.444801108757359565e-01 6.553255423135225799e-01 -1.276628334953105459e-01
7.352487545620479681e-01 6.655653700034284137e-01 -1.281873945678352056e-01
7.258474751652598256e-01 6.757106407971920081e-01 -1.286878924882399744e-01
7.162784578431653504e-01 6.857562679721429522e-01 -1.291646729344158862e-01
7.065440198975055930e-01 6.956972749835104164e-01 -1.296180947973519237e-01
6.966466060184274278e-01 7.055287997612559314e-01 -1.300485294234873801e-01
6.865887833566465259e-01 7.152460987137779780e-01 -1.304563598352743437e-01
6.763732364432084587e-01 7.248445504323103306e-01 -1.308419799325717114e-01
6.660027619768925655e-01 7.343196590912641764e-01 -1.312057936775188616e-01
6.554802634993406318e-01 7.436670575411841178e-01 -1.315482142655498288e-01
6.448087459779264785e-01 7.528825100923864921e-01 -1.318696632852069395e-01
6.339913103162088115e-01 7.619619149887244536e-01 -1.321705698693979303e-01
6.230311478115401203e-01 7.709013065722606362e-01 -1.324513698407123186e-01
6.119315345790372618e-01 7.796968571409282900e-01 -1.327125048533727425e-01
6.006958259606649531e-01 7.883448785025045646e-01 -1.329544215343442526e-01
5.893274509376420500e-01 7.968418232294151027e-01 -1.331775706260620584e-01
5.778299065637676479e-01 8.051842856200145393e-01 -1.333824061331647659e-01
5.662067524365728133e-01 8.133690023730540952e-01 -1.335693844755380388e-01
5.544616052224555780e-01 8.213928529830372138e-01 -1.337389636498829137e-01
5.425981332511474742e-01 8.292528598650837912e-01 -1.338916024019252971e-01
5.306200511940030173e-01 8.369461882187619883e-01 -1.340277594112780635e-01
5.185311148397032666e-01 8.444701456411103369e-01 -1.341478924908582893e-01
5.063351159800300039e-01 8.518221814997509744e-01 -1.342524578026467741e-01
4.940358774174037904e-01 8.589998860775943657e-01 -1.343419090914596548e-01
4.816372481048949994e-01 8.660009895011527847e-01 -1.344166969382804833e-01
4.691430984284201688e-01 8.728233604649143773e-01 -1.344772680345794058e-01
4.565573156398278210e-01 8.794650047645861113e-01 -1.345240644789218176e-01
4.438837994485735350e-01 8.859240636522883738e-01 -1.345575230970454950e-01
4.311264577786797503e-01 8.921988120269845890e-01 -1.345780747864621651e-01
4.182892026966845145e-01 8.982876564735532421e-01 -1.345861438865176563e-01
4.053759465153070063e-01 9.041891331639639873e-01 -1.345821475747251417e-01
3.923905980766005386e-01 9.099019056340036382e-01 -1.345664952900686162e-01
3.793370592174329370e-01 9.154247624489185720e-01 -1.345395881838600816e-01
3.662192214192313000e-01 9.207566147711983007e-01 -1.345018185986234238e-01
3.530409626430573988e-01 9.258964938435262360e-01 -1.344535695753718563e-01
3.398061443502446988e-01 9.308435483996727600e-01 -1.343952143895441875e-01
3.265186087080321764e-01 9.355970420158027379e-01 -1.343271161157678917e-01
3.131821759788721016e-01 9.401563504143257699e-01 -1.342496272215256969e-01
2.998006420913759684e-01 9.445209587320282374e-01 -1.341630891897153399e-01
2.863777763901919626e-01 9.486904587638038677e-01 -1.340678321700112807e-01
2.729173195614822967e-01 9.526645461928447967e-01 -1.339641746588616789e-01
2.594229817300889862e-01 9.564430178176673847e-01 -1.338524232078837084e-01
2.458984407239429848e-01 9.600257687858435585e-01 -1.337328721603560644e-01
2.323473405007852044e-01 9.634127898437749860e-01 -1.336058034154489482e-01
2.187732897318265535e-01 9.666041646113048280e-01 -1.334714862197782514e-01
2.051798605365792449e-01 9.696000668894022567e-01 -1.333301769858228902e-01
1.915705873627416289e-01 9.724007580085870517e-01 -1.331821191367020263e-01
1.779489660047129385e-01 9.750065842251861570e-01 -1.330275429767710516e-01
1.643184527540524076e-01 9.774179741719369874e-01 -1.328666655874627400e-01
1.506824636749763691e-01 9.796354363688734024e-01 -1.326996907477726306e-01
1.370443739978073061e-01 9.816595567998531724e-01 -1.325268088787636689e-01
1.234075176231486104e-01 9.834909965595145520e-01 -1.323481970114465667e-01
1.097751867294558814e-01 9.851304895748836943e-01 -1.321640187773771291e-01
9.615063147660879439e-02 9.865788404052987515e-01 -1.319744244213000850e-01
8.253705979805528448e-02 9.878369221237697229e-01 -1.317795508351614353e-01
6.893763727410008590e-02 9.889056742823607582e-01 -1.315795216128059220e-01
5.535548707894059201e-02 9.897861009636610419e-01 -1.313744471246750256e-01
4.179368999411343932e-02 9.904792689199062306e-01 -1.311644246118206791e-01
2.856244188079331420e-02 9.909746979304888681e-01 -1.309707446130086161e-01
1.534368053013161412e-02 9.912899434708725144e-01 -1.308006896468334457e-01
2.137431976405510664e-03 9.914256921212746265e-01 -1.306542359000428533e-01
-1.105629351475464692e-02 9.913825330593791785e-01 -1.305313467789091242e-01
-2.423749624348462209e-02 9.911609582517880712e-01 -1.304319730267211319e-01
-3.740618191421053729e-02 9.907613628027793773e-01 -1.303560528203843161e-01
-5.056235651543417725e-02 9.901840454580967954e-01 -1.303035118462700370e-01
-6.370602124060298355e-02 9.894292092619668688e-01 -1.302742633555153684e-01
-7.683716744989770031e-02 9.884969623660030402e-01 -1.302682081990325647e-01
-8.995577167282073350e-02 9.873873189891099189e-01 -1.302852348425455609e-01
-1.030617906515584464e-01 9.861002005279430049e-01 -1.303252193620272892e-01
-1.161551564252199242e-01 9.846354368179085492e-01 -1.303880254199689392e-01
-1.292357714552224424e-01 9.829927675451027858e-01 -1.304735042229688002e-01
-1.423035037922987800e-01 9.811718438099847894e-01 -1.305814944611853323e-01
-1.553581822858431383e-01 9.791722298439559102e-01 -1.307118222302568189e-01
-1.683995918365900346e-01 9.769934048803738946e-01 -1.308643009363478493e-01
-1.814274686939319758e-01 9.746347651818625391e-01 -1.310387311850420011e-01
-1.944414957995283522e-01 9.720956262260854741e-01 -1.312349006548602370e-01
-2.074412981792359556e-01 9.693752250524313441e-01 -1.314525839562456500e-01
-2.204264383858022813e-01 9.664727227723087788e-01 -1.316915424769176945e-01
-2.334880239361998844e-01 9.634446394753322096e-01 -1.313688330845092234e-01
-2.464668760550447757e-01 9.602513057174256739e-01 -1.310401077381755652e-01
-2.593605464617907419e-01 9.568951126165151644e-01 -1.307052078114503135e-01
-2.721666306913351763e-01 9.533784989377958041e-01 -1.303639668756230996e-01
-2.848827682758754976e-01 9.497039507854077023e-01 -1.300162111402538845e-01
-2.975066429806852430e-01 9.458740013120872092e-01 -1.296617598996850085e-01
-3.100359830942527872e-01 9.418912304410477221e-01 -1.293004259849662718e-01
-3.224685617728370035e-01 9.377582645943816075e-01 -1.289320162206071818e-01
-3.348021974391114930e-01 9.334777764223365359e-01 -1.285563318855694748e-01
-3.470347542341944425e-01 9.290524845279020116e-01 -1.281731691779101345e-01
-3.591641425219950223e-01 9.244851531812467993e-01 -1.277823196824821872e-01
-3.711883194444516865e-01 9.197785920186698494e-01 -1.273835708410967216e-01
-3.831052895258907354e-01 9.149356557208746521e-01 -1.269767064245448940e-01
-3.949131053244015477e-01 9.099592436655374872e-01 -1.265615070058744018e-01
-4.066098681278019211e-01 9.048522995493226695e-01 -1.261377504343093869e-01
-4.181937286914595986e-01 8.996178109746992835e-01 -1.257052123091980111e-01
-4.296628880149429563e-01 8.942588089971270637e-01 -1.252636664533665345e-01
-4.410155981541953873e-01 8.887783676284159995e-01 -1.248128853852538828e-01
-4.522501630656657334e-01 8.831796032923094897e-01 -1.243526407891963059e-01
-4.633649394785822606e-01 8.774656742286046640e-01 -1.238827039832271631e-01
-4.744452969203900028e-01 8.714375639503055826e-01 -1.244919005277708435e-01
-4.855030021961787012e-01 8.652362019591994802e-01 -1.251125517492187034e-01
-4.965360492673747683e-01 8.588599101633620503e-01 -1.257442142471313085e-01
-5.075423163836061402e-01 8.523070268933561344e-01 -1.263864308767521094e-01
-5.185195647104686723e-01 8.455759119411846436e-01 -1.270387306142251593e-01
-5.294654371303452178e-01 8.386649517513973251e-01 -1.277006284410978632e-01
-5.403774572282068478e-01 8.315725647613223526e-01 -1.283716252498707244e-01
-5.512530284745952303e-01 8.242972068865820345e-01 -1.290512077723837414e-01
-5.620894336182086226e-01 8.168373771471947320e-01 -1.297388485328525298e-01
-5.728838343006872336e-01 8.091916234286616882e-01 -1.304340058273834035e-01
-5.836332709063158930e-01 8.013585483714873448e-01 -1.311361237318058870e-01
-5.943346626594203652e-01 7.933368153815946178e-01 -1.318446321396631316e-01
-6.049848079822279789e-01 7.851251547530664343e-01 -1.325589468321935471e-01
-6.155803851258903059e-01 7.767223698935816767e-01 -1.332784695821216392e-01
-6.261179530872110766e-01 7.681273436418172285e-01 -1.340025882930493406e-01
-6.365939528233922617e-01 7.593390446649678216e-01 -1.347306771762039612e-01
-6.470047087767936134e-01 7.503565339233888576e-01 -1.354620969662504171e-01
-6.573464307212906199e-01 7.411789711882088572e-01 -1.361961951778167812e-01
-6.676152159413141218e-01 7.318056215965904610e-01 -1.369323064043101446e-01
-6.778070517540493167e-01 7.222358622281452867e-01 -1.376697526605149824e-01
-6.879178183845703343e-01 7.124691886848441014e-01 -1.384078437703686326e-01
-6.979432922028696584e-01 7.025052216556124662e-01 -1.391458778011955555e-01
-7.078791493308264071e-01 6.923437134456721376e-01 -1.398831415455567273e-01
-7.177209696261230842e-01 6.819845544495930501e-01 -1.406189110517291618e-01
-7.274642410489814415e-01 6.714277795459682174e-01 -1.413524522036753717e-01
-7.371043644163320918e-01 6.606735743906223535e-01 -1.420830213511928564e-01
-7.466366585466698291e-01 6.497222815843290977e-01 -1.428098659907487133e-01
-7.560563657973706775e-01 6.385744066901516414e-01 -1.435322254973059874e-01
-7.653586579946689561e-01 6.272306240747471673e-01 -1.442493319072351565e-01
-7.745386427548067720e-01 6.156917825472991712e-01 -1.449604107521781093e-01
-7.835913701930902198e-01 6.039589107691778480e-01 -1.456646819434925244e-01
-7.925118400157135090e-01 5.920332224069846383e-01 -1.463613607066539257e-01
-8.012950089872573622e-01 5.799161210013255019e-01 -1.470496585647298460e-01
-8.099357987647383128e-01 5.676092045234921724e-01 -1.477287843697697445e-01
-8.184291040869908773e-01 5.551142695922192116e-01 -1.483979453806730242e-01
-8.267698013060174045e-01 5.424333153228348969e-01 -1.490563483858111105e-01
-8.349527572447519308e-01 5.295685467814519320e-01 -1.497032008683866211e-01
-8.429728383634725875e-01 5.165223780173505697e-01 -1.503377122122170895e-01
-8.508249202148685519e-01 5.032974346474017313e-01 -1.509590949453334940e-01
-8.585038971655510887e-01 4.898965559672667225e-01 -1.515665660184875307e-01
-8.659763533458861851e-01 4.769797051994441039e-01 -1.502508475539142963e-01
-8.731890653213629783e-01 4.640765478423837243e-01 -1.489087467144754040e-01
-8.801447155675791167e-01 4.511952333285626504e-01 -1.475403062457321390e-01
-8.868461938453314763e-01 4.383438084615011721e-01 -1.461455949290590695e-01
-8.932965915639441423e-01 4.255302098288733514e-01 -1.447247072178125260e-01
-8.994991957433003948e-01 4.127622564891860191e-01 -1.432777628082782528e-01
-9.054574825919379233e-01 4.000476429561007352e-01 -1.418049061484586426e-01
-9.111751107202533673e-01 3.873939325029135960e-01 -1.403063058879742142e-01
-9.166559140094027169e-01 3.748085508080238881e-01 -1.387821542725485024e-01
-9.219038941578695523e-01 3.622987799604283077e-01 -1.372326664867181689e-01
-9.269232129288980104e-01 3.498717528423919698e-01 -1.356580799485611055e-01
-9.317181841230426365e-01 3.375344479044818935e-01 -1.340586535603633389e-01
-9.362932653009754524e-01 3.252936843461237126e-01 -1.324346669192501824e-01
-9.406530492824007883e-01 3.131561177127707429e-01 -1.307864194918885448e-01
-9.448022554474707624e-01 3.011282359186757684e-01 -1.291142297574251196e-01
-9.487457208674591191e-01 2.892163557021429354e-01 -1.274184343228599858e-01
-9.524883912916484174e-01 2.774266195180268291e-01 -1.256993870150665549e-01
-9.560353120174177599e-01 2.657649928701545372e-01 -1.239574579536584092e-01
-9.593916186703859150e-01 2.542372620842845432e-01 -1.221930326088709051e-01
-9.625625279211817986e-01 2.428490325202016520e-01 -1.204065108485723595e-01
-9.655533281649815169e-01 2.316057272195899963e-01 -1.185983059784466997e-01
-9.683693701893832939e-01 2.205125859844367098e-01 -1.167688437792976514e-01
-9.710160578554895006e-01 2.095746648789113542e-01 -1.149185615453154202e-01
-9.734988388162504336e-01 1.987968361459462041e-01 -1.130479071270215907e-01
-9.758231952951970101e-01 1.881837885281205935e-01 -1.111573379824680602e-01
-9.779946349476663636e-01 1.777400279809344119e-01 -1.092473202401123555e-01
-9.800186818255164356e-01 1.674698787651480170e-01 -1.073183277766269345e-01
-9.819008674651441559e-01 1.573774849035723122e-01 -1.053708413127245613e-01
-9.836467221173764708e-01 1.474668119865178151e-01 -1.034053475298981062e-01
-9.852617661365088431e-01 1.377416493090559968e-01 -1.014223382107815735e-01
-9.867515015444351389e-01 1.282056123223128119e-01 -9.942230940564258934e-02
-9.881214037844492371e-01 1.188621453802025107e-01 -9.740576062731506890e-02
-9.893769136779247964e-01 1.097145247623180359e-01 -9.537319407667697868e-02
-9.905234295956965029e-01 1.007658619531222322e-01 -9.332511390057235401e-02
-9.915662998545872187e-01 9.201910715712810496e-02 -9.126202548387098157e-02
-9.925108153481642104e-01 8.347705302941300920e-02 -8.918443477715434775e-02
-9.933622024194638245e-01 7.514233860057768777e-02 -8.709284766131372701e-02
-9.941256159821162397e-01 6.701745337513119460e-02 -8.498776935014648592e-02
-9.948061328950301707e-01 5.910474158225199892e-02 -8.286970383184127931e-02
-9.954087455945723750e-01 5.140640655793844022e-02 -8.073915335005206473e-02
-9.959383559870019775e-01 4.392451523771241650e-02 -7.859661792507563471e-02
-9.963997696028054074e-01 3.666100273927245384e-02 -7.644259491546896712e-02
-9.967976900135212537e-01 2.961767701479968429e-02 -7.427757862027030422e-02
-9.971367135106564694e-01 2.279622355299695119e-02 -7.210205992182365520e-02
-9.974213240453762008e-01 1.619821011137992026e-02 -6.991652596904912587e-02
-9.976558884268013072e-01 9.825091459834256816e-03 -6.772145990085266798e-02
-9.978446517759742562e-01 3.678214116997677134e-03 -6.551734060922780045e-02
-9.979917332318549716e-01 -2.241178938385842909e-03 -6.330464254146929426e-02
-9.981011219050847094e-01 -7.931943598366138215e-03 -6.108383554079441224e-02
-9.981766730747104743e-01 -1.339303001550929892e-02 -5.885538472455128373e-02
-9.982221046225899785e-01 -1.862347806732559535e-02 -5.661975039908598295e-02
-9.982409936998013489e-01 -2.362241291057931222e-02 -5.437738801024013385e-02
-9.982367736190596030e-01 -2.838904063993337099e-02 -5.212874812835871507e-02
-9.982127309668917814e-01 -3.292264406464559534e-02 -4.987427646660345937e-02
-9.981720029291407670e-01 -3.722257861628883863e-02 -4.761441393129004634e-02
-9.981175748232586908e-01 -4.128826839971763696e-02 -4.534959670289725325e-02
-9.980522778308009713e-01 -4.511920239875281957e-02 -4.308025634633292494e-02
-9.979787869235500208e-01 -4.871493084730530582e-02 -4.080681994898449627e-02
-9.978996189767710412e-01 -5.207506177591355451e-02 -3.852971028503093809e-02
-9.978171310632366620e-01 -5.519925774292804010e-02 -3.624934600444743721e-02
-9.977335189218391465e-01 -5.808723275884204729e-02 -3.396614184509409717e-02
-9.976508155948449197e-01 -6.073874941154264184e-02 -3.168050886624461382e-02
-9.975708902281267276e-01 -6.315361619953950567e-02 -2.939285470188013685e-02
-9.974954470290304798e-01 -6.533168507952326343e-02 -2.710358383204703944e-02
-9.974260243768967582e-01 -6.727284923390927651e-02 -2.481309787055448191e-02
-9.973639940816511062e-01 -6.897704106333744922e-02 -2.252179586726851465e-02
-9.973105607863073097e-01 -7.044423040842343053e-02 -2.023007462324350608e-02
-9.972667615096809657e-01 -7.167442300439104408e-02 -1.793832901691861867e-02
-9.972334653260890303e-01 -7.266765917155905419e-02 -1.564695233959684587e-02
-9.972113731793094127e-01 -7.342401274400718603e-02 -1.335633663841629022e-02
-9.972010178285869442e-01 -7.394359023810445630e-02 -1.106687306501793686e-02
-9.972027639249999575e-01 -7.422653026194783732e-02 -8.778952228110970674e-03
-9.972168082170317360e-01 -7.427300316612804598e-02 -6.492964548135443659e-03
-9.972431798847319895e-01 -7.408321093561208437e-02 -4.209300612222950308e-03
-9.972817410023891993e-01 -7.365738732190646454e-02 -1.928351527658750918e-03
-9.973321871301713548e-01 -7.299579821404045266e-02 3.494907279465355593e-04
-9.973940480357177396e-01 -7.209874224628286254e-02 2.623832961560810997e-03
-9.974666885471826783e-01 -7.096655163987870829e-02 4.894280426486393061e-03
-9.975493095397328647e-01 -6.959959327546111352e-02 7.160436492733467800e-03
-9.976409490579818407e-01 -6.799826999215902168e-02 9.421902327763517077e-03
-9.977063215842387756e-01 -6.701659454346980960e-02 9.532687419898480327e-03
-9.977714849667110864e-01 -6.602350714165847179e-02 9.641602301035424871e-03
-9.978363933639732286e-01 -6.501920120120915914e-02 9.748628442800742755e-03
-9.979010012085054449e-01 -6.400387212414788973e-02 9.853747675260990727e-03
-9.979652632399127477e-01 -6.297771726462404740e-02 9.956942190555173947e-03
-9.980291345378718981e-01 -6.194093589296176955e-02 1.005819454646963811e-02
-9.980925705547821769e-01 -6.089372915918467993e-02 1.015748766995384911e-02
-9.981555271480957447e-01 -5.983630005601792839e-02 1.025480486057530824e-02
-9.982179606123039450e-01 -5.876885338137197157e-02 1.035012979391188546e-02
-9.982798277105551232e-01 -5.769159570031295869e-02 1.044344652487979794e-02
-9.983410857058817589e-01 -5.660473530652498919e-02 1.053473949099553372e-02
-9.984016923920125963e-01 -5.550848218327014000e-02 1.062399351556994435e-02
-9.984616061237472362e-01 -5.440304796385239672e-02 1.071119381083281315e-02
-9.985207858468716502e-01 -5.328864589159233028e-02 1.079632598098615934e-02
-9.985791911275906374e-01 -5.216549077931956907e-02 1.087937602518457454e-02
-9.986367821814572387e-01 -5.103379896839081720e-02 1.096033034044090540e-02
-9.986935199017760167e-01 -4.989378828724143344e-02 1.103917572445558756e-02
-9.987493658874606606e-01 -4.874567800947921664e-02 1.111589937836798651e-02
-9.988042824703240452e-01 -4.758968881152932096e-02 1.119048890942809897e-02
-9.988582327417810935e-01 -4.642604272983981428e-02 1.126293233358699117e-02
-9.989111805789446796e-01 -4.525496311765778851e-02 1.133321807800440582e-02
-9.989630906700951440e-01 -4.407667460138632587e-02 1.140133498347193838e-02
-9.990139285395047697e-01 -4.289140303653314612e-02 1.146727230675028721e-02
-9.990636605715983443e-01 -4.169937546326210609e-02 1.153101972281904246e-02
-9.991122540344329339e-01 -4.050082006155917430e-02 1.159256732703756870e-02
-9.991596771024787715e-01 -3.929596610602495432e-02 1.165190563721554308e-02
-9.992058988786847173e-01 -3.808504392030612890e-02 1.170902559559174570e-02
-9.992508894158127486e-01 -3.686828483117867566e-02 1.176391857071976826e-02
-9.992946197370249362e-01 -3.564592112229608006e-02 1.181657635925931378e-02
-9.993370618557084750e-01 -3.441818598761609005e-02 1.186699118767183501e-02
-9.993781887945244469e-01 -3.318531348451995294e-02 1.191515571381928859e-02
-9.994179746036662149e-01 -3.194753848663842849e-02 1.196106302846482346e-02
-9.994563943783145721e-01 -3.070509663639917064e-02 1.200470665667429868e-02
-9.994934242752769871e-01 -2.945822429731043482e-02 1.204608055911755328e-02
-9.995290415287992891e-01 -2.820715850599633118e-02 1.208517913326841164e-02
-9.995632244655385801e-01 -2.695213692399916344e-02 1.212199721450246161e-02
-9.995959525186866035e-01 -2.569339778936468102e-02 1.215653007709171195e-02
-9.996272062412342452e-01 -2.443117986802628705e-02 1.218877343509526187e-02
-9.996569673183676175e-01 -2.316572240500455737e-02 1.221872344314521575e-02
-9.996852185789875112e-01 -2.189726507543859196e-02 1.224637669712710063e-02
-9.997119440063448881e-01 -2.062604793546599091e-02 1.227173023475412912e-02
-9.997371287477846424e-01 -1.935231137296839626e-02 1.229478153603469348e-02
-9.997607591235920799e-01 -1.807629605819977350e-02 1.231552852363256879e-02
-9.997828226349360081e-01 -1.679824289431470358e-02 1.233396956311932739e-02
-9.998033079709047755e-01 -1.551839296781418708e-02 1.235010346311857590e-02
-9.998222050146294837e-01 -1.423698749892649690e-02 1.236392947534165065e-02
-9.998395048484927106e-01 -1.295426779194080308e-02 1.237544729451450949e-02
-9.998551997584194106e-01 -1.167047518551134547e-02 1.238465705819559969e-02
-9.998692832372479966e-01 -1.038585100295000285e-02 1.239155934648456317e-02
-9.998817499871812675e-01 -9.100636502525197291e-03 1.239615518162170450e-02
-9.998925959213164072e-01 -7.815072827785041198e-03 1.239844602747820768e-02
-9.999018181642541636e-01 -6.529400957922742305e-03 1.239843378893717117e-02
-9.999094150517895407e-01 -5.243861658202191370e-03 1.239612081116558615e-02
-9.999153861296844470e-01 -3.958695430461700929e-03 1.239150987877745726e-02
-9.999197321515266301e-01 -2.674142463713801311e-03 1.238460421488832286e-02
-9.999224550756764529e-01 -1.390442584858942073e-03 1.237540748006152498e-02
-9.999235580613076158e-01 -1.078352095308736901e-04 1.236392377114661593e-02
-9.999230454635452681e-01 1.173440706908601304e-03 1.235015762001036993e-02
-9.999209228277077255e-01 2.453146718207939100e-03 1.233411399216094093e-02
-9.999171968826581214e-01 3.731044935879780124e-03 1.231579828526575479e-02
-9.999118755332729869e-01 5.006898077653198185e-03 1.229521632756382273e-02
-9.999049678520355311e-01 6.280469515707135311e-03 1.227237437617317503e-02
-9.998964840697618373e-01 7.551523324668073765e-03 1.224727911529423230e-02
-9.998864355654695224e-01 8.819824329355192838e-03 1.221993765430995187e-02
-9.998748348553985199e-01 1.008513815225646829e-02 1.219035752578368284e-02
-9.998616955811940876e-01 1.134723126071940716e-02 1.215854668335568725e-02
-9.998470324972640322e-01 1.260587101384035708e-02 1.212451349953937510e-02
-9.998308614573208075e-01 1.386082570903659182e-02 1.208826676341833925e-02
-9.998131994001218104e-01 1.511186462828563969e-02 1.204981567824534201e-02
-9.997940643344207512e-01 1.635875808401662801e-02 1.200916985894445385e-02
-9.997734753231428684e-01 1.760127746463871837e-02 1.196633932951760189e-02
-9.997514524667998614e-01 1.883919527969200522e-02 1.192133452035683792e-02
-9.997280168861574223e-01 2.007228520460661511e-02 1.187416626546367732e-02
-9.997031907041723509e-01 2.130032212505605579e-02 1.182484579957692079e-02
-9.996769970272139094e-01 2.252308218089123584e-02 1.177338475521040595e-02
-9.996494599255868474e-01 2.374034280964193791e-02 1.171979515960218897e-02
-9.996206044133723045e-01 2.495188278957290520e-02 1.166408943157668833e-02
-9.995904564276045789e-01 2.615748228228207892e-02 1.160628037832138297e-02
-9.995590428068008571e-01 2.735692287482894419e-02 1.154638119207966433e-02
-9.995263912688634456e-01 2.854998762138129600e-02 1.148440544676151281e-02
-9.994925303883722689e-01 2.973646108436922217e-02 1.142036709447367786e-02
-9.994574895732871722e-01 3.091612937513545101e-02 1.135428046197108944e-02
-9.994212990410804576e-01 3.208878019407167270e-02 1.128616024703124436e-02
-9.993839897943181949e-01 3.325420287023087701e-02 1.121602151475335242e-02
-9.993455935957119562e-01 3.441218840040617677e-02 1.114387969378404994e-02
-9.993061429426609577e-01 3.556252948766700644e-02 1.106975057247150049e-02
-9.992656710413063692e-01 3.670502057934410534e-02 1.099365029494974583e-02
-9.992242117801184431e-01 3.783945790445507329e-02 1.091559535715516324e-02
-9.991817997030384424e-01 3.896563951056271347e-02 1.083560260277692706e-02
-9.991384699821974635e-01 4.008336530005896653e-02 1.075368921914336869e-02
-9.990942583902340246e-01 4.119243706586756676e-02 1.066987273304615715e-02
-9.990492012722329562e-01 4.229265852655899466e-02 1.058417100650421196e-02
-9.990033355173084662e-01 4.338383536087192516e-02 1.049660223246929279e-02
-9.989566985298535817e-01 4.446577524163560641e-02 1.040718493047519330e-02
-9.989093282004790630e-01 4.553828786908819398e-02 1.031593794223250107e-02
-9.988612628766658785e-01 4.660118500358652327e-02 1.022288042717083532e-02
-9.988125413331527813e-01 4.765428049770317059e-02 1.012803185793053652e-02
-9.987632027420839664e-01 4.869739032770713238e-02 1.003141201580572649e-02
-9.987132866429390132e-01 4.973033262442493746e-02 9.933040986140688824e-03
-9.986628329122692049e-01 5.075292770347938215e-02 9.832939153681483080e-03
-9.986118817332639841e-01 5.176499809490355680e-02 9.731127197884732044e-03
-9.985604735651701924e-01 5.276636857212823467e-02 9.627626088185462644e-03
-9.985086491125887420e-01 5.375686618034107578e-02 9.522457079225925963e-03
-9.984564492946714775e-01 5.473632026421660496e-02 9.415641706047256018e-03
-9.984039152142425433e-01 5.570456249501627016e-02 9.307201779245837317e-03
-9.983510881268664594e-01 5.666142689705824798e-02 9.197159380096230422e-03
-9.982980094098878876e-01 5.760674987355710736e-02 9.085536855642476969e-03
-9.982447205314654015e-01 5.854037023183387284e-02 8.972356813759584798e-03
-9.981912630196225766e-01 5.946212920789721579e-02 8.857642118186978206e-03
-9.981376784313397144e-01 6.037187049039710596e-02 8.741415883535668882e-03
-9.980840083217095149e-01 6.126944024395235971e-02 8.623701470270864894e-03
-9.980302942131783484e-01 6.215468713185410415e-02 8.504522479671733359e-03
-9.979765775648973269e-01 6.302746233814728039e-02 8.383902748769971741e-03
-9.979228997422041614e-01 6.388761958909278116e-02 8.261866345268835746e-03
-9.978693019862591163e-01 6.473501517401310246e-02 8.138437562444230181e-03
-9.978158253838563807e-01 6.556950796552453442e-02 8.013640914029432696e-03
-9.977625108374330587e-01 6.639095943915944431e-02 7.887501129084996052e-03
-9.977093990352972064e-01 6.719923369238230138e-02 7.760043146855328568e-03
-9.976565304220960106e-01 6.799419746300333633e-02 7.631292111613417750e-03
-9.976039451695454252e-01 6.877572014699410985e-02 7.501273367495131690e-03
-9.975516831474414703e-01 6.954367381570931983e-02 7.370012453324494700e-03
-9.974997838949742901e-01 7.029793323251960768e-02 7.237535097431275523e-03
-9.974482865923642860e-01 7.103837586886006805e-02 7.103867212462218646e-03
-9.973972300328405316e-01 7.176488191969955521e-02 6.969034890187178130e-03
-9.973466525949810091e-01 7.247733431843601803e-02 6.833064396301395151e-03
-9.972965922154330976e-01 7.317561875122313708e-02 6.695982165225107530e-03
-9.972470863620332970e-01 7.385962367073389823e-02 6.557814794901643124e-03
-9.971981720073450628e-01 7.452924030936662614e-02 6.418589041595097744e-03
-9.971498856026314028e-01 7.518436269189932020e-02 6.278331814688675738e-03
-9.971022630522811125e-01 7.582488764759810762e-02 6.137070171484705454e-03
-9.970553396887048558e-01 7.645071482178587841e-02 5.994831312007320966e-03
-9.970091502477178569e-01 7.706174668687700013e-02 5.851642573808739888e-03
-9.969637288444260781e-01 7.765788855288432990e-02 5.707531426780041925e-03
-9.969191089496308722e-01 7.823904857740467123e-02 5.562525467967300782e-03
-9.968753233667684288e-01 7.880513777508875439e-02 5.416652416393881279e-03
-9.968324042093977821e-01 7.935607002660213793e-02 5.269940107889675360e-03
-9.967903828792531451e-01 7.989176208708313742e-02 5.122416489928009048e-03
-9.967492900448737814e-01 8.041213359410402661e-02 4.974109616470907304e-03
-9.967091556208249603e-01 8.091710707514181145e-02 4.825047642823368163e-03
-9.966700087475236502e-01 8.140660795456461374e-02 4.675258820497256787e-03
-9.966318777716809407e-01 8.188056456013996509e-02 4.524771492085393615e-03
-9.965947902273737391e-01 8.233890812907103396e-02 4.373614086146363107e-03
-9.965587728177570659e-01 8.278157281356682273e-02 4.221815112100542680e-03
-9.965238513974281620e-01 8.320849568595235779e-02 4.069403155137812401e-03
-9.964900509554531771e-01 8.361961674332465955e-02 3.916406871137366984e-03
-9.964573955990666532e-01 8.401487891176033507e-02 3.762854981600013884e-03
-9.964259085380526848e-01 8.439422805008053863e-02 3.608776268593317030e-03
-9.963956120698181929e-01 8.475761295317865707e-02 3.454199569709906666e-03
-9.963665275651653053e-01 8.510498535491645145e-02 3.299153773039240675e-03
-9.963386754547725044e-01 8.543629993059369265e-02 3.143667812153081061e-03
-9.963120752163909799e-01 8.575151429899660616e-02 2.987770661104909801e-03
-9.962867453627638481e-01 8.605058902403012189e-02 2.831491329443487463e-03
-9.962627034302740103e-01 8.633348761593871712e-02 2.674858857240726331e-03
-9.962399659683282005e-01 8.660017653212059852e-02 2.517902310134027648e-03
-9.962185485294806631e-01 8.685062517753976141e-02 2.360650774383202255e-03
-9.961984656603032340e-01 8.708480590474015903e-02 2.203133351942078693e-03
-9.961797308930050443e-01 8.730269401346626990e-02 2.045379155544872936e-03
-9.961623567378063981e-01 8.750426774989383816e-02 1.887417303807378301e-03
-9.961463546760701560e-01 8.768950830547474207e-02 1.729276916343015433e-03
-9.961317351541929543e-01 8.785839981539943222e-02 1.570987108893760796e-03
-9.961185075782594822e-01 8.801092935668029804e-02 1.412576988475960395e-03
-9.961066803094609234e-01 8.814708694585914051e-02 1.254075648541016792e-03
-9.960962606602793423e-01 8.826686553634167931e-02 1.095512164150928619e-03
-9.960872548914381230e-01 8.837026101536177292e-02 9.369155871686457061e-04
-9.960796682096196841e-01 8.845727220057790496e-02 7.783149414631967923e-04
-9.960735047659495800e-01 8.852790083630411588e-02 6.197392181295358201e-04
-9.960687676552461012e-01 8.858215158937760014e-02 4.612173707230459970e-04
-9.960654589160344852e-01 8.862003204466466222e-02 3.027783105086362392e-04
-9.960635795313241836e-01 8.864155270020666888e-02 1.444509017243601257e-04
-9.960631294301458549e-01 8.864672696200748270e-02 -1.373604314051549797e-05
-9.960641074898465286e-01 8.863557113846341762e-02 -1.717537680530651246e-04
-9.960665115391388325e-01 8.860810443443679907e-02 -3.295735781299556893e-04
-9.960703383619007312e-01 8.856434894497375310e-02 -4.871668443164645394e-04
-9.960755837017215564e-01 8.850432964866680741e-02 -6.445050080513317061e-04
-9.960822422671892218e-01 8.842807440066263736e-02 -8.015595859175090373e-04
-9.960903077379141823e-01 8.833561392531498468e-02 -9.583021742788611595e-04
-9.960997727712831429e-01 8.822698180848262406e-02 -1.114704453902867765e-03
-9.961106290099374094e-01 8.810221448947223866e-02 -1.270738194569364082e-03
-9.961228670899687776e-01 8.796135125262546928e-02 -1.426375259665349244e-03
-9.961364766498252976e-01 8.780443421854955410e-02 -1.581587610765878161e-03
-9.961514463399202546e-01 8.763150833499069869e-02 -1.736347312201039824e-03
-9.961677638329355933e-01 8.744262136734905211e-02 -1.890626535609009470e-03
-9.961854158348112387e-01 8.723782388883399852e-02 -2.044397564475148362e-03
-9.962043880964118747e-01 8.701716927025851533e-02 -2.197632798657106305e-03
-9.962246654258609668e-01 8.678071366947076593e-02 -2.350304758895863360e-03
-9.962462317015329250e-01 8.652851602042149759e-02 -2.502386091312629873e-03
-9.962690698856924154e-01 8.626063802186505203e-02 -2.653849571891500961e-03
-9.962931620387708298e-01 8.597714412569223974e-02 -2.804668110947743358e-03
-9.963184893342681425e-01 8.567810152489276077e-02 -2.954814757581564373e-03
-9.963450320742689437e-01 8.536358014114496517e-02 -3.104262704117198134e-03
-9.963727697055604349e-01 8.503365261203052472e-02 -3.252985290527111387e-03
-9.964016808363405087e-01 8.468839427787158702e-02 -3.400956008841109820e-03
-9.964317432535028107e-01 8.432788316818777552e-02 -3.548148507540099892e-03
-9.964629339404854624e-01 8.395219998777039838e-02 -3.694536595934234686e-03
-9.964952290956708980e-01 8.356142810237104923e-02 -3.840094248525143666e-03
-9.965286041513216064e-01 8.315565352400193511e-02 -3.984795609351916325e-03
-9.965630337930386773e-01 8.273496489584489244e-02 -4.128614996320487986e-03
-9.965984919797280517e-01 8.229945347676631551e-02 -4.271526905516039203e-03
-9.966349519640598231e-01 8.184921312543498584e-02 -4.413506015497992846e-03
-9.966723863134053785e-01 8.138434028403984666e-02 -4.554527191577163910e-03
-9.967107669312366136e-01 8.090493396160476636e-02 -4.694565490074590654e-03
-9.967500650789711258e-01 8.041109571689732116e-02 -4.833596162561535313e-03
-9.967902513982485058e-01 7.990292964092857164e-02 -4.971594660080118355e-03
-9.968312959336195211e-01 7.938054233904096035e-02 -5.108536637344019901e-03
-9.968731681556325386e-01 7.884404291258140240e-02 -5.244397956918648955e-03
-9.969158369843001966e-01 7.829354294015665461e-02 -5.379154693380145541e-03
-9.969592708129285663e-01 7.772915645846824317e-02 -5.512783137452558282e-03
-9.970034375322915920e-01 7.715099994272413275e-02 -5.645259800122504404e-03
-9.970483045551332690e-01 7.655919228662448617e-02 -5.776561416730586172e-03
-9.970938388409786857e-01 7.595385478191900297e-02 -5.906664951038810042e-03
-9.971400069212371653e-01 7.533511109753332491e-02 -6.035547599273221805e-03
-9.971867749245778567e-01 7.470308725826212137e-02 -6.163186794140949366e-03
-9.972341086025597878e-01 7.405791162302666208e-02 -6.289560208820797922e-03
-9.972819733554971755e-01 7.339971486269483703e-02 -6.414645760926533657e-03
-9.973303342585417841e-01 7.272862993746154192e-02 -6.538421616441946957e-03
-9.973791560879626816e-01 7.204479207378775008e-02 -6.660866193626766192e-03
-9.974284033476039646e-01 7.134833874089659134e-02 -6.781958166892465383e-03
-9.974780402955016889e-01 7.063940962682500879e-02 -6.901676470646979540e-03
-9.975280309706402448e-01 6.991814661402975806e-02 -7.020000303107316354e-03
-9.975783392198283028e-01 6.918469375454661119e-02 -7.136909130079030321e-03
-9.976289287246751236e-01 6.843919724470197419e-02 -7.252382688701494197e-03
-9.976797630286470264e-01 6.768180539937630746e-02 -7.366400991157894852e-03
-9.977308055641846973e-01 6.691266862581886354e-02 -7.478944328348831154e-03
-9.977820196798612429e-01 6.613193939701357549e-02 -7.589993273528403660e-03
-9.978333686675604497e-01 6.533977222459627643e-02 -7.699528685901636457e-03
-9.978848157896567095e-01 6.453632363132341676e-02 -7.807531714182070620e-03
-9.979363243061751820e-01 6.372175212309293124e-02 -7.913983800108343597e-03
-9.979878575019135445e-01 6.289621816051814418e-02 -8.018866681918552369e-03
-9.980393787135045658e-01 6.205988413005574661e-02 -8.122162397781183471e-03
-9.980908513563996332e-01 6.121291431468930261e-02 -8.223853289181379950e-03
-9.981422389517544680e-01 6.035547486416997093e-02 -8.323922004261302340e-03
-9.981935051531958258e-01 5.948773376481640562e-02 -8.422351501113329447e-03
-9.982446137734504177e-01 5.860986080887614635e-02 -8.519125051024834319e-03
-9.982955288108165126e-01 5.772202756345104491e-02 -8.614226241673251724e-03
-9.983462144754583489e-01 5.682440733898967006e-02 -8.707638980270175980e-03
-9.983966352155041468e-01 5.591717515734986876e-02 -8.799347496653189826e-03
-9.984467557429288487e-01 5.500050771943498784e-02 -8.889336346324135454e-03
-9.984965410592018253e-01 5.407458337240766966e-02 -8.977590413432535305e-03
-9.985459564806818955e-01 5.313958207648532273e-02 -9.064094913702878953e-03
-9.985949676637395633e-01 5.219568537132179137e-02 -9.148835397304471567e-03
-9.986435406295890438e-01 5.124307634198004696e-02 -9.231797751662556770e-03
-9.986916417888114239e-01 5.028193958450100781e-02 -9.312968204209438883e-03
-9.987392379655507524e-01 4.931246117107403876e-02 -9.392333325074300049e-03
-9.987862964213659600e-01 4.833482861481486897e-02 -9.469880029710470160e-03
-9.988327848787201813e-01 4.734923083415708972e-02 -9.545595581458855491e-03
-9.988786715440906017e-01 4.635585811686371294e-02 -9.619467594046296130e-03
-9.989239251306826217e-01 4.535490208366555615e-02 -9.691484034017592772e-03
-9.989685148807299075e-01 4.434655565153355905e-02 -9.761633223099992068e-03
-9.990124105873662286e-01 4.333101299659253974e-02 -9.829903840498895387e-03
-9.990555826160508746e-01 4.230846951668408573e-02 -9.896284925123625259e-03
-9.990980019255335520e-01 4.127912179358667055e-02 -9.960765877742045610e-03
-9.991396400883429951e-01 4.024316755490141978e-02 -1.002333646306289780e-02
-9.991804693107838586e-01 3.920080563561220005e-02 -1.008398681174470755e-02
-9.992204624524277934e-01 3.815223593932907942e-02 -1.014270742233016123e-02
-9.992595930450848263e-01 3.709765939922438083e-02 -1.019948916310485683e-02
-9.992978353112402790e-01 3.603727793867106399e-02 -1.025432327387937846e-02
-9.993351641819452347e-01 3.497129443159321255e-02 -1.030720136769365525e-02
-9.993715553141462316e-01 3.389991266253882668e-02 -1.035811543244260710e-02
-9.994069851074427469e-01 3.282333728648544058e-02 -1.040705783242211122e-02
-9.994414307202600378e-01 3.174177378838916042e-02 -1.045402130979433859e-02
-9.994748700854259038e-01 3.065542844248821466e-02 -1.049899898597156725e-02
-9.995072819251398233e-01 2.956450827137214327e-02 -1.054198436291759605e-02
-9.995386457653246959e-01 2.846922100482817547e-02 -1.058297132436592652e-02
-9.995689419493503092e-01 2.736977503847643975e-02 -1.062195413695391465e-02
-9.995981516511193155e-01 2.626637939220596157e-02 -1.065892745127213631e-02
-9.996262568875066146e-01 2.515924366842359206e-02 -1.069388630282825346e-02
-9.996532405301429280e-01 2.404857801012817015e-02 -1.072682611292469224e-02
-9.996790863165356811e-01 2.293459305882251942e-02 -1.075774268944950166e-02
-9.997037788605185327e-01 2.181749991227595678e-02 -1.078663222757981349e-02
-9.997273036620233366e-01 2.069751008215019866e-02 -1.081349131039732563e-02
-9.997496471161669840e-01 1.957483545150175835e-02 -1.083831690941533706e-02
-9.997707965216489079e-01 1.844968823217399759e-02 -1.086110638501685058e-02
-9.997907400884523677e-01 1.732228092209218973e-02 -1.088185748680334242e-02
-9.998094669448452931e-01 1.619282626247504214e-02 -1.090056835385383102e-02
-9.998269671436765815e-01 1.506153719497628322e-02 -1.091723751489391547e-02
-9.998432316679639609e-01 1.392862681876995239e-02 -1.093186388837453712e-02
-9.998582524357703116e-01 1.279430834759318764e-02 -1.094444678246021124e-02
-9.998720223043662259e-01 1.165879506676032601e-02 -1.095498589492657771e-02
-9.998845350736762505e-01 1.052230029016224151e-02 -1.096348131296714067e-02
-9.998957854890078156e-01 9.385037317264841722e-03 -1.096993351290911217e-02
-9.999196151386724463e-01 9.104534636204987194e-03 -8.824449947334599489e-03
-9.999367626616662008e-01 9.046381363470535827e-03 -6.680858529011820049e-03
-9.999472794544709275e-01 9.210366182854569372e-03 -4.539567972927770895e-03
-9.999510727164119261e-01 9.596230892949223976e-03 -2.400987209514511469e-03
-9.999479060569629318e-01 1.020367017832748448e-02 -2.655255875055029767e-04
-9.999374002473471190e-01 1.103233120460535462e-02 1.866406927399095594e-03
-9.999190341170925977e-01 1.208181303992463505e-02 3.994399559514907536e-03
-9.998921455964718819e-01 1.335166590598520393e-02 6.118040537245608181e-03
-9.998559329060100476e-01 1.484139026234315706e-02 8.236916915669197092e-03
-9.998094558944864430e-01 1.655043572827715262e-02 1.035061440904149269e-02
-9.997516375270687483e-01 1.847819984710966090e-02 1.245871723459580915e-02
-9.996812655254148083e-01 2.062402669845217820e-02 1.456080796899015053e-02
-9.995969941617425247e-01 2.298720536442320009e-02 1.665646741872209291e-02
-9.994973462090056548e-01 2.556696825646431054e-02 1.874527450579679261e-02
-9.993807150494207203e-01 2.836248930995225945e-02 2.082680616989502492e-02
-9.992453669436615060e-01 3.137288205437226141e-02 2.290063728824571002e-02
-9.990894434630728238e-01 3.459719756737882068e-02 2.496634061436098923e-02
-9.989109640872519957e-01 3.803442232162376063e-02 2.702348673674121945e-02
-9.987078289693046562e-01 4.168347593377515897e-02 2.907164405860237361e-02
-9.984778218709927655e-01 4.554320882568362039e-02 3.111037879961893460e-02
-9.983296578753726447e-01 4.875727790764800701e-02 3.099390850843514872e-02
-9.981719535370392471e-01 5.195845403918276928e-02 3.087184044986589909e-02
-9.980048587304556351e-01 5.514613326412098893e-02 3.074420665689662005e-02
-9.978285299708566924e-01 5.831971614950375721e-02 3.061104033941614358e-02
-9.976431302722754690e-01 6.147860794905633114e-02 3.047237586847273763e-02
-9.974488290007014202e-01 6.462221876276333377e-02 3.032824876003600151e-02
-9.972458017225379612e-01 6.774996369243185823e-02 3.017869565828514705e-02
-9.970342300485307563e-01 7.086126299313803834e-02 3.002375431844460374e-02
-9.968143014733403806e-01 7.395554222045976067e-02 2.986346358918840968e-02
-9.965862092109378789e-01 7.703223237340493801e-02 2.969786339463521482e-02
-9.963501520260047428e-01 8.009077003295229924e-02 2.952699471595605224e-02
-9.961063340615208261e-01 8.313059749612859706e-02 2.935089957261744625e-02
-9.958549646627272711e-01 8.615116290555349665e-02 2.916962100328258228e-02
-9.955962581976524062e-01 8.915192037439086115e-02 2.898320304639358247e-02
-9.953304338743922397e-01 9.213233010665237976e-02 2.879169072045807340e-02
-9.950577155553370634e-01 9.509185851280689550e-02 2.859513000406338837e-02
-9.947783315685377881e-01 9.802997832065631079e-02 2.839356781564185070e-02
-9.944925145164068558e-01 1.009461686814461384e-01 2.818705199301063322e-02
-9.942005010819484623e-01 1.038399152711862589e-01 2.797563127270969938e-02
-9.939025318327135983e-01 1.067107103871646201e-01 2.775935526916132115e-02
-9.935988510226761994e-01 1.095580530396439989e-01 2.753827445367459589e-02
-9.932897063922250247e-01 1.123814490387389925e-01 2.731244013331826648e-02
-9.929753489664663313e-01 1.151804110764775013e-01 2.708190442968498590e-02
-9.926560328520322996e-01 1.179544588040580821e-01 2.684672025757004268e-02
-9.923320150325875000e-01 1.207031189043212688e-01 2.660694130358724763e-02
-9.920035551632256920e-01 1.234259251594596735e-01 2.636262200474449174e-02
-9.916709153639475804e-01 1.261224185139985798e-01 2.611381752700116937e-02
-9.913343600124077115e-01 1.287921471330847889e-01 2.586058374382928932e-02
-9.909941555361175825e-01 1.314346664561281963e-01 2.560297721479978111e-02
-9.906505702042890382e-01 1.340495392458463386e-01 2.534105516421509066e-02
-9.903038739195006990e-01 1.366363356327684464e-01 2.507487545980869800e-02
-9.899543380093654976e-01 1.391946331552611493e-01 2.480449659153177375e-02
-9.896022350183776295e-01 1.417240167951434038e-01 2.452997765044666670e-02
-9.892478385001112207e-01 1.442240790089641123e-01 2.425137830774643649e-02
-9.888914228099413561e-01 1.466944197550203999e-01 2.396875879391906911e-02
-9.885332628984552228e-01 1.491346465162000645e-01 2.368217987807446495e-02
-9.881736341057165696e-01 1.515443743187360193e-01 2.339170284745170983e-02
-9.878128119565432463e-01 1.539232257469653198e-01 2.309738948712351456e-02
-9.874510719569545847e-01 1.562708309541897267e-01 2.279930205991409151e-02
-9.870886893919412763e-01 1.585868276697382784e-01 2.249750328654610138e-02
-9.867259391247054090e-01 1.608708612023369289e-01 2.219205632603161310e-02
-9.863630953975160987e-01 1.631225844398932756e-01 2.188302475632137103e-02
-9.860004316343207176e-01 1.653416578458078989e-01 2.157047255522595228e-02
-9.856382202452476093e-01 1.675277494519270272e-01 2.125446408162172743e-02
-9.852767324331324073e-01 1.696805348482540998e-01 2.093506405695378866e-02
-9.849162380021962981e-01 1.717996971695399944e-01 2.061233754704729429e-02
-9.845570051689979119e-01 1.738849270788747348e-01 2.028634994423799201e-02
-9.841993003757798508e-01 1.759359227484048327e-01 1.995716694983188863e-02
-9.838433881063223252e-01 1.779523898373028545e-01 1.962485455690334002e-02
-9.834895307044160262e-01 1.799340414671171673e-01 1.928947903344006842e-02
-9.831379881950580435e-01 1.818805981946311490e-01 1.895110690584288216e-02
-9.827890181084742993e-01 1.837917879823623424e-01 1.860980494278713718e-02
-9.824428753070636455e-01 1.856673461668332248e-01 1.826564013945220291e-02
-9.820998118153576595e-01 1.875070154247451548e-01 1.791867970212449035e-02
-9.817600766530840684e-01 1.893105457371884737e-01 1.756899103317885111e-02
-9.814239156714176238e-01 1.910776943520211824e-01 1.721664171644240321e-02
-9.810915713924988069e-01 1.928082257445488945e-01 1.686169950294414549e-02
-9.807632828522965251e-01 1.945019115766387918e-01 1.650423229705296618e-02
-9.804392854468850782e-01 1.961585306543991158e-01 1.614430814300596428e-02
-9.801198107822051142e-01 1.977778688845560628e-01 1.578199521182828760e-02
-9.798050865273701948e-01 1.993597192296583109e-01 1.541736178864498361e-02
-9.794953362715802525e-01 2.009038816622387424e-01 1.505047626038470351e-02
-9.791907793846978958e-01 2.024101631180614258e-01 1.468140710387439395e-02
-9.788916308815389655e-01 2.038783774485809497e-01 1.431022287432347911e-02
-9.785981012899270803e-01 2.053083453727390095e-01 1.393699219419536513e-02
-9.783103965225570242e-01 2.066998944282217865e-01 1.356178374246347525e-02
-9.780287177527090536e-01 2.080528589222994940e-01 1.318466624424840736e-02
-9.777532612938520939e-01 2.093670798823675239e-01 1.280570846083219430e-02
-9.774842184831715741e-01 2.106424050063061548e-01 1.242497918004506138e-02
-9.772217755690542074e-01 2.118786886127734803e-01 1.204254720701950464e-02
-9.769661136025584725e-01 2.130757915915436063e-01 1.165848135530595658e-02
-9.767174083328974410e-01 2.142335813539996414e-01 1.127285043834376325e-02
-9.764758301069571544e-01 2.153519317838877845e-01 1.088572326128069145e-02
-9.762415437728716450e-01 2.164307231884362026e-01 1.049716861313366133e-02
-9.760147085876729189e-01 2.174698422499393158e-01 1.010725525928292921e-02
-9.757954781290311130e-01 2.184691819779045197e-01 9.716051934291486045e-03
-9.755840002110990339e-01 2.194286416618556890e-01 9.323627335040973393e-03
-9.753804168044714062e-01 2.203481268248837777e-01 8.930050114175002926e-03
-9.751848639602688218e-01 2.212275491780318348e-01 8.535388873840372981e-03
-9.749974717383521616e-01 2.220668265755979809e-01 8.139712159716256182e-03
-9.748183641396738208e-01 2.228658829714362521e-01 7.743088455321104138e-03
-9.746476590427674003e-01 2.236246483763313087e-01 7.345586176586626700e-03
-9.744854681443787525e-01 2.243430588165195860e-01 6.947273666687925689e-03
-9.743318969042368272e-01 2.250210562934252534e-01 6.548219191118510862e-03
-9.741870444939632057e-01 2.256585887446757033e-01 6.148490932998680429e-03
-9.740510037501166618e-01 2.262556100064569142e-01 5.748156988605450032e-03
-9.739238611313681959e-01 2.268120797772655017e-01 5.347285363112003372e-03
-9.738056966797998815e-01 2.273279635831097767e-01 4.945943966524379148e-03
-9.736965839863207517e-01 2.278032327442083838e-01 4.544200609802944227e-03
-9.735965901601908445e-01 2.282378643432305676e-01 4.142123001155992128e-03
-9.735057758026438579e-01 2.286318411951184515e-01 3.739778742492653758e-03
-9.734241949845970909e-01 2.289851518185269386e-01 3.337235326022172828e-03
-9.733518952284376802e-01 2.292977904089132102e-01 2.934560130986471355e-03
-9.732889174938716970e-01 2.295697568133032163e-01 2.531820420512830450e-03
-9.732352961678230052e-01 2.298010565067584443e-01 2.129083338573437012e-03
-9.731910590583667808e-01 2.299917005705622020e-01 1.726415907038479072e-03
-9.731562273926825934e-01 2.301417056721400123e-01 1.323885022809443259e-03
-9.731308158190112856e-01 2.302510940467251688e-01 9.215574550192387991e-04
-9.731148324125977744e-01 2.303198934807755005e-01 5.194998422857785396e-04
-9.731082786856029010e-01 2.303481372971439289e-01 1.177786900056641741e-04
-9.731111496009657857e-01 2.303358643420009011e-01 -2.835396323253371888e-04
-9.731234335901970400e-01 2.302831189735026485e-01 -6.843888937782784598e-04
-9.731451125750835152e-01 2.301899510521951131e-01 -1.084703004656658535e-03
-9.731761619932844942e-01 2.300564159331396075e-01 -1.484416019174768231e-03
-9.732165508277964561e-01 2.298825744597417231e-01 -1.883462138161721457e-03
-9.732662416402665384e-01 2.296684929592614222e-01 -2.281775711804003536e-03
-9.733251906081307192e-01 2.294142432399782772e-01 -2.679291242439218318e-03
-9.733933475655534018e-01 2.291199025899816610e-01 -3.075943387413538569e-03
-9.734706560481450888e-01 2.287855537775520531e-01 -3.471666962015185817e-03
-9.735570533414322769e-01 2.284112850530958805e-01 -3.866396942496054534e-03
-9.736524705330547036e-01 2.279971901525923716e-01 -4.260068469193370455e-03
-9.737568325686625226e-01 2.275433683025076259e-01 -4.652616849763037757e-03
-9.738700583114874298e-01 2.270499242261269091e-01 -5.043977562536070512e-03
-9.739920606055575414e-01 2.265169681512533839e-01 -5.434086260009228855e-03
-9.741227463425288224e-01 2.259446158192174592e-01 -5.822878772480686270e-03
-9.742620165321012049e-01 2.253329884951379425e-01 -6.210291111841261674e-03
-9.744097663759890837e-01 2.246822129793727141e-01 -6.596259475531408671e-03
-9.745658853454139958e-01 2.239924216200935014e-01 -6.980720250673833407e-03
-9.747302572620851757e-01 2.232637523269164481e-01 -7.363610018391250796e-03
-9.749027603826340149e-01 2.224963485855166734e-01 -7.744865558318416755e-03
-9.750832674864666760e-01 2.216903594731526317e-01 -8.124423853317210703e-03
-9.752716459669970028e-01 2.208459396750231951e-01 -8.502222094403124458e-03
-9.754677579262217568e-01 2.199632495013773004e-01 -8.878197685891108665e-03
-9.756714602725977681e-01 2.190424549052938930e-01 -9.252288250768327116e-03
-9.758826048221801441e-01 2.180837275010473197e-01 -9.624431636300891449e-03
-9.761010384029776832e-01 2.170872445829707120e-01 -9.994565919881242752e-03
-9.763266029624813047e-01 2.160531891447280695e-01 -1.036262941512235310e-02
-9.765591356783189791e-01 2.149817498989033404e-01 -1.072856067820446291e-02
-9.767984690719895280e-01 2.138731212968131290e-01 -1.109229851447959131e-02
-9.770444311256247794e-01 2.127275035484472998e-01 -1.145378198533854829e-02
-9.772968454017278983e-01 2.115451026424408909e-01 -1.181295041534467967e-02
-9.775555311658360447e-01 2.103261303659782477e-01 -1.216974339963806419e-02
-9.778203035120488495e-01 2.090708043245294856e-01 -1.252410081161335793e-02
-9.780909734913673104e-01 2.077793479613180561e-01 -1.287596281087394733e-02
-9.783673482427820423e-01 2.064519905764166663e-01 -1.322526985146454080e-02
-9.786492311270486022e-01 2.050889673453684392e-01 -1.357196269038376396e-02
-9.789364218630860481e-01 2.036905193372287315e-01 -1.391598239637780246e-02
-9.792287166669317866e-01 2.022568935319228045e-01 -1.425727035901553849e-02
-9.795259083931840971e-01 2.007883428368140433e-01 -1.459576829804510104e-02
-9.798277866788603907e-01 1.992851261023766418e-01 -1.493141827303116030e-02
-9.801341380895975952e-01 1.977475081368671450e-01 -1.526416269327171733e-02
-9.804447462681192826e-01 1.961757597198884040e-01 -1.559394432799259510e-02
-9.807593920848889368e-01 1.945701576147406686e-01 -1.592070631681723192e-02
-9.810778537908702024e-01 1.929309845794538458e-01 -1.624439218050881262e-02
-9.813999071723089607e-01 1.912585293763961747e-01 -1.656494583198118986e-02
-9.817253257074509687e-01 1.895530867803549013e-01 -1.688231158757447226e-02
-9.820538807251069091e-01 1.878149575849853981e-01 -1.719643417859057638e-02
-9.823853415649723697e-01 1.860444486075264747e-01 -1.750725876308348306e-02
-9.827194757396088276e-01 1.842418726916802141e-01 -1.781473093789830500e-02
-9.830560490979896038e-01 1.824075487085568270e-01 -1.811879675095279946e-02
-9.833948259905107570e-01 1.805418015555858569e-01 -1.841940271375431398e-02
-9.837355694353649982e-01 1.786449621532971987e-01 -1.871649581414463678e-02
-9.840780412861745985e-01 1.767173674398772321e-01 -1.901002352926463995e-02
-9.844220024007763747e-01 1.747593603634071679e-01 -1.929993383873012183e-02
-9.847672128110488421e-01 1.727712898716934620e-01 -1.958617523800964405e-02
-9.851134318936702883e-01 1.707535108996020567e-01 -1.986869675199467652e-02
-9.854604185416929729e-01 1.687063843538110508e-01 -2.014744794875185027e-02
-9.858079313368171004e-01 1.666302770948992207e-01 -2.042237895344659049e-02
-9.861557287222459944e-01 1.645255619166903771e-01 -2.069344046242693053e-02
-9.865035691760007941e-01 1.623926175227772273e-01 -2.096058375745583208e-02
-9.868512113845717693e-01 1.602318285001510523e-01 -2.122376072007985115e-02
-9.871984144167814668e-01 1.580435852898672000e-01 -2.148292384612156616e-02
-9.875449378977314563e-01 1.558282841546798914e-01 -2.173802626028274385e-02
-9.878905421827047784e-01 1.535863271435838062e-01 -2.198902173084478495e-02
-9.882349885308925330e-01 1.513181220532030802e-01 -2.223586468445265182e-02
-9.885780392788122706e-01 1.490240823859731445e-01 -2.247851022096802528e-02
-9.889194580132848467e-01 1.467046273050643390e-01 -2.271691412837714003e-02
-9.892590097438334062e-01 1.443601815860008075e-01 -2.295103289773841107e-02
-9.895964610743687162e-01 1.419911755649325147e-01 -2.318082373815458924e-02
-9.899315803740228459e-01 1.395980450835224151e-01 -2.340624459175396840e-02
-9.902641379469926397e-01 1.371812314304159675e-01 -2.362725414866486198e-02
-9.905939062012530938e-01 1.347411812792641828e-01 -2.384381186196730604e-02
-9.909206598160009705e-01 1.322783466232769767e-01 -2.405587796260576228e-02
-9.912441759076877634e-01 1.297931847062875066e-01 -2.426341347424637238e-02
-9.915642341945009042e-01 1.272861579503142271e-01 -2.446638022806217616e-02
-9.918806171591522114e-01 1.247577338796115043e-01 -2.466474087742951543e-02
-9.921931102098321409e-01 1.222083850412051115e-01 -2.485845891251879311e-02
-9.925015018391896149e-01 1.196385889219142712e-01 -2.504749867476261174e-02
-9.928055837811958773e-01 1.170488278618665862e-01 -2.523182537118431878e-02
-9.931051511657532638e-01 1.144395889645179187e-01 -2.541140508856987862e-02
-9.934000026709089992e-01 1.118113640031941497e-01 -2.558620480746608486e-02
-9.936899406725360206e-01 1.091646493241773125e-01 -2.575619241598805717e-02
-9.939747713913440474e-01 1.064999457463636501e-01 -2.592133672341909861e-02
-9.942543050370845625e-01 1.038177584575265266e-01 -2.608160747358604856e-02
-9.945283559498157011e-01 1.011185969072222884e-01 -2.623697535799337718e-02
-9.947967427380950411e-01 9.840297469638259464e-02 -2.638741202869942029e-02
-9.950592884139690675e-01 9.567140946364154075e-02 -2.653289011091833002e-02
-9.953158205246315227e-01 9.292442276845161442e-02 -2.667338321533153228e-02
-9.955661712806247454e-01 9.016253997104703433e-02 -2.680886595009269319e-02
-9.958101776804600958e-01 8.738629010931847629e-02 -2.693931393251049536e-02
-9.960476816315372295e-01 8.459620577266789565e-02 -2.706470380039375720e-02
-9.962785300672445388e-01 8.179282297291724790e-02 -2.718501322304384474e-02
-9.965025750601260723e-01 7.897668101234939231e-02 -2.730022091187957883e-02
-9.967196739310036913e-01 7.614832234896444507e-02 -2.741030663068027076e-02
-9.969296893539469906e-01 7.330829245903915103e-02 -2.751525120543291819e-02
-9.971324894569869590e-01 7.045713969708135294e-02 -2.761503653377000642e-02
-9.973279479184733454e-01 6.759541515327609218e-02 -2.770964559398483851e-02
-9.975159440589793647e-01 6.472367250852366360e-02 -2.779906245361176906e-02
