1.000000000000000000e+00 0.000000000000000000e+00 0.000000000000000000e+00
9.999989529913058117e-01 7.092268598012253095e-04 -1.261383934705639530e-03
9.999949682872979473e-01 1.939183758443626402e-03 -2.510607533794325351e-03
9.999862052506137688e-01 3.684019742968639918e-03 -3.744012445566632322e-03
9.999700886907229025e-01 5.936367149239783411e-03 -4.957999426840683718e-03
9.999433582735545167e-01 8.687361845613417177e-03 -6.149038298910800525e-03
9.999021280335674833e-01 1.192666635510729323e-02 -7.313677934174376075e-03
9.998419551852419929e-01 1.564249625247926545e-02 -8.448556286356278394e-03
9.997579173177107981e-01 1.982165027887228953e-02 -9.550410464341128544e-03
9.996446969499146462e-01 2.444954464302317304e-02 -1.061608683555115111e-02
9.994966723256660801e-01 2.951025198308636355e-02 -1.164255113006028124e-02
9.993080132400055104e-01 3.498654544613231249e-02 -1.262689850172208847e-02
9.990727806121109111e-01 4.085994830325033467e-02 -1.356636348803340678e-02
9.987850284577806104e-01 4.711078945752036895e-02 -1.445832979678206287e-02
9.984389068682101298e-01 5.371826512121866126e-02 -1.530033983524570554e-02
9.980287645734363666e-01 6.066050683948023825e-02 -1.609010388729847224e-02
9.975492496602526016e-01 6.791465592289872011e-02 -1.682550883567449085e-02
9.969954070271650481e-01 7.545694422443614824e-02 -1.750462632119993006e-02
9.963627711942009135e-01 8.326278106028058013e-02 -1.812572022832785457e-02
9.956474531437404796e-01 9.130684593406127036e-02 -1.868725338699059671e-02
9.948462199500633929e-01 9.956318658350667150e-02 -1.918789338471943787e-02
9.939565660593709939e-01 1.080053217327190118e-01 -1.962651739015936966e-02
9.929767752073523912e-01 1.166063478062035474e-01 -2.000221589940529010e-02
9.919059721059069190e-01 1.253390487468805936e-01 -2.031429532977361077e-02
9.907441631917451863e-01 1.341760079833981822e-01 -2.056227940136562751e-02
9.894922659040010782e-01 1.430897215155009505e-01 -2.074590926464998583e-02
9.881521261419332625e-01 1.520527110326828912e-01 -2.086514235178802898e-02
9.867265237431330771e-01 1.610376359527832535e-01 -2.092014994998636288e-02
9.852191660130291684e-01 1.700174032646545874e-01 -2.091131351618700368e-02
9.836346695234516879e-01 1.789652740827475386e-01 -2.083921977328410599e-02
9.819785305772642525e-01 1.878549658707419356e-01 -2.070465464818378037e-02
9.802570849035304734e-01 1.966607493646949645e-01 -2.050859613082814392e-02
9.784774572996980391e-01 2.053575393212955513e-01 -2.025220615026725179e-02
9.766475020707519050e-01 2.139209783307688406e-01 -1.993682157853497033e-02
9.747757352277504062e-01 2.223275130632952068e-01 -1.956394448510438006e-02
9.728712594978661254e-01 2.305544624586438329e-01 -1.913523177379778534e-02
9.709436832640232495e-01 2.385800775169941990e-01 -1.865248434004034353e-02
9.690030345942192147e-01 2.463835925004901339e-01 -1.811763588921102772e-02
9.670596715391411857e-01 2.539452675058861963e-01 -1.753274155659616251e-02
9.651241898729056023e-01 2.612464225148782848e-01 -1.689996646621643589e-02
9.632073294274047237e-01 2.682694631668774976e-01 -1.622157435978692150e-02
9.613198801280802286e-01 2.749978986260459002e-01 -1.549991641855820619e-02
9.594725887805490849e-01 2.814163520278344932e-01 -1.473742039010556178e-02
9.576760675862265870e-01 2.875105640880648017e-01 -1.393658011965048620e-02
9.559407052838861940e-01 2.932673905383650914e-01 -1.309994557160558751e-02
9.542765817259311056e-01 2.986747941146522534e-01 -1.223011341212811715e-02
9.526933866059003053e-01 3.037218318700178887e-01 -1.132971820794216426e-02
9.512003429600573989e-01 3.083986386099857868e-01 -1.040142428092027428e-02
9.498061359732276054e-01 3.126964072572365749e-01 -9.447918242251116330e-03
9.485188475294324961e-01 3.166073669454800288e-01 -8.471902214776410103e-03
9.473458968630403820e-01 3.201247596194118361e-01 -7.476087737534858890e-03
9.462939875874287754e-01 3.232428158810536356e-01 -6.463190332939732809e-03
9.453690613064844595e-01 3.259567307738179820e-01 -5.435924704535038780e-03
9.445762579501901790e-01 3.282626401360282387e-01 -4.397000522077383795e-03
9.439198829192592122e-01 3.301575980870498639e-01 -3.349118740893411612e-03
9.434033810751374372e-01 3.316395561333365660e-01 -2.294968394148084491e-03
9.430293175702514352e-01 3.327073443002024344e-01 -1.237223789878610838e-03
9.427993654784687649e-01 3.333606546095668755e-01 -1.785420394276695296e-04
9.427143001564505242e-01 3.336000271357713043e-01 8.784391597491238244e-04
9.427740002418929510e-01 3.334268387822352242e-01 1.931103566037830743e-03
9.429774551734233512e-01 3.328432948325124041e-01 2.976858340112758031e-03
9.433227790979520355e-01 3.318524232414586383e-01 4.013135974722326429e-03
9.440211079587467191e-01 3.298262465028658497e-01 6.228705778461574027e-03
9.450093360277047605e-01 3.269349355640624455e-01 8.420512234942497537e-03
9.462762147549974578e-01 3.231861977553155962e-01 1.058346393954288575e-02
9.478076827616559452e-01 3.185890655332104249e-01 1.271247698753969965e-02
9.495870001348243328e-01 3.131539875073287016e-01 1.480246973949075374e-02
9.515949050258497577e-01 3.068929356513095397e-01 1.684836020069109888e-02
9.538097927978202994e-01 2.998195253749939004e-01 1.884506637971564494e-02
9.562079178879825392e-01 2.919491447238380943e-01 2.078750993063614716e-02
9.587636183798248224e-01 2.832990886084292281e-01 2.267062331478153503e-02
9.614495630168470308e-01 2.738886936620373858e-01 2.448936064095571727e-02
9.642370200363876709e-01 2.637394690906620376e-01 2.623871225821556089e-02
9.670961467628590436e-01 2.528752187320261746e-01 2.791372308343140554e-02
9.699962983854378828e-01 2.413221494918155741e-01 2.950951454817202918e-02
9.729063537704472076e-01 2.291089613908606215e-01 3.102130994777258302e-02
9.757950555427328254e-01 2.162669146478692905e-01 3.244446287209745011e-02
9.786313610369118399e-01 2.028298695477235292e-01 3.377448829535815295e-02
9.813848000956814088e-01 1.888342953100872190e-01 3.500709580469615195e-02
9.840258351082558086e-01 1.743192447767134556e-01 3.613822435773190317e-02
9.865262181686169640e-01 1.593262924718008566e-01 3.716407788172950560e-02
9.888593398215509422e-01 1.438994344446739848e-01 3.808116096522157212e-02
9.910005635833443183e-01 1.280849492576196791e-01 3.888631385042126687e-02
9.929275402986631471e-01 1.119312205068417887e-01 3.957674591456807056e-02
9.946204964450222619e-01 9.548852232818645647e-02 4.015006683283219718e-02
9.960624907336312894e-01 7.880877040384733079e-02 4.060431464592142992e-02
9.972396337840141456e-01 6.194524201104940897e-02 4.093798001236501755e-02
9.981412662640415379e-01 4.495226959726147248e-02 4.115002600764483542e-02
9.987600916717416233e-01 2.788491318883338024e-02 4.123990293770719157e-02
9.990922608661565452e-01 1.079861760501955870e-02 4.120755775952440747e-02
9.991374064991910275e-01 -6.251139072783469530e-03 4.105343784182764050e-02
9.988986266200060582e-01 -2.320919905791440918e-02 4.077848894960277304e-02
9.983824178748961220e-01 -4.002107367522410308e-02 4.038414749056892100e-02
9.975985598637646667e-01 -5.663328084718965288e-02 3.987232721454640749e-02
9.965599532950761841e-01 -7.299366504903218034e-02 3.924540070137969711e-02
9.952824155636331716e-01 -8.905169411873734009e-02 3.850617610436538052e-02
9.937844382244437336e-01 -1.047587280628138190e-01 3.765786972914754449e-02
9.920869115235196878e-01 -1.200682558880032808e-01 3.670407511897484654e-02
9.902128216536445482e-01 -1.349360974739151342e-01 3.564872938341833580e-02
9.881869267203730045e-01 -1.493205685402061444e-01 3.449607754772833490e-02
9.860354175305838798e-01 -1.631826078129197388e-01 3.325063571381231542e-02
9.837855692614517755e-01 -1.764858665185758957e-01 3.191715381236437388e-02
9.814653898480897309e-01 -1.891967612962787704e-01 3.050057869101499217e-02
9.791032705658924140e-01 -2.012844924877610631e-01 2.900601822836694835e-02
9.767276438057961307e-01 -2.127210305197368978e-01 2.743870709190680476e-02
9.743666524768614945e-01 -2.234810737160276284e-01 2.580397467285462654e-02
9.720478348511992772e-01 -2.335419813595121519e-01 2.410721563698323480e-02
9.697978280208535695e-01 -2.428836861634585398e-01 2.235386343116010921e-02
9.676420924921692590e-01 -2.514885905114531139e-01 2.054936698443237189e-02
9.656046598244126811e-01 -2.593414508929971496e-01 1.869917074308096935e-02
9.637079046459248177e-01 -2.664292549096028972e-01 1.680869808391645751e-02
9.619723418682832872e-01 -2.727410950681167234e-01 1.488333806134190494e-02
9.604164494776132877e-01 -2.782680433296476630e-01 1.292843536299125538e-02
9.590565169185364391e-01 -2.830030300599102322e-01 1.094928327717147563e-02
9.579065188022857225e-01 -2.869407306455974416e-01 8.951119413538714126e-03
9.569780134644446656e-01 -2.900774626161145009e-01 6.939123866676494626e-03
9.562800657645643687e-01 -2.924110956536465911e-01 4.918419470461624782e-03
9.558191934518633914e-01 -2.939409763983829582e-01 2.894073759020215648e-03
9.555993364085554331e-01 -2.946678694692297373e-01 8.711022272668450007e-04
9.556218481137893628e-01 -2.945939156312490925e-01 -1.145527530011255721e-03
9.558855087344564350e-01 -2.937226075555758320e-01 -3.150891227321563331e-03
9.563865593314581082e-01 -2.920587831406850632e-01 -5.140103270635623320e-03
9.571187567586121325e-01 -2.896086358997619903e-01 -7.108312527859886321e-03
9.580734489137083809e-01 -2.863797414712358491e-01 -9.050698886368075541e-03
9.592396700655391184e-01 -2.823810988818726275e-01 -1.096247097296145986e-02
9.606042560162727506e-01 -2.776231847880356041e-01 -1.283886538154320987e-02
9.621519788559644848e-01 -2.721180185452196643e-01 -1.467514771715703811e-02
9.638657010176315820e-01 -2.658792356139251245e-01 -1.646661572198204748e-02
9.657265482415051672e-01 -2.589221665074027401e-01 -1.820860469957980010e-02
9.677141009024409213e-01 -2.512639182306962149e-01 -1.989649539844506182e-02
9.698066029442227176e-01 -2.429234549583971503e-01 -2.152572445516540839e-02
9.719811874006155650e-01 -2.339216745587546498e-01 -2.309179743190283018e-02
9.742141171704391533e-01 -2.242814775025065988e-01 -2.459030441338033030e-02
9.764810393605721783e-01 -2.140278247038824300e-01 -2.601693805627783643e-02
9.787572511275396403e-01 -2.031877809355578657e-01 -2.736751391040020617e-02
9.810179745488050163e-01 -1.917905406441915150e-01 -2.863799275794938481e-02
9.832386376551044416e-01 -1.798674332715340662e-01 -2.982450464674502033e-02
9.853951583729845254e-01 -1.674519055580564741e-01 -3.092337422752657397e-02
9.874642277811553903e-01 -1.545794787682269189e-01 -3.193114694689098282e-02
9.894235887946523089e-01 -1.412876793217568150e-01 -3.284461559834642858e-02
9.912523061757245735e-01 -1.276159419320515298e-01 -3.366084669666601775e-02
9.929310236467221440e-01 -1.136054850264298227e-01 -3.437720611724073144e-02
9.944670340349830440e-01 -9.859778629543212991e-02 -3.624655083258622457e-02
9.958397049423701741e-01 -8.282024157055732638e-02 -3.800143112921786775e-02
9.970107013020932385e-01 -6.632227417179173412e-02 -3.963632118177925351e-02
9.979432033796994395e-01 -4.915675035270758442e-02 -4.114606408832648804e-02
9.986024611232736659e-01 -3.137982786720370371e-02 -4.252592372812638577e-02
9.989563285579069474e-01 -1.305074276917345122e-02 -4.377163568506163560e-02
9.989757678197792590e-01 5.768465342451765260e-03 -4.487945582465086708e-02
9.986353124883805554e-01 2.501328741454910548e-02 -4.584620510919158037e-02
9.979134803101972206e-01 4.461713412610662788e-02 -4.666930928472688700e-02
9.967931262236502388e-01 6.451177398027982401e-02 -4.734683217624470475e-02
9.952617277816593333e-01 8.462781232565697032e-02 -4.787750148175220349e-02
9.933115965912140410e-01 1.048952017921221808e-01 -4.826072615674536354e-02
9.909400111939535849e-01 1.252437734142076708e-01 -4.849660472048083343e-02
9.881492688248721956e-01 1.456037768895959983e-01 -4.858592408433951015e-02
9.849466556208383849e-01 1.659064180244779751e-01 -4.853014878862762366e-02
9.813443370112190367e-01 1.860843814699110199e-01 -4.833140082449880609e-02
9.773591721120696851e-01 2.060723273489080132e-01 -4.799243049916921550e-02
9.730124578700598548e-01 2.258073512835118146e-01 -4.751657906272375304e-02
9.683296103800321797e-01 2.452293986036574169e-01 -4.690773404248076844e-02
9.633397921639808015e-01 2.642816250864252758e-01 -4.617027841709635955e-02
9.580754952018188941e-01 2.829106983538137721e-01 -4.530903490093773911e-02
9.525720901196657042e-01 3.010670359609145530e-01 -4.432920669619563186e-02
9.468673521655003311e-01 3.187049781449032837e-01 -4.323631610510959844e-02
9.410009744515557273e-01 3.357828950937618573e-01 -4.203614237966256384e-02
9.350140784523962578e-01 3.522632303568422052e-01 -4.073466012566519245e-02
9.289487309661670356e-01 3.681124835951885554e-01 -3.933797947869241418e-02
9.228474757328781752e-01 3.833011372114835114e-01 -3.785228913856381744e-02
9.167528867220641198e-01 3.978035324777212112e-01 -3.628380319539622340e-02
9.107071488180277230e-01 4.115977015797692706e-01 -3.463871251224953651e-02
9.047516703066306176e-01 4.246651625234230121e-01 -3.292314125520257040e-02
8.989267302597911957e-01 4.369906841108461837e-01 -3.114310898870380206e-02
8.932711626708792485e-01 4.485620282240967982e-01 -2.930449858851553666e-02
8.878220780548806701e-01 4.593696764757098094e-01 -2.741303007150269408e-02
8.826146222202909675e-01 4.694065479413832565e-01 -2.547424030455353733e-02
8.776817710640271164e-01 4.786677142147124919e-01 -2.349346843637841256e-02
8.730541595459099247e-01 4.871501174560345926e-01 -2.147584679691187659e-02
8.687599424671794690e-01 4.948522964816990943e-01 -1.942629692957518681e-02
8.648246843031746067e-01 5.017741252875306257e-01 -1.734953036089645351e-02
8.612712751137528988e-01 5.079165677472210483e-01 -1.525005366841948769e-02
8.581198694626365198e-01 5.132814515940143929e-01 -1.313217737947394714e-02
8.557154009810670203e-01 5.173516571625957905e-01 -9.921100764664462363e-03
8.539736672664000050e-01 5.202729770003551302e-01 -6.709537831124346222e-03
8.529058284009032320e-01 5.220530588690246443e-01 -3.502082381522775290e-03
8.525175793903787547e-01 5.226984772234468668e-01 -3.031662376865328946e-04
8.528092192356293566e-01 5.222146474879130196e-01 2.882880135734270603e-03
8.537757200781056488e-01 5.206058103471693510e-01 6.051767047645274442e-03
8.554067956497025671e-01 5.178750846062604163e-01 9.199186027794957130e-03
8.576869697389380987e-01 5.140245868588827483e-01 1.232075226610870357e-02
8.605956468011604077e-01 5.090556158781445184e-01 1.541194999114453568e-02
8.641071881663854315e-01 5.029688992602779907e-01 1.846808173415038709e-02
8.681909985104755423e-01 4.957648993698997586e-01 2.148422243449827143e-02
8.728116283258375852e-01 4.874441750208404200e-01 2.445517935659688447e-02
8.779288990243464541e-01 4.780077945541533202e-01 2.737545880172942772e-02
8.834980579905802323e-01 4.674577950302550855e-01 3.023924060363042399e-02
8.894699713359291993e-01 4.557976811336596490e-01 3.304036138624698998e-02
8.957913622387478902e-01 4.430329561097428037e-01 3.577230752781433015e-02
9.024051025465753550e-01 4.291716756434071911e-01 3.842821870884683549e-02
9.092505647200860297e-01 4.142250140974507167e-01 4.100090281509308210e-02
9.162640401781478872e-01 3.982078310205484084e-01 4.348286281317996493e-02
9.233792286342781264e-01 3.811392243957357207e-01 4.586633601159739726e-02
9.305278010895101648e-01 3.630430558307887745e-01 4.814334586038748059e-02
9.376400367809474279e-01 3.439484319046457461e-01 5.030576613020133758e-02
9.446455316230244481e-01 3.238901252978929057e-01 5.234539695000467452e-02
9.514739725957598315e-01 3.029089192675751829e-01 5.425405178180638111e-02
9.580559692409347239e-01 2.810518595831486000e-01 5.602365398415649206e-02
9.643239300659462998e-01 2.583723993052514656e-01 5.764634118211413305e-02
9.702129683973886864e-01 2.349304238130633382e-01 5.911457524213327430e-02
9.756618192640738041e-01 2.107921462769919430e-01 6.042125527089294706e-02
9.806137464230448852e-01 1.860298672875210779e-01 6.155983074382293668e-02
9.850174168672947150e-01 1.607215964884466386e-01 6.252441164758036629e-02
9.888277192432711749e-01 1.349505386674834662e-01 6.330987241376179187e-02
9.920065026934902219e-01 1.088044516226705782e-01 6.391194644628153676e-02
9.945232138035628999e-01 8.237488800275163947e-02 6.432730821247904796e-02
9.963554115856952942e-01 5.575633794388171194e-02 6.455364017966865042e-02
9.974891437104755898e-01 2.904529342041521633e-02 6.458968232628944928e-02
9.979191713696523580e-01 2.339258539938975784e-03 6.443526252201428606e-02
9.976490350114495254e-01 -2.426426767109391563e-02 6.409130672718513222e-02
9.966909584799479305e-01 -5.066880827772642093e-02 6.355982867470190423e-02
9.950655945201439811e-01 -7.677989758994903380e-02 6.284389942840690191e-02
9.928016198782780855e-01 -1.025060160908171647e-01 6.194759792100155288e-02
9.899351930439360681e-01 -1.277594471940985410e-01 6.087594422327134019e-02
9.865092917933591110e-01 -1.524570352896183756e-01 5.963481785131532348e-02
9.825729509045100230e-01 -1.765208287001216458e-01 5.823086385329984127e-02
9.781804225940947672e-01 -1.998785958445212507e-01 5.667138971472129860e-02
9.733902833196592663e-01 -2.224642078047474325e-01 5.496425627384993184e-02
9.682645106142750979e-01 -2.442178853579882736e-01 5.311776584922261318e-02
9.628675526614378644e-01 -2.650863131187628507e-01 5.114055065976946118e-02
9.572654115114467288e-01 -2.850226275325722369e-01 4.904146438347117831e-02
9.515247583633520412e-01 -3.039862889226639386e-01 4.682947937539724131e-02
9.457120963849570128e-01 -3.219428505177081568e-01 4.451359167632079616e-02
9.398929833180394988e-01 -3.388636393405657365e-01 4.210273551511030388e-02
9.341313228074270558e-01 -3.547253650271197656e-01 3.960570856662130185e-02
9.284887301698091511e-01 -3.695096731219192909e-01 3.703110879380066417e-02
9.230239753208888676e-01 -3.832026592486473815e-01 3.438728329617314616e-02
9.177925029139610835e-01 -3.957943598835378385e-01 3.168228922032086115e-02
9.128460274813354758e-01 -4.072782343843953656e-01 2.892386647031722560e-02
9.082321995519960778e-01 -4.176506515631831506e-01 2.611942169193562369e-02
9.039943373558533279e-01 -4.269103925457482518e-01 2.327602279461677900e-02
9.001712178048844049e-01 -4.350581800352147366e-01 2.040040311733432726e-02
8.967969199345382503e-01 -4.420962424668791191e-01 1.749897423398858246e-02
8.942025705990400697e-01 -4.474604578915710174e-01 1.345058948636453783e-02
8.923172521260399614e-01 -4.513109831483004819e-01 9.398666597081231644e-03
8.911603426923373483e-01 -4.536569640527484681e-01 5.349722823500392341e-03
8.907425714930656824e-01 -4.545062951500362658e-01 1.310038304023524586e-03
8.910661024504408223e-01 -4.538654553216438514e-01 -2.714249140005652212e-03
8.921246273610977662e-01 -4.517394699588187512e-01 -6.717048591795376361e-03
8.939034668553413887e-01 -4.481319976162033702e-01 -1.069222211436666667e-02
8.963796806760382374e-01 -4.430455380556727607e-01 -1.463349435898324627e-02
8.995221917774198772e-01 -4.364817575555234863e-01 -1.853436772748428760e-02
9.032919315209987365e-01 -4.284419261832436154e-01 -2.238804510725434307e-02
9.076420157284011969e-01 -4.189274603154595766e-01 -2.618736220861608496e-02
9.125179634515862004e-01 -4.079405619621330747e-01 -2.992473154530482168e-02
9.178579719411208426e-01 -3.954849443674445797e-01 -3.359210009304637590e-02
9.235932623239440087e-01 -3.815666309053200034e-01 -3.718092262036494511e-02
9.296485108273100373e-01 -3.661948114923870845e-01 -4.068215258937904477e-02
9.359423798888508728e-01 -3.493827376808834595e-01 -4.408625235206578563e-02
9.423881620669463111e-01 -3.311486343945980737e-01 -4.738322410022250547e-02
9.488945472264520564e-01 -3.115166031095863985e-01 -5.056266264934834026e-02
9.553665199760105198e-01 -2.905174883837844946e-01 -5.361383063757349521e-02
9.617063897831160668e-01 -2.681896772714671973e-01 -5.652575609796108014e-02
9.678149506711020145e-01 -2.445797996111416239e-01 -5.928735162323820612e-02
9.735927610714671943e-01 -2.197432967451554975e-01 -6.188755350511301184e-02
9.789415275201567290e-01 -1.937448271902365571e-01 -6.431547832720208024e-02
9.837655687930517701e-01 -1.666584803513958546e-01 -6.656059356506643931e-02
9.879733301991732164e-01 -1.385677736921415160e-01 -6.861289785369144301e-02
9.914789115719703227e-01 -1.095654148601215711e-01 -7.046310578455153295e-02
9.942035675239605519e-01 -7.975281799686760598e-02 -7.210283145702170438e-02
9.960771352407949975e-01 -4.923937255767996818e-02 -7.352476459555366828e-02
9.970393438992570800e-01 -1.814147300666428889e-02 -7.472283290870646022e-02
9.970409609907328052e-01 1.341867182396213817e-02 -7.569234454693850311e-02
9.960447345445393452e-01 4.531442076030858801e-02 -7.643010502958755281e-02
9.940260964081495398e-01 7.741623553799173441e-02 -7.693450384872980996e-02
9.909736000840503323e-01 1.095933235169961051e-01 -7.720556708274017854e-02
9.868890766842167706e-01 1.417153366793808544e-01 -7.724497370413895003e-02
9.817875037243712910e-01 1.736540729069247224e-01 -7.705603476270055097e-02
9.756965930198087111e-01 2.052851255312146961e-01 -7.664363617020442110e-02
9.686561151054445817e-01 2.364894299591627502e-01 -7.601414730732036773e-02
9.607169876640061501e-01 2.671546615779739065e-01 -7.517529902046127255e-02
9.519401637904983948e-01 2.971764467134302423e-01 -7.413603569525316350e-02
9.423953620882065119e-01 3.264593575808590886e-01 -7.290634692268493922e-02
9.321596843132651244e-01 3.549176722650386751e-01 -7.149708477855144795e-02
9.213161674963799008e-01 3.824758911044162102e-01 -6.991977290800220624e-02
9.099523162994012093e-01 4.090690107859939473e-01 -6.818641346189528718e-02
8.981586581017187987e-01 4.346425664220255891e-01 -6.630929750885058982e-02
8.860273583670962294e-01 4.591524594506635748e-01 -6.430082390087354938e-02
8.736509276957069581e-01 4.825645951030195224e-01 -6.217333076490588750e-02
8.611210451190198789e-01 5.048543572850764383e-01 -5.993894289404730347e-02
8.485275151232160029e-01 5.260059510513791503e-01 -5.760943738369939116e-02
8.359573690080817077e-01 5.460116435318908001e-01 -5.519612895499101390e-02
8.234941148397331157e-01 5.648709334334175436e-01 -5.270977557525887564e-02
8.112171346816461348e-01 5.825896773457452937e-01 -5.016050425553210401e-02
7.992012231408386347e-01 5.991791983360674756e-01 -4.755775629800969989e-02
7.875162576107108681e-01 6.146553990059209216e-01 -4.491025079117865609e-02
7.762269879226818547e-01 6.290378975814661100e-01 -4.222596480563862997e-02
7.653929313728595751e-01 6.423492019420025123e-01 -3.951212852154431521e-02
7.550683581657579024e-01 6.546139329497753234e-01 -3.677523340527724671e-02
7.453023520893500287e-01 6.658581051662586514e-01 -3.402105153180891295e-02
7.361389315697209890e-01 6.761084701212467518e-01 -3.125466420219199376e-02
7.276172170157910735e-01 6.853919247963770056e-01 -2.848049811481923044e-02
7.197716314309403618e-01 6.937349859158571386e-01 -2.570236749780835731e-02
7.126321225294098838e-01 7.011633289995939933e-01 -2.292352078326666959e-02
7.062243959590950304e-01 7.077013899037583045e-01 -2.014669058965910114e-02
7.005701506251761357e-01 7.133720257142865950e-01 -1.737414596579943751e-02
6.956873084752137615e-01 7.181962313255857433e-01 -1.460774603112785508e-02
6.915902324065267281e-01 7.221929077822458742e-01 -1.184899431601971545e-02
6.882899271658731166e-01 7.253786784383681185e-01 -9.099093258768996620e-03
6.857942192167144624e-01 7.277677491519429775e-01 -6.358998449961730456e-03
6.841079125474172073e-01 7.293718090389725850e-01 -3.629472328725172857e-03
6.832329182889151920e-01 7.301999687264700833e-01 -9.111371282134656836e-04
6.831683568124335970e-01 7.302587335322899831e-01 1.795473060294296586e-03
6.839106317004656210e-01 7.295520095343609457e-01 4.489861183694284982e-03
6.854534756432435483e-01 7.280811410473775336e-01 7.171517130836413401e-03
6.877879689254575712e-01 7.258449785793975595e-01 9.839868677748083228e-03
6.909025317509823738e-01 7.228399768742911347e-01 1.249423351303488583e-02
6.947828922229674076e-01 7.190603231402029616e-01 1.513377240384762568e-02
6.994120323671935147e-01 7.144980960013853633e-01 1.775744360031947938e-02
7.047701151699050648e-01 7.091434560732315928e-01 2.036395862862024411e-02
7.108343962058726317e-01 7.029848693299730611e-01 2.295173968845769588e-02
7.175791240625807310e-01 6.960093645925015116e-01 2.551887894843531124e-02
7.249754344215828539e-01 6.882028264906595583e-01 2.806310012024073458e-02
7.329912433318541698e-01 6.795503251302592584e-01 3.058172278778808345e-02
7.415911458894680619e-01 6.700364834004643999e-01 3.307163006714974873e-02
7.507363272029281553e-01 6.596458823737449961e-01 3.552924027363257159e-02
7.603844931460007617e-01 6.483635045628817206e-01 3.795048336909114667e-02
7.704898289439229275e-01 6.361752138965939274e-01 4.033078305005351888e-02
7.810029940606428855e-01 6.230682701532791468e-01 4.266504540910755899e-02
7.918711621035950943e-01 6.090318742564563292e-01 4.494765515111603243e-02
8.030381144824177975e-01 5.940577393032675513e-01 4.717248036445162440e-02
8.144443962901813938e-01 5.781406805009382532e-01 4.933288682754458088e-02
8.260275422620279029e-01 5.612792153745164159e-01 5.142176276475748931e-02
8.377223796537955902e-01 5.434761637500887810e-01 5.343155484584197895e-02
8.494614134301169406e-01 5.247392351975296299e-01 5.535431604435739339e-02
8.611752972323886146e-01 5.050815899400439291e-01 5.718176572908251903e-02
8.727933912099840041e-01 4.845223578235259287e-01 5.890536205838530631e-02
8.842444049705663334e-01 4.630870989158784035e-01 6.051638638441103613e-02
8.954571206993037213e-01 4.408081888058391073e-01 6.200603896007098048e-02
9.063611880117762309e-01 4.177251118158466503e-01 6.336554479042907917e-02
9.168879784790436860e-01 3.938846462383864266e-01 6.458626799951423803e-02
9.269714841683500683e-01 3.693409274231965744e-01 6.565983261679118888e-02
9.365492411797453620e-01 3.441553771135897888e-01 6.657824725115496500e-02
9.456903464956891714e-01 3.177629347030643814e-01 6.853142216831585587e-02
9.543227584114428730e-01 2.903858615298907653e-01 7.031497914628113965e-02
9.623582145121025722e-01 2.620962732793394312e-01 7.191859724069979420e-02
9.697136991790812344e-01 2.329758710953491463e-01 7.333253813748705219e-02
9.763128448095655942e-01 2.031155532455475310e-01 7.454782923857254662e-02
9.820872858147550177e-01 1.726147921158399656e-01 7.555644132109867739e-02
9.869779218530260190e-01 1.415807810567301372e-01 7.635145491688657970e-02
9.909360469950299066e-01 1.101273651620309213e-01 7.692720960600206437e-02
9.939243040565033382e-01 7.837377963237621148e-02 7.727943076912389964e-02
9.959174281828147013e-01 4.644322833810353435e-02 7.740532899977640990e-02
9.969027507554071299e-01 1.446134292485310585e-02 7.730366831669155392e-02
9.968804434618618870e-01 -1.744543126448504233e-02 7.697480049197949481e-02
9.958634924176865688e-01 -4.915147249505109200e-02 7.642066415481001129e-02
9.938774029221923989e-01 -8.053359206616428345e-02 7.564474875990563618e-02
9.909596460858852707e-01 -1.114725662256500771e-01 7.465202493430925235e-02
9.871588684994003771e-01 -1.418545449230733113e-01 7.344884404409419976e-02
9.825338947080575203e-01 -1.715722979398447423e-01 7.204281097330962613e-02
9.771525590176179943e-01 -2.005262668603874088e-01 7.044263501504730018e-02
9.710904077536378631e-01 -2.286254004390199379e-01 6.865796439506766102e-02
9.644293153790747253e-01 -2.557877605453842129e-01 6.669921026207181747e-02
9.572560578748648963e-01 -2.819408954181121252e-01 6.457736598972163566e-02
9.496608847017198318e-01 -3.070219858639869348e-01 6.230382736978955227e-02
9.417361268138950692e-01 -3.309777778528794068e-01 5.989021877643731923e-02
9.335748729999870932e-01 -3.537643213513750884e-01 5.734822970318768920e-02
9.252697407365769733e-01 -3.753465400242043115e-01 5.468946527677463754e-02
9.169117612114356941e-01 -3.956976595615199210e-01 5.192531349565349119e-02
9.085893916207715693e-01 -4.147985239295368665e-01 4.906683108047408398e-02
9.003876616230321872e-01 -4.326368289537169676e-01 4.612464900574470006e-02
8.923874552143935546e-01 -4.492063015542952509e-01 4.310889804213947213e-02
8.846649244677531332e-01 -4.645058509263185198e-01 4.002915400197551432e-02
8.772910276553315123e-01 -4.785387152631001562e-01 3.689440185987422072e-02
8.703311812896514787e-01 -4.913116245238876578e-01 3.371301752031775900e-02
8.638450135439841304e-01 -5.028339964767001291e-01 3.049276571948488640e-02
8.578862052821333295e-01 -5.131171800010498885e-01 2.724081237013145293e-02
8.525024044400122403e-01 -5.221737565653434832e-01 2.396374957105115028e-02
8.477351996433495351e-01 -5.300169080097919538e-01 2.066763149025799967e-02
8.436201395980919004e-01 -5.366598563369093799e-01 1.735801937620937152e-02
8.401867858380122067e-01 -5.421153791718450465e-01 1.404003403735644070e-02
8.374587877534725999e-01 -5.463954029079333141e-01 1.071841424162421966e-02
8.354539703660729399e-01 -5.495106742795790034e-01 7.397579610528989824e-03
8.345152659166120701e-01 -5.509765332806796367e-01 3.028691457578008492e-03
8.345491707551032645e-01 -5.509319088750211924e-01 -1.325161668671698788e-03
8.355519969881208819e-01 -5.493822593563352230e-01 -5.660093535711688273e-03
8.375112056471387678e-01 -5.463291865921130475e-01 -9.972170275576010615e-03
8.404054674984425821e-01 -5.417706385603224817e-01 -1.425728094271866593e-02
8.442046901611216514e-01 -5.357012498487349061e-01 -1.851101276025744757e-02
8.488700206089393463e-01 -5.281128179863686656e-01 -2.272853281139823600e-02
8.543538358133597743e-01 -5.189949133590668895e-01 -2.690447807560499699e-02
8.605997377655841829e-01 -5.083356198062121134e-01 -3.103285590093951551e-02
8.675425723227085939e-01 -4.961224016693716043e-01 -3.510695722524508067e-02
8.751084941474518430e-01 -4.823430909594760840e-01 -3.911928508493684592e-02
8.832151023023223635e-01 -4.669869853569483253e-01 -4.306150115173776327e-02
8.917716726281244011e-01 -4.500460439380875033e-01 -4.692439318101376128e-02
9.006795136604075491e-01 -4.315161628731802868e-01 -5.069786630321494736e-02
9.098324722717709978e-01 -4.113985079870771666e-01 -5.437096100334561782e-02
9.191176132269297527e-01 -3.897008752216615801e-01 -5.793190037415317517e-02
9.284160931799088079e-01 -3.664390440011985883e-01 -6.136816876284735545e-02
9.376042441651113446e-01 -3.416380826857511877e-01 -6.466662323313672467e-02
9.465548742677941663e-01 -3.153335602052599884e-01 -6.781363832204802267e-02
9.551387839694674975e-01 -2.875726141657158341e-01 -7.079528339053922648e-02
9.632264858819558073e-01 -2.584148238064366554e-01 -7.359753047721231956e-02
9.706901036331031518e-01 -2.279328367364096830e-01 -7.620648902009750925e-02
9.774054131670379952e-01 -1.962127018696151748e-01 -7.860866219361009599e-02
9.832539774717720116e-01 -1.633538677319601728e-01 -8.079121802156963295e-02
9.881253146806233678e-01 -1.294688154092040466e-01 -8.274226699591263889e-02
9.919190306072331875e-01 -9.468230863770868422e-02 -8.445113678609056374e-02
9.945468410273667903e-01 -5.913025937622860828e-02 -8.590863389328622091e-02
9.959344072284493921e-01 -2.295822478604284123e-02 -8.710728189436747759e-02
9.960229110659251095e-01 1.368043023591064555e-02 -8.804152630665794399e-02
9.947703031968504472e-01 5.062665328929173703e-02 -8.870789711310626824e-02
9.921521700937152577e-01 8.771804029821241022e-02 -8.910512159031298840e-02
9.881621812345344757e-01 1.247913076075700678e-01 -8.923418219434142706e-02
9.828120964894911937e-01 1.616848132428313489e-01 -8.909831674503222720e-02
9.761313338552376484e-01 1.982410375181114792e-01 -8.870296083326044412e-02
9.681661178406532064e-01 2.343089357774776893e-01 -8.805563506059543855e-02
9.589782474959629432e-01 2.697460837304398451e-01 -8.716578221029580575e-02
9.486435389712083444e-01 3.044205479130690506e-01 -8.604456156644849085e-02
9.372500095535148956e-01 3.382124292270209387e-01 -8.470460920710598529e-02
9.248958777158446942e-01 3.710150449991742594e-01 -8.315977411154669430e-02
9.116874565919053097e-01 4.027357331942417185e-01 -8.142484031212979256e-02
8.977370166669734752e-01 4.332962799876556859e-01 -7.951524511354467195e-02
8.831606878917336312e-01 4.626329877339842578e-01 -7.744680266948719694e-02
8.680764626950397966e-01 4.906964135861855425e-01 -7.523544105631614631e-02
8.526023504494537608e-01 5.174508190907474159e-01 -7.289695954210695383e-02
8.368547218249695607e-01 5.428733777840577535e-01 -7.044681114964795876e-02
8.209468690853567452e-01 5.669531912191819734e-01 -6.789991397719712107e-02
8.049877965375773492e-01 5.896901642679379663e-01 -6.527049317730058975e-02
7.890812446572390559e-01 6.110937884440892365e-01 -6.257195408386515001e-02
7.733249423033817793e-01 6.311818779450696359e-01 -5.981678577689826526e-02
7.578100741326179168e-01 6.499792977031247920e-01 -5.701649341325117082e-02
7.426209448843923422e-01 6.675167165352076104e-01 -5.418155693816063129e-02
7.278348185580448826e-01 6.838294119808465688e-01 -5.132141331612830731e-02
7.135219084619320862e-01 6.989561470253135012e-01 -4.844445915736420027e-02
6.997454934469647947e-01 7.129381329297550529e-01 -4.555807053614292085e-02
6.865621360745787216e-01 7.258180870415433805e-01 -4.266863686463778088e-02
6.740219797429923831e-01 7.376393898605798638e-01 -3.978160586443945518e-02
6.621691036532164620e-01 7.484453418409859893e-01 -3.690153693460242884e-02
6.510419167148731034e-01 7.582785174056826394e-01 -3.403216052017136312e-02
6.406735738849826944e-01 7.671802113956334157e-01 -3.117644141399140631e-02
6.310924008524023687e-01 7.751899715910390842e-01 -2.833664425753295787e-02
6.223223153154930909e-01 7.823452099388920056e-01 -2.551439982866621214e-02
6.143832352732629953e-01 7.886808846053872113e-01 -2.271077100539913365e-02
6.072914667117482734e-01 7.942292448501485636e-01 -1.992631756788454042e-02
6.010600647922714757e-01 7.990196309063176683e-01 -1.716115924288678235e-02
5.956991641292582740e-01 8.030783214702786887e-01 -1.441503660409927667e-02
5.912162749889355862e-01 8.064284219922459584e-01 -1.168736961865170405e-02
5.876165432624983476e-01 8.090897876605878114e-01 -8.977313776427568726e-03
5.849029728905436043e-01 8.110789757458640725e-01 -6.283813856715583096e-03
5.830766100657581719e-01 8.124092227821625434e-01 -3.605655478864597425e-03
5.821366890458202770e-01 8.130904428889236257e-01 -9.415146526831333004e-04
5.820807397964622432e-01 8.131292443585397267e-01 1.709994407140322161e-03
5.829046579833696562e-01 8.125289624416439649e-01 4.350272908064059356e-03
5.846027380677524254e-01 8.112897070453207737e-01 6.980692239769182954e-03
5.871676704593701279e-01 8.094084248144389759e-01 9.602549559938177576e-03
5.905905038664318596e-01 8.068789757894618830e-01 1.221702391331043989e-02
5.948605741765344845e-01 8.036922255224117073e-01 1.482513261974775787e-02
5.999654014275629388e-01 7.998361541825705912e-01 1.742768770818278745e-02
6.058905567016138471e-01 7.952959847898863899e-01 2.002525222750757214e-02
6.126195011161466031e-01 7.900543332694592857e-01 2.261809633298984129e-02
6.201333995103308627e-01 7.840913835143359378e-01 2.520615312812287886e-02
6.287206652832646459e-01 7.771056416945584244e-01 2.858719407315823274e-02
6.382923132361079110e-01 7.691299274946862274e-01 3.197121183581553422e-02
6.488148027185453026e-01 7.601244984694107698e-01 3.535787628188050841e-02
6.602495354064776834e-01 7.500462474650790856e-01 3.874607624797930805e-02
6.725523300033732221e-01 7.388492296558961669e-01 4.213383445670317723e-02
6.856728830462447410e-01 7.264852851903271791e-01 4.551822365300524365e-02
6.995542320478491671e-01 7.129047681483595689e-01 4.889528567606039877e-02
7.141322403859415857e-01 6.980573912935266190e-01 5.225995565352963002e-02
7.293351267027561313e-01 6.818931940368420097e-01 5.560599399628482487e-02
7.450830649418975771e-01 6.643636379742472453e-01 5.892592935980144053e-02
7.612878843050167044e-01 6.454228301957308789e-01 6.221101619455908505e-02
7.778529010744950067e-01 6.250288692132985879e-01 6.545121089469489728e-02
7.946729160789552937e-01 6.031453018002195243e-01 6.863517082678743941e-02
8.116344121849405902e-01 5.797426713492153105e-01 7.175028062750896107e-02
8.286159851614983696e-01 5.548001297334014259e-01 7.478271004473180383e-02
8.454890381697741653e-01 5.283070754226619758e-01 7.771750720682260583e-02
8.621187646109590430e-01 5.002647712583474515e-01 8.053873049108124793e-02
8.783654358613797175e-01 4.706878864681141583e-01 8.322962109018622323e-02
8.940859994384927623e-01 4.396058999989930771e-01 8.577281693282728936e-02
9.091359795113467257e-01 4.070642969479556506e-01 8.815060681964460854e-02
9.233716558125669716e-01 3.731254876923531527e-01 9.034522154393130611e-02
9.366524796611828130e-01 3.378693811184270146e-01 9.233915647597910892e-02
9.488436680173973903e-01 3.013935497838913236e-01 9.411551773997038628e-02
9.598188995840769566e-01 2.638129362954481083e-01 9.565838187845260299e-02
9.694630224462066348e-01 2.252590665826015304e-01 9.695315698082915268e-02
9.776746721380671357e-01 1.858787565565077071e-01 9.798693185318448073e-02
9.843686937502056367e-01 1.458323227822190815e-01 9.874879911310834035e-02
9.894782628083180764e-01 1.052913337042815922e-01 9.923013824748552758e-02
9.929566077435357796e-01 6.443596371893740848e-02 9.942484574909309092e-02
9.947782517626641008e-01 2.345203586581710159e-02 9.932950144067863307e-02
9.949397130593603533e-01 -1.747214194869446680e-02 9.894346290252760412e-02
9.934596281665968309e-01 -5.814902925317522175e-02 9.826888335364171445e-02
9.903782918916296252e-01 -9.839507021404554632e-02 9.731065213969453120e-02
9.857566364322036812e-01 -1.380337543362101238e-01 9.607626085269277416e-02
9.796746996219291015e-01 -1.768984091644286161e-01 9.457560173958318162e-02
9.722296556775956722e-01 -2.148346301284813353e-01 9.282070816942333824e-02
9.635334996504509864e-01 -2.517022744884593877e-01 9.082544929968824898e-02
9.537104879583251371e-01 -2.873769713581801333e-01 8.860519257150670236e-02
9.428944415264219892e-01 -3.217511258907399530e-01 8.617644822220392464e-02
9.312260154931759626e-01 -3.547344208627454809e-01 8.355650967153552267e-02
9.188500310149182448e-01 -3.862538413510424040e-01 8.076310253101678938e-02
9.059129517097244122e-01 -4.162532666599482178e-01 7.781405327364726565e-02
8.925605712185733509e-01 -4.446926873475372521e-01 7.472698648331545235e-02
8.789359607686796361e-01 -4.715471138534664819e-01 7.151905728322704991e-02
8.651777079155126282e-01 -4.968052470426491118e-01 6.820672320864822058e-02
8.514184609959917216e-01 -5.204679804995835379e-01 6.480555759753871270e-02
8.377837791231469433e-01 -5.425468004239351050e-01 6.133010463966502568e-02
8.243912753491047241e-01 -5.630621423910288081e-01 5.779377462439780344e-02
8.113500311744599180e-01 -5.820417559631266835e-01 5.420877669351827077e-02
7.987602538886632297e-01 -5.995191190090294331e-01 5.058608553800851559e-02
7.867131440937757958e-01 -6.155319343251410835e-01 4.693543795108259808e-02
7.752909388675208735e-01 -6.301207323114031977e-01 4.326535492025780638e-02
7.645670959640069597e-01 -6.433275954413962827e-01 3.958318495606970300e-02
7.546065858129948900e-01 -6.551950133290435074e-01 3.589516455806396333e-02
7.454662604584517682e-01 -6.657648714578375815e-01 3.220649205587227532e-02
7.371952716135742323e-01 -6.750775721229839155e-01 2.852141148575744120e-02
7.298355133984081311e-01 -6.831712827875088268e-01 2.484330362951574223e-02
7.234220688261633336e-01 -6.900813047650815601e-01 2.117478181957435646e-02
7.179836425357646323e-01 -6.958395537810057041e-01 1.751779057589966659e-02
7.135429655082942135e-01 -7.004741433825485419e-01 1.387370556845302430e-02
7.104846136766679310e-01 -7.036507003555733109e-01 9.347466024563967635e-03
7.087056227869383829e-01 -7.054877576322045041e-01 4.840882956419807412e-03
7.082112281847237067e-01 -7.060005683927059739e-01 3.525961208273890521e-04
7.089997415672141257e-01 -7.051967614968702724e-01 -4.118875787772593826e-03
7.110626763719516408e-01 -7.030763909607229412e-01 -8.574980163145836526e-03
7.143847522528424809e-01 -6.996320861499433219e-01 -1.301697776419586880e-02
7.189437828750973036e-01 -6.948493028709902264e-01 -1.744579194506843539e-02
7.247104540547201212e-01 -6.887066788626179381e-01 -2.186185968209856945e-02
7.316480022234816971e-01 -6.811765001918761442e-01 -2.626498449589775505e-02
7.397118064445056262e-01 -6.722252876026909574e-01 -3.065419173092949479e-02
7.488489108337870181e-01 -6.618145137958508784e-01 -3.502758712383081952e-02
7.589974983150373777e-01 -6.499014637570089681e-01 -3.938222015844451002e-02
7.700863411510914247e-01 -6.364402503895838503e-01 -4.371395435854184136e-02
7.820342585881323583e-01 -6.213829966267166993e-01 -4.801734739038496236e-02
7.947496170687466943e-01 -6.046811926549069405e-01 -5.228554460940980364e-02
8.081299135673960521e-01 -5.862872326538668410e-01 -5.651019044989766260e-02
8.220614873184847182e-01 -5.661561293501714553e-01 -6.068136277190468858e-02
8.364194090695054040e-01 -5.442473965759512256e-01 -6.478753588026467392e-02
8.510675994183565241e-01 -5.205270799141983318e-01 -6.881557833708284999e-02
8.658592281175815364e-01 -4.949699035616612064e-01 -7.275079181203523981e-02
8.806374437384074660e-01 -4.675614881276450308e-01 -7.657699695900928305e-02
8.952364770960712370e-01 -4.383005798497255912e-01 -8.027667158159229599e-02
9.094831517692705258e-01 -4.072012175652598431e-01 -8.383114507722473630e-02
9.231988205464534136e-01 -3.742947509264454853e-01 -8.722085128364204243e-02
9.362017276865925997e-01 -3.396316132097557117e-01 -9.042563938999090278e-02
9.483097739323979036e-01 -3.032827461988760742e-01 -9.342513957741660491e-02
9.593436352387865185e-01 -2.653405745394780135e-01 -9.619917665014929287e-02
9.691301587290468422e-01 -2.259194339750950076e-01 -9.872822131405027679e-02
9.775059325421738832e-01 -1.851553728255063425e-01 -1.009938652308879359e-01
9.843209024528550843e-01 -1.432052691388978893e-01 -1.029793028505070623e-01
9.894418900517384374e-01 -1.002452364647477001e-01 -1.046698006473669451e-01
9.927558573326941138e-01 -5.646832755025548573e-02 -1.060531330897290792e-01
9.941727627008775103e-01 -1.208158496195087944e-02 -1.071199647085775974e-01
9.936278647971250599e-01 3.269747252415133865e-02 -1.078641591561633473e-01
9.910833531285567766e-01 7.764480251029499958e-02 -1.082829991509181022e-01
9.865292170698379826e-01 1.225340758293535781e-01 -1.083773055333203811e-01
9.799833049478180458e-01 1.671410234358890468e-01 -1.081514489873784818e-01
9.714905693052980906e-01 2.112477115953075302e-01 -1.076132538723968135e-01
9.611215391836716027e-01 2.546465689181587888e-01 -1.067737995463472894e-01
9.489701014498472809e-01 2.971440063137830156e-01 -1.056471300261742213e-01
9.351507073528907421e-01 3.385634988586523897e-01 -1.042498873623018685e-01
9.197951450342305435e-01 3.787480340337363582e-01 -1.026008873605470662e-01
9.030490321803945619e-01 4.175618703220651540e-01 -1.007206580722852102e-01
8.850681851816631918e-01 4.548915901736483303e-01 -9.863096176437734230e-02
8.660150129685602050e-01 4.906464685444757445e-01 -9.635431999672364189e-02
8.460550669684380187e-01 5.247582099572652981e-01 -9.391355921970621912e-02
8.253538557575990087e-01 5.571801315401991861e-01 -9.133139127454345529e-02
8.040740065996623276e-01 5.878858859384176183e-01 -8.863003968392486887e-02
7.823728286728115489e-01 6.168678263949652907e-01 -8.583091899156636284e-02
7.604003065578713860e-01 6.441351174051868078e-01 -8.295437093394382455e-02
7.382975291376341342e-01 6.697116893951030603e-01 -8.001945812437794014e-02
7.161955395279323566e-01 6.936341263573797544e-01 -7.704381334233423306e-02
6.942145765556696491e-01 7.159495628526539868e-01 -7.404354051992305397e-02
6.724636676793501744e-01 7.367136526985023082e-01 -7.103316211121277202e-02
6.510405268120701416e-01 7.559886572578867758e-01 -6.802560667814148976e-02
6.300317077106899477e-01 7.738416874662346068e-01 -6.503223015732161050e-02
6.095129637616245599e-01 7.903431212788877280e-01 -6.206286429523401316e-02
5.895497674086062068e-01 8.055652074899712911e-01 -5.912588606047459311e-02
5.701979464474892234e-01 8.195808580548703537e-01 -5.622830237027889172e-02
5.515043993515644782e-01 8.324626241494323953e-01 -5.337584512419185634e-02
5.335078571839416695e-01 8.442818461010423992e-01 -5.057307225369198078e-02
5.162396651074702136e-01 8.551079638306674502e-01 -4.782347122064511263e-02
4.997245617296608433e-01 8.650079723096334439e-01 -4.512956209154464493e-02
4.839814393268717096e-01 8.740460055068274281e-01 -4.249299795301147292e-02
4.690240722643624904e-01 8.822830321366083028e-01 -3.991466100186913391e-02
4.548618046147131500e-01 8.897766469927463895e-01 -3.739475313342875695e-02
4.415001910709562272e-01 8.965809425767855556e-01 -3.493288026371649951e-02
4.289415877792727150e-01 9.027464469404322678e-01 -3.252812995883770653e-02
4.171856917265260312e-01 9.083201150330951767e-01 -3.017914221381356316e-02
4.062300288688768801e-01 9.133453622791980475e-01 -2.788417343187084632e-02
3.960703923422977391e-01 9.178621305328836799e-01 -2.564115381173092192e-02
3.867012329166087947e-01 9.219069779194623004e-01 -2.344773846329239672e-02
3.781160044006444121e-01 9.255131853403032460e-01 -2.130135264911511492e-02
3.703074670307094363e-01 9.287108735715225993e-01 -1.919923159743880392e-02
3.632679520244443960e-01 9.315271259179586094e-01 -1.713845535839529297e-02
3.569895904976548295e-01 9.339861122914022706e-01 -1.511597918399283473e-02
3.514645098560663650e-01 9.361092113700747452e-01 -1.312865990889233551e-02
3.466850006147513819e-01 9.379151281726800793e-01 -1.117327879668462282e-02
3.426436563871205210e-01 9.394200049549350506e-01 -9.246561298325522635e-03
3.393334895401503570e-01 9.406375238203374956e-01 -7.345194147979160378e-03
3.369801202401623841e-01 9.414983320066777628e-01 -5.040836115519618105e-03
3.355053461022261541e-01 9.420343318043993275e-01 -2.757064660147165273e-03
3.349038308463703206e-01 9.422522520447358385e-01 -4.886838867275470309e-04
3.351713274282895338e-01 9.421555984013595397e-01 1.769475105227505916e-03
3.363046923277167033e-01 9.417447077221294816e-01 4.022542127913019197e-03
3.383018739044266199e-01 9.410167801117830244e-01 6.275596197835699684e-03
3.411618752858150971e-01 9.399658892592674952e-01 8.533653656848006960e-03
3.448846917018764668e-01 9.385829717551712470e-01 1.080165557403916371e-02
3.494712216537766425e-01 9.368557964080661549e-01 1.308445388445556370e-02
3.549231507919652917e-01 9.347689148608904208e-01 1.538679571816481753e-02
3.612428068912208468e-01 9.323035951468655602e-01 1.771330536569975383e-02
3.684329838476786412e-01 9.294377402258370280e-01 2.006846331472873085e-02
3.764967321941745104e-01 9.261457940232722397e-01 2.245658177959223428e-02
3.854371132462833804e-01 9.223986380721845846e-01 2.488177613229053051e-02
3.952569136679874862e-01 9.181634825492110963e-01 2.734793163334231503e-02
4.059583170042319056e-01 9.134037563150615435e-01 2.985866485708531942e-02
4.175425285954676435e-01 9.080790015296110740e-01 3.241727921268990065e-02
4.300093503017981544e-01 9.021447795225789879e-01 3.502671398456908697e-02
4.433567016649153647e-01 8.955525958661907371e-01 3.768948636019407716e-02
4.575800845767837299e-01 8.882498540127181652e-01 4.040762598687706181e-02
4.726719892660290467e-01 8.801798484124905286e-01 4.318260171030657846e-02
4.886212405254941604e-01 8.712818096870048601e-01 4.601524030600988996e-02
5.054122846633170019e-01 8.614910161476605488e-01 4.890563723080196962e-02
5.230244197445199639e-01 8.507389876491492364e-01 5.185305970541689846e-02
5.414309743782504958e-01 8.389537793431478541e-01 5.485584280241837668e-02
5.605984436661947123e-01 8.260603942127381361e-01 5.791127966443451736e-02
5.804855950095501038e-01 8.119813341411401542e-01 6.101550752343681133e-02
6.010425612914560567e-01 7.966373094780938580e-01 6.416339183445171623e-02
6.222099444750484043e-01 7.799481263508450946e-01 6.734841157236938491e-02
6.439179587805049509e-01 7.618337690270111651e-01 7.056254955472207602e-02
6.660856491321107686e-01 7.422156911556431202e-01 7.379619252060526380e-02
6.886202271898732574e-01 7.210183243747484427e-01 7.703804657545469670e-02
7.114165735596866824e-01 6.981708052987897206e-01 8.027507444491233102e-02
7.343569601302382122e-01 6.736089120907108319e-01 8.349246169150024988e-02
7.573110501945866657e-01 6.472771896214750686e-01 8.667361953997569646e-02
7.801362352461124194e-01 6.191312277716005674e-01 8.980023212059887183e-02
8.026783651943780740e-01 5.891400411499447820e-01 9.285235565510618905e-02
8.247729223450116498e-01 5.572884811395710791e-01 9.580857626114537562e-02
8.462466780774532404e-01 5.235795938372812541e-01 9.864623153770606112e-02
8.669198542543414820e-01 4.880368216013052374e-01 1.013416988529600576e-01
8.866087889520282150e-01 4.507059333321763450e-01 1.038707502797529131e-01
9.051290786352312878e-01 4.116565612330870816e-01 1.062089704820312203e-01
9.222991376231558514e-01 3.709832215549369039e-01 1.083322297086218994e-01
9.379440825584891561e-01 3.288057053728692947e-01 1.102171996574443785e-01
9.518998172223397392e-01 2.852687438308153522e-01 1.118418956818731241e-01
9.640171645622490626e-01 2.405408807231069757e-01 1.131862250358946220e-01
9.741658715288067372e-01 1.948125228532369413e-01 1.142325180350373254e-01
9.822383013340448832e-01 1.482931832108127790e-01 1.149660175547984470e-01
9.881526294440188263e-01 1.012079803939542888e-01 1.153753025146228295e-01
9.918553752590029138e-01 5.379350576028511105e-02 1.154526230704743806e-01
9.933231308201662113e-01 6.293212978082378395e-03 1.151941291364982356e-01
9.925633892246030765e-01 -4.104748141205571965e-02 1.145999793392888655e-01
9.896144254659141604e-01 -8.798617674082558071e-02 1.136743241439343993e-01
9.845442367582285526e-01 -1.342883306789141307e-01 1.124251640976728639e-01
9.774486030919249391e-01 -1.797317597877777229e-01 1.108640912576410870e-01
9.684483769399454545e-01 -2.241106171756036269e-01 1.090059282582369199e-01
9.576861495408479641e-01 -2.672387029843411033e-01 1.068682845816933263e-01
9.453224671204457641e-01 -3.089520083034159037e-01 1.044710530370255436e-01
9.315317824012807613e-01 -3.491104416611920946e-01 1.018358710450531918e-01
9.164983249888856154e-01 -3.875987350067197634e-01 9.898557109734694437e-02
9.004120603056112726e-01 -4.243265691350153190e-01 9.594364291552691382e-02
8.834648832824386622e-01 -4.592279938605721701e-01 9.273372673120143517e-02
8.658471632036932597e-01 -4.922602441098032355e-01 8.937915315859974730e-02
8.477447232284355261e-01 -5.234020688794364107e-01 8.590254077917006126e-02
8.293363052063260632e-01 -5.526516961398229011e-01 8.232545820070913400e-02
8.107915399292267011e-01 -5.800245544941899922e-01 7.866815331981230619e-02
7.922694166719910225e-01 -6.055508634828890013e-01 7.494934903898994860e-02
7.739172248031679358e-01 -6.292731908012217934e-01 7.118610190492917489e-02
7.558699247483775530e-01 -6.512440582995427940e-01 6.739371808995527069e-02
7.382498954857652507e-01 -6.715236611581599790e-01 6.358571981106708737e-02
7.211670004781989274e-01 -6.901777474568017157e-01 5.977385459513055027e-02
7.047189127026165512e-01 -7.072756895028422530e-01 5.596813964928818580e-02
6.889916413274319584e-01 -7.228887644004133861e-01 5.217693386380600068e-02
6.740602067259312546e-01 -7.370886497755658739e-01 4.840703054284551526e-02
6.599894160891072170e-01 -7.499461314089630459e-01 4.466376472004782855e-02
6.468346982301854675e-01 -7.615300126688495652e-01 4.095112977964027179e-02
6.346429627105978355e-01 -7.719062108618061080e-01 3.727189899792411609e-02
6.234534547588016506e-01 -7.811370226369440672e-01 3.362774849089085472e-02
6.132985833219921634e-01 -7.892805390747257288e-01 3.001937886458454913e-02
6.042047048174362667e-01 -7.963901907537878078e-01 2.644663359316755044e-02
5.965619856490084194e-01 -8.022611136042195890e-01 2.215829220265597838e-02
5.902592188966635511e-01 -8.070150539783924604e-01 1.791215839359203837e-02
5.853090393557549564e-01 -8.106945336870015062e-01 1.370367949604022959e-02
5.817196418658359125e-01 -8.133336147000920224e-01 9.527839039389387338e-03
5.794953135116470699e-01 -8.149578736816474045e-01 5.379288606138219776e-03
5.786368278015210365e-01 -8.155844189374128472e-01 1.252472768180357132e-03
5.791417028558801805e-01 -8.152219393645815382e-01 -2.858251290499401465e-03
5.810043260159770684e-01 -8.138707788846731850e-01 -6.958497760636934634e-03
5.842159473971791916e-01 -8.115230335847866128e-01 -1.105373807014973023e-02
5.887645449254454988e-01 -8.081626724082558999e-01 -1.514918692170989269e-02
5.946345634647109968e-01 -8.037656857494833718e-01 -1.924968689843088721e-02
6.018065309154589926e-01 -7.983002697407295400e-01 -2.335959018574183463e-02
6.102565547866097839e-01 -7.917270573785740728e-01 -2.748263617930059299e-02
6.199557038583103363e-01 -7.839994109094817754e-01 -3.162182404580169554e-02
6.308692813047340753e-01 -7.750637930302782808e-01 -3.577927968692136418e-02
6.429559981709500605e-01 -7.648602373718710323e-01 -3.995611703918329483e-02
6.561670595217518054e-01 -7.533229412842936679e-01 -4.415229423721035718e-02
6.704451800053183863e-01 -7.403810059305323543e-01 -4.836646588592839746e-02
6.857235510633626907e-01 -7.259593498635124043e-01 -5.259583353585950416e-02
7.019247885729837932e-01 -7.099798222766825484e-01 -5.683599743430711032e-02
7.189598972356390227e-01 -6.923625405940720956e-01 -6.108081372233328116e-02
7.367272963263978847e-01 -6.730274735640568995e-01 -6.532226243562899715e-02
7.551119601182874064e-01 -6.518962850871423687e-01 -6.955033289909613725e-02
7.739847348526684989e-01 -6.288944452122060547e-01 -7.375293430812333850e-02
7.932019017797871108e-01 -6.039536027368127558e-01 -7.791584036457145646e-02
8.126050615737928640e-01 -5.770141984748707875e-01 -8.202267765463094884e-02
8.320214181740149817e-01 -5.480282796061985984e-01 -8.605496786608139714e-02
8.512645385320265490e-01 -5.169624540665778145e-01 -8.999223377423280767e-02
8.701356575472046773e-01 -4.838009006110457477e-01 -9.381217800671221019e-02
8.884255834914377425e-01 -4.485483264611683230e-01 -9.749094177406628092e-02
9.059172376490505219e-01 -4.112327423515810820e-01 -1.010034479194349410e-01
9.223888325165678914e-01 -3.719079068244694475e-01 -1.043238287683906917e-01
9.376176563349395421e-01 -3.306552805895632274e-01 -1.074259344315479231e-01
9.513843896006775047e-01 -2.875853304918270514e-01 -1.102839116449875340e-01
9.634778342633898429e-01 -2.428380335476989227e-01 -1.128728372905935806e-01
9.736998923372659487e-01 -1.965824562201407277e-01 -1.151693849202861109e-01
9.818705921620113353e-01 -1.490153229034387461e-01 -1.171524975153916820e-01
9.878329323510263160e-01 -1.003585391291211271e-01 -1.188040359823369085e-01
9.914572999991209112e-01 -5.085569612364258807e-02 -1.201093711069213116e-01
9.926452243339163317e-01 -7.676491995473114227e-04 -1.210578873052207266e-01
9.913322512651127072e-01 4.963267304779795525e-02 -1.216433697294199284e-01
9.874897675576304046e-01 1.000660152449179552e-01 -1.218642520247598671e-01
9.811256625879526405e-01 1.502528416120724464e-01 -1.217237098865025513e-01
9.722837856635294651e-01 1.999194030772720732e-01 -1.212295948476936197e-01
9.610422310187822781e-01 2.488035445201576823e-01 -1.203942125550632319e-01
9.475105535911837462e-01 2.966599920289230696e-01 -1.192339591999092979e-01
9.318260797166565412e-01 3.432649001083530882e-01 -1.177688378606798897e-01
9.141495225443474482e-01 3.884194937661326064e-01 -1.160218825658201475e-01
8.946601389055423015e-01 4.319527042452476207e-01 -1.140185214551916459e-01
8.735506716030954077e-01 4.737227632519370180e-01 -1.117859113765977963e-01
8.510223099176134065e-01 5.136177826414616288e-01 -1.093522747732203343e-01
8.272798746990479568e-01 5.515553996205397880e-01 -1.067462662149037400e-01
8.025273970611871421e-01 5.874816082036029563e-01 -1.039963909756851379e-01
7.769642162199718038e-01 6.213689243284662433e-01 -1.011304922977457332e-01
7.507816770141052531e-01 6.532140447908332259e-01 -9.817531801768664135e-02
7.241604650136576060e-01 6.830351604434585777e-01 -9.515617158102211703e-02
6.972685797493114457e-01 7.108690742769312454e-01 -9.209664751805009264e-02
6.702599162663968047e-01 7.367682578481212774e-01 -8.901844743532537352e-02
6.432734026701243391e-01 7.607979578765683426e-01 -8.594126959067668881e-02
6.164326264676950329e-01 7.830334412434045710e-01 -8.288276315094546265e-02
5.898458745897618982e-01 8.035574431938454776e-01 -7.985853718232271969e-02
5.636065098643503468e-01 8.224578618092890370e-01 -7.688221414434612266e-02
5.377936091275632435e-01 8.398257227827371496e-01 -7.396551797885131396e-02
5.124727937930677601e-01 8.557534227252079351e-01 -7.111838763290698195e-02
4.876971913881837928e-01 8.703332467880213752e-01 -6.834910787381567876e-02
4.635084753037367888e-01 8.836561471605934859e-01 -6.566445041280243033e-02
4.399379390144773638e-01 8.958107626658355915e-01 -6.306981954823440151e-02
4.170075697332300546e-01 9.068826557954711154e-01 -6.056939769310457078e-02
3.947310944804076627e-01 9.169537416408176655e-01 -5.816628721410380815e-02
3.731149786547245939e-01 9.261018828278275716e-01 -5.586264595090536383e-02
3.521593632786276795e-01 9.344006253467596057e-01 -5.365981459075342547e-02
3.318589321522125157e-01 9.419190517224528270e-01 -5.155843474364400075e-02
3.122037042336627266e-01 9.487217300095773798e-01 -4.955855710413824278e-02
2.931797497625666660e-01 9.548687393891907016e-01 -4.765973950909141443e-02
2.747698310649938080e-01 9.604157555155861115e-01 -4.586113502091495459e-02
2.569539707427512809e-01 9.654141810916387900e-01 -4.416157039889312408e-02
2.397099511680169659e-01 9.699113093526640084e-01 -4.255961548168032960e-02
2.230137499843673765e-01 9.739505101611232174e-01 -4.105364410642463324e-02
2.068399167502785740e-01 9.775714302296120151e-01 -3.964188724646593165e-02
1.911618960327022554e-01 9.808102005876092599e-01 -3.832247907099133738e-02
1.761246931961976403e-01 9.836769134642403545e-01 -3.687758078867134359e-02
1.616036369697978758e-01 9.862156839683235976e-01 -3.553904653961290766e-02
1.475640690809711386e-01 9.884574992039186769e-01 -3.430383812924469450e-02
1.339713323173896686e-01 9.904300249330252326e-01 -3.316902423190420945e-02
1.207909058524947454e-01 9.921578712217162810e-01 -3.213180200334997405e-02
1.079885073323924860e-01 9.936628372719190638e-01 -3.118951447143637409e-02
9.553016673293505956e-02 9.949641351716642657e-01 -3.033966435669397180e-02
8.338227638479557557e-02 9.960785926758605191e-01 -2.957992489047309506e-02
7.151162101093733181e-02 9.970208353974190363e-01 -2.890814812121043215e-02
5.988539112672582043e-02 9.978034489671349094e-01 -2.832237112937745563e-02
4.847118271736945011e-02 9.984371218287489969e-01 -2.782082050855800778e-02
3.723698572826709963e-02 9.989307693884728057e-01 -2.740191541345872103e-02
2.615116357819079890e-02 9.992916402485980676e-01 -2.706426942492446211e-02
1.518242562962817191e-02 9.995254052329199945e-01 -2.680669143657746570e-02
4.299794321544193193e-03 9.996362298659411394e-01 -2.662818572685151861e-02
-6.527431516082832924e-03 9.996268309049486378e-01 -2.652795134326864715e-02
-1.732971579243838822e-02 9.994985174495786273e-01 -2.650538089212954931e-02
-2.813732546575078985e-02 9.992512170719158870e-01 -2.656005879570222383e-02
-3.898037084131004276e-02 9.988834873253256141e-01 -2.669175904986099274e-02
-4.988884470629184609e-02 9.983925129053599079e-01 -2.690044248734111548e-02
-6.089265915842820287e-02 9.977740886542302290e-01 -2.718625352474945620e-02
-7.202167896301875372e-02 9.970225885243655384e-01 -2.754951634465198015e-02
-8.330575021982508654e-02 9.961309205494426333e-01 -2.799073043691260518e-02
-9.477472303819517441e-02 9.950904678161672789e-01 -2.851056539548000451e-02
-1.064584668052023647e-01 9.938910153906125311e-01 -2.910985483753322431e-02
-1.183868764873320517e-01 9.925206631332509355e-01 -2.978958928086237676e-02
-1.305898682309205305e-01 9.909657243419078831e-01 -3.055090778218016306e-02
-1.430973623198381617e-01 9.892106101975670640e-01 -3.139508810339628614e-02
-1.559392513108023015e-01 9.872377000612878595e-01 -3.232353513448255056e-02
-1.691453508977467934e-01 9.850271977897357978e-01 -3.333776726026521642e-02
-1.827453307583006004e-01 9.825569744117627069e-01 -3.443940031430611781e-02
-1.967686223103922438e-01 9.798023977505134763e-01 -3.563012871618116001e-02
-2.112442999599051796e-01 9.767361498978461842e-01 -3.691170333940904658e-02
-2.262009320582770155e-01 9.733280338653914621e-01 -3.828590560685248001e-02
-2.416663974223910993e-01 9.695447712660520967e-01 -3.975451725989392199e-02
-2.576676629127488405e-01 9.653497935393978713e-01 -4.131928519894382396e-02
-2.742305172398250002e-01 9.607030300435742687e-01 -4.298188074846456819e-02
-2.913792558994561799e-01 9.555606973147195982e-01 -4.474385266317734700e-02
