1.000000000000000000e+00 0.000000000000000000e+00 0.000000000000000000e+00
9.999999941667729875e-01 5.528223395532032362e-05 -9.279602345299747584e-05
9.999999712208075264e-01 1.535691428814363302e-04 -1.843277462449892769e-04
9.999999191187856074e-01 2.941874883481417719e-04 -2.742612852015529484e-04
9.999998209463984988e-01 4.763102399176277822e-04 -3.622711105832814114e-04
9.999996553595870141e-01 6.989607597627687467e-04 -4.480412059767609721e-04
9.999993971047365093e-01 9.610175172936669856e-04 -5.312661844895426397e-04
9.999990176082953486e-01 1.261219312698207227e-03 -6.116523573995004751e-04
9.999984856253222310e-01 1.598170986574236037e-03 -6.889187516046625746e-04
9.999977679356735205e-01 1.970349591184953567e-03 -7.627980724270595455e-04
9.999968300759333184e-01 2.376110997310400784e-03 -8.330376085429162672e-04
9.999956370947679085e-01 2.813696909201966398e-03 -8.994000760411219276e-04
9.999941543191596116e-01 3.281242258779276406e-03 -9.616643988518115910e-04
9.999923481189423313e-01 3.776782948945419001e-03 -1.019626423036470693e-03
9.999901866572202813e-01 4.298263914743047018e-03 -1.073099562689553690e-03
9.999876406145985497e-01 4.843547470036277391e-03 -1.121915375468425036e-03
9.999846838756799583e-01 5.410421906487123539e-03 -1.165924066042634509e-03
9.999812941669796729e-01 5.996610310805870064e-03 -1.204994916034193841e-03
9.999774536362596722e-01 6.599779565597315573e-03 -1.239016639306587389e-03
9.999731493642828317e-01 7.217549498603726202e-03 -1.267897661750621349e-03
9.999683738011035938e-01 7.847502144764532950e-03 -1.291566325008681061e-03
9.999631251202399929e-01 8.487191085275453198e-03 -1.309971013874262685e-03
9.999574074853850858e-01 9.134150827738163336e-03 -1.323080207399434998e-03
9.999512312256959579e-01 9.785906191547307995e-03 -1.330882454037787647e-03
9.999446129171206676e-01 1.043998166286496179e-02 -1.333386271443019744e-03
9.999375753686720047e-01 1.109391068388305111e-02 -1.330619971832187323e-03
9.999301475140006668e-01 1.174524484157002564e-02 -1.322631414106328982e-03
9.999223642100484311e-01 1.239156292173656387e-02 -1.309487684198317597e-03
9.999142659459416826e-01 1.303047979503247494e-02 -1.291274705386973465e-03
9.999058984666072680e-01 1.365965510239843667e-02 -1.268096780576399331e-03
9.998973123168285460e-01 1.427680170853610868e-02 -1.240076068788928875e-03
9.998885623125997046e-01 1.487969389312173568e-02 -1.207351998357850554e-03
9.998797069476579313e-01 1.546617525076435067e-02 -1.170080619531132767e-03
9.998708077439681929e-01 1.603416627209190010e-02 -1.128433899408788198e-03
9.998619285556892278e-01 1.658167157982854203e-02 -1.082598962333456132e-03
9.998531348367531990e-01 1.710678679529483229e-02 -1.032777279035546536e-03
9.998444928826365485e-01 1.760770501241033792e-02 -9.791838080003291943e-04
9.998360690571876930e-01 1.808272285799568044e-02 -9.220460926742111204e-04
9.998279290154961085e-01 1.853024611894879548e-02 -8.616033182608228173e-04
9.998201369337476052e-01 1.894879491869864291e-02 -7.981053319742482379e-04
9.998127547568069762e-01 1.933700842720955868e-02 -7.318116307166975826e-04
9.998058414739139366e-01 1.969364909071183098e-02 -6.629903202311859898e-04
9.998006079265900903e-01 1.996234613964497501e-02 -4.991396014720608570e-04
9.997968236147876109e-01 2.015439299630321368e-02 -3.345830862190504046e-04
9.997945358023822005e-01 2.026961550031365286e-02 -1.699416920430769288e-04
9.997937686942115487e-01 2.030812793008560449e-02 -5.832226993311186158e-06
9.997945234022809213e-01 2.027033050882637646e-02 1.571348787017246809e-04
9.997967782564072259e-01 2.015690587508223511e-02 3.183578008064338752e-04
9.998004894497963813e-01 1.996881453810709500e-02 4.772455014888753308e-04
9.998055920052130174e-01 1.970728934144298783e-02 6.332198545503874530e-04
9.998120010428471760e-01 1.937382896110834835e-02 7.857177082829523750e-04
9.998196133267676089e-01 1.897019046773875534e-02 9.341928790049630312e-04
9.998283090630418757e-01 1.849838098491419017e-02 1.078118068581940779e-03
9.998379539192381316e-01 1.796064847873883250e-02 1.216986699509637910e-03
9.998484012321570136e-01 1.735947171651273588e-02 1.350314661423926942e-03
9.998594943683016822e-01 1.669754943504523151e-02 1.477641963206113851e-03
9.998710691998129452e-01 1.597778876180024760e-02 1.598534285174986252e-03
9.998829566573886884e-01 1.520329293462358011e-02 1.712584426199120552e-03
9.998949853210890026e-01 1.437734836826803399e-02 1.819413640925637843e-03
9.999069840098977480e-01 1.350341111828839633e-02 1.918672862705392322e-03
9.999187843314610857e-01 1.258509279510606864e-02 2.010043808199859020e-03
9.999302231545441622e-01 1.162614598312293815e-02 2.093239960081723101e-03
9.999411449684065811e-01 1.063044922167430059e-02 2.168007424688932032e-03
9.999514040954724514e-01 9.601991606329688539e-03 2.234125661959831134e-03
9.999608667263172324e-01 8.544857070556235654e-03 2.291408085463614037e-03
9.999694127490692530e-01 7.463208409030775217e-03 2.339702530843799835e-03
9.999769373487755741e-01 6.361271104904233677e-03 2.378891591510526489e-03
9.999833523560551773e-01 5.243317024067319261e-03 2.408892820947368830e-03
9.999885873283941295e-01 4.113648039924554245e-03 2.429658801537038469e-03
9.999925903516657666e-01 2.976579652342117854e-03 2.441177080354245930e-03
9.999953285538156766e-01 1.836424664284819121e-03 2.443469972919516415e-03
9.999967883270720614e-01 6.974769791936654296e-04 2.436594236450942419e-03
9.999969752594539685e-01 -4.360044186232701988e-04 2.420640614687737287e-03
9.999959137806921916e-01 -1.559811239404794957e-03 2.395733256886024322e-03
9.999936465318808310e-01 -2.669801359369501463e-03 2.362029014099609366e-03
9.999902334721836317e-01 -3.761913930072220170e-03 2.319716616352737824e-03
9.999857507396658907e-01 -4.832184069559099585e-03 2.269015734784492026e-03
9.999802892867623028e-01 -5.876757081429191329e-03 2.210175933292245556e-03
9.999739533139707648e-01 -6.891902150384886933e-03 2.143475514621588987e-03
9.999668585280439004e-01 -7.874025465546722474e-03 2.069220266239847963e-03
9.999591302531993797e-01 -8.819682725694987305e-03 1.987742111687723547e-03
9.999509014256554584e-01 -9.725590983655177379e-03 1.899397673427089634e-03
9.999423105031066683e-01 -1.058863979023963106e-02 1.804566753491529656e-03
9.999334993215653888e-01 -1.140590160146687931e-02 1.703650738499142394e-03
9.999246109323134402e-01 -1.217464141617671282e-02 1.597070935804392874e-03
9.999157874515252065e-01 -1.289232561461723520e-02 1.485266847747586166e-03
9.999071679544644375e-01 -1.355662997207626903e-02 1.368694391107616289e-03
9.998988864450231162e-01 -1.416544682514108387e-02 1.247824068977013362e-03
9.998910699298020344e-01 -1.471689137167765844e-02 1.123139102359313945e-03
9.998838366239460873e-01 -1.520930708910591712e-02 9.951335288389763414e-04
9.998772943135897373e-01 -1.564127025899562581e-02 8.643102756951701136e-04
9.998715388970723650e-01 -1.601159358940649341e-02 7.311792148246232465e-04
9.998666531241010569e-01 -1.631932892973579283e-02 5.962552068071645629e-04
9.998627055488121806e-01 -1.656376907611005825e-02 4.600561413924894334e-04
9.998597497092713837e-01 -1.674444866855925168e-02 3.231009816097651444e-04
9.998578235424021576e-01 -1.686114418433910453e-02 1.859078186045940979e-04
9.998569490397009041e-01 -1.691387303481876880e-02 4.899194419203230450e-05
9.998571321454423622e-01 -1.690289177632662426e-02 -8.713605201893001692e-05
9.998583628954467173e-01 -1.682869344824779179e-02 -2.219721542237439594e-04
9.998606157909342151e-01 -1.669200405449415905e-02 -3.550207542032062348e-04
9.998638503985733950e-01 -1.649377820722313162e-02 -4.857964409269744386e-04
9.998680121645953101e-01 -1.623519395436607421e-02 -6.138257398148849438e-04
9.998738389044157238e-01 -1.586237863698276157e-02 -8.314333159505346354e-04
9.998810339457334662e-01 -1.538921137927938033e-02 -1.044126893086924981e-03
9.998894221183096676e-01 -1.481817312743123095e-02 -1.251145026538166794e-03
9.998988002587735346e-01 -1.415209345438307904e-02 -1.451752833263504801e-03
9.999089410310091353e-01 -1.339413764953585953e-02 -1.645244548542497800e-03
9.999195970958165702e-01 -1.254779265078705477e-02 -1.830945959938050979e-03
9.999305055609832849e-01 -1.161685187290268859e-02 -2.008216710412728812e-03
9.999413926395277485e-01 -1.060539898995697776e-02 -2.176452462834359974e-03
9.999519784416236456e-01 -9.517790733343713810e-03 -2.335086918508585702e-03
9.999619818246000547e-01 -8.358638770614212898e-03 -2.483593682813022355e-03
9.999711252254495086e-01 -7.132790734095219472e-03 -2.621487971483787115e-03
9.999791394014415635e-01 -5.845310471844689451e-03 -2.748328151623149335e-03
9.999857680067152366e-01 -4.501457596966554689e-03 -2.863717112058894714e-03
9.999907719360540126e-01 -3.106666414576122245e-03 -2.967303458292389843e-03
9.999939333713793177e-01 -1.666524308731940143e-03 -3.058782527922888038e-03
9.999950594717526009e-01 -1.867496743734643489e-04 -3.137897223128617748e-03
9.999939856537625182e-01 1.326830518326578903e-03 -3.204438657517731659e-03
9.999905784159969224e-01 2.868303437820907131e-03 -3.258246615430077358e-03
9.999847376687401868e-01 4.431693292368000039e-03 -3.299209822568722333e-03
9.999763985379787057e-01 6.010984326619167942e-03 -3.327266027661884666e-03
9.999655326211145390e-01 7.600143821194388707e-03 -3.342401895694216332e-03
9.999521486803456538e-01 9.193145002872077365e-03 -3.344652714093392532e-03
9.999362927683350666e-01 1.078398977362205434e-02 -3.334101914105318688e-03
9.999180477894319408e-01 1.236673116788095800e-02 -3.310880410430341609e-03
9.998975325081842502e-01 1.393549544920018139e-02 -3.275165763014991054e-03
9.998749000250745089e-01 1.548450375967307287e-02 -3.227181165690487779e-03
9.998503357471911768e-01 1.700809323834620926e-02 -3.167194267112426707e-03
9.998240548888032153e-01 1.850073752810577760e-02 -3.095515830178228751e-03
9.997962995434359623e-01 1.995706659426326607e-02 -3.012498236773406609e-03
9.997673353749535474e-01 2.137188578219713364e-02 -2.918533845318665824e-03
9.997374479802629832e-01 2.274019404588549856e-02 -2.814053209152648279e-03
9.997069389804988937e-01 2.405720128393241952e-02 -2.699523164286168116e-03
9.996761219008757360e-01 2.531834472468754565e-02 -2.575444795500726573e-03
9.996453179017721347e-01 2.651930430722573492e-02 -2.442351290135802693e-03
9.996148514250174921e-01 2.765601701023067890e-02 -2.300805689215934709e-03
9.995850458197812483e-01 2.872469008615756089e-02 -2.151398545811143356e-03
9.995562190119301471e-01 2.972181316338114859e-02 -1.994745500705011332e-03
9.995286792792421604e-01 3.064416918431931564e-02 -1.831484785566906207e-03
9.995027211924886190e-01 3.148884415271501619e-02 -1.662274663892325272e-03
9.994786217791665761e-01 3.225323566832670463e-02 -1.487790819992725966e-03
9.994566369626476376e-01 3.293506023218915196e-02 -1.308723706288459710e-03
9.994369983247771705e-01 3.353235931034237449e-02 -1.125775859090828940e-03
9.994199102345940888e-01 3.404350414847226447e-02 -9.396591929571540764e-04
9.994055473799339229e-01 3.446719933425565485e-02 -7.510922835713328355e-04
9.993940527323226242e-01 3.480248510835555475e-02 -5.607976489466662924e-04
9.993855359688659235e-01 3.504873842897505282e-02 -3.694990385723014611e-04
9.993800723678896158e-01 3.520567279866277516e-02 -1.779187399335365610e-04
9.993777021880008160e-01 3.527333686568465132e-02 1.322508836714472030e-05
9.993784305331127049e-01 3.525211181575527847e-02 2.032210478744117489e-04
9.993822276989204889e-01 3.514270757327819794e-02 3.913670871365389193e-04
9.993890299894249152e-01 3.494615783450052277e-02 5.769730355878730822e-04
9.993987409854743209e-01 3.466381395816470895e-02 7.593630761245512024e-04
9.994112332410245436e-01 3.429733774235956684e-02 9.378781482805625871e-04
9.994263503769850177e-01 3.384869311935137515e-02 1.111878274158698736e-03
9.994439095372054105e-01 3.332013680322869209e-02 1.280744799527585090e-03
9.994637041664293786e-01 3.271420792823136886e-02 1.443882542763966215e-03
9.994855070659625085e-01 3.203371671866079434e-02 1.600721844601174851e-03
9.995090736794194353e-01 3.128173223428469540e-02 1.750720511942958392e-03
9.995341455582691381e-01 3.046156923815084711e-02 1.893365649319323071e-03
9.995604539550223544e-01 2.957677423669895916e-02 2.028175371900510938e-03
9.995877234908097098e-01 2.863111074499317954e-02 2.154700394349155172e-03
9.996156758438028422e-01 2.762854383276813763e-02 2.272525490181245052e-03
9.996440334054147447e-01 2.657322400976422708e-02 2.381270816725516645e-03
9.996725228524770968e-01 2.546947051149409461e-02 2.480593101219414048e-03
9.997008785855936441e-01 2.432175404910071059e-02 2.570186684058410088e-03
9.997288459865778520e-01 2.313467908930428793e-02 2.649784415724017357e-03
9.997561844512519169e-01 2.191296573255674743e-02 2.719158404453363761e-03
9.997826701578507169e-01 2.066143125939419109e-02 2.778120612278075271e-03
9.998080985357802319e-01 1.938497141656718437e-02 2.826523297649923862e-03
9.998322864044419944e-01 1.808854151580506844e-02 2.864259303482172194e-03
9.998550737571840763e-01 1.677713741900659430e-02 2.891262190064894291e-03
9.998763251710827138e-01 1.545577648422178513e-02 2.907506212955433041e-03
9.998959308291091030e-01 1.412947854698026924e-02 2.913006146596653755e-03
9.999138071472074563e-01 1.280324701131651047e-02 2.907816955070531475e-03
9.999298970048032809e-01 1.148205012423486777e-02 2.892033312047348915e-03
9.999441695831925436e-01 1.017080250634581559e-02 2.865788972635761184e-03
9.999566198220352087e-01 8.874347009993755267e-03 2.829256000470602769e-03
9.999672675097119878e-01 7.597436974397214771e-03 2.782643853988055194e-03
9.999761560285159723e-01 6.344718945150258464e-03 2.726198336426517710e-03
9.999833507804679611e-01 5.120715922911139514e-03 2.660200414651347264e-03
9.999889373238981527e-01 3.929811203256849787e-03 2.584964912428264813e-03
9.999930192547674679e-01 2.776232866540396735e-03 2.500839084259876780e-03
9.999957158699585014e-01 1.664038973184648381e-03 2.408201076349302753e-03
9.999971596524110939e-01 5.971035162179536698e-04 2.307458281661906117e-03
9.999974936199742537e-01 -4.208968209605471866e-04 2.199045596418841130e-03
9.999968685811820857e-01 -1.386495057566657562e-03 2.083423585673551803e-03
9.999954403418205295e-01 -2.296445419231623632e-03 1.961076565894154418e-03
9.999933669061386032e-01 -3.147733916842764684e-03 1.832510612701137090e-03
9.999908057158830577e-01 -3.937587968856178650e-03 1.698251502091974131e-03
9.999879109690191781e-01 -4.663485039733976725e-03 1.558842593623539384e-03
9.999848310580738975e-01 -5.323160271365021123e-03 1.414842664121541320e-03
9.999817061655408290e-01 -5.914613088496530405e-03 1.266823700545894769e-03
9.999786660507643532e-01 -6.436112763313690810e-03 1.115368660664513810e-03
9.999758280592283555e-01 -6.886202928339299652e-03 9.610692101781948861e-04
9.999732953812728864e-01 -7.263705030772988833e-03 8.045234448988013067e-04
9.999711555830154142e-01 -7.567720725241216043e-03 6.463336065146202316e-04
9.999694794277287357e-01 -7.797633205679917537e-03 4.871038003831345675e-04
9.999683200012015050e-01 -7.953107480719642103e-03 3.274377236749592343e-04
9.999677121497467791e-01 -8.034089600488961841e-03 1.679364120554760974e-04
9.999676722346109159e-01 -8.040804846198885622e-03 9.196012934591980565e-06
9.999681982016352944e-01 -7.973754897223453084e-03 -1.481944068584812972e-04
9.999692699602180657e-01 -7.833713993654888366e-03 -3.036550113083666836e-04
9.999708500609721940e-01 -7.621724115491401892e-03 -4.566172958929484715e-04
9.999728846570561380e-01 -7.339089202717075794e-03 -6.065261314680994546e-04
9.999753047300203868e-01 -6.987368443560681118e-03 -7.528417443525567757e-04
9.999780275572244248e-01 -6.568368661176492672e-03 -8.950416258590789291e-04
9.999809583944914149e-01 -6.084135831876276261e-03 -1.032622364785249934e-03
9.999839923447187973e-01 -5.536945770856232726e-03 -1.165101396661150741e-03
9.999870163806968693e-01 -4.929294024102127275e-03 -1.292018663852379130e-03
9.999899114884324147e-01 -4.263885007813619787e-03 -1.412938180936367536e-03
9.999925548958498167e-01 -3.543620439256058973e-03 -1.527449500108393884e-03
9.999948223508702272e-01 -2.771587105412985468e-03 -1.635169071731739157e-03
9.999965904125466265e-01 -1.951044018161538982e-03 -1.735741495524566538e-03
9.999977387191667511e-01 -1.085409006909832802e-03 -1.828840658274466600e-03
9.999981521980091381e-01 -1.782448017025994175e-04 -1.914170754390105266e-03
9.999977231827350543e-01 7.667553382997769045e-04 -1.991467186037540211e-03
9.999963534061968584e-01 1.745782394352765480e-03 -2.060497340065645024e-03
9.999939558387029859e-01 2.754926697550087126e-03 -2.121061239399423069e-03
9.999904563444690364e-01 3.790193318740190352e-03 -2.172992067070055999e-03
9.999857951320483274e-01 4.847517678507183569e-03 -2.216156561554220167e-03
9.999799279779337802e-01 5.922781316014446608e-03 -2.250455282609975950e-03
9.999728272061910728e-01 7.011827755011761434e-03 -2.275822747319518162e-03
9.999644824108667729e-01 8.110478405095673110e-03 -2.292227436577110814e-03
9.999549009119532705e-01 9.214548436396328285e-03 -2.299671672790165253e-03
9.999441079398190269e-01 1.031986256624735018e-02 -2.298191370089054664e-03
9.999321465471662229e-01 1.142227069707977410e-02 -2.287855658863175486e-03
9.999190772516944881e-01 1.251766334576465828e-02 -2.268766386953211412e-03
9.999049774166673954e-01 1.360198680590553669e-02 -2.241057500328809491e-03
9.998899403804359931e-01 1.467125798614201532e-02 -2.204894306563372989e-03
9.998740743496205008e-01 1.572157886935648258e-02 -2.160472624879992455e-03
9.998575010740246016e-01 1.674915053976083756e-02 -2.108017826981575891e-03
9.998403543244230862e-01 1.775028672716057881e-02 -2.047783773291160341e-03
9.998227781970669970e-01 1.872142682022802027e-02 -1.980051649612767691e-03
9.998049252710665691e-01 1.965914830334170027e-02 -1.905128709576985350e-03
9.997869546467046398e-01 2.056017857444069133e-02 -1.823346928557085384e-03
9.997690298941830367e-01 2.142140610437496054e-02 -1.735061575029848806e-03
9.997513169432961089e-01 2.223989090138075997e-02 -1.640649705609600797e-03
9.997339819450502540e-01 2.301287424754770369e-02 -1.540508590204073876e-03
9.997171891363050289e-01 2.373778767744709473e-02 -1.435054073926765594e-03
9.997010987381091951e-01 2.441226117243606650e-02 -1.324718882553000635e-03
9.996873548796266773e-01 2.497888269868390673e-02 -1.117184100901128831e-03
9.996757365734090239e-01 2.544797329555928758e-02 -9.069420875959928420e-04
9.996664062939627504e-01 2.581847324829063955e-02 -6.947987334259289821e-04
9.996594899760378183e-01 2.608969866505585558e-02 -4.815612278874564973e-04
9.996550756582975872e-01 2.626134124733848357e-02 -2.680350506290200374e-04
9.996532127103135990e-01 2.633346669066462947e-02 -5.502099300735274886e-05
9.996539116460055885e-01 2.630651173374748755e-02 1.566877802044672750e-04
9.996571445179240900e-01 2.618127987770128839e-02 3.663086191706225190e-04
9.996628458782628179e-01 2.595893580050760707e-02 5.730722178768005767e-04
9.996709142843046569e-01 2.564099849535511969e-02 7.762253742725819640e-04
9.996812143182695065e-01 2.522933316485866453e-02 9.750336726616363938e-04
9.996935790843423097e-01 2.472614190651990090e-02 1.168784079596806328e-03
9.997078131391174960e-01 2.413395322814147065e-02 1.356787444812267238e-03
9.997236958058838274e-01 2.345561043526408346e-02 1.538380899010823033e-03
9.997409848181671999e-01 2.269425893607021627e-02 1.712930140624595180e-03
9.997594202338141445e-01 2.185333251259058071e-02 1.879831603985737502e-03
9.997787285576789085e-01 2.093653861045418133e-02 2.038514501684332049e-03
9.997986270087141358e-01 1.994784270282643976e-02 2.188442734257156890e-03
9.998188278659786432e-01 1.889145178756186996e-02 2.329116660747177023e-03
9.998390428277754705e-01 1.777179707993117169e-02 2.460074724102518425e-03
9.998589873188102883e-01 1.659351596653432445e-02 2.580894925847880376e-03
9.998783846818962706e-01 1.536143328914334714e-02 2.691196144962569158e-03
9.998969701932934884e-01 1.408054203018949992e-02 2.790639296438499756e-03
9.999144948442052483e-01 1.275598347437548359e-02 2.878928325568522011e-03
9.999307288352072831e-01 1.139302692340878401e-02 2.955811034629211853e-03
9.999454647353810399e-01 9.997049043072804911e-03 3.021079739270720026e-03
9.999585202635773440e-01 8.573512923734986219e-03 3.074571752606254996e-03
9.999697406554605150e-01 7.127946936895875572e-03 3.116169695701235132e-03
9.999790005866729947e-01 5.665923471474690679e-03 3.145801633892101289e-03
9.999862056295126811e-01 4.193037634175600208e-03 3.163441039111524692e-03
9.999912932278141042e-01 2.714885998461394508e-03 3.169106579153922829e-03
9.999942331821607411e-01 1.237045486361468879e-03 3.162861735575977183e-03
9.999950276450102482e-01 -2.349475334490328839e-04 3.144814252684105960e-03
9.999937106326752811e-01 -1.695617849142569151e-03 3.115115420807331587e-03
9.999903470682576234e-01 -3.139571630411554411e-03 3.073959197782485508e-03
9.999850313764766518e-01 -4.561516196155397315e-03 3.021581173282264585e-03
9.999778856577614672e-01 -5.956279249689956298e-03 2.958257381288739891e-03
9.999690574749029448e-01 -7.318827509071755208e-03 2.884302966649491401e-03
9.999587172908963595e-01 -8.644284663590223045e-03 2.800070712245344724e-03
9.999470556012809430e-01 -9.927948591277215365e-03 2.705949433843168449e-03
9.999342798082340167e-01 -1.116530777636914537e-02 2.602362250200793668e-03
9.999206108868601284e-01 -1.235205686998556290e-02 2.489764736431137205e-03
9.999062798964860610e-01 -1.348411134180991892e-02 2.368642969017396502e-03
9.998915243913184536e-01 -1.455762117522464705e-02 2.239511471199997876e-03
9.998765847855203281e-01 -1.556898356311540825e-02 2.102911067729052678e-03
9.998617007276323632e-01 -1.651485456637292668e-02 1.959406658194517026e-03
9.998471075383056350e-01 -1.739215970194269573e-02 1.809584918311933372e-03
9.998330327635696069e-01 -1.819810343206475223e-02 1.654051938657182929e-03
9.998196928933563710e-01 -1.893017753107429160e-02 1.493430810412209580e-03
9.998072902918011540e-01 -1.958616831077095513e-02 1.328359167708826304e-03
9.997960103819928390e-01 -2.016416268988781985e-02 1.159486696143342994e-03
9.997860191234295701e-01 -2.066255309758375722e-02 9.874726169849217926e-04
9.997774608155137743e-01 -2.108004120513411531e-02 8.129831565193259071e-04
9.997704562550823182e-01 -2.141564048409891341e-02 6.366890098610085641e-04
9.997651012702979401e-01 -2.166867759320465284e-02 4.592628084339987217e-04
9.997614656473102768e-01 -2.183879259998918951e-02 2.813766001690990544e-04
9.997595924600279904e-01 -2.192593804693657167e-02 1.036993512944422503e-04
9.997594978072111838e-01 -2.193037687538073113e-02 -7.310552158917198520e-05
9.997611709549896197e-01 -2.185267922389590167e-02 -2.483825806556700386e-04
9.997645748769293794e-01 -2.169371812123116125e-02 -4.214867489423310544e-04
9.997707722210046333e-01 -2.139940732822541783e-02 -6.845606595565435683e-04
9.997793780307254741e-01 -2.098347842406968547e-02 -9.429492525926615231e-04
9.997901958025522395e-01 -2.044834716639392508e-02 -1.195718863111594910e-03
9.998029833185553272e-01 -1.979685762475225791e-02 -1.441963346516651843e-03
9.998174573052506231e-01 -1.903226873824091434e-02 -1.680807254286648036e-03
9.998332986914343357e-01 -1.815823944351064798e-02 -1.911408879272955301e-03
9.998501583765196932e-01 -1.717881242786071377e-02 -2.132963160643510953e-03
9.998676634143277564e-01 -1.609839656633678395e-02 -2.344704438860121826e-03
9.998854235122162093e-01 -1.492174810616862628e-02 -2.545909051407200824e-03
9.999030377419146909e-01 -1.365395066645336275e-02 -2.735897760359433124e-03
9.999201013564988916e-01 -1.230039412568032821e-02 -2.914038003291346234e-03
9.999362126075987955e-01 -1.086675247445376483e-02 -3.079745959500927548e-03
9.999509794581858957e-01 -9.358960715537097824e-03 -3.232488424048658542e-03
9.999640260890901855e-01 -7.783190898044647921e-03 -3.371784482707394955e-03
9.999749991017001793e-01 -6.145827377162522108e-03 -3.497206981580429450e-03
9.999835733250276304e-01 -4.453441395104162752e-03 -3.608383785875905747e-03
9.999894571423658673e-01 -2.712765083009278932e-03 -3.704998823124494058e-03
9.999923972610264000e-01 -9.306649870897737344e-04 -3.786792906990846339e-03
9.999921828579569905e-01 8.858847745715316743e-04 -3.853564338752678980e-03
9.999886490442835285e-01 2.729829615632264374e-03 -3.905169284497354929e-03
9.999822934871547275e-01 4.538781177923699624e-03 -3.848727706163472453e-03
9.999729043848401000e-01 6.317885869362598050e-03 -3.778271183525640578e-03
9.999606887201641925e-01 8.060687238248025882e-03 -3.694163562029829668e-03
9.999458925388834407e-01 9.760911693196930999e-03 -3.596817368281786127e-03
9.999287967236432095e-01 1.141249086849286526e-02 -3.486691888426745028e-03
9.999097123078164451e-01 1.300958301357168882e-02 -3.364291081853469905e-03
9.998889754060437118e-01 1.454659333040999973e-02 -3.230161340455877522e-03
9.998669418429099176e-01 1.601819318887040891e-02 -3.084889104229613169e-03
9.998439815645019380e-01 1.741933815656616577e-02 -2.929098344436695082e-03
9.998204729195705465e-01 1.874528478644938226e-02 -2.763447925938842999e-03
9.997967968976573250e-01 1.999160611201889967e-02 -2.588628860581166161e-03
9.997733314108613323e-01 2.115420580670792847e-02 -2.405361463705959872e-03
9.997504457039471104e-01 2.222933097057792906e-02 -2.214392425996294586e-03
9.997284949742810678e-01 2.321358351385236982e-02 -2.016491812896947268e-03
9.997078152787113314e-01 2.410393011302123384e-02 -1.812450003843010934e-03
9.996887187990514123e-01 2.489771072119453463e-02 -1.603074583451916460e-03
9.996714895314002813e-01 2.559264562005240592e-02 -1.389187196710664962e-03
9.996563794572406181e-01 2.618684100611370913e-02 -1.171620380024966310e-03
9.996436052462260857e-01 2.667879310911920251e-02 -9.512143797987151865e-04
9.996333455319300620e-01 2.706739084510395577e-02 -7.288139699883726397e-04
9.996241745635660036e-01 2.740715793915513704e-02 -5.980265351638900740e-04
9.996165747367259380e-01 2.768550114515291871e-02 -4.656716182664941747e-04
9.996106134704042523e-01 2.790181632813042156e-02 -3.322555755518727047e-04
9.996063408671103101e-01 2.805573544737091293e-02 -1.982851037473123935e-04
9.996037892413836001e-01 2.814712621918811358e-02 -6.426535030470530976e-05
9.996029728891726585e-01 2.817609091214427069e-02 6.930195648679720179e-05
9.996038880982985875e-01 2.814296428592357249e-02 2.019203509586595048e-04
9.996065133967567684e-01 2.804831068782155656e-02 3.331004406726141413e-04
9.996108100322366186e-01 2.789292032348440059e-02 4.623616779285779667e-04
9.996167226730126032e-01 2.767780472113757703e-02 5.892340860962707412e-04
9.996241803173175899e-01 2.740419141108291212e-02 7.132599348884079496e-04
9.996330973955017685e-01 2.707351784471741241e-02 8.339953588991986903e-04
9.996433750467343948e-01 2.668742457973625679e-02 9.510119139512814967e-04
9.996549025497678542e-01 2.624774776052461386e-02 1.063898066027401399e-03
9.996675588853678462e-01 2.575651092501541478e-02 1.172260607810388664e-03
9.996812144064562977e-01 2.521591617148866496e-02 1.275725998116683394e-03
9.996957325908243375e-01 2.462833472090589226e-02 1.373941619785107185e-03
9.997109718504663123e-01 2.399629691240356272e-02 1.466576951874069184e-03
9.997267873711732644e-01 2.332248167150224524e-02 1.553324652327102515e-03
9.997430329559966466e-01 2.260970549241373903e-02 1.633901547588563138e-03
9.997595628465582029e-01 2.186091097753449508e-02 1.708049525988330260e-03
9.997762334969177989e-01 2.107915497878803945e-02 1.775536332066050089e-03
9.997929052758087742e-01 2.026759638690872958e-02 1.836156259371239143e-03
9.998094440744897948e-01 1.942948361603083832e-02 1.889730739654527569e-03
9.998257227992104479e-01 1.856814183204754179e-02 1.936108826756341309e-03
9.998416227293224212e-01 1.768695997412135512e-02 1.975167573900969611e-03
9.998570347243541656e-01 1.678937761944934368e-02 2.006812303514577799e-03
9.998718602658588361e-01 1.587887174190238254e-02 2.030976769103395863e-03
9.998860123225175034e-01 1.495894341545917806e-02 2.047623209150905947e-03
9.998994160297757228e-01 1.403310451343541161e-02 2.056742293418051867e-03
9.999120091781760200e-01 1.310486445436123693e-02 2.058352962455863543e-03
9.999237425074782859e-01 1.217771704498372097e-02 2.052502161562830708e-03
9.999345798065817359e-01 1.125512747026404664e-02 2.039264470837282624e-03
9.999444978221421199e-01 1.034051947940439059e-02 2.018741633385277932e-03
9.999534859815675247e-01 9.437262815880698152e-03 1.991061984144496932e-03
9.999615459387360961e-01 8.548660938181728078e-03 1.956379782171829319e-03
9.999686909532707890e-01 7.677939076470606701e-03 1.914874449614392161e-03
9.999749451164979819e-01 6.828232668703651531e-03 1.866749720938350697e-03
9.999803424392710305e-01 6.002576217875056457e-03 1.812232706325160678e-03
9.999849258186352952e-01 5.203892610019537381e-03 1.751572873458890137e-03
9.999888288784791746e-01 4.379701956599846811e-03 1.777836046167599344e-03
9.999921017572808157e-01 3.544950564807191305e-03 1.797253958243814551e-03
9.999947098075862018e-01 2.702840425486383730e-03 1.809802352139127215e-03
9.999966287506855123e-01 1.856578475734029215e-03 1.815482889184709576e-03
9.999978448926466479e-01 1.009364525101416133e-03 1.814322961330124386e-03
9.999983551793534264e-01 1.643792924465815788e-04 1.806375407140673427e-03
9.999981670919946275e-01 -6.752274015280241865e-04 1.791718133775528935e-03
9.999972983868162801e-01 -1.506348241918083674e-03 1.770453647033511362e-03
9.999957766852224372e-01 -2.325929784401014645e-03 1.742708491906921160e-03
9.999936389224598488e-01 -3.130983535402025175e-03 1.708632606424277623e-03
9.999909306651214580e-01 -3.918596707341062343e-03 1.668398591888252142e-03
9.999877053095159729e-01 -4.685942610282174854e-03 1.622200902923754936e-03
9.999840231745622532e-01 -5.430290643084059905e-03 1.570254961041490623e-03
9.999799505042459291e-01 -6.149015849069103083e-03 1.512796195692968620e-03
9.999755583958158667e-01 -6.839608003274296258e-03 1.450079017042787705e-03
9.999709216707715065e-01 -7.499680200506619876e-03 1.382375724912114417e-03
9.999661177063062789e-01 -8.126976915683141456e-03 1.309975358552925746e-03
9.999612252452064753e-01 -8.719381510277424488e-03 1.233182492095346878e-03
9.999563232022702364e-01 -9.274923161104167355e-03 1.152315980670032269e-03
9.999514894851024849e-01 -9.791783190139086851e-03 1.067707662343975877e-03
9.999474525506378830e-01 -1.021302430263022927e-02 8.869099738952061947e-04
9.999441053710065308e-01 -1.054942578656222797e-02 7.043320991203414969e-04
9.999415393380236550e-01 -1.080033061015332231e-02 5.206703632269341943e-04
9.999398216301400577e-01 -1.096540638294564267e-02 3.366201813392133793e-04
9.999389945369414612e-01 -1.104464425355576596e-02 1.528734691712457024e-04
9.999390752062156107e-01 -1.103835661996867799e-02 -2.988391393180536921e-05
9.999400558109599046e-01 -1.094717367014866154e-02 -2.109746807097117997e-04
9.999419041273462927e-01 -1.077203877427055333e-02 -3.897325818080499271e-04
9.999445645085297540e-01 -1.051420275331520389e-02 -5.655048132862129911e-04
9.999479592333713196e-01 -1.017521705213692354e-02 -7.376543576421713258e-04
9.999519902037281582e-01 -9.756925848409486388e-03 -9.055622504438882309e-04
9.999565409590117637e-01 -9.261457132099696482e-03 -1.068629764931563596e-03
9.999614789723035857e-01 -8.691212793309106149e-03 -1.226280507244422628e-03
9.999666581884996130e-01 -8.048857759466856998e-03 -1.377962415232227011e-03
9.999719217617785150e-01 -7.337308225947570400e-03 -1.523149654136831625e-03
9.999771049471993800e-01 -6.559719027220900327e-03 -1.661344402774807792e-03
9.999820380994492997e-01 -5.719470198602799073e-03 -1.792078524220172379e-03
9.999865497307139917e-01 -4.820152781557525586e-03 -1.914915115378199723e-03
9.999904695793228049e-01 -3.865553928274868302e-03 -2.029449930258470525e-03
9.999936316412395554e-01 -2.859641363896498010e-03 -2.135312672198622606e-03
9.999958771175997407e-01 -1.806547267263627606e-03 -2.232168150760153579e-03
9.999970572333226615e-01 -7.105516333779618617e-04 -2.319717299513961162e-03
9.999970358843048857e-01 4.239348171191862757e-04 -2.397698051455369669e-03
9.999956920737986810e-01 1.592388114267608316e-03 -2.465886069334819169e-03
9.999929221022260117e-01 2.790188832113645219e-03 -2.524095328759180107e-03
9.999886414788311528e-01 4.012640128923073216e-03 -2.572178552507188923e-03
9.999827865281467609e-01 5.254985963157361370e-03 -2.610027495107524863e-03
9.999753156691804090e-01 6.512429413419330154e-03 -2.637573077345807537e-03
9.999662103504300958e-01 7.780151030258784101e-03 -2.654785370993064178e-03
9.999554756292353686e-01 9.053327147780902001e-03 -2.661673434678348688e-03
9.999431403894712966e-01 1.032714808342828638e-02 -2.658285002457318018e-03
9.999292571971205579e-01 1.159683615511470853e-02 -2.644706027251606927e-03
9.999139017987207501e-01 1.285766344607233366e-02 -2.621060081945673047e-03
9.998971722730037870e-01 1.410496924932695684e-02 -2.587507621523346853e-03
9.998791878511396058e-01 1.533417712562437293e-02 -2.544245110200752270e-03
9.998600874257946858e-01 1.654081151087765864e-02 -2.491504018060960567e-03
9.998400277736447794e-01 1.772051381176724047e-02 -2.429549692214496258e-03
9.998191815199846122e-01 1.886905793097686662e-02 -2.358680107994931725e-03
9.997977348775952677e-01 1.998236516665910859e-02 -2.279224506147066800e-03
9.997758851950182546e-01 2.105651843406162321e-02 -2.191541922374051678e-03
9.997538383518076444e-01 2.208777576077593230e-02 -2.096019615977322715e-03
9.997318060401596540e-01 2.307258301075905405e-02 -1.993071404648110063e-03
9.997100029735319637e-01 2.400758579608961232e-02 -1.883135912750931451e-03
9.996886440634610294e-01 2.488964053931984333e-02 -1.766674740677902020e-03
9.996679416057535628e-01 2.571582465324000893e-02 -1.644170563048529378e-03
9.996481025165954160e-01 2.648344580885120259e-02 -1.516125163684031068e-03
9.996293256578884234e-01 2.719005026631825250e-02 -1.383057415399801832e-03
9.996117992893359672e-01 2.783343024762109305e-02 -1.245501212736475991e-03
9.995956986824773294e-01 2.841163033351911185e-02 -1.104003365791457990e-03
9.995811839290684730e-01 2.892295287127068931e-02 -9.591214633213855515e-04
9.995683979729647062e-01 2.936596238329532496e-02 -8.114217132644726540e-04
9.995574648910433568e-01 2.973948897061813243e-02 -6.614767687827808511e-04
9.995484884447597418e-01 3.004263070848959757e-02 -5.098635478508876419e-04
9.995415509197297377e-01 3.027475503502381760e-02 -3.571610543217062497e-04
9.995367122663380011e-01 3.043549913704603552e-02 -2.039482082847213316e-04
9.995340095498488342e-01 3.052476934058725652e-02 -5.080169339871870929e-05
9.995334567139168014e-01 3.054273951661442069e-02 1.017061712680323541e-04
9.995350446568230796e-01 3.048984851564497806e-02 2.530095275208085054e-04
9.995387416152670124e-01 3.036679664787119912e-02 4.025510352524203561e-04
9.995444938461829354e-01 3.017454122831925850e-02 5.497838835857663800e-04
9.995522265928969974e-01 2.991429120939760947e-02 6.941737491448705640e-04
9.995618453180341589e-01 2.958750092595415979e-02 8.352006948691067254e-04
9.995732371819990858e-01 2.919586298066664462e-02 9.723610030128732994e-04
9.995862727426183536e-01 2.874130030023805057e-02 1.105168936213887570e-03
9.996008078487004234e-01 2.822595739545926546e-02 1.233158420768264672e-03
9.996166856978716542e-01 2.765219086073266580e-02 1.355884646520510214e-03
9.996337390271151646e-01 2.702255915111822018e-02 1.472925578062420993e-03
9.996517924029916236e-01 2.633981167736133486e-02 1.583883372237571618e-03
9.996706645775793598e-01 2.560687726167899109e-02 1.688385697268397030e-03
9.996901708757334193e-01 2.482685199930612790e-02 1.786086949161532021e-03
9.997101255793393593e-01 2.400298657292336199e-02 1.876669361404503843e-03
9.997303442748108893e-01 2.313867306908415009e-02 1.959844004343258908e-03
9.997506461311439496e-01 2.223743134761711759e-02 2.035351671025213607e-03
9.997708560773658215e-01 2.130289501667913948e-02 2.102963646706040076e-03
9.997908068501822898e-01 2.033879706765832213e-02 2.162482359649352693e-03
9.998103408849918772e-01 1.934895522545465596e-02 2.213741911295578901e-03
9.998293120261629863e-01 1.833725707078184136e-02 2.256608484337890765e-03
9.998475870355163497e-01 1.730764499202011933e-02 2.290980627717115019e-03
9.998650468812658731e-01 1.626410102479150868e-02 2.316789418031605947e-03
9.998815877931985785e-01 1.521063163781306848e-02 2.333998497349439732e-03
9.998971220735600740e-01 1.415125252370025288e-02 2.342603987905994816e-03
9.999115786568988362e-01 1.308997345323347633e-02 2.342634284666800237e-03
9.999249034159535254e-01 1.203078325116269977e-02 2.334149727230128753e-03
9.999370592144839476e-01 1.097763495090580375e-02 2.317242153032725988e-03
9.999480257116896142e-01 9.934431184499352072e-03 2.292034334301877498e-03
9.999577989264756273e-01 8.905009862890644542e-03 2.258679301664306364e-03
9.999663905732635305e-01 7.893130200126694668e-03 2.217359557773910736e-03
9.999738271842496529e-01 6.902459133210928945e-03 2.168286184752995192e-03
9.999801490359451206e-01 5.936558187376797004e-03 2.111697849652594862e-03
9.999854089004512891e-01 4.998870834286182549e-03 2.047859712524187619e-03
9.999896706441880889e-01 4.092710388218906946e-03 1.977062242055318848e-03
9.999930076986852656e-01 3.221248482698359054e-03 1.899619944053592422e-03
9.999955014295305311e-01 2.387504167219469970e-03 1.815870008365641324e-03
9.999972394306413381e-01 1.594333660831379063e-03 1.726170880089019852e-03
9.999983137716672577e-01 8.444207963010551743e-04 1.630900761174785760e-03
9.999988192265443221e-01 1.402681854683505633e-04 1.530456048726568053e-03
9.999988515110074250e-01 -5.158108667807225108e-04 1.425249716478213090e-03
9.999985055562369274e-01 -1.121699675726486357e-03 1.315709646077060967e-03
9.999978738447848903e-01 -1.675484696276418337e-03 1.202276914914205113e-03
9.999970448335174789e-01 -2.175461231005436629e-03 1.085404047327654699e-03
9.999961014865491604e-01 -2.620138312369549218e-03 9.655532360602830455e-04
9.999951199390655354e-01 -3.008242747929762342e-03 8.431945408830605806e-04
9.999941683105703083e-01 -3.338722320634512127e-03 7.188040712967132956e-04
9.999933056834854339e-01 -3.610748139378652279e-03 5.928621602030185924e-04
9.999925812602308284e-01 -3.823716138177229648e-03 4.658515353918567530e-04
9.999920337089480693e-01 -3.977247725356588756e-03 3.382554956232354656e-04
9.999916907049675174e-01 -4.071189587169030642e-03 2.105560979960817165e-04
9.999915686719874630e-01 -4.105612653176865696e-03 8.323236318880049126e-05
9.999916727237938563e-01 -4.080810233624800748e-03 -4.324149496852364811e-05
9.999919968042428886e-01 -3.997295341824444286e-03 -1.683978092729972826e-04
9.999925240201996690e-01 -3.855797217309985328e-03 -2.917771621209064433e-04
9.999932271592263389e-01 -3.657257068188581647e-03 -4.129300456903828385e-04
9.999940693810737136e-01 -3.402823053701227625e-03 -5.314184735435935249e-04
9.999950050694992321e-01 -3.093844530528006183e-03 -6.468175380640719735e-04
9.999959808286401630e-01 -2.731865588813076409e-03 -7.587169083668967749e-04
9.999969366061493004e-01 -2.318617906246052407e-03 -8.667222635567314523e-04
9.999978069235714306e-01 -1.856012950813139793e-03 -9.704566564612210691e-04
9.999985221930351997e-01 -1.346133565017916360e-03 -1.069561803234858090e-03
9.999990100982596442e-01 -7.912249664613027911e-04 -1.163699294511127752e-03
9.999991970171535627e-01 -1.936852016552464018e-04 -1.252551724078387278e-03
9.999990094629113146e-01 4.439449081838502164e-04 -1.335823731367316624e-03
9.999983755204966407e-01 1.118992288867592033e-03 -1.413242954364534116e-03
9.999972262557363933e-01 1.828662560384786530e-03 -1.484560889907599220e-03
9.999954970749247440e-01 2.570051365887789964e-03 -1.549553658670421328e-03
9.999931290138376339e-01 3.340156037621434121e-03 -1.608022672514172573e-03
9.999900699363695189e-01 4.135887553751332532e-03 -1.659795202256044745e-03
9.999862756245941897e-01 4.954082739076728914e-03 -1.704724844295277698e-03
9.999817107439046282e-01 5.791516661828266695e-03 -1.742691884931279285e-03
9.999763496689585418e-01 6.644915178162089618e-03 -1.773603561610612514e-03
9.999701771584251775e-01 7.510967575576253663e-03 -1.797394220746216130e-03
9.999631888689473058e-01 8.386339266299636455e-03 -1.814025372161361550e-03
9.999553917012692361e-01 9.267684481741988306e-03 -1.823485640620312780e-03
9.999468039740956327e-01 1.015165891934890173e-02 -1.825790615315121216e-03
9.999374554238937840e-01 1.103493229367799935e-02 -1.820982598581066727e-03
9.999273870314955293e-01 1.191420074420091596e-02 -1.809130255509563317e-03
9.999166506789555209e-01 1.278619905323602132e-02 -1.790328166514473102e-03
9.999053086426380466e-01 1.364771262852362832e-02 -1.764696285283418476e-03
9.998934329309022706e-01 1.449558920626076337e-02 -1.732379304907604193e-03
9.998811044769956302e-01 1.532675023190688789e-02 -1.693545935329796330e-03
9.998684121998226981e-01 1.613820187774382339e-02 -1.648388095578521640e-03
9.998554519470981283e-01 1.692704565800975600e-02 -1.597120024565556453e-03
9.998423253369920216e-01 1.769048860441441856e-02 -1.539977314511867604e-03
9.998291385157208611e-01 1.842585296696538574e-02 -1.477215871333120061e-03
9.998160008496005391e-01 1.913058540727798421e-02 -1.409110806558672591e-03
9.998030235708562641e-01 1.980226565388764487e-02 -1.335955265576927202e-03
9.997903183969651941e-01 2.043861459151717977e-02 -1.258059197194498751e-03
9.997779961434885010e-01 2.103750175875650219e-02 -1.175748069666703510e-03
9.997661653502362133e-01 2.159695223117299306e-02 -1.089361538502347593e-03
9.997549309402008477e-01 2.211515286947222589e-02 -9.992520714669414755e-04
9.997443929300079413e-01 2.259045791495678177e-02 -9.057835363057110609e-04
9.997346452096779190e-01 2.302139391717259245e-02 -8.093297567816908240e-04
9.997257744082910236e-01 2.340666398127560360e-02 -7.102730426754952798e-04
9.997178588607154026e-01 2.374515132528592226e-02 -6.090026994229013040e-04
9.997109676889268659e-01 2.403592214001270405e-02 -5.059135230750257638e-04
9.997051600096381607e-01 2.427822774702257519e-02 -4.014042862545988627e-04
9.997004842779996237e-01 2.447150605258074235e-02 -2.958762207515580221e-04
9.996969777750623898e-01 2.461538229801108618e-02 -1.897315023528661228e-04
9.996946662445373999e-01 2.470966910939499314e-02 -8.337174343598073047e-05
9.996935636821784321e-01 2.475436585195446917e-02 2.280350122638447193e-05
9.996936722788897223e-01 2.474965729684009200e-02 1.283982100998990665e-04
9.996949825164507253e-01 2.469591161036602603e-02 2.330213467225495739e-04
9.996974734125845252e-01 2.459367767800039323e-02 3.362882826272371142e-04
9.997011129100107363e-01 2.444368177762756833e-02 4.378221863816678951e-04
9.997058584021452088e-01 2.424682361874748102e-02 5.372553739277929636e-04
9.997116573862616651e-01 2.400417176636329003e-02 6.342306155697218818e-04
9.997184482332466260e-01 2.371695847033036819e-02 7.284023951384794009e-04
9.997261610615743033e-01 2.338657392289299891e-02 8.194381170539830669e-04
9.997347187018233994e-01 2.301455996901728002e-02 9.070192572090072505e-04
9.997440377369745113e-01 2.260260329593473741e-02 9.908424538164965593e-04
9.997540296028706308e-01 2.215252813003643767e-02 1.070620534590219957e-03
9.997646017326053958e-01 2.166628847089620974e-02 1.146083476869186931e-03
9.997756587282364826e-01 2.114595989374784199e-02 1.216979297548226487e-03
9.997871035430946351e-01 2.059373095318798447e-02 1.283074869940282938e-03
9.997988386580846099e-01 2.001189422221691036e-02 1.344156664969890780e-03
9.998107672357339215e-01 1.940283700195579927e-02 1.400031414381378318e-03
9.998227942363433485e-01 1.876903173848405715e-02 1.450526693938948347e-03
9.998348274814051750e-01 1.811302618421605296e-02 1.495491424898077060e-03
9.998467786504773303e-01 1.743743334207580042e-02 1.534796292337710409e-03
9.998585641989061745e-01 1.674492123142383784e-02 1.568334079259439294e-03
9.998701061851649197e-01 1.603820251523620233e-02 1.596019915681971607e-03
9.998820238660054427e-01 1.526475501566536101e-02 1.710576867903636222e-03
9.998940908878023448e-01 1.443962126604649010e-02 1.817916838501376989e-03
9.999061354209002328e-01 1.356625594386964666e-02 1.917688821299421559e-03
9.999179883215251197e-01 1.264827018508503896e-02 2.009572599065961168e-03
9.999294856168859935e-01 1.168941699942027332e-02 2.093279733414596822e-03
9.999404708783637963e-01 1.069357624417354401e-02 2.168554429579792799e-03
9.999507974489424411e-01 9.664739215015915111e-03 2.235174273366847750e-03
9.999603304936702797e-01 8.606992913856100977e-03 2.292950838063471681e-03
9.999689488450091979e-01 7.524504055107629832e-03 2.341730159603724101e-03
9.999765466183765383e-01 6.421502872730971631e-03 2.381393078793473794e-03
9.999830345769574746e-01 5.302266791184081715e-03 2.411855449937000927e-03
9.999883412289014561e-01 4.171104023888272568e-03 2.433068215743745821e-03
9.999924136442509548e-01 3.032337162989875469e-03 2.445017348939074533e-03
9.999952179833195842e-01 1.890286824062695171e-03 2.447723661549575276e-03
9.999967397326690044e-01 7.492554089463517118e-04 2.441242483377917272e-03
9.999969836492643704e-01 -3.864889508500455543e-04 2.425663211720701512e-03
9.999959734177498172e-01 -1.512728208828257714e-03 2.401108734910967473e-03
9.999937510300100918e-01 -2.625309916299913265e-03 2.367734732781152842e-03
9.999903759002134462e-01 -3.720162375019773864e-03 2.325728857638502314e-03
9.999859237323058814e-01 -4.793309373331453363e-03 2.275309799819598671e-03
9.999810079191103762e-01 -5.785604199442141368e-03 2.123932116296810974e-03
9.999755850852571903e-01 -6.705582550635179676e-03 1.965932174646700410e-03
9.999698726697824336e-01 -7.550312410958189349e-03 1.801948906717359879e-03
9.999640792231888620e-01 -8.317164754537082275e-03 1.632639083219741176e-03
9.999584011058525457e-01 -9.003821151863853484e-03 1.458674720192256174e-03
9.999530194562127328e-01 -9.608280153210087271e-03 1.280740449561081117e-03
9.999480974708316872e-01 -1.012886243831183711e-02 1.099530863919083879e-03
9.999437780329847314e-01 -1.056421472603061469e-02 9.157478455608206473e-04
9.999401817205525456e-01 -1.091331244209376231e-02 7.300978896957066198e-04
9.999374052177278926e-01 -1.117546114725508424e-02 5.432894316203555271e-04
9.999355201485229383e-01 -1.135029673229761421e-02 3.560301874679261836e-04
9.999345723433673561e-01 -1.143778439023344050e-02 1.690245179703339282e-04
9.999345815433257068e-01 -1.143821637985240405e-02 -1.702917552897498374e-05
9.999355415397345181e-01 -1.135220859844627249e-02 -2.014410137863049542e-04
9.999374207404636561e-01 -1.118069598510298447e-02 -3.835321522927810471e-04
9.999401631476415586e-01 -1.092492677944202108e-02 -5.626372352701405552e-04
9.999436897256335222e-01 -1.058645566406148791e-02 -7.381067827133915883e-04
9.999479001324179661e-01 -1.016713582230267116e-02 -9.093095024282122794e-04
9.999526747823405115e-01 -9.669109946218676713e-03 -1.075634519286217984e-03
9.999578772036106233e-01 -9.094800232866864786e-03 -1.236493514211440973e-03
9.999633566499032122e-01 -8.446897410232776654e-03 -1.391322765718284961e-03
9.999689509220847095e-01 -7.728348837234448772e-03 -1.539585087146780242e-03
9.999744893534464607e-01 -6.942345725344039112e-03 -1.680771653087184767e-03
9.999797959099232525e-01 -6.092309532387765562e-03 -1.814403708854804521e-03
9.999846923556255929e-01 -5.181877582029871879e-03 -1.940034157269124575e-03
9.999890014336232369e-01 -4.214887965292225119e-03 -2.057249017410425675e-03
9.999925500122879285e-01 -3.195363783185101083e-03 -2.165668750473084651e-03
9.999951721486158851e-01 -2.127496792100607749e-03 -2.264949448308290272e-03
9.999967120217837513e-01 -1.015630516019684669e-03 -2.354783880749960860e-03
9.999970266927052931e-01 1.357571082231468287e-04 -2.434902398345570144e-03
9.999959886485120242e-01 1.322071484416282227e-03 -2.505073687667108608e-03
9.999934880946141913e-01 2.538619439297276278e-03 -2.565105376954519931e-03
9.999894349612556965e-01 3.780627562441459671e-03 -2.614844490442041428e-03
9.999837605961806597e-01 5.043260731350462760e-03 -2.654177750333653035e-03
9.999764191201070407e-01 6.321640748646729577e-03 -2.683031726023459886e-03
9.999673884270711133e-01 7.610865017911296222e-03 -2.701372830795949025e-03
9.999566708172799023e-01 8.906025184710300580e-03 -2.709207166884899064e-03
9.999442932558032515e-01 1.020222566975021242e-02 -2.706580220413232901e-03
9.999303072561587236e-01 1.149460202188645232e-02 -2.693576408374010866e-03
9.999147883935088910e-01 1.277833901988317637e-02 -2.670318480439756639e-03
9.998978354577136018e-01 1.404868845337596366e-02 -2.636966778998115716e-03
9.998795692617767905e-01 1.530098651541113644e-02 -2.593718361401360292e-03
9.998601311262228508e-01 1.653067074120714158e-02 -2.540805988980695228e-03
9.998396810645578947e-01 1.773329643038187853e-02 -2.478496987909258476e-03
9.998183956991516519e-01 1.890455249278790231e-02 -2.407091987496246758e-03
9.997964659405603749e-01 2.004027666126432725e-02 -2.326923541955385789e-03
9.997740944664501583e-01 2.113647001801661693e-02 -2.238354642111281372e-03
9.997514930388351484e-01 2.218931078493783723e-02 -2.141777123884980490e-03
9.997288797002863436e-01 2.319516733195103875e-02 -2.037609980734008015e-03
9.997064758910738647e-01 2.415061036134569239e-02 -1.926297587511505366e-03
9.996845035298693727e-01 2.505242423006547731e-02 -1.808307843453931581e-03
9.996631821006581875e-01 2.589761737594585556e-02 -1.684130242207691232e-03
9.996427257878954808e-01 2.668343181796549793e-02 -1.554273876963246709e-03
9.996233407007198979e-01 2.740735170463609593e-02 -1.419265388882461672e-03
9.996052222252237440e-01 2.806711088868432680e-02 -1.279646867083246735e-03
9.995885525414196504e-01 2.866069951015507572e-02 -1.135973708487503665e-03
9.995734983386795891e-01 2.918636957396786302e-02 -9.888124458465976426e-04
9.995602087601017649e-01 2.964263951177422904e-02 -8.387385522359806908e-04
9.995488136025405534e-01 3.002829772168174108e-02 -6.863342302600184417e-04
9.995394217949813420e-01 3.034240508302392392e-02 -5.321861941323861953e-04
9.995321201736099281e-01 3.058429644686125326e-02 -3.768834526992848543e-04
9.995269725673932015e-01 3.075358110629652572e-02 -2.210151013546707201e-04
9.995240192033162385e-01 3.085014225398120466e-02 -6.516813066089453561e-05
9.995232764356827282e-01 3.087413543738253691e-02 9.007474066352559312e-05
9.995247367991535459e-01 3.082598602548081157e-02 2.441372008933149606e-04
9.995283693805353531e-01 3.070638570357960007e-02 3.964514412666516664e-04
9.995341204998081652e-01 3.051628801584682638e-02 5.464602056516318146e-04
9.995419146865600624e-01 3.025690297806852766e-02 6.936187869884895794e-04
9.995516559339375773e-01 2.992969078589676965e-02 8.373969638033460687e-04
9.995632292084777326e-01 2.953635464661346841e-02 9.772808703181075883e-04
9.995765021908109560e-01 2.907883276511616724e-02 1.112774793923163724e-03
9.995913272192591403e-01 2.855928951746110334e-02 1.243402894035570841e-03
9.996075434058349085e-01 2.798010584787176402e-02 1.368710836636411387e-03
9.996249788921094392e-01 2.734386892763329691e-02 1.488267339068010363e-03
9.996434532108795512e-01 2.665336111673778652e-02 1.601665619975705919e-03
9.996627797185443365e-01 2.591154827151280829e-02 1.708524749600824882e-03
9.996827680626119150e-01 2.512156744374380649e-02 1.808490895972204252e-03
9.997032266487886343e-01 2.428671401897495100e-02 1.901238462903573085e-03
9.997239650726597038e-01 2.341042834372713405e-02 1.986471116083630192e-03
9.997447964820278532e-01 2.249628189328745434e-02 2.063922693944677915e-03
9.997655398375216995e-01 2.154796303348290379e-02 2.133358000413745556e-03
9.997860220410818011e-01 2.056926243143275893e-02 2.194573477086428533e-03
9.998060799043502200e-01 1.956405817165946318e-02 2.247397752816927656e-03
9.998255619317845122e-01 1.853630063510823198e-02 2.291692069186339505e-03
9.998443298964454495e-01 1.748999719956302948e-02 2.327350580793035358e-03
9.998622601898152773e-01 1.642919682063536529e-02 2.354300529801554766e-03
9.998792449306393992e-01 1.535797455292855530e-02 2.372502294687023772e-03
9.998951928215891183e-01 1.428041607113259871e-02 2.381949313617654374e-03
9.999100297464579290e-01 1.320060225067550691e-02 2.382667883425047296e-03
9.999236991045675760e-01 1.212259386714082364e-02 2.374716835617387591e-03
9.999361618830155951e-01 1.105041647295674882e-02 2.358187091390610227e-03
9.999473964712781715e-01 9.988045508871843184e-03 2.333201098083637591e-03
9.999573982264416960e-01 8.939391706461154857e-03 2.299912150002350261e-03
9.999661788009069907e-01 7.908286836363929984e-03 2.258503596999613620e-03
9.999737652477530547e-01 6.898469855151834716e-03 2.209187944642255520e-03
9.999801989220062914e-01 5.913573501680057833e-03 2.152205850217387730e-03
9.999855341987963220e-01 4.957111391500275931e-03 2.087825019227249317e-03
9.999898370317584773e-01 4.032465655434234499e-03 2.016339007391483931e-03
9.999931833770275835e-01 3.142875165740952482e-03 1.938065933516540428e-03
9.999956575097433964e-01 2.291424390482129942e-03 1.853347108902143360e-03
9.999973502611275711e-01 1.481032913722600802e-03 1.762545589233438645e-03
9.999983572048921632e-01 7.144456561192579587e-04 1.666044655153724879e-03
9.999987768219948947e-01 -5.776172723813421950e-06 1.564246227926369224e-03
9.999987086725673491e-01 -6.772633620015856056e-04 1.457569226775609064e-03
9.999982516032238644e-01 -1.297846202716712409e-03 1.346447874644892285e-03
9.999975020169200590e-01 -1.865561184432889055e-03 1.231329959228909168e-03
9.999965522311038413e-01 -2.378656867586282156e-03 1.112675056222497613e-03
9.999954889481023068e-01 -2.835598916492497283e-03 9.909527217873393377e-04
9.999943918595625147e-01 -3.235074281489479838e-03 8.666406612671430495e-04
9.999933324043370764e-01 -3.575994521926210024e-03 7.402228811852604087e-04
9.999923726965284088e-01 -3.857498264932896371e-03 6.121878315368922251e-04
9.999915646375148182e-01 -4.078952798082458031e-03 4.830265453426871389e-04
9.999909492227274654e-01 -4.239954797169090926e-03 3.532307823630508135e-04
9.999905560507797997e-01 -4.340330193382983121e-03 2.232911837842050859e-04
9.999904030393130805e-01 -4.380133187147490677e-03 9.369544457919288041e-05
9.999904963486698772e-01 -4.359644418804072344e-03 -3.507348987930855371e-05
9.999908305112854556e-01 -4.279368309179623284e-03 -1.625391965214196177e-04
9.999913887615449193e-01 -4.140029585849452215e-03 -2.882335103255319309e-04
9.999921435578376094e-01 -3.942569013616226137e-03 -4.116982170116249254e-04
9.999930572856899902e-01 -3.688138350359583019e-03 -5.324866967800716668e-04
9.999940831282196907e-01 -3.378094551971282371e-03 -6.501655134019952535e-04
9.999951660877568482e-01 -3.013993252574421848e-03 -7.643159431910670270e-04
9.999962441403621449e-01 -2.597581548629151072e-03 -8.745354386258162929e-04
9.999972495031566044e-01 -2.130790117847192536e-03 -9.804390216460417799e-04
9.999981099928961781e-01 -1.615724706067835515e-03 -1.081660601916780004e-03
9.999987504530839511e-01 -1.054657017382220306e-03 -1.177854215638481127e-03
9.999990942261349769e-01 -4.500150448228081241e-04 -1.268695180782499887e-03
9.999990646466943023e-01 1.956271191480486076e-04 -1.353881164946542891e-03
9.999985865321631140e-01 8.795599513224847902e-04 -1.433133162355024019e-03
9.999975876468042424e-01 1.598949602916142475e-03 -1.506196376873894733e-03
9.999960001164706069e-01 2.350849397018106232e-03 -1.572841008267766415e-03
9.999937617720099370e-01 3.132211672759016661e-03 -1.632862939298162803e-03
9.999908174007301476e-01 3.939899929443512784e-03 -1.686084321644430294e-03
9.999871198869366706e-01 4.770701222881043937e-03 -1.732354059021875463e-03
9.999826312244480819e-01 5.621338765326460221e-03 -1.771548186273535618e-03
9.999773233861263266e-01 6.488484679818105547e-03 -1.803570143620868019e-03
9.999711790377905363e-01 7.368772859284647772e-03 -1.828350945672591954e-03
9.999641920863763245e-01 8.258811880589250407e-03 -1.845849245207811622e-03
9.999563680548235745e-01 9.155197923695863188e-03 -1.856051292167100681e-03
9.999477242788723519e-01 1.005452764638033701e-02 -1.858970788701054273e-03
9.999382899236918254e-01 1.095341096536961260e-02 -1.854648641537461583e-03
9.999281058210023332e-01 1.184848369547414695e-02 -1.843152613333231670e-03
9.999172241300509079e-01 1.273641999917836908e-02 -1.824576875073051193e-03
9.999057078284127043e-01 1.361394460026571843e-02 -1.799041461961059388e-03
9.998936300410833367e-01 1.447784471637078747e-02 -1.766691635622281509e-03
9.998810732186621530e-01 1.532498166686150146e-02 -1.727697155785007117e-03
9.998681281775733121e-01 1.615230211414751121e-02 -1.682251464951733857e-03
9.998548930171934357e-01 1.695684889837388229e-02 -1.630570789882952037e-03
9.998414719304370424e-01 1.773577142747723850e-02 -1.572893164013354017e-03
9.998279739257597276e-01 1.848633558673918112e-02 -1.509477375192732305e-03
9.998145114796674893e-01 1.920593313425299556e-02 -1.440601843392838111e-03
9.998011991396480447e-01 1.989209055110731372e-02 -1.366563433246040932e-03
9.997881520979636782e-01 2.054247731756822515e-02 -1.287676206481280393e-03
9.997754847569567671e-01 2.115491358909213707e-02 -1.204270119497271576e-03
9.997633093064258736e-01 2.172737724860980199e-02 -1.116689671462256592e-03
9.997517343332321671e-01 2.225801031417146830e-02 -1.025292508453995617e-03
9.997408634826076002e-01 2.274512468371971477e-02 -9.304479892536240493e-04
9.997307941896691474e-01 2.318720720144668013e-02 -8.325357184830666857e-04
9.997216164984182862e-01 2.358292403288372863e-02 -7.319440528286583290e-04
9.997134119840426214e-01 2.393112433855319049e-02 -6.290685861243346024e-04
9.997076347610690528e-01 2.417559328441734254e-02 -4.315417622613774117e-04
9.997040075826614247e-01 2.432782559426429486e-02 -2.338016216124643625e-04
9.997025703631552407e-01 2.438790703711711527e-02 -3.658950700153383953e-05
9.997033296963873106e-01 2.435626694661423980e-02 1.593604958873901705e-04
9.997062592297695227e-01 2.423367416776371283e-02 3.533242340513811615e-04
9.997113005234804506e-01 2.402123179140362025e-02 5.445901069008874090e-04
9.997183643751442750e-01 2.372037070338372730e-02 7.324616214799623340e-04
9.997273325837470193e-01 2.333284197878962227e-02 9.162598747245072339e-04
9.997380601204064465e-01 2.286070815479414667e-02 1.095325954570654150e-03
9.997503776680326526e-01 2.230633341895579130e-02 1.269023251998111597e-03
9.997640944869781165e-01 2.167237275299968915e-02 1.436739676378863319e-03
9.997790015595305890e-01 2.096176007531861535e-02 1.597889766802663373e-03
9.997948749626133225e-01 2.017769542861776177e-02 1.751916692370126790e-03
9.998114794153557527e-01 1.932363126229146369e-02 1.898294134784753260e-03
9.998285719463254617e-01 1.840325786224973614e-02 2.036528046939739545e-03
9.998459056241753018e-01 1.742048798398957918e-02 2.166158281586472948e-03
9.998632332952736013e-01 1.637944074770717601e-02 2.286760084591325792e-03
9.998803112725361819e-01 1.528442485714488937e-02 2.397945447737441158e-03
9.998969029211525195e-01 1.413992120662986400e-02 2.499364316509650099e-03
9.999127820891590135e-01 1.295056494335521460e-02 2.590705648813821683e-03
9.999277363338240354e-01 1.172112705434430989e-02 2.671698321126389063e-03
9.999415698985115730e-01 1.045649554968733352e-02 2.742111879144243283e-03
9.999541063990259326e-01 9.161656315511180343e-03 2.801757130607624748e-03
9.999651911833327134e-01 7.841673711704785776e-03 2.850486578596153359e-03
9.999746933339238586e-01 6.501670990640620942e-03 2.888194694247149964e-03
9.999825072878582022e-01 5.146810613981875684e-03 2.914818028511568983e-03
9.999885540555741859e-01 3.782274545120504691e-03 2.930335163241305513e-03
9.999927820258390776e-01 2.413244594836412051e-03 2.934766502586964778e-03
9.999951673505766969e-01 1.044882897390788865e-03 2.928173906371630154e-03
9.999957139096988801e-01 -3.176874065382755737e-04 2.910660167787775237e-03
9.999944528623624374e-01 -1.669401204901014603e-03 2.882368338435177622e-03
9.999914417971859093e-01 -3.005270093774895391e-03 2.843480904371535785e-03
9.999867634997980925e-01 -4.320400629844096431e-03 2.794218817478656604e-03
9.999805243615693673e-01 -5.610012086824398524e-03 2.734840387050171094e-03
9.999728524584184930e-01 -6.869453649594571901e-03 2.665640037076746124e-03
9.999638953331183577e-01 -8.094220982919224372e-03 2.586946935237306993e-03
9.999538175184891076e-01 -9.279972115065140623e-03 2.499123500096113188e-03
9.999427978422065211e-01 -1.042254258028579850e-02 2.402563793452634246e-03
