1.000000000000000000e+00 0.000000000000000000e+00 0.000000000000000000e+00
9.999931434962258114e-01 1.388584325095010806e-03 -3.432900500399486618e-03
9.999715795845161015e-01 3.132623525279556141e-03 -6.857602904930103910e-03
9.999335436067851024e-01 5.231189336474035070e-03 -1.027341551850883411e-02
9.998769099627021761e-01 7.683257874046069656e-03 -1.367963906857451971e-02
9.997991964240059426e-01 1.048770477390202280e-02 -1.707556580512730252e-02
9.996975689045090041e-01 1.364329966508464297e-02 -2.046047865316018982e-02
9.995688467033517766e-01 1.714870000113424831e-02 -2.383365042339785980e-02
9.994095082405135555e-01 2.100244428030662719e-02 -2.719434308714634499e-02
9.992156973047995328e-01 2.520294468762601658e-02 -3.054180712092703295e-02
9.989832298354849316e-01 2.974847919468263241e-02 -3.387528092641759608e-02
9.987076012594839902e-01 3.463718315605548992e-02 -3.719399033104878183e-02
9.983839944063114258e-01 3.986704044424391885e-02 -4.049714817440722148e-02
9.980072880231874999e-01 4.543587416801458945e-02 -4.378395398536840538e-02
9.975720659124024392e-01 5.134133702210039174e-02 -4.705359375462862120e-02
9.970726267124727649e-01 5.758090131920705346e-02 -5.030523980701788467e-02
9.965029943436877202e-01 6.415184875827295574e-02 -5.353805077765567966e-02
9.958569291373393639e-01 7.105125998586502012e-02 -5.675117169565626479e-02
9.951279396662512378e-01 7.827600401045359257e-02 -5.994373417869855447e-02
9.943092952921572802e-01 8.582272753206424132e-02 -6.311485674134630075e-02
9.933940394430333942e-01 9.368784425242436542e-02 -6.626364521953630182e-02
9.923750036306455691e-01 1.018675242331749387e-01 -6.938919331314569172e-02
9.912448222153583677e-01 1.103576833719682182e-01 -7.249058324800339292e-02
9.899959479216482450e-01 1.191539730682853182e-01 -7.556688655812679456e-02
9.886206681038017807e-01 1.282517701525458242e-01 -7.861716498834286915e-02
9.871111217569633611e-01 1.376461671535071929e-01 -8.164047151679570957e-02
9.854593172640528920e-01 1.473319629800269037e-01 -8.463585149615139580e-02
9.836571508641246409e-01 1.573036540939465877e-01 -8.760234391158941425e-02
9.816964258225149287e-01 1.675554262511189663e-01 -9.053898275292106279e-02
9.795688722776632051e-01 1.780811468873985393e-01 -9.344479849740350286e-02
9.772661677338314590e-01 1.888743582257234599e-01 -9.631881969902805762e-02
9.747799581631291232e-01 1.999282711791985911e-01 -9.916007467925884444e-02
9.721018796743354784e-01 2.112357601233209592e-01 -1.019675933133889073e-01
9.692235807000396663e-01 2.227893586081464983e-01 -1.047404089058719262e-01
9.661367446476615273e-01 2.345812560782652989e-01 -1.074775601471867764e-01
9.628331129540254052e-01 2.466032956649162056e-01 -1.101780931440058120e-01
9.593045084774057818e-01 2.588469731104299232e-01 -1.128410635136754131e-01
9.555428591554099294e-01 2.713034368804392860e-01 -1.154655385332868517e-01
9.515402218517822197e-01 2.839634895139485082e-01 -1.180505993329252767e-01
9.472888063102715694e-01 2.968175902554245349e-01 -1.205953431220442573e-01
9.427809991291670189e-01 3.098558590065876306e-01 -1.230988854373305796e-01
9.380093876660502428e-01 3.230680816285683710e-01 -1.255603623999086982e-01
9.329667837787912754e-01 3.364437166176047489e-01 -1.279789329692930799e-01
9.276462473058986191e-01 3.499719031695243676e-01 -1.303537811811391611e-01
9.220411091870748255e-01 3.636414706399506702e-01 -1.326841183555763637e-01
9.161449941232812089e-01 3.774409493985527164e-01 -1.349691852627350197e-01
9.099518426748209876e-01 3.913585830667948851e-01 -1.372082542320116338e-01
9.034559326959502590e-01 4.053823421196159904e-01 -1.394006311916551610e-01
8.966519000053442268e-01 4.194999388223561998e-01 -1.415456576254064958e-01
8.895347581934077708e-01 4.336988434651445901e-01 -1.436427124331866589e-01
8.820999174699288847e-01 4.479663018479477787e-01 -1.456912136832056726e-01
8.743432024589331553e-01 4.622893539606545144e-01 -1.476906202433551085e-01
8.662608688517935418e-01 4.766548537940236696e-01 -1.496404332803508153e-01
8.578496188346627083e-01 4.910494902091472880e-01 -1.515401976158042008e-01
8.491066152120855248e-01 5.054598087853641175e-01 -1.533895029292177414e-01
8.400294941551826877e-01 5.198722345593891347e-01 -1.551879847988150152e-01
8.306163765100049723e-01 5.342730955618836264e-01 -1.569353255721228357e-01
8.208658776094919229e-01 5.486486470518491254e-01 -1.586312550593111104e-01
8.107771155408411978e-01 5.629850963441598299e-01 -1.602755510434582253e-01
8.003497178289364911e-01 5.772686281213060822e-01 -1.618680396031327018e-01
7.895838265056966954e-01 5.914854301170540118e-01 -1.634085952439548184e-01
7.784801015447069261e-01 6.056217190572782405e-01 -1.648971408371129321e-01
7.670397226501757260e-01 6.196637667417128625e-01 -1.663336473641435498e-01
7.552643893990288460e-01 6.335979261498140280e-01 -1.677181334686298764e-01
7.431563197447030866e-01 6.474106574543331272e-01 -1.690506648168159931e-01
7.307182469008329795e-01 6.610885538275554918e-01 -1.703313532704601174e-01
7.179534146324408894e-01 6.746183669274431471e-01 -1.715603558765462777e-01
7.048655709913417278e-01 6.879870319541040447e-01 -1.727378736797270664e-01
6.914589605411709528e-01 7.011816921710383177e-01 -1.738641503645676489e-01
6.777383151256538563e-01 7.141897227904480117e-01 -1.749394707357929402e-01
6.637088432413750239e-01 7.269987541274578469e-01 -1.759641590457928506e-01
6.493762180833141384e-01 7.395966939343274760e-01 -1.769385771796075368e-01
6.347465643377249167e-01 7.519717488325464716e-01 -1.778631227084860600e-01
6.198264438025006262e-01 7.641124447680182064e-01 -1.787382268238808247e-01
6.046228399199500281e-01 7.760076464222640524e-01 -1.795643521644018359e-01
5.891431413108800808e-01 7.876465755206266683e-01 -1.803419905488039543e-01
5.733951244020190074e-01 7.990188279867223020e-01 -1.810716606285149854e-01
5.573869352411207068e-01 8.101143899008027560e-01 -1.817539054735305692e-01
5.411270705955619764e-01 8.209236522281365689e-01 -1.823892901057048155e-01
5.246243584309027153e-01 8.314374242919273517e-01 -1.829783989935527266e-01
5.078879378657421562e-01 8.416469459735580472e-01 -1.835218335226566355e-01
4.909272386983095093e-01 8.515438986310184255e-01 -1.840202094556368240e-01
4.737519605986146298e-01 8.611204147341473547e-01 -1.844741543954110385e-01
4.563720520577023154e-01 8.703690862227514424e-01 -1.848843052651350793e-01
4.387976891826561587e-01 8.792829716006742569e-01 -1.852513058177940597e-01
4.210392544225471934e-01 8.878556017854393190e-01 -1.855758041879078390e-01
4.031073153065773407e-01 8.960809847391326688e-01 -1.858584504972329021e-01
3.850126032712995472e-01 9.039536089116868567e-01 -1.860998945256957249e-01
3.667659926490705047e-01 9.114684455326556023e-01 -1.863007834580863720e-01
3.483784798848768016e-01 9.186209497919064493e-01 -1.864617597162863127e-01
3.298611630434414854e-01 9.254070609533964209e-01 -1.865834588860084131e-01
3.112252216631312685e-01 9.318232014493323945e-01 -1.866665077462001943e-01
2.924818970077108227e-01 9.378662750045589913e-01 -1.867115224084099356e-01
2.736424727614901742e-01 9.435336638429717704e-01 -1.867191065725497812e-01
2.547182562079471357e-01 9.488232250291424030e-01 -1.866898499046161231e-01
2.357205599265286833e-01 9.537332859991908274e-01 -1.866243265410542085e-01
2.166606840370962073e-01 9.582626393352716709e-01 -1.865230937235873576e-01
1.975498990164252788e-01 9.624105368378966796e-01 -1.863866905674766705e-01
1.783994291063376314e-01 9.661766829497252518e-01 -1.862156369653427956e-01
1.592204363284705770e-01 9.695612275834596394e-01 -1.860104326278694820e-01
1.400240051164015342e-01 9.725647584051285710e-01 -1.857715562619253469e-01
1.208211275718704125e-01 9.751882926223649495e-01 -1.854994648858896145e-01
1.024003583419373781e-01 9.773831120132288053e-01 -1.850308660104286185e-01
8.398516446971417138e-02 9.792197233578949778e-01 -1.845947668670055997e-01
6.557919558183597508e-02 9.807002300260599936e-01 -1.841912874082365648e-01
4.718599098397284475e-02 9.818266172993510565e-01 -1.838205055075206040e-01
2.880899344818026522e-02 9.826007490957306967e-01 -1.834824574843807454e-01
1.045156296421450443e-02 9.830243654955169719e-01 -1.831771386081062769e-01
-7.883009575075563408e-03 9.830990810537947322e-01 -1.829045035780488548e-01
-2.619148878274355635e-02 9.828263838842368205e-01 -1.826644669793803522e-01
-4.447068130835682420e-02 9.822076354996751579e-01 -1.824569037135644334e-01
-6.271742251640952115e-02 9.812440713951338100e-01 -1.822816494032249712e-01
-8.092856333786685452e-02 9.799368023594391408e-01 -1.821385007715149718e-01
-9.910095731949740416e-02 9.782868165019332762e-01 -1.820272159964965164e-01
-1.172314478951550498e-01 9.762949819812158925e-01 -1.819475150414386067e-01
-1.353168559028472828e-01 9.739620504232041620e-01 -1.818990799623228238e-01
-1.533539673712635831e-01 9.712886610161143297e-01 -1.818815551942186692e-01
-1.713395215994263088e-01 9.682753452702135277e-01 -1.818945478185490794e-01
-1.892701995532559966e-01 9.649225324303452034e-01 -1.819376278136142777e-01
-2.071426126031003789e-01 9.612305555292869341e-01 -1.820103282910760512e-01
-2.249532916266493432e-01 9.571996580699335677e-01 -1.821121457214262551e-01
-2.426986765021298120e-01 9.528300013241014499e-01 -1.822425401517712706e-01
-2.603751060172313503e-01 9.481216722354084414e-01 -1.824009354195588184e-01
-2.779788082198371701e-01 9.430746919131853812e-01 -1.825867193661522836e-01
-2.955058912373072499e-01 9.376890247037080739e-01 -1.827992440544224939e-01
-3.129523345917635813e-01 9.319645878241993309e-01 -1.830378259947730846e-01
-3.303139810395402942e-01 9.259012615440240790e-01 -1.833017463842457062e-01
-3.475865289636622668e-01 9.194988998962881910e-01 -1.835902513635609135e-01
-3.647655253488846783e-01 9.127573419016451473e-01 -1.839025522971395321e-01
-3.818463593694378932e-01 9.056764232845112561e-01 -1.842378260813158641e-01
-3.988242566201550821e-01 8.982559886600934851e-01 -1.845952154860961425e-01
-4.156942740220885835e-01 8.904959041686439924e-01 -1.849738295359304729e-01
-4.324512954340217208e-01 8.823960705311717501e-01 -1.853727439350535411e-01
-4.490900280014295531e-01 8.739564364984810929e-01 -1.857910015430048467e-01
-4.656049992744105137e-01 8.651770126628678392e-01 -1.862276129059611818e-01
-4.819905551258742982e-01 8.560578855991056724e-01 -1.866815568495008848e-01
-4.982408585008080149e-01 8.465992322985071983e-01 -1.871517811383677232e-01
-5.143498890267235168e-01 8.368013348568704712e-01 -1.876372032087095520e-01
-5.303114435143946315e-01 8.266645953740342501e-01 -1.881367109781322267e-01
-5.461191373767005919e-01 8.161895510195951164e-01 -1.886491637387285036e-01
-5.617664069917766012e-01 8.053768892161107251e-01 -1.891733931380138456e-01
-5.772465130347210760e-01 7.942274628878545073e-01 -1.897082042524244061e-01
-5.925525447998020168e-01 7.827423057199306422e-01 -1.902523767577042890e-01
-6.076774255324259855e-01 7.709226473693464587e-01 -1.908046662001295912e-01
-6.226139187870771696e-01 7.587699285664976090e-01 -1.913638053720828347e-01
-6.373546358239863263e-01 7.462858160425065446e-01 -1.919285057950052553e-01
-6.518920440534555771e-01 7.334722172149961139e-01 -1.924974593122128208e-01
-6.662184765325349645e-01 7.203312945622328822e-01 -1.930693397934682976e-01
-6.803261425141373664e-01 7.068654796131794704e-01 -1.936428049525553419e-01
-6.942071390436924672e-01 6.930774864789019940e-01 -1.942164982784032046e-01
-7.078534635930961993e-01 6.789703248490384091e-01 -1.947890510795661501e-01
-7.212570277160361698e-01 6.645473123756870937e-01 -1.953590846410716841e-01
-7.344096717027843724e-01 6.498120863661808189e-01 -1.959252124918201277e-01
-7.473031802062904960e-01 6.347686147058024808e-01 -1.964860427798512665e-01
-7.599292988049123343e-01 6.194212059316330787e-01 -1.970401807518948056e-01
-7.722797514604399227e-01 6.037745183794283044e-01 -1.975862313326985642e-01
-7.843462588232488208e-01 5.878335683267428280e-01 -1.981228017986874090e-01
-7.961205573295229154e-01 5.716037370574891252e-01 -1.986485045395551541e-01
-8.075944190285732072e-01 5.550907767757610189e-01 -1.991619599004391949e-01
-8.187596720714185317e-01 5.383008153000856666e-01 -1.996617990963830969e-01
-8.296082217850568874e-01 5.212403594733125978e-01 -2.001466671898645133e-01
-8.401320722503178295e-01 5.039162972281030495e-01 -2.006152261212654220e-01
-8.504348652552153887e-01 4.873797486090151176e-01 -1.980442449255596649e-01
-8.602767358841346690e-01 4.708827592352735625e-01 -1.954312335632241715e-01
-8.696658056213364407e-01 4.544430396560803498e-01 -1.927768463748721905e-01
-8.786106937117043048e-01 4.380778109358068884e-01 -1.900817789134804092e-01
-8.871204847451392705e-01 4.218037896591653180e-01 -1.873467660392069412e-01
-8.952046957498738244e-01 4.056371748256815679e-01 -1.845725798555769015e-01
-9.028732429158380368e-01 3.895936366426882014e-01 -1.817600275068827487e-01
-9.101364080692192493e-01 3.736883072158567187e-01 -1.789099488568106633e-01
-9.170048050183895461e-01 3.579357731261947340e-01 -1.760232140683027635e-01
-9.234893458894608553e-01 3.423500698725431279e-01 -1.731007211045062222e-01
-9.296012075669103369e-01 3.269446781490309983e-01 -1.701433931703524305e-01
-9.353517983510625244e-01 3.117325219177687345e-01 -1.671521761138630158e-01
-9.407527249397769076e-01 2.967259682283688860e-01 -1.641280358057068955e-01
-9.458157598365499741e-01 2.819368287277498331e-01 -1.610719555148443227e-01
-9.505528092814727881e-01 2.673763627961638911e-01 -1.579849332973035647e-01
-9.549758817951790046e-01 2.530552822385463418e-01 -1.548679794142569510e-01
-9.590970574191557407e-01 2.389837574541467113e-01 -1.517221137946076215e-01
-9.629284577286589819e-01 2.251714250020049601e-01 -1.485483635562808158e-01
-9.664822166870692399e-01 2.116273964751909653e-01 -1.453477605993460375e-01
-9.697704524029229223e-01 1.983602685928421705e-01 -1.421213392829932531e-01
-9.728052398431492609e-01 1.853781344159088074e-01 -1.388701341972574943e-01
-9.755985845483106100e-01 1.726885955901361902e-01 -1.355951780392452288e-01
-9.781623973879617351e-01 1.602987755181596308e-01 -1.322974996024735561e-01
-9.805084703866865370e-01 1.482153333616317292e-01 -1.289781218867983026e-01
-9.826484536439995532e-01 1.364444787740100862e-01 -1.256380603352903469e-01
-9.845938333641776063e-01 1.249919872649669361e-01 -1.222783212033284606e-01
-9.863559110052670942e-01 1.138632160982977759e-01 -1.188999000641190740e-01
-9.879457835500392582e-01 1.030631206266555827e-01 -1.155037804538349977e-01
-9.893743248955831904e-01 9.259627096837277915e-02 -1.120909326585915605e-01
-9.906521683525613131e-01 8.246686893400245744e-02 -1.086623126445545595e-01
-9.917896902399391257e-01 7.267876511296329778e-02 -1.052188611316027533e-01
-9.927969945562526988e-01 6.323547603375598292e-02 -1.017615028101512831e-01
-9.936838987042135862e-01 5.414020131458390644e-02 -9.829114569998281814e-02
-9.944599202416777306e-01 4.539584072480637444e-02 -9.480868064923145266e-02
-9.951342646287268945e-01 3.700501108143285783e-02 -9.131498097102025424e-02
-9.957158139378243789e-01 2.897006290878583259e-02 -8.781090221466658630e-02
-9.962131164917100712e-01 2.129309679347669154e-02 -8.429728206783863864e-02
-9.966343773918793225e-01 1.397597937091440458e-02 -8.077494038557009315e-02
-9.969874498991355694e-01 7.020358883665492322e-03 -7.724467934161589888e-02
-9.972798276267987871e-01 4.276802560743845141e-04 -7.370728369725754181e-02
-9.972628773574947481e-01 -7.187479319807781909e-03 -7.358732741951626299e-02
-9.971889479216662355e-01 -1.478905575888354168e-02 -7.345397976240906901e-02
-9.970583689847152264e-01 -2.237523583240147093e-02 -7.330729041800732038e-02
-9.968715139852589724e-01 -2.994421733593611440e-02 -7.314731451939174289e-02
-9.966287996269251881e-01 -3.749421042190810571e-02 -7.297411257808607277e-02
-9.963306853173239386e-01 -4.502343890849316854e-02 -7.278775041464977114e-02
-9.959776725554811971e-01 -5.253014156258969947e-02 -7.258829908260253094e-02
-9.955703042691302906e-01 -6.001257335459471431e-02 -7.237583478586830099e-02
-9.951091641033675828e-01 -6.746900668282422575e-02 -7.215043878994123472e-02
-9.945948756622805531e-01 -7.489773256550663616e-02 -7.191219732698958533e-02
-9.940281017052541301e-01 -8.229706179837543989e-02 -7.166120149512685000e-02
-9.934095432997499531e-01 -8.966532607599056459e-02 -7.139754715209120639e-02
-9.927399389324387258e-01 -9.700087907502513707e-02 -7.112133480358591442e-02
-9.920200635806419864e-01 -1.043020974978663556e-01 -7.083266948654344530e-02
-9.912507277461086730e-01 -1.115673820749943645e-01 -7.053166064758573106e-02
-9.904327764532160350e-01 -1.187951585247216252e-01 -7.021842201696111563e-02
-9.895670882137388435e-01 -1.259838784689965574e-01 -6.989307147824636024e-02
-9.886545739603781469e-01 -1.331320203040985140e-01 -6.955573093410821750e-02
-9.876961759512823402e-01 -1.402380900251762319e-01 -6.920652616842498661e-02
-9.866928666478248511e-01 -1.473006220037081648e-01 -6.884558670507241740e-02
-9.860852955524380681e-01 -1.529637990266856651e-01 -6.509890339700338813e-02
-9.854926436450219818e-01 -1.582415662970894366e-01 -6.135028243532985454e-02
-9.849210229960614349e-01 -1.631342614210496422e-01 -5.760028077980670208e-02
-9.843760998474647694e-01 -1.676422784461729376e-01 -5.384943509056779043e-02
-9.838630938516532698e-01 -1.717660551704042193e-01 -5.009826324241282297e-02
-9.833867776498663726e-01 -1.755060614839086264e-01 -4.634726591253115341e-02
-9.829514767448832568e-01 -1.788627887578004283e-01 -4.259692823430190345e-02
-9.825610696272888411e-01 -1.818367402909786268e-01 -3.884772150991885192e-02
-9.822189881184908433e-01 -1.844284228240044565e-01 -3.510010497469740615e-02
-9.819282178979106268e-01 -1.866383391268504055e-01 -3.135452760602608357e-02
-9.816912991860998750e-01 -1.884669816654426511e-01 -2.761142997002306171e-02
-9.815103275599479371e-01 -1.899148273501815865e-01 -2.387124609904663075e-02
-9.813869548806315457e-01 -1.909823333680329693e-01 -2.013440539328435058e-02
-9.813223903194953079e-01 -1.916699340983060718e-01 -1.640133453970750443e-02
-9.813174014716179450e-01 -1.919780391108479867e-01 -1.267245944172337192e-02
-9.813723155514040286e-01 -1.919070322440532272e-01 -8.948207152886980542e-03
-9.814870206691230781e-01 -1.914572717587872952e-01 -5.229007808045513239e-03
-9.816609671918811175e-01 -1.906290915630208804e-01 -1.515296545282337256e-03
-9.818931691970409492e-01 -1.894228035006381428e-01 2.192484587996121597e-03
-9.821822060305843705e-01 -1.878387006964893913e-01 5.893884751528107382e-03
-9.822988708704740723e-01 -1.872172855943833036e-01 6.214294923321327796e-03
-9.824212286837684660e-01 -1.865632570666910517e-01 6.533126701386096982e-03
-9.825491852756443878e-01 -1.858767676053842688e-01 6.850326950180407777e-03
-9.826826427251044160e-01 -1.851579746712861685e-01 7.165842815062149242e-03
-9.828214994617212596e-01 -1.844070406890100655e-01 7.479621728049644543e-03
-9.829656503446466687e-01 -1.836241330419557671e-01 7.791611413692472142e-03
-9.831149867438392365e-01 -1.828094240673119597e-01 8.101759895055831578e-03
-9.832693966234640204e-01 -1.819630910510110777e-01 8.410015499821427154e-03
-9.834287646274150196e-01 -1.810853162225823654e-01 8.716326866507530594e-03
-9.835929721669117720e-01 -1.801762867498478138e-01 9.020642950810585370e-03
-9.837618975101177776e-01 -1.792361947334049077e-01 9.322913032070364106e-03
-9.839354158737304568e-01 -1.782652372008390329e-01 9.623086719860424187e-03
-9.841133995164875747e-01 -1.772636161006081734e-01 9.921113960705220738e-03
-9.842957178345368430e-01 -1.762315382955415011e-01 1.021694504492496464e-02
-9.844822374586119640e-01 -1.751692155558933206e-01 1.051053061360893333e-02
-9.846728223529583879e-01 -1.740768645518931401e-01 1.080182166571764038e-02
-9.848673339159502715e-01 -1.729547068457328585e-01 1.109076956531391926e-02
-9.850656310823386885e-01 -1.718029688829311175e-01 1.137732604892263515e-02
-9.852675704270704715e-01 -1.706218819830155331e-01 1.166144323301840889e-02
-9.854730062706151816e-01 -1.694116823294631313e-01 1.194307362164039391e-02
-9.856817907857359229e-01 -1.681726109588395357e-01 1.222217011413279097e-02
-9.858937741056404969e-01 -1.669049137490776213e-01 1.249868601300947041e-02
-9.861088044334453961e-01 -1.656088414068367376e-01 1.277257503194071178e-02
-9.863267281528856900e-01 -1.642846494538841851e-01 1.304379130385973674e-02
-9.865473899402020797e-01 -1.629325982124407990e-01 1.331228938918637208e-02
-9.867706328771349567e-01 -1.615529527894334627e-01 1.357802428416486282e-02
-9.869962985649542997e-01 -1.601459830595979572e-01 1.384095142931248724e-02
-9.872242272394526896e-01 -1.587119636473764694e-01 1.410102671797532591e-02
-9.874542578868282794e-01 -1.572511739075549142e-01 1.435820650498720666e-02
-9.876862283603821124e-01 -1.557638979045864458e-01 1.461244761542751860e-02
-9.879199754979539616e-01 -1.542504243905483963e-01 1.486370735347327006e-02
-9.881553352400201939e-01 -1.527110467816816530e-01 1.511194351134046918e-02
-9.883921427483742805e-01 -1.511460631334620719e-01 1.535711437830958835e-02
-9.886302325253114587e-01 -1.495557761141555198e-01 1.559917874982958211e-02
-9.888694385332367220e-01 -1.479404929768096955e-01 1.583809593669462112e-02
-9.891095943146148706e-01 -1.463005255296370988e-01 1.607382577428745005e-02
-9.893505331121809077e-01 -1.446361901047454324e-01 1.630632863188297837e-02
-9.895920879893265187e-01 -1.429478075251738312e-01 1.653556542200544308e-02
-9.898340919505792534e-01 -1.412357030701945071e-01 1.676149760983223352e-02
-9.900763780620903676e-01 -1.395002064388421448e-01 1.698408722263724038e-02
-9.903187795720441722e-01 -1.377416517116349381e-01 1.720329685926628299e-02
-9.905611300309039580e-01 -1.359603773104533231e-01 1.741908969963703105e-02
-9.908032634114073423e-01 -1.341567259565449588e-01 1.763142951425554147e-02
-9.910450142282237751e-01 -1.323310446266264817e-01 1.784028067374137522e-02
-9.912862176571862749e-01 -1.304836845070550810e-01 1.804560815835302978e-02
-9.915267096540096858e-01 -1.286150009460453603e-01 1.824737756750527060e-02
-9.917663270724063063e-01 -1.267253534039092522e-01 1.844555512926973964e-02
-9.920049077815105143e-01 -1.248151054012995864e-01 1.864010770985008100e-02
-9.922422907825241278e-01 -1.228846244654401704e-01 1.883100282302270848e-02
-9.924783163244924600e-01 -1.209342820743282282e-01 1.901820863953412530e-02
-9.927128260191231401e-01 -1.189644535988974017e-01 1.920169399644569216e-02
-9.929456629545579949e-01 -1.169755182431325702e-01 1.938142840641655928e-02
-9.931766718080107248e-01 -1.149678589821301472e-01 1.955738206691541928e-02
-9.934056989571803387e-01 -1.129418624981007591e-01 1.972952586935167521e-02
-9.936325925903539691e-01 -1.108979191143136395e-01 1.989783140811653833e-02
-9.938572028151106963e-01 -1.088364227269851686e-01 2.006227098952451798e-02
-9.940793817655398934e-01 -1.067577707351167748e-01 2.022281764064580781e-02
-9.942989837078879400e-01 -1.046623639682903728e-01 2.037944511801992667e-02
-9.945158651445474840e-01 -1.025506066124323018e-01 2.053212791624114270e-02
-9.947298849163053180e-01 -1.004229061335597528e-01 2.068084127640606312e-02
-9.949409043027648281e-01 -9.827967319952653213e-02 2.082556119441395306e-02
-9.951487871208608560e-01 -9.612132159978782620e-02 2.096626442911025956e-02
-9.953533998213854872e-01 -9.394826816320671348e-02 2.110292851026401850e-02
-9.955546115834450482e-01 -9.176093267392784747e-02 2.123553174636979082e-02
-9.957522944067693782e-01 -8.955973778534669083e-02 2.136405323226493042e-02
-9.959463232017963241e-01 -8.734510893220545635e-02 2.148847285655310427e-02
-9.961365758774562984e-01 -8.511747424084978308e-02 2.160877130882506159e-02
-9.963229334265827353e-01 -8.287726443768285434e-02 2.172493008666787767e-02
-9.965052800088762819e-01 -8.062491275585634276e-02 2.183693150245395384e-02
-9.966835030313532240e-01 -7.836085484024042647e-02 2.194475868990131487e-02
-9.968574932262090904e-01 -7.608552865071749327e-02 2.204839561039690851e-02
-9.970271447260323772e-01 -7.379937436384688410e-02 2.214782705907478166e-02
-9.971923551363037763e-01 -7.150283427295042737e-02 2.224303867064126444e-02
-9.973530256051194032e-01 -6.919635268667102823e-02 2.233401692493952248e-02
-9.975090608900794020e-01 -6.688037582605890763e-02 2.242074915224606668e-02
-9.976603694222840879e-01 -6.455535172024225166e-02 2.250322353829205257e-02
-9.978068633673841115e-01 -6.222173010074147359e-02 2.258142912900252056e-02
-9.979484586836327997e-01 -5.987996229448824120e-02 2.265535583494696428e-02
-9.980850751768918228e-01 -5.753050111561242713e-02 2.272499443549493361e-02
-9.982166365525433349e-01 -5.517380075606223566e-02 2.279033658267067344e-02
-9.983309871824207482e-01 -5.142572791712042568e-02 2.627995012810565786e-02
-9.984366004206919332e-01 -4.731638784869071634e-02 2.975761480755591964e-02
-9.985291142102741269e-01 -4.284701662594003063e-02 3.322262057757555814e-02
-9.986038051895291812e-01 -3.801896380714333418e-02 3.667424096141239792e-02
-9.986555953924087792e-01 -3.283370284557367291e-02 4.011173230871610540e-02
-9.986790595335233167e-01 -2.729284208687405774e-02 4.353433315179464080e-02
-9.986684329121883197e-01 -2.139813630572648395e-02 4.694126366439642373e-02
-9.986176199697407441e-01 -1.515149873204357615e-02 5.033172522879732214e-02
-9.985202035342561899e-01 -8.555013513247462092e-03 5.370490011673718228e-02
-9.983694547862168589e-01 -1.610948555489584086e-03 5.705995128947746742e-02
-9.981583439776545719e-01 5.678231317071738386e-03 6.039602232193602011e-02
-9.978795519358140131e-01 1.330985094955316507e-02 6.371223745549474404e-02
-9.975254823804223792e-01 2.128101125850382844e-02 6.700770178366774465e-02
-9.970882750812098960e-01 2.958857552088245413e-02 7.028150157435977818e-02
-9.965598198793859108e-01 3.822915562531488398e-02 7.353270473193528056e-02
-9.959317715933366788e-01 4.719909836445547457e-02 7.676036140175587774e-02
-9.951955658248679004e-01 5.649447185043812020e-02 7.996350471922809844e-02
-9.943424356778776119e-01 6.611105213831601490e-02 8.314115170473354577e-02
-9.933634293964180850e-01 7.604431014500222241e-02 8.629230430509055028e-02
-9.922494289237068221e-01 8.628939895348358702e-02 8.941595058142218222e-02
-9.914353365746393365e-01 9.546812757878965494e-02 8.911684349900185487e-02
-9.905410175371465176e-01 1.046072777764016082e-01 8.880209343269077071e-02
-9.895675850515841532e-01 1.137045728333444528e-01 8.847184023783306872e-02
-9.885162103719291604e-01 1.227577737716688266e-01 8.812623100604521920e-02
-9.873881210860215862e-01 1.317646811395287998e-01 8.776541984634041171e-02
-9.861845993689954959e-01 1.407231367187805893e-01 8.738956765747635247e-02
-9.849069801744931851e-01 1.496310251464118279e-01 8.699884189214034114e-02
-9.835566493683649547e-01 1.584862754473990443e-01 8.659341631359988856e-02
-9.821350418096436163e-01 1.672868624768830970e-01 8.617347074545886332e-02
-9.806436393836507337e-01 1.760308082698465171e-01 8.573919081516835627e-02
-9.790839689921420064e-01 1.847161832967718631e-01 8.529076769194807173e-02
-9.774576005054275152e-01 1.933411076240550697e-01 8.482839781977823124e-02
-9.757661446814145378e-01 2.019037519782407031e-01 8.435228264612354421e-02
-9.740112510565144266e-01 2.104023387134359158e-01 8.386262834705013325e-02
-9.721946058133275059e-01 2.188351426815456358e-01 8.335964554939293003e-02
-9.703179296299812018e-01 2.272004920052517474e-01 8.284354905062592256e-02
-9.683829755159342190e-01 2.354967687539322452e-01 8.231455753707969669e-02
-9.663915266389876413e-01 2.437224095229828802e-01 8.177289330114108357e-02
-9.643453941481521241e-01 2.518759059172607229e-01 8.121878195805799783e-02
-9.622464149969167657e-01 2.599558049396170079e-01 8.065245216295886810e-02
-9.600964497713477819e-01 2.679607092857244632e-01 8.007413532868053185e-02
-9.578973805273151010e-01 2.758892775466302849e-01 7.948406534498154985e-02
-9.556511086410023337e-01 2.837402243206816888e-01 7.888247829969924352e-02
-9.533595526767055794e-01 2.915123202366722288e-01 7.826961220238864980e-02
-9.510246462757631081e-01 2.992043918902486666e-01 7.764570671096047982e-02
-9.486483360702887557e-01 3.068153216957933971e-01 7.701100286181282450e-02
-9.462325796252055721e-01 3.143440476561619734e-01 7.636574280392788294e-02
-9.437793434118897373e-01 3.217895630528046502e-01 7.571016953738084199e-02
-9.412906008165491389e-01 3.291509160589367600e-01 7.504452665668323585e-02
-9.387683301862644880e-01 3.364272092785455248e-01 7.436905809935749623e-02
-9.362145129154267886e-01 3.436175992141289881e-01 7.368400790011363222e-02
-9.336311315751031348e-01 3.507212956661574510e-01 7.298961995097266731e-02
-9.310201680876645236e-01 3.577375610673294570e-01 7.228613776765500931e-02
-9.283836019488068692e-01 3.646657097547618132e-01 7.157380426252558936e-02
-9.257234084988957834e-01 3.715051071833079810e-01 7.085286152436094664e-02
-9.230415572453666284e-01 3.782551690832417490e-01 7.012355060517740102e-02
-9.203400102377130576e-01 3.849153605655723509e-01 6.938611131433317092e-02
-9.176207204964014208e-01 3.914851951782747363e-01 6.864078202009178675e-02
-9.148856304968590036e-01 3.979642339167262510e-01 6.788779945880878131e-02
-9.121366707094930026e-01 4.043520841916351527e-01 6.712739855187906113e-02
-9.093757581965168368e-01 4.106483987577316808e-01 6.635981223055814615e-02
-9.066047952661805409e-01 4.168528746064681378e-01 6.558527126874705293e-02
-9.038256681848295671e-01 4.229652518259391369e-01 6.480400412380790676e-02
-9.010402459470503445e-01 4.289853124311914789e-01 6.401623678545548257e-02
-8.982503791039998520e-01 4.349128791680406669e-01 6.322219263274882206e-02
-8.954578986498635818e-01 4.407478142934539989e-01 6.242209229918672247e-02
-8.926646149662390561e-01 4.464900183354935104e-01 6.161615354589199123e-02
-8.898723168241027270e-01 4.521394288357413194e-01 6.080459114285065303e-02
-8.870827704428860816e-01 4.576960190770515413e-01 5.998761675815521277e-02
-8.842977186060624328e-01 4.631597967993918985e-01 5.916543885518468077e-02
-8.815188798325277464e-01 4.685308029064493840e-01 5.833826259763868344e-02
-8.787479476029507186e-01 4.738091101655855786e-01 5.750628976232869533e-02
-8.759865896401646257e-01 4.789948219036314625e-01 5.666971865961603627e-02
-8.732364472425795388e-01 4.840880707009155293e-01 5.582874406137411372e-02
-8.704991346695074572e-01 4.890890170858197550e-01 5.498355713634085068e-02
-8.677762385772122000e-01 4.939978482320565023e-01 5.413434539271709534e-02
-8.650693175044261718e-01 4.988147766607585187e-01 5.328129262785739201e-02
-8.623799014060097301e-01 5.035400389493694950e-01 5.242457888489100715e-02
-8.597094912333725913e-01 5.081738944492210086e-01 5.156438041610370698e-02
-8.570595585602246436e-01 5.127166240135777597e-01 5.070086965290422631e-02
-8.544315452521817900e-01 5.171685287378292584e-01 4.983421518219349755e-02
-8.518268631787118128e-01 5.215299287134057549e-01 4.896458172895007399e-02
-8.492468939658760485e-01 5.258011617968946227e-01 4.809213014484092774e-02
-8.466929887882972405e-01 5.299825823957328153e-01 4.721701740266365938e-02
-8.441664681987621766e-01 5.340745602717552609e-01 4.633939659642358211e-02
-8.416686219938553926e-01 5.380774793637823628e-01 4.545941694684729056e-02
-8.392007091140104569e-01 5.419917366303350637e-01 4.457722381213327645e-02
-8.367639575763600179e-01 5.458177409134777891e-01 4.369295870373949425e-02
-8.343595644387680199e-01 5.495559118246972075e-01 4.280675930700802295e-02
-8.319886957934299332e-01 5.532066786536431469e-01 4.191875950642744847e-02
-8.296524867884378374e-01 5.567704793004711883e-01 4.102908941533490311e-02
-8.273520416757174090e-01 5.602477592324498490e-01 4.013787540986124558e-02
-8.250884338837617404e-01 5.636389704654168886e-01 3.924524016692498146e-02
-8.228627061136049026e-01 5.669445705705957739e-01 3.835130270608308467e-02
-8.206758704565016993e-01 5.701650217072139482e-01 3.745617843504968347e-02
-8.185289085318029345e-01 5.733007896812973847e-01 3.655997919869683616e-02
-8.164227716435462634e-01 5.763523430309519524e-01 3.566281333135519482e-02
-8.143583809543087915e-01 5.793201521383813946e-01 3.476478571223605429e-02
-8.123366276749032222e-01 5.822046883688372088e-01 3.386599782380045331e-02
-8.103583732685287755e-01 5.850064232366385397e-01 3.296654781290515868e-02
-8.084244496680278447e-01 5.877258275983535674e-01 3.206653055455985918e-02
-8.065356595049326671e-01 5.903633708731842455e-01 3.116603771813448304e-02
-8.046927763490253627e-01 5.929195202905537254e-01 3.026515783586027422e-02
-8.028965449571742186e-01 5.953947401648549409e-01 2.936397637347307188e-02
-8.011476815302477350e-01 5.977894911972816416e-01 2.846257580285216013e-02
-7.994468739769498011e-01 6.001042298046282975e-01 2.756103567651305153e-02
-7.977947821834588948e-01 6.023394074749128801e-01 2.665943270381744556e-02
-7.961920382877979430e-01 6.044954701496509930e-01 2.575784082876875561e-02
-7.946392469579004469e-01 6.065728576325798427e-01 2.485633130926645507e-02
-7.931369856723834433e-01 6.085720030246101198e-01 2.395497279769755530e-02
-7.916858050030775029e-01 6.104933321847632044e-01 2.305383142274842340e-02
-7.902862288984080497e-01 6.123372632168311291e-01 2.215297087232500142e-02
-7.889387549667625787e-01 6.141042059814830756e-01 2.125245247747433244e-02
-7.876438547590208783e-01 6.157945616335279704e-01 2.035233529720494386e-02
-7.864019740494672117e-01 6.174087221840306450e-01 1.945267620410832954e-02
-7.852135331143429431e-01 6.189470700869719177e-01 1.855352997068820953e-02
-7.840789270073414974e-01 6.204099778501337425e-01 1.765494935630866624e-02
-7.829985258313841845e-01 6.217978076698863488e-01 1.675698519467651304e-02
-7.819726750060591591e-01 6.231109110895510783e-01 1.585968648177736237e-02
-7.810016955301410935e-01 6.243496286810092943e-01 1.496310046418881240e-02
-7.800858842386513281e-01 6.255142897492290688e-01 1.406727272769805331e-02
-7.792255140539536828e-01 6.266052120593819108e-01 1.317224728615479408e-02
-7.784208342304196337e-01 6.276227015862237968e-01 1.227806667049396137e-02
-7.776720705922338661e-01 6.285670522854190923e-01 1.138477201786593750e-02
-7.769794257639462964e-01 6.294385458864910632e-01 1.049240316081526646e-02
-7.763430793934132934e-01 6.302374517070878923e-01 9.600998716451777590e-03
-7.757631883668042461e-01 6.309640264882609983e-01 8.710596175560848115e-03
-7.752398870153862642e-01 6.316185142504597838e-01 7.821231991602208000e-03
-7.747732873138308829e-01 6.322011461699547086e-01 6.932941669549118162e-03
-7.743634790698212811e-01 6.327121404754129097e-01 6.045759854522042911e-03
-7.740105301047706110e-01 6.331517023643558062e-01 5.159720420173027032e-03
-7.737144864254933418e-01 6.335200239392434485e-01 4.274856556778911659e-03
-7.734753723867038300e-01 6.338172841629379217e-01 3.391200859003239663e-03
-7.732931908442455260e-01 6.340436488333108800e-01 2.508785413288268980e-03
-7.731679232989857598e-01 6.341992705767707239e-01 1.627641884839871062e-03
-7.730995300313399099e-01 6.342842888604990348e-01 7.478016041692955168e-04
-7.730879502264185188e-01 6.342988300231944265e-01 -1.307043468432070830e-04
-7.731331020898182249e-01 6.342430073241368538e-01 -1.007845049397070036e-03
-7.732348829541071389e-01 6.341169210103956289e-01 -1.883589662765896167e-03
-7.733931693760830450e-01 6.339206584020167234e-01 -2.757907339870740472e-03
-7.736078172249080120e-01 6.336542939950371434e-01 -3.630767143464856336e-03
-7.738786617612533059e-01 6.333178895821843790e-01 -4.502137962962397127e-03
-7.742055177076119232e-01 6.329114943911321456e-01 -5.371988431943568870e-03
-7.745881793099651524e-01 6.324351452401917317e-01 -6.240286846368865888e-03
-7.750264203910128824e-01 6.318888667113310431e-01 -7.107001083535346118e-03
-7.755199943952055808e-01 6.312726713404226420e-01 -7.972098521808334767e-03
-7.760686344258391767e-01 6.305865598246307435e-01 -8.835545961162564674e-03
-7.766720532745006178e-01 6.298305212468570113e-01 -9.697309544567489503e-03
-7.773299434431759636e-01 6.290045333171720987e-01 -1.055735468025238537e-02
-7.780419771593578560e-01 6.281085626311685433e-01 -1.141564596488788171e-02
-7.788078063845127463e-01 6.271425649451760620e-01 -1.227214710772166206e-02
-7.796270628162946803e-01 6.261064854682868441e-01 -1.312682085570736519e-02
-7.804993578849129809e-01 6.250002591711432132e-01 -1.397962891966707775e-02
-7.814242827440879280e-01 6.238238111114439155e-01 -1.483053190152926540e-02
-7.824014082570500683e-01 6.225770567761284013e-01 -1.567948922268561432e-02
-7.834302849780634403e-01 6.212599024402007952e-01 -1.652645905351187924e-02
-7.845104431299741998e-01 6.198722455421553645e-01 -1.737139824409965339e-02
-7.856413925783113372e-01 6.184139750759659604e-01 -1.821426225624778530e-02
-7.868226228024856050e-01 6.168849719995999070e-01 -1.905500509676408272e-02
-7.880536028646583091e-01 6.152851096600140401e-01 -1.989357925212999201e-02
-7.893337813768707134e-01 6.136142542345878192e-01 -2.072993562458289030e-02
-7.906625864670474568e-01 6.118722651889412223e-01 -2.156402346967279879e-02
-7.920394257445091402e-01 6.100589957510808015e-01 -2.239579033535243555e-02
-7.934636862656492262e-01 6.081742934018078417e-01 -2.322518200266167690e-02
-7.949347345004501575e-01 6.062180003813129048e-01 -2.405214242806967204e-02
-7.964519163005353564e-01 6.041899542118720490e-01 -2.487661368754010352e-02
-7.980145568694709812e-01 6.020899882365458033e-01 -2.569853592238719939e-02
-7.996219607360511850e-01 5.999179321737685422e-01 -2.651784728699236801e-02
-8.012734117313184967e-01 5.976736126877015831e-01 -2.733448389845341900e-02
-8.029681729700888226e-01 5.953568539742045695e-01 -2.814837978824049486e-02
-8.047054868377653269e-01 5.929674783622632672e-01 -2.895946685593490597e-02
-8.064845749832437738e-01 5.905053069306893665e-01 -2.976767482512909443e-02
-8.083046383187248995e-01 5.879701601398887867e-01 -3.057293120156786767e-02
-8.101648570272644845e-01 5.853618584784693324e-01 -3.137516123361294013e-02
-8.120643905789028949e-01 5.826802231244351260e-01 -3.217428787511453225e-02
-8.140023777562304108e-01 5.799250766206875962e-01 -3.297023175077553464e-02
-8.159779366902517594e-01 5.770962435645260458e-01 -3.376291112409507411e-02
-8.179901649074250436e-01 5.741935513108094025e-01 -3.455224186797991454e-02
-8.200381393887565817e-01 5.712168306884111146e-01 -3.533813743811316938e-02
-8.221209166418398384e-01 5.681659167295656232e-01 -3.612050884917096527e-02
-8.242375327867309531e-01 5.650406494116700928e-01 -3.689926465397848354e-02
-8.263870036565563737e-01 5.618408744110703346e-01 -3.767431092569749340e-02
-8.285683249137496542e-01 5.585664438683227706e-01 -3.844555124313795563e-02
-8.307804721828124794e-01 5.552172171643848797e-01 -3.921288667928637950e-02
-8.330224012004930900e-01 5.517930617071477029e-01 -3.997621579314371287e-02
-8.352930479842699540e-01 5.482938537276834667e-01 -4.073543462496509449e-02
-8.375913290200210914e-01 5.447194790855381941e-01 -4.149043669499326986e-02
-8.399161414697504657e-01 5.410698340823570929e-01 -4.224111300577659822e-02
-8.422663634002297561e-01 5.373448262830873290e-01 -4.298735204816132860e-02
-8.446408540334010562e-01 5.335443753439562675e-01 -4.372903981104628995e-02
-8.470384540193670597e-01 5.296684138463794156e-01 -4.446605979498632899e-02
-8.494579857327760886e-01 5.257168881359058910e-01 -4.519829302972857427e-02
-8.518982535933878886e-01 5.216897591652632782e-01 -4.592561809576296838e-02
-8.543580444115778105e-01 5.175870033405164383e-01 -4.664791114996563737e-02
-8.568361277595115677e-01 5.134086133693090970e-01 -4.736504595541024543e-02
-8.593312563686884564e-01 5.091545991101098512e-01 -4.807689391541870860e-02
-8.618421665545181742e-01 5.048249884213382721e-01 -4.878332411191856760e-02
-8.643675786685575124e-01 5.004198280092002626e-01 -4.948420334816960864e-02
-8.669061975789924546e-01 4.959391842730175859e-01 -5.017939619591743616e-02
-8.694567131799063597e-01 4.913831441467912398e-01 -5.086876504702613627e-02
-8.720178009298290567e-01 4.867518159356943874e-01 -5.155217016963644511e-02
-8.745881224200078297e-01 4.820453301461504747e-01 -5.222946976888936249e-02
-8.771663259727904283e-01 4.772638403081085889e-01 -5.290052005224854526e-02
-8.797510472704503925e-01 4.724075237880920319e-01 -5.356517529944754968e-02
-8.823409100147254769e-01 4.674765825915565554e-01 -5.422328793708038053e-02
-8.849345266172755631e-01 4.624712441530615670e-01 -5.487470861784583126e-02
-8.875304989212001727e-01 4.573917621127240873e-01 -5.551928630444753071e-02
-8.901274189536845238e-01 4.522384170773962597e-01 -5.615686835814281269e-02
-8.927238697097711340e-01 4.470115173649795715e-01 -5.678730063192420630e-02
-8.953184259671768119e-01 4.417113997302657968e-01 -5.741042756830774807e-02
-8.979096551319973862e-01 4.363384300706741881e-01 -5.802609230169214483e-02
-9.004961181150603622e-01 4.308930041102373432e-01 -5.863413676524264345e-02
-9.030763702386025438e-01 4.253755480601763561e-01 -5.923440180224254920e-02
-9.056489621728627260e-01 4.197865192543958068e-01 -5.982672728184443289e-02
-9.082124409020926326e-01 4.141264067582261510e-01 -6.041095221914174335e-02
-9.107653507193985698e-01 4.083957319487402926e-01 -6.098691489947004329e-02
-9.133062342497347830e-01 4.025950490649765623e-01 -6.155445300683518028e-02
-9.158336335002771333e-01 3.967249457264099277e-01 -6.211340375635396316e-02
-9.183460909373111214e-01 3.907860434180289166e-01 -6.266360403058064688e-02
-9.208421505886735803e-01 3.847789979403953287e-01 -6.320489051958042004e-02
-9.230476312462665422e-01 3.798915530041702682e-01 -6.054320887125216183e-02
-9.251151637859316157e-01 3.752500530099692200e-01 -5.787342373792094680e-02
-9.270482698859682236e-01 3.708569536952002199e-01 -5.519625817097609938e-02
-9.288503149042768303e-01 3.667145187710255105e-01 -5.251243602453767312e-02
-9.305245025025054018e-01 3.628248232086774827e-01 -4.982268171321418970e-02
-9.320738696970635173e-01 3.591897564494125339e-01 -4.712771999784998167e-02
-9.335012823378388003e-01 3.558110255204554595e-01 -4.442827579794245835e-02
-9.348094310148826747e-01 3.526901580405369385e-01 -4.172507402924870157e-02
-9.360008273928330791e-01 3.498285050999306867e-01 -3.901883946495232625e-02
-9.370778009723984558e-01 3.472272440012518779e-01 -3.631029661862626712e-02
-9.380424962778491915e-01 3.448873808486743187e-01 -3.360016964710491050e-02
-9.388968704691291745e-01 3.428097529746572669e-01 -3.088918227127000066e-02
-9.396426913769226896e-01 3.409950311947371748e-01 -2.817805771265931986e-02
-9.402815359587728405e-01 3.394437218824266633e-01 -2.546751864372493596e-02
-9.408147891741469593e-01 3.381561688577719438e-01 -2.275828714949919979e-02
-9.412436432761752680e-01 3.371325550846405172e-01 -2.005108469837149285e-02
-9.415690975176450594e-01 3.363729041733396485e-01 -1.734663211963693302e-02
-9.417919582687047653e-01 3.358770816866998299e-01 -1.464564958544986063e-02
-9.419128395436188184e-01 3.356447962492862258e-01 -1.194885659479982126e-02
-9.419321639338038565e-01 3.356756004609249833e-01 -9.256971957125900360e-03
-9.422607192153603650e-01 3.347365368220988624e-01 -9.807633163593081418e-03
-9.426070515024900232e-01 3.337434661014092585e-01 -1.035601376615280858e-02
-9.429709154481736855e-01 3.326965583916027258e-01 -1.090203570488074147e-02
-9.433520549618077400e-01 3.315959889526874371e-01 -1.144562098373877457e-02
-9.437502033679961988e-01 3.304419383133277988e-01 -1.198669166524973968e-02
-9.441650835705425182e-01 3.292345923762556303e-01 -1.252516986587625357e-02
-9.445964082216546931e-01 3.279741425274825262e-01 -1.306097775212663667e-02
-9.450438798963753939e-01 3.266607857490912425e-01 -1.359403753740988374e-02
-9.455071912722514682e-01 3.252947247353784599e-01 -1.412427147966073895e-02
-9.459860253142540198e-01 3.238761680121147735e-01 -1.465160187975489414e-02
-9.464800554649592801e-01 3.224053300586822712e-01 -1.517595108073337661e-02
-9.469889458400003734e-01 3.208824314328441729e-01 -1.569724146785408947e-02
-9.475123514287956406e-01 3.193076988978960085e-01 -1.621539546948742860e-02
-9.480499183005599573e-01 3.176813655519420410e-01 -1.673033555887176727e-02
-9.486012838155999383e-01 3.160036709590360871e-01 -1.724198425674353108e-02
-9.491660768418922478e-01 3.142748612819210030e-01 -1.775026413485531612e-02
-9.497439179769411322e-01 3.124951894160960530e-01 -1.825509782039443432e-02
-9.503344197749061806e-01 3.106649151249378238e-01 -1.875640800131294153e-02
-9.509371869789886578e-01 3.087843051755957968e-01 -1.925411743257903277e-02
-9.515518167590586440e-01 3.068536334753798056e-01 -1.974814894335837415e-02
-9.521778989545018890e-01 3.048731812083535497e-01 -2.023842544513264688e-02
-9.528150163222584013e-01 3.028432369718447870e-01 -2.072486994076122580e-02
-9.534627447900207997e-01 3.007640969125795483e-01 -2.120740553449061011e-02
-9.541206537145529021e-01 2.986360648621461111e-01 -2.168595544291476371e-02
-9.547883061450839204e-01 2.964594524714911361e-01 -2.216044300688817942e-02
-9.554652590917260824e-01 2.942345793441492052e-01 -2.263079170439200385e-02
-9.561510637988578365e-01 2.919617731679047257e-01 -2.309692516435214379e-02
-9.568452660234053608e-01 2.896413698445851059e-01 -2.355876718140674508e-02
-9.575474063179498785e-01 2.872737136176817807e-01 -2.401624173161898829e-02
-9.582570203185792890e-01 2.848591571974964376e-01 -2.446927298912960833e-02
-9.589736390373937436e-01 2.823980618835097434e-01 -2.491778534374199799e-02
-9.596967891595683531e-01 2.798907976836693123e-01 -2.536170341943122519e-02
-9.604259933448658915e-01 2.773377434302957689e-01 -2.580095209376676024e-02
-9.611607705334846985e-01 2.747392868923063669e-01 -2.623545651823706512e-02
-9.619006362561166590e-01 2.720958248834575155e-01 -2.666514213946268030e-02
-9.626451029480828092e-01 2.694077633663099491e-01 -2.708993472128285243e-02
-9.633936802674033517e-01 2.666755175516229981e-01 -2.750976036769911190e-02
-9.641458754166492007e-01 2.638995119928877475e-01 -2.792454554665766558e-02
-9.649011934684142977e-01 2.610801806757119814e-01 -2.833421711465085660e-02
-9.656591376942363913e-01 2.582179671017753586e-01 -2.873870234211636440e-02
-9.664192098967854250e-01 2.553133243670765440e-01 -2.913792893961122260e-02
-9.671809107451283527e-01 2.523667152342005116e-01 -2.953182508473619836e-02
-9.679437401128697660e-01 2.493786121983392057e-01 -2.992031944978447780e-02
-9.687071974189579437e-01 2.463494975468055181e-01 -3.030334123008711356e-02
-9.694707819709360574e-01 2.432798634117876169e-01 -3.068082017302611181e-02
-9.702339933104090486e-01 2.401702118160972677e-01 -3.105268660768461045e-02
-9.709963315604860368e-01 2.370210547116748112e-01 -3.141887147510205591e-02
-9.717572977749514562e-01 2.338329140106208681e-01 -3.177930635910094365e-02
-9.725163942889050173e-01 2.306063216085348366e-01 -3.213392351765015365e-02
-9.732731250706053716e-01 2.273418193999488801e-01 -3.248265591472869473e-02
-9.740269960742411470e-01 2.240399592856568700e-01 -3.282543725265224532e-02
-9.747775155933452451e-01 2.207013031717477425e-01 -3.316220200482359465e-02
-9.755241946145608578e-01 2.173264229601641895e-01 -3.349288544886697139e-02
-9.762665471714582210e-01 2.139159005306189576e-01 -3.381742370010491078e-02
-9.770040906980951290e-01 2.104703277137129069e-01 -3.413575374533529827e-02
-9.777363463820057943e-01 2.069903062551118611e-01 -3.444781347686515921e-02
-9.784628395162966452e-01 2.034764477706516028e-01 -3.475354172675668846e-02
-9.791830998505215433e-01 1.999293736922543585e-01 -3.505287830124020898e-02
-9.798966619400020228e-01 1.963497152045533822e-01 -3.534576401524772843e-02
-9.806030654932541557e-01 1.927381131721364882e-01 -3.563214072702011737e-02
-9.813018557171770961e-01 1.890952180573341468e-01 -3.591195137274013488e-02
-9.819925836596565816e-01 1.854216898284920811e-01 -3.618514000114294443e-02
-9.826748065492297846e-01 1.817181978586839275e-01 -3.645165180805517990e-02
-9.833480881314577982e-01 1.779854208148346495e-01 -3.671143317081315000e-02
-9.840119990016477081e-01 1.742240465372412450e-01 -3.696443168251043604e-02
-9.846661169335643171e-01 1.704347719094928826e-01 -3.721059618602481911e-02
-9.853100272037720320e-01 1.666183027188092025e-01 -3.744987680777431965e-02
-9.859433229112445352e-01 1.627753535068311441e-01 -3.768222499115192470e-02
-9.865656052918823082e-01 1.589066474109156468e-01 -3.790759352958875811e-02
-9.871764840275769615e-01 1.550129159960013381e-01 -3.812593659919535222e-02
-9.877755775494638790e-01 1.510948990771295575e-01 -3.833720979093101222e-02
-9.883625133350077974e-01 1.471533445327210532e-01 -3.854137014225150065e-02
-9.889369281985663784e-01 1.431890081087252575e-01 -3.873837616818569252e-02
-9.894984685750837228e-01 1.392026532137757011e-01 -3.892818789179228883e-02
-9.900467907965676551e-01 1.351950507055012796e-01 -3.911076687394835633e-02
-9.905815613610116088e-01 1.311669786681591565e-01 -3.928607624242213409e-02
-9.911024571934269334e-01 1.271192221817712964e-01 -3.945408072018332518e-02
-9.916091658986582180e-01 1.230525730829623576e-01 -3.961474665290499325e-02
-9.921013860056624445e-01 1.189678297177119565e-01 -3.976804203561226658e-02
-9.925788272029395509e-01 1.148657966862497715e-01 -3.991393653843401668e-02
-9.930412105648126486e-01 1.107472845803367245e-01 -4.005240153141501058e-02
-9.934882687682635716e-01 1.066131097131899214e-01 -4.018341010834724364e-02
-9.939197463000420951e-01 1.024640938423230369e-01 -4.030693710958059561e-02
-9.943353996537754869e-01 9.830106388558763897e-02 -4.042295914377433408e-02
-9.947349975168185976e-01 9.412485163071376837e-02 -4.053145460855274440e-02
-9.951183209465964685e-01 8.993629343866084425e-02 -4.063240371002956042e-02
-9.954851635362033102e-01 8.573622994110188800e-02 -4.072578848116781974e-02
-9.958353315690358087e-01 8.152550573237547782e-02 -4.081159279894341907e-02
-9.961686441622528143e-01 7.730496905625063031e-02 -4.088980240028265017e-02
-9.964849333988672342e-01 7.307547148785986657e-02 -4.096040489674582230e-02
-9.967840444482913842e-01 6.883786761116517106e-02 -4.102338978793117208e-02
-9.970658356751719298e-01 6.459301469233022508e-02 -4.107874847357530224e-02
-9.973301787363666460e-01 6.034177234938032514e-02 -4.112647426432854830e-02
-9.975769586659315458e-01 5.608500221853841144e-02 -4.116656239118580973e-02
-9.978060739480028030e-01 5.182356761763227959e-02 -4.119901001355564391e-02
-9.980174365774749923e-01 4.755833320697342576e-02 -4.122381622595263501e-02
-9.982109721083947118e-01 4.329016464811294429e-02 -4.124098206330043676e-02
-9.983866196900049728e-01 3.901992826088362953e-02 -4.125051050483512227e-02
-9.985443320903935049e-01 3.474849067914083378e-02 -4.125240647660085441e-02
-9.986840757077165565e-01 3.047671850561651380e-02 -4.124667685253233240e-02
-9.989041891023575648e-01 2.759247185388910215e-02 -3.780315178390854930e-02
-9.990951888017037819e-01 2.506429927514784370e-02 -3.435966253935781450e-02
-9.992597693981637441e-01 2.289235738108205687e-02 -3.091690528191038193e-02
-9.994002539175187438e-01 2.107669897859394334e-02 -2.747557149154177675e-02
-9.995185932074656110e-01 1.961727721849794090e-02 -2.403634892855639749e-02
-9.996163657564979266e-01 1.851394899227806756e-02 -2.059992261885683351e-02
-9.996947779336452511e-01 1.776647757261249141e-02 -1.716697585491523681e-02
-9.997546646419344096e-01 1.737453449601462918e-02 -1.373819120624953163e-02
-9.997964903808072012e-01 1.733770068855262914e-02 -1.031425153320343971e-02
-9.998203507151025571e-01 1.765546683820246390e-02 -6.895840997834424765e-03
-9.998259741505698406e-01 1.832723301997295912e-02 -3.483646065727974243e-03
-9.998127244181980178e-01 1.935230758252227262e-02 -7.835649257981105315e-05
-9.997796031719052845e-01 2.072990530757297389e-02 3.319333710579749821e-03
-9.997252531063108849e-01 2.245914485603454219e-02 6.708725339602621650e-03
-9.996479615033857513e-01 2.453904551736462228e-02 1.008911309291110961e-02
-9.995456642187305896e-01 2.696852328134951432e-02 1.345978470662283731e-02
-9.994159501200361451e-01 2.974638625416490406e-02 1.682002013500024859e-02
-9.992560659919221822e-01 3.287132944329246992e-02 2.016909078202073699e-02
-9.990629219228068791e-01 3.634192893861871304e-02 2.350625878975601615e-02
-9.988330971907087852e-01 4.015663551982837781e-02 2.683077638912447285e-02
-9.987209307781861334e-01 4.292807817260957393e-02 2.671487434402583169e-02
-9.986017516080800682e-01 4.568688131457467050e-02 2.659422008687185521e-02
-9.984756839235988668e-01 4.843253862876450988e-02 2.646884576295018346e-02
-9.983428566599870102e-01 5.116454798084786593e-02 2.633878445133504623e-02
-9.982034033274048701e-01 5.388241153929026334e-02 2.620407015149746333e-02
-9.980574618906287165e-01 5.658563589255351245e-02 2.606473776959892727e-02
-9.979051746456983896e-01 5.927373216326345395e-02 2.592082310448325447e-02
-9.977466880936411986e-01 6.194621611928810556e-02 2.577236283338151315e-02
-9.975821528114038328e-01 6.460260828167301017e-02 2.561939449734515137e-02
-9.974117233201243993e-01 6.724243402938538672e-02 2.546195648642259751e-02
-9.972355579508790369e-01 6.986522370082341726e-02 2.530008802459482800e-02
-9.970538187080395520e-01 7.247051269205180557e-02 2.513382915448544169e-02
-9.968666711303785233e-01 7.505784155172957883e-02 2.496322072186096461e-02
-9.966742841500596528e-01 7.762675607270078104e-02 2.478830435993708767e-02
-9.964768299496526982e-01 8.017680738022367470e-02 2.460912247350668242e-02
-9.962744838173122064e-01 8.270755201681868896e-02 2.442571822290538069e-02
-9.960674240002594937e-01 8.521855202372026483e-02 2.423813550783052509e-02
-9.958558315567082042e-01 8.770937501892231425e-02 2.404641895102927612e-02
-9.956398902063736678e-01 9.017959427181174159e-02 2.385061388187158932e-02
-9.954197861797058344e-01 9.262878877438918135e-02 2.365076631982364688e-02
-9.951957080659853405e-01 9.505654330908053229e-02 2.344692295783731145e-02
-9.949678466604218174e-01 9.746244851314750379e-02 2.323913114567094720e-02
-9.947363948103934428e-01 9.984610093970973377e-02 2.302743887315681845e-02
-9.945015472609644025e-01 1.022071031153953535e-01 2.281189475343013001e-02
-9.942635004998183756e-01 1.045450635946412188e-01 2.259254800613451006e-02
-9.940224526017421569e-01 1.068595970106680920e-01 2.236944844061855911e-02
-9.937786030727946418e-01 1.091503241231602389e-01 2.214264643913779751e-02
-9.935321526942937354e-01 1.114168718626826482e-01 2.191219294007611812e-02
-9.932833033667526346e-01 1.136588733718730815e-01 2.167813942120053530e-02
-9.930322579538944927e-01 1.158759680434498507e-01 2.144053788296271246e-02
-9.927792201268743622e-01 1.180678015550797044e-01 2.119944083186045894e-02
-9.925243942088332050e-01 1.202340259011537571e-01 2.095490126387198476e-02
-9.922679850199080942e-01 1.223742994215226976e-01 2.070697264797542736e-02
-9.920101977228208412e-01 1.244882868272456228e-01 2.045570890976569980e-02
-9.917512376691636211e-01 1.265756592234100197e-01 2.020116441518042538e-02
-9.914913102464987249e-01 1.286360941290831672e-01 1.994339395434620993e-02
-9.912306207263880120e-01 1.306692754944580592e-01 1.968245272555620498e-02
-9.909693741134627532e-01 1.326748937152595897e-01 1.941839631938939437e-02
-9.907077749956443302e-01 1.346526456444790409e-01 1.915128070298166910e-02
-9.904460273956227079e-01 1.366022346015073052e-01 1.888116220445828358e-02
-9.901843346236958165e-01 1.385233703787394355e-01 1.860809749753683864e-02
-9.899228991320724313e-01 1.404157692457251305e-01 1.833214358630948226e-02
-9.896619223707366908e-01 1.422791539509411785e-01 1.805335779021253681e-02
-9.894016046449692903e-01 1.441132537212642395e-01 1.777179772919132081e-02
-9.891421449746191641e-01 1.459178042592232938e-01 1.748752130906742336e-02
-9.888837409552150293e-01 1.476925477381125784e-01 1.720058670711524171e-02
-9.886265886210038323e-01 1.494372327950470869e-01 1.691105235785405475e-02
-9.883708823100001428e-01 1.511516145220436758e-01 1.661897693906152010e-02
-9.881168145311272077e-01 1.528354544552117389e-01 1.632441935801385788e-02
-9.878645758335284910e-01 1.544885205621380209e-01 1.602743873795763746e-02
-9.876143546781237514e-01 1.561105872275508899e-01 1.572809440481750046e-02
-9.873663373114824893e-01 1.577014352373494466e-01 1.542644587414369536e-02
-9.871207076420837057e-01 1.592608517610836494e-01 1.512255283830284992e-02
-9.868776471190281452e-01 1.607886303329711941e-01 1.481647515391486432e-02
-9.866373346132657485e-01 1.622845708315371338e-01 1.450827282953839892e-02
-9.863999463013997104e-01 1.637484794579621983e-01 1.419800601360690293e-02
-9.861656555521239875e-01 1.651801687132249119e-01 1.388573498261669488e-02
-9.859346328153482109e-01 1.665794573741228857e-01 1.357152012956814452e-02
-9.857070455140631848e-01 1.679461704682573553e-01 1.325542195266052672e-02
-9.854830579389947109e-01 1.692801392480648981e-01 1.293750104424070367e-02
-9.852628311460924770e-01 1.705812011639791514e-01 1.261781808000532121e-02
-9.850465228568977549e-01 1.718491998368041340e-01 1.229643380845578567e-02
-9.848342873618303184e-01 1.730839850293803828e-01 1.197340904060488313e-02
-9.846262754264329953e-01 1.742854126176230367e-01 1.164880463993344523e-02
-9.844226342006097141e-01 1.754533445610106102e-01 1.132268151259510636e-02
-9.842235071308899075e-01 1.765876488726007831e-01 1.099510059786677069e-02
-9.840290338757504696e-01 1.776881995886488985e-01 1.066612285884204793e-02
-9.838393502240228017e-01 1.787548767379027459e-01 1.033580927336451814e-02
-9.836545880164118127e-01 1.797875663106454081e-01 1.000422082519735606e-02
-9.834748750701499675e-01 1.807861602275564750e-01 9.671418495425462142e-03
-9.833003351068076991e-01 1.817505563084599041e-01 9.337463254085942230e-03
-9.831310876832799472e-01 1.826806582410245294e-01 9.002416052022432433e-03
-9.829672481259653649e-01 1.835763755494815574e-01 8.666337812958455414e-03
-9.828089274681536258e-01 1.844376235634210548e-01 8.329289425784704506e-03
-9.826562323906340435e-01 1.852643233867272698e-01 7.991331737054864146e-03
-9.825092651655356057e-01 1.860564018667100750e-01 7.652525543684283657e-03
-9.823681236034087494e-01 1.868137915634881241e-01 7.312931585845604612e-03
-9.822329010035558694e-01 1.875364307196761560e-01 6.972610540055139243e-03
-9.821036861076153368e-01 1.882242632304269303e-01 6.631623012443626543e-03
-9.819805630564043541e-01 1.888772386138756754e-01 6.290029532204722065e-03
-9.818636113500212037e-01 1.894953119820322329e-01 5.947890545214417832e-03
-9.817529058112084428e-01 1.900784440121636443e-01 5.605266407814367587e-03
-9.816485165519754919e-01 1.906266009187072841e-01 5.262217380751939982e-03
-9.815505089434785058e-01 1.911397544257519010e-01 4.918803623269647936e-03
-9.814589435891526437e-01 1.916178817401213430e-01 4.575085187336467088e-03
-9.813738763010918520e-01 1.920609655250930248e-01 4.231122012013419260e-03
-9.812953580796693887e-01 1.924689938747803641e-01 3.886973917945680569e-03
-9.812234350963897622e-01 1.928419602892057771e-01 3.542700601973370646e-03
-9.811581486799640928e-01 1.931798636500880739e-01 3.198361631853100483e-03
-9.810995353055962376e-01 1.934827081973651552e-01 2.854016441082267083e-03
-9.810476265874692459e-01 1.937505035064704950e-01 2.509724323818036690e-03
-9.810024492744177094e-01 1.939832644663786188e-01 2.165544429882907632e-03
-9.809640252487715761e-01 1.941810112584325121e-01 1.821535759848714759e-03
-9.809323715283567724e-01 1.943437693359628127e-01 1.477757160190918805e-03
-9.809075002716343139e-01 1.944715694047060850e-01 1.134267318505020102e-03
-9.808894187859613645e-01 1.945644474040264527e-01 7.911247587769525483e-04
-9.808781295389545907e-01 1.946224444889424754e-01 4.483878366993302236e-04
-9.808736301729356066e-01 1.946456070129583549e-01 1.061147350254617542e-04
-9.808759135224385250e-01 1.946339865116956114e-01 -2.356365410469015136e-04
-9.808849676347557445e-01 1.945876396873191527e-01 -5.768081684700549069e-04
-9.809007757935007676e-01 1.945066283937487150e-01 -9.173425109269601639e-04
-9.809233165451621828e-01 1.943910196226440734e-01 -1.257182123405797868e-03
-9.809525637286252708e-01 1.942408854901502280e-01 -1.596269756776152581e-03
-9.809884865076334837e-01 1.940563032243856345e-01 -1.934548362374415324e-03
-9.810310494061641462e-01 1.938373551536547723e-01 -2.271961096605860757e-03
-9.810802123466895175e-01 1.935841286953632612e-01 -2.608451325570716132e-03
-9.811359306912936784e-01 1.932967163456119075e-01 -2.943962629721388370e-03
-9.811981552856161581e-01 1.929752156694434229e-01 -3.278438808557855057e-03
-9.812668325055908802e-01 1.926197292917133652e-01 -3.611823885368045921e-03
-9.813419043069473435e-01 1.922303648885544947e-01 -3.944062112019862919e-03
-9.814233082774427297e-01 1.918072351794020136e-01 -4.275097973811285354e-03
-9.815109776917889661e-01 1.913504579195444699e-01 -4.604876194384809399e-03
-9.816048415692406603e-01 1.908601558931636022e-01 -4.933341740712240617e-03
-9.817048247338079348e-01 1.903364569068240475e-01 -5.260439828155649526e-03
-9.818108478770558589e-01 1.897794937833721385e-01 -5.586115925610048681e-03
-9.819228276234526209e-01 1.891894043562013517e-01 -5.910315760733122516e-03
-9.820406765982280239e-01 1.885663314638396371e-01 -6.232985325267064933e-03
-9.821643034976997866e-01 1.879104229448130270e-01 -6.554070880457344567e-03
