1.000000000000000000e+00 0.000000000000000000e+00 0.000000000000000000e+00
9.999845728998311145e-01 2.082873533994664302e-03 -5.149332701509424723e-03
9.999360546565245755e-01 4.698895923783859979e-03 -1.028625451082485626e-02
9.998504764823984425e-01 7.846594669022214502e-03 -1.540959828447423588e-02
9.997230594461050668e-01 1.152429530688415388e-02 -2.051816643617890290e-02
9.995482252497583930e-01 1.573010453111195472e-02 -2.561072771518527538e-02
9.993196084095594678e-01 2.046189106452337564e-02 -3.068601417376288706e-02
9.990300699404250917e-01 2.571726439067039890e-02 -3.574271834649885016e-02
9.986717126525009869e-01 3.149355146354555768e-02 -4.077949066389136012e-02
9.982358981734261727e-01 3.778777152806715028e-02 -4.579493712251925253e-02
9.977132658146532496e-01 4.459660919851571315e-02 -5.078761723372155618e-02
9.970937534028847526e-01 5.191638595709381632e-02 -5.575604227224161685e-02
9.963666201986074444e-01 5.974303025026851677e-02 -6.069867384565396512e-02
9.955204720226621395e-01 6.807204637643313183e-02 -6.561392280457963022e-02
9.945432887086433915e-01 7.689848237456860247e-02 -7.050014851268787686e-02
9.934224539935607723e-01 8.621689713984362347e-02 -7.535565849426061058e-02
9.921447879515103985e-01 9.602132700828877598e-02 -8.017870847564448344e-02
9.906965820650093235e-01 1.063052520686077890e-01 -8.496750283521947722e-02
9.890636370160763580e-01 1.170615624746182970e-01 -8.972019547456085153e-02
9.872313032640575026e-01 1.282825250464898759e-01 -9.443489112125412477e-02
9.851845244595863749e-01 1.399597504625928468e-01 -9.910964707133684826e-02
9.829078837239630939e-01 1.520841613560914851e-01 -1.037424753765851665e-01
9.803856528006954507e-01 1.646459616411020399e-01 -1.083313454788427110e-01
9.776018440610751981e-01 1.776346074019685417e-01 -1.128741872903145649e-01
9.745402653186128195e-01 1.910387796856672649e-01 -1.173688947152355250e-01
9.711845773781248026e-01 2.048463595412105820e-01 -1.218133296045926239e-01
9.675183542144968341e-01 2.190444056508743798e-01 -1.262053261316645747e-01
9.635251456439438700e-01 2.336191348958231440e-01 -1.305426955720719873e-01
9.591885423172802350e-01 2.485559061929864255e-01 -1.348232314678524113e-01
9.544922428307087703e-01 2.638392079306116633e-01 -1.390447151508318602e-01
9.494201227153634681e-01 2.794526493165885306e-01 -1.432049215963140387e-01
9.439563050327723914e-01 2.953789559362638428e-01 -1.473016255739071911e-01
9.380852322700602430e-01 3.115999697949569103e-01 -1.513326080582226008e-01
9.317917391966178409e-01 3.280966540947224397e-01 -1.552956628582723153e-01
9.250611263136797602e-01 3.448491029651408191e-01 -1.591886034207391498e-01
9.178792335003400638e-01 3.618365563341686686e-01 -1.630092697589572426e-01
9.102325134345535806e-01 3.790374200875628041e-01 -1.667555354564983217e-01
9.021081043461618432e-01 3.964292916243842280e-01 -1.704253146917752981e-01
8.934939016414643609e-01 4.139889908719642242e-01 -1.740165692281133714e-01
8.843786279258047944e-01 4.316925967769166261e-01 -1.775273153123617942e-01
8.747519009424756797e-01 4.495154892398344759e-01 -1.809556304243754021e-01
8.646042989433251336e-01 4.674323964108001439e-01 -1.842996598196301183e-01
8.539274230090507789e-01 4.854174472114169414e-01 -1.875576228078816854e-01
8.427139558454830315e-01 5.034442288974301238e-01 -1.907278187121554114e-01
8.309577165962903633e-01 5.214858494248796328e-01 -1.938086324544741057e-01
8.186537112324736576e-01 5.395150043328613698e-01 -1.967985397175882334e-01
8.057981781046467118e-01 5.575040478081328965e-01 -1.996961116355472632e-01
7.923886282752095056e-01 5.754250675517155189e-01 -2.025000189702121645e-01
7.784238802837760707e-01 5.932499630260440471e-01 -2.052090357357086170e-01
7.639040890402057915e-01 6.109505266237594823e-01 -2.078220422382988652e-01
7.488307685847722661e-01 6.284985272665437606e-01 -2.103380275051345838e-01
7.332068085037894978e-01 6.458657959149857186e-01 -2.127560910817592188e-01
7.170364838407163877e-01 6.630243124487933404e-01 -2.150754441849625775e-01
7.003254583966402880e-01 6.799462933610680437e-01 -2.172954102045517311e-01
6.830807813693163810e-01 6.966042797010668641e-01 -2.194154245546834914e-01
6.653108773358037409e-01 7.129712246970225653e-01 -2.214350338824939424e-01
6.470255296393785382e-01 7.290205804941676249e-01 -2.233538946487501897e-01
6.282358572960086152e-01 7.447263834530059023e-01 -2.251717711020269075e-01
6.089542855884713113e-01 7.600633374688706700e-01 -2.268885326743722841e-01
5.891945105664518900e-01 7.750068947955616183e-01 -2.285041508324729964e-01
5.689714577180009503e-01 7.895333338829414460e-01 -2.300186954238666870e-01
5.483012351209621826e-01 8.036198337702767924e-01 -2.314323305627020155e-01
5.272010814218874852e-01 8.172445446132386992e-01 -2.327453101038411687e-01
5.056893090241229016e-01 8.303866539621886922e-01 -2.339579727576832913e-01
4.837852428958561712e-01 8.430264484519854884e-01 -2.350707369009173431e-01
4.615091554327446777e-01 8.551453706083358419e-01 -2.360840951404614141e-01
4.388821978281894354e-01 8.667260705219667072e-01 -2.369986086891016919e-01
4.159263284173688180e-01 8.777524521889027431e-01 -2.378149016118085435e-01
3.926642384688872611e-01 8.882097143622041946e-01 -2.385336550013951173e-01
3.691192759005023638e-01 8.980843858070056696e-01 -2.391556011411252181e-01
3.453153673931285139e-01 9.073643548959953176e-01 -2.396815177101116745e-01
3.212769393705021126e-01 9.160388935260435073e-01 -2.401122220849241928e-01
2.970288383009180300e-01 9.240986753780557894e-01 -2.404485657878087379e-01
2.725962507627414100e-01 9.315357885808849270e-01 -2.406914291283736573e-01
2.480046236974260965e-01 9.383437428759665577e-01 -2.408417160815952696e-01
2.232795852530168879e-01 9.445174714119903836e-01 -2.409003494406139756e-01
1.984468665980693436e-01 9.500533273282198987e-01 -2.408682662781093387e-01
1.735322250610781825e-01 9.549490753109219909e-01 -2.407464137451398589e-01
1.485613689243388824e-01 9.592038783297441862e-01 -2.405357452312870126e-01
1.235598841741296222e-01 9.628182797798098269e-01 -2.402372169048324624e-01
9.855316348161512197e-02 9.657941812708900065e-01 -2.398517846465922920e-01
7.356633766132467112e-02 9.681348163173926213e-01 -2.393804013860041102e-01
4.996151754382591875e-02 9.697509833545704394e-01 -2.389286132327941847e-01
2.636438656791886131e-02 9.707800841147853355e-01 -2.385182437121651788e-01
2.785197661005191228e-03 9.712245572212572231e-01 -2.381493382379242241e-01
-2.076593269654142954e-02 9.710867874591252447e-01 -2.378218502200239448e-01
-4.427899893037241796e-02 9.703691020685888402e-01 -2.375356419277154796e-01
-6.774408100940580713e-02 9.690737692299423722e-01 -2.372904853991523455e-01
-9.115131939505199954e-02 9.672029987022788822e-01 -2.370860633951741847e-01
-1.144908904326581572e-01 9.647589445728197433e-01 -2.369219703964609292e-01
-1.377529823121631525e-01 9.617437100691609286e-01 -2.367977136446640374e-01
-1.609277717219605719e-01 9.581593543821322889e-01 -2.367127142294819797e-01
-1.840054013171937286e-01 9.540079014423713533e-01 -2.366663082249445826e-01
-2.069759581211166322e-01 9.492913505890370196e-01 -2.366577478793981393e-01
-2.298294529757035354e-01 9.440116890642774594e-01 -2.366862028648300531e-01
-2.525558011553197257e-01 9.381709062620551265e-01 -2.367507615922336550e-01
-2.751448042549169415e-01 9.317710096546780729e-01 -2.368504326006800331e-01
-2.975861334618165044e-01 9.248140423148502043e-01 -2.369841460286281620e-01
-3.198693143176175036e-01 9.173021019452068936e-01 -2.371507551767591815e-01
-3.419837130740348008e-01 9.092373613211290895e-01 -2.373490381722569709e-01
-3.639185247434483794e-01 9.006220900461248124e-01 -2.375776997449675076e-01
-3.856627629415440572e-01 8.914586775122372853e-01 -2.378353731262466131e-01
-4.076830964602028984e-01 8.821801114872118710e-01 -2.356963063502356681e-01
-4.292424044368621239e-01 8.724888723921460087e-01 -2.334826134490540772e-01
-4.503301286651238411e-01 8.624103107176880334e-01 -2.311952337511248012e-01
-4.709369108646511148e-01 8.519700216528285353e-01 -2.288351219582081542e-01
-4.910545803171453283e-01 8.411937779670628501e-01 -2.264032504990829697e-01
-5.106761378792690209e-01 8.301074647196060585e-01 -2.239006117020654330e-01
-5.297957365397752971e-01 8.187370159628933886e-01 -2.213282197657834016e-01
-5.484086586945875474e-01 8.071083535953711419e-01 -2.186871125111984893e-01
-5.665112903196249938e-01 7.952473285061318897e-01 -2.159783529014384362e-01
-5.841010922267478866e-01 7.831796641412278603e-01 -2.132030303195263099e-01
-6.011765685932541903e-01 7.709309026084923966e-01 -2.103622615975316856e-01
-6.177372329598354028e-01 7.585263534243933403e-01 -2.074571917939872778e-01
-6.337835718957317566e-01 7.459910449928476295e-01 -2.044889947195814017e-01
-6.493170065329594287e-01 7.333496788920622622e-01 -2.014588732141225358e-01
-6.643398521738422824e-01 7.206265870313741662e-01 -1.983680591805545013e-01
-6.788552761776288635e-01 7.078456917257881509e-01 -1.952178133843586461e-01
-6.928672543326492850e-01 6.950304687215290711e-01 -1.920094250289960669e-01
-7.063805259202398101e-01 6.822039131915029753e-01 -1.887442111201066697e-01
-7.194005476755013229e-01 6.693885087051888449e-01 -1.854235156329837597e-01
-7.319334468478514433e-01 6.566061991632500261e-01 -1.820487084993781535e-01
-7.440501131818386682e-01 6.426771012394782989e-01 -1.826350904895000793e-01
-7.559438822937296631e-01 6.284750402211238818e-01 -1.832156497265770567e-01
-7.676075828780184462e-01 6.140033744811843608e-01 -1.837891686105179168e-01
-7.790340140697376015e-01 5.992657617551304661e-01 -1.843544286883948280e-01
-7.902159604164410434e-01 5.842661660460657380e-01 -1.849102127674800977e-01
-8.011462074843586079e-01 5.690088637026029517e-01 -1.854553071024461208e-01
-8.118175580545375913e-01 5.534984486135874349e-01 -1.859885036513978518e-01
-8.222228488596664553e-01 5.377398364659480290e-01 -1.865086023947048477e-01
-8.323549678072145186e-01 5.217382680146217533e-01 -1.870144137099069015e-01
-8.422068716295701973e-01 5.054993113166665886e-01 -1.875047607952893269e-01
-8.517716038970762904e-01 4.890288628853651787e-01 -1.879784821340682865e-01
-8.610423133252889105e-01 4.723331477243137844e-01 -1.884344339905006105e-01
-8.700122723034956485e-01 4.554187182061857908e-01 -1.888714929286437472e-01
-8.786748955675596218e-01 4.382924517660315433e-01 -1.892885583439467279e-01
-8.870237589365773667e-01 4.209615473846084477e-01 -1.896845549973601719e-01
-8.950526180296934919e-01 4.034335208432963671e-01 -1.900584355412190951e-01
-9.027554268767604695e-01 3.857161987386022450e-01 -1.904091830257832463e-01
-9.101263563344147434e-01 3.678177112510592206e-01 -1.907358133750231555e-01
-9.171598122176034540e-01 3.497464836704213820e-01 -1.910373778200203654e-01
-9.238504530556793659e-01 3.315112266863964319e-01 -1.913129652782144530e-01
-9.305596143232480744e-01 3.149777936527304867e-01 -1.866756474058215154e-01
-9.368055016843058747e-01 2.987857457152346408e-01 -1.819959717597476878e-01
-9.426086477140973585e-01 2.829525891062616427e-01 -1.772759799527348079e-01
-9.479895715431649883e-01 2.674947128666002039e-01 -1.725176926072784223e-01
-9.529687092973021523e-01 2.524274198733293395e-01 -1.677231056273098542e-01
-9.575663479742421158e-01 2.377649605175918279e-01 -1.628941867642220154e-01
-9.618025628158699547e-01 2.235205686676103032e-01 -1.580328724979390698e-01
-9.656971582071923743e-01 2.097064995577392066e-01 -1.531410652499261560e-01
-9.692696121074553250e-01 1.963340692520298691e-01 -1.482206309413483802e-01
-9.725390239948461524e-01 1.834136953404473525e-01 -1.432733969060497881e-01
-9.755240662842871169e-01 1.709549385372602093e-01 -1.383011501646609076e-01
-9.782429391580360623e-01 1.589665448639771550e-01 -1.333056360629766846e-01
-9.807133287312200798e-01 1.474564881132767180e-01 -1.282885572747937408e-01
-9.829523684590910637e-01 1.364320123054222345e-01 -1.232515731666635056e-01
-9.849766036797138469e-01 1.258996738644423685e-01 -1.181962995195145333e-01
-9.868019591749654928e-01 1.158653832576670567e-01 -1.131243085998224068e-01
-9.884437096241036613e-01 1.063344458588350444e-01 -1.080371295709571106e-01
-9.899164528176925826e-01 9.731160181174990098e-02 -1.029362492335096774e-01
-9.912340854952803593e-01 8.880106468818832477e-02 -9.782311308178261167e-02
-9.924097816678131290e-01 8.080655875031576840e-02 -9.269912666221206965e-02
-9.934559732852448199e-01 7.333135464411605353e-02 -8.756565721825913806e-02
-9.943843331110432393e-01 6.637830336619376936e-02 -8.242403560524974582e-02
-9.952057596681886942e-01 5.994986836168074429e-02 -7.727555845774128351e-02
-9.959303641256772588e-01 5.404815562581339466e-02 -7.212149059123283690e-02
-9.965674590003577027e-01 4.867494169600736914e-02 -6.696306761939897767e-02
-9.971255485560144294e-01 4.383169943492125353e-02 -6.180149876749780474e-02
-9.976123207898262013e-01 3.951962151807072998e-02 -5.663796986216686202e-02
-9.980346409055604884e-01 3.573964155204428783e-02 -5.147364647746065225e-02
-9.983985461829646413e-01 3.249245276131108168e-02 -4.630967721668648174e-02
-9.987092421636740713e-01 2.977852419304518813e-02 -4.114719710934915120e-02
-9.989711000854378797e-01 2.759811440037284597e-02 -3.598733110230763199e-02
-9.991876555084471256e-01 2.595128257504578442e-02 -3.083119762406880474e-02
-9.993616080899169196e-01 2.483789711082729640e-02 -2.567991220098670563e-02
-9.994948224756974309e-01 2.425764158892746575e-02 -2.053459110399384266e-02
-9.995883302904566836e-01 2.421001818672364678e-02 -1.539635500436013424e-02
-9.996423332207635681e-01 2.469434852083767645e-02 -1.026633261685204641e-02
-9.996562071980915620e-01 2.570977194549882439e-02 -5.145664308549524786e-03
-9.996285077012336817e-01 2.725524133708646934e-02 -3.550565147254856196e-05
-9.995569762097513689e-01 2.932951640590014328e-02 5.062969102923441968e-03
-9.994385478517501253e-01 3.193115458662382916e-02 1.014856364939816999e-02
-9.994052968054644159e-01 3.297809629042734031e-02 1.007476012516587104e-02
-9.993712254970291697e-01 3.401723671382398534e-02 9.999208178777091102e-03
-9.993363639396450893e-01 3.504839547140058131e-02 9.921924812842151595e-03
-9.993007426314047814e-01 3.607139402837734182e-02 9.842927325511344888e-03
-9.992643925309702135e-01 3.708605573105692998e-02 9.762233306313395156e-03
-9.992273450329915985e-01 3.809220583672154326e-02 9.679860631946403393e-03
-9.991896319432876927e-01 3.908967154297383201e-02 9.595827462022969712e-03
-9.991512854538072697e-01 4.007828201651784245e-02 9.510152234771189483e-03
-9.991123381173919737e-01 4.105786842137659765e-02 9.422853662693218141e-03
-9.990728228223598739e-01 4.202826394654321507e-02 9.333950728183090795e-03
-9.990327727669301439e-01 4.298930383306282660e-02 9.243462679105489757e-03
-9.989922214335090755e-01 4.394082540054302516e-02 9.151409024337123568e-03
-9.989512025628567438e-01 4.488266807309074236e-02 9.057809529272401947e-03
-9.989097501281551938e-01 4.581467340467396815e-02 8.962684211295068523e-03
-9.988678983089972485e-01 4.673668510390700109e-02 8.866053335217423739e-03
-9.988256814653165838e-01 4.764854905825819525e-02 8.767937408688796300e-03
-9.987831341112787253e-01 4.855011335767960012e-02 8.668357177574874742e-03
-9.987402908891522824e-01 4.944122831765815351e-02 8.567333621309500269e-03
-9.986971865431814033e-01 5.032174650168844132e-02 8.464887948220535877e-03
-9.986538558934775489e-01 5.119152274316726009e-02 8.361041590831348735e-03
-9.986103338099510118e-01 5.205041416671062765e-02 8.255816201139494839e-03
-9.985666551863013884e-01 5.289828020889413701e-02 8.149233645874111656e-03
-9.985228549140863219e-01 5.373498263841779143e-02 8.041316001733545341e-03
-9.984789678568870563e-01 5.456038557569680564e-02 7.932085550604687021e-03
-9.984350288245904537e-01 5.537435551188004540e-02 7.821564774765497885e-03
-9.983910725478054582e-01 5.617676132729813865e-02 7.709776352072147260e-03
-9.983471336524329942e-01 5.696747430934341605e-02 7.596743151132187045e-03
-9.983032466344072819e-01 5.774636816978419990e-02 7.482488226465138122e-03
-9.982594458346270017e-01 5.851331906151609197e-02 7.367034813651856563e-03
-9.982157654140937364e-01 5.926820559475316080e-02 7.250406324474006729e-03
-9.981722393292751239e-01 6.001090885266219949e-02 7.132626342044935328e-03
-9.981289013077109251e-01 6.074131240644330132e-02 7.013718615933228415e-03
-9.980857848238776642e-01 6.145930232986029917e-02 6.893707057280183854e-03
-9.980429230753302683e-01 6.216476721322473226e-02 6.772615733912407468e-03
-9.980003489591352528e-01 6.285759817683721218e-02 6.650468865450717693e-03
-9.979580950486132140e-01 6.353768888389013658e-02 6.527290818416497595e-03
-9.979161935704057296e-01 6.420493555283597609e-02 6.403106101336614002e-03
-9.978746763818823196e-01 6.485923696922532566e-02 6.277939359847975812e-03
-9.978335749489023465e-01 6.550049449701923765e-02 6.151815371802788791e-03
-9.977929203239473965e-01 6.612861208938028423e-02 6.024759042375515614e-03
-9.977527431246377976e-01 6.674349629894693603e-02 5.896795399172528179e-03
-9.977130735126483740e-01 6.734505628759610008e-02 5.767949587345392454e-03
-9.976739411730358720e-01 6.793320383569849408e-02 5.638246864708708686e-03
-9.976353752939931541e-01 6.850785335087176964e-02 5.507712596863386517e-03
-9.975974045470412666e-01 6.906892187623635271e-02 5.376372252326200654e-03
-9.975600570676741441e-01 6.961632909817888626e-02 5.244251397666446768e-03
-9.975233604364660556e-01 7.014999735362834055e-02 5.111375692650478239e-03
-9.974873416606552246e-01 7.066985163684991189e-02 4.977770885394873154e-03
-9.974520271562143936e-01 7.117581960576162270e-02 4.843462807528952328e-03
-9.974174427304193236e-01 7.166783158777879914e-02 4.708477369367331834e-03
-9.973836135649261081e-01 7.214582058519151964e-02 4.572840555093164033e-03
-9.973505641993674065e-01 7.260972228008004403e-02 4.436578417952693337e-03
-9.973183185154774755e-01 7.305947503877324722e-02 4.299717075461717379e-03
-9.972868997217551046e-01 7.349501991585519201e-02 4.162282704624519110e-03
-9.972563303386732247e-01 7.391630065772472613e-02 4.024301537165798047e-03
-9.972266321844449610e-01 7.432326370571305796e-02 3.885799854776109813e-03
-9.971978263613521243e-01 7.471585819876423729e-02 3.746803984371291016e-03
-9.971699332426458007e-01 7.509403597568332922e-02 3.607340293366316161e-03
-9.971429724600245903e-01 7.545775157695711055e-02 3.467435184964010302e-03
-9.971169628916985994e-01 7.580696224615181278e-02 3.327115093459015547e-03
-9.970919226510444044e-01 7.614162793089274128e-02 3.186406479557380485e-03
-9.970678690758576490e-01 7.646171128343005885e-02 3.045335825712122951e-03
-9.970448187182080479e-01 7.676717766079531324e-02 2.903929631475090940e-03
-9.970227873349023495e-01 7.705799512455294153e-02 2.762214408865420068e-03
-9.970017898785593635e-01 7.733413444015095617e-02 2.620216677754872922e-03
-9.969818404893012742e-01 7.759556907587497609e-02 2.477962961270318773e-03
-9.969629524870652348e-01 7.784227520140946099e-02 2.335479781213593928e-03
-9.969451383645373532e-01 7.807423168601013153e-02 2.192793653498966919e-03
-9.969284097807132872e-01 7.829142009629119769e-02 2.049931083608414091e-03
-9.969127775550864490e-01 7.849382469363105908e-02 1.906918562064891225e-03
-9.968982516624664836e-01 7.868143243119990471e-02 1.763782559923780498e-03
-9.968848412284292415e-01 7.885423295061248783e-02 1.620549524282667835e-03
-9.968725545253986908e-01 7.901221857820940608e-02 1.477245873809599841e-03
-9.968613989693623223e-01 7.915538432096975996e-02 1.333897994289953660e-03
-9.968513811172191597e-01 7.928372786205813150e-02 1.190532234192045102e-03
-9.968425066647603749e-01 7.939724955600872824e-02 1.047174900251588011e-03
-9.968347804452819538e-01 7.949595242354912106e-02 9.038522530751105831e-04
-9.968282064288281896e-01 7.957984214606617090e-02 7.605905027624280512e-04
-9.968227877220635635e-01 7.964892705971636511e-02 6.174158045482619527e-04
-9.968185265687723451e-01 7.970321814918268633e-02 4.743542544630938987e-04
-9.968154243509821377e-01 7.974272904108009596e-02 3.314318850133355981e-04
-9.968134815907092605e-01 7.976747599701144997e-02 1.886746608808948802e-04
-9.968126979523220799e-01 7.977747790627542912e-02 4.610847464221569446e-05
-9.968130722455191828e-01 7.977275627822823234e-02 -9.624085749313147334e-05
-9.968146024289177287e-01 7.975333523430025440e-02 -2.383475999242313050e-04
-9.968172856142477611e-01 7.971924149966913564e-02 -3.801861018808990302e-04
-9.968211180711472608e-01 7.967050439459022471e-02 -5.217308016259687101e-04
-9.968260952325531665e-01 7.960715582538541168e-02 -6.629562306377100207e-04
-9.968322117006813698e-01 7.952923027509127551e-02 -8.038370177722840328e-04
-9.968394612535915744e-01 7.943676479376712840e-02 -9.443478934061451825e-04
-9.968478368523285837e-01 7.932979898846360955e-02 -1.084463693558287110e-03
-9.968573306486341323e-01 7.920837501285223070e-02 -1.224159363992225304e-03
-9.968679339932223771e-01 7.907253755651622029e-02 -1.363409964297599992e-03
-9.968796374446099451e-01 7.892233383390291623e-02 -1.502190671951273305e-03
-9.968924307784947647e-01 7.875781357293767937e-02 -1.640476786357785832e-03
-9.969063029976733548e-01 7.857902900329945262e-02 -1.778243732869025113e-03
-9.969212423424892444e-01 7.838603484435772983e-02 -1.915467066782948003e-03
-9.969372363018024208e-01 7.817888829277083729e-02 -2.052122477321187324e-03
-9.969542716244722547e-01 7.795764900974511136e-02 -2.188185791585357202e-03
-9.969723343313418029e-01 7.772237910795461169e-02 -2.323632978491859541e-03
-9.969914097277158271e-01 7.747314313812098119e-02 -2.458440152684980215e-03
-9.970114824163209821e-01 7.721000807525274512e-02 -2.592583578428046213e-03
-9.970325363107375161e-01 7.693304330454360518e-02 -2.726039673472399356e-03
-9.970545546492923794e-01 7.664232060692893755e-02 -2.858785012903928332e-03
-9.970775200094018631e-01 7.633791414429980104e-02 -2.990796332966881490e-03
-9.971014143223527748e-01 7.601990044437371974e-02 -3.122050534864663322e-03
-9.971262188885099409e-01 7.568835838522136594e-02 -3.252524688537308459e-03
-9.971519143929387097e-01 7.534336917944839396e-02 -3.382196036415295766e-03
-9.971784809214291334e-01 7.498501635803138388e-02 -3.511041997149357777e-03
-9.972058979769106157e-01 7.461338575380728477e-02 -3.639040169315917259e-03
-9.972341444962431467e-01 7.422856548461517767e-02 -3.766168335097761898e-03
-9.972631988673725800e-01 7.383064593608965054e-02 -3.892404463939552056e-03
-9.972930389468371848e-01 7.341971974410484159e-02 -4.017726716177734414e-03
-9.973236420776109279e-01 7.299588177686829049e-02 -4.142113446644417850e-03
-9.973549851072708305e-01 7.255922911666372321e-02 -4.265543208244742743e-03
-9.973870444064739660e-01 7.210986104124200713e-02 -4.387994755507261882e-03
-9.974197958877306647e-01 7.164787900485942995e-02 -4.509447048106822974e-03
-9.974532150244587170e-01 7.117338661896263630e-02 -4.629879254359434496e-03
-9.974872768703050285e-01 7.068648963251950024e-02 -4.749270754688563259e-03
-9.975219560787202955e-01 7.018729591199532325e-02 -4.867601145062304228e-03
-9.975572269227704902e-01 6.967591542097383017e-02 -4.984850240400836262e-03
-9.975930633151727234e-01 6.915246019942251909e-02 -5.100998077953562693e-03
-9.976294388285380510e-01 6.861704434260190721e-02 -5.216024920645314852e-03
-9.976663267158077941e-01 6.806978397961849225e-02 -5.329911260390975819e-03
-9.977036999308672716e-01 6.751079725162112410e-02 -5.442637821377868668e-03
-9.977415311493221806e-01 6.694020428964084224e-02 -5.554185563315237016e-03
-9.977797927894214158e-01 6.635812719207405397e-02 -5.664535684650111834e-03
-9.978184570331118941e-01 6.576469000180944213e-02 -5.773669625748868023e-03
-9.978574958472088419e-01 6.516001868299865774e-02 -5.881569072043736114e-03
-9.978968810046664473e-01 6.454424109747135263e-02 -5.988215957143529222e-03
-9.979365841059330000e-01 6.391748698079516289e-02 -6.093592465907823712e-03
-9.979765766003745320e-01 6.327988791798123958e-02 -6.197681037483829432e-03
-9.980168298077520816e-01 6.263157731883629842e-02 -6.300464368305154148e-03
-9.980573149397357069e-01 6.197269039296225690e-02 -6.401925415051669399e-03
-9.980980031214401471e-01 6.130336412440454130e-02 -6.502047397569661602e-03
-9.981388654129662585e-01 6.062373724595059021e-02 -6.600813801751450466e-03
-9.981798728309324575e-01 5.993395021308005333e-02 -6.698208382373635993e-03
-9.982209963699798516e-01 5.923414517756839942e-02 -6.794215165893130112e-03
-9.982622070242367363e-01 5.852446596074595969e-02 -6.888818453200122940e-03
-9.983034758087252492e-01 5.780505802641448809e-02 -6.982002822327122368e-03
-9.983447737806957489e-01 5.707606845342354934e-02 -7.073753131113192684e-03
-9.983860720608728201e-01 5.633764590790932281e-02 -7.164054519822525731e-03
-9.984273418545975831e-01 5.558994061519852842e-02 -7.252892413716455558e-03
-9.984685544728514328e-01 5.483310433138043061e-02 -7.340252525578043127e-03
-9.985096813531449955e-01 5.406729031455010520e-02 -7.426120858188329024e-03
-9.985506940802583165e-01 5.329265329572630688e-02 -7.510483706753379000e-03
-9.985915644068166230e-01 5.250934944944756627e-02 -7.593327661281220296e-03
-9.986322642736868982e-01 5.171753636405035381e-02 -7.674639608907781428e-03
-9.986727658301807198e-01 5.091737301163329343e-02 -7.754406736170945530e-03
-9.987130414540491552e-01 5.010901971771173496e-02 -7.832616531231828202e-03
-9.987530637712543902e-01 4.929263813056718180e-02 -7.909256786042392559e-03
-9.987928056755049910e-01 4.846839119029623666e-02 -7.984315598458524565e-03
-9.988322403475404787e-01 4.763644309756408929e-02 -8.057781374297691770e-03
-9.988713412741508924e-01 4.679695928206762529e-02 -8.129642829340309393e-03
-9.989100822669187973e-01 4.595010637071361703e-02 -8.199888991273966352e-03
-9.989484374806695266e-01 4.509605215551761026e-02 -8.268509201579645612e-03
-9.989863814316172208e-01 4.423496556122930717e-02 -8.335493117359104448e-03
-9.990238890151933449e-01 4.336701661269058011e-02 -8.400830713102571540e-03
-9.990609355235451350e-01 4.249237640193234689e-02 -8.464512282395961207e-03
-9.990974966626924303e-01 4.161121705501688584e-02 -8.526528439566779041e-03
-9.991335485693296770e-01 4.072371169863223117e-02 -8.586870121267933115e-03
-9.991690678272621140e-01 3.983003442644572623e-02 -8.645528587998682277e-03
-9.992040314834644832e-01 3.893036026522373599e-02 -8.702495425561944387e-03
-9.992384170637513829e-01 3.802486514072501989e-02 -8.757762546457244571e-03
-9.992722025880476089e-01 3.711372584337526565e-02 -8.811322191208559307e-03
-9.993053665852490441e-01 3.619711999373059069e-02 -8.863166929626358978e-03
-9.993378881076632192e-01 3.527522600773794204e-02 -8.913289662003174088e-03
-9.993697467450196603e-01 3.434822306180061735e-02 -8.961683620242013801e-03
-9.994009226380409228e-01 3.341629105765723390e-02 -9.008342368916996690e-03
-9.994313964915648718e-01 3.247961058708265236e-02 -9.053259806265584811e-03
-9.994611495872094409e-01 3.153836289641962637e-02 -9.096430165111827823e-03
-9.994901637955715401e-01 3.059272985095002825e-02 -9.137848013720049900e-03
-9.995184215879518996e-01 2.964289389911468550e-02 -9.177508256578443407e-03
-9.995459060475982982e-01 2.868903803659108784e-02 -9.215406135112050659e-03
-9.995726008804598495e-01 2.773134577023829081e-02 -9.251537228324660175e-03
-9.995984904254454628e-01 2.677000108191853259e-02 -9.285897453369152538e-03
-9.996235596641798171e-01 2.580518839220522637e-02 -9.318483066045877769e-03
-9.996477942302511854e-01 2.483709252398708794e-02 -9.349290661228656582e-03
-9.996711804179445604e-01 2.386589866597833495e-02 -9.378317173218053346e-03
-9.996937051904557503e-01 2.289179233614494630e-02 -9.405559876021582499e-03
-9.997153561875811167e-01 2.191495934505713686e-02 -9.431016383560544836e-03
-9.997361217328782912e-01 2.093558575917827541e-02 -9.454684649803221305e-03
-9.997559908402940954e-01 1.995385786410056386e-02 -9.476562968824198824e-03
-9.997749532202562239e-01 1.896996212773791393e-02 -9.496649974789616450e-03
-9.997929992852252479e-01 1.798408516348647818e-02 -9.514944641868165395e-03
-9.998101201547037187e-01 1.699641369336340677e-02 -9.531446284067712771e-03
-9.998263076597012633e-01 1.600713451113444999e-02 -9.546154554997443240e-03
-9.998415543466524502e-01 1.501643444544106462e-02 -9.559069447555457871e-03
-9.998558534807872045e-01 1.402450032293773435e-02 -9.570191293541798969e-03
-9.998691990489509962e-01 1.303151893145024567e-02 -9.579520763196909539e-03
-9.998815857618764680e-01 1.203767698316567970e-02 -9.587058864665565575e-03
-9.998930090559040584e-01 1.104316107786490649e-02 -9.592806943386357477e-03
-9.999034650941539537e-01 1.004815766620836132e-02 -9.596766681406843774e-03
-9.999129507671480344e-01 9.052853013085886136e-03 -9.598940096624507257e-03
-9.999214636928847044e-01 8.057433161041413841e-03 -9.599329541953718209e-03
-9.999290022163668246e-01 7.062083893783234305e-03 -9.597937704418911184e-03
-9.999355654085857470e-01 6.066990699790565308e-03 -9.594767604174232051e-03
-9.999411530649626734e-01 5.072338736027111675e-03 -9.589822593449955426e-03
-9.999457657032515545e-01 4.078312791772248196e-03 -9.583106355425993414e-03
-9.999494045609055304e-01 3.085097252580389950e-03 -9.574622903032853002e-03
-9.999520715919110181e-01 2.092876064379072844e-03 -9.564376577680437641e-03
-9.999537694630938889e-01 1.101832697716179825e-03 -9.552372047915140552e-03
-9.999545015499009537e-01 1.121501121666632073e-04 -9.538614308005670395e-03
-9.999542719316634187e-01 -8.759892790909710146e-04 -9.523108676458117566e-03
-9.999530853863455304e-01 -1.862403644518247255e-03 -9.505860794460800622e-03
-9.999509473847857377e-01 -2.846911769270321635e-03 -9.486876624259437535e-03
-9.999478640844354782e-01 -3.829333090049649897e-03 -9.466162447463257607e-03
-9.999438423226016948e-01 -4.809487729749905779e-03 -9.443724863282662932e-03
-9.999388896092009649e-01 -5.787196531880457739e-03 -9.419570786699115947e-03
-9.999330141190311272e-01 -6.762281094761850471e-03 -9.393707446567919200e-03
-9.999262246835685097e-01 -7.734563805482878168e-03 -9.366142383654628076e-03
-9.999185307822985314e-01 -8.703867873610004330e-03 -9.336883448605826780e-03
-9.999099425335877811e-01 -9.670017364640015600e-03 -9.305938799855051693e-03
-9.999004706851055690e-01 -1.063283723318698276e-02 -9.273316901464654857e-03
-9.998901266038047186e-01 -1.159215335589476245e-02 -9.239026520904450659e-03
-9.998789222654698161e-01 -1.254779256406646226e-02 -9.203076726767983606e-03
-9.998668702438430200e-01 -1.349958267600245322e-02 -9.165476886427310552e-03
-9.998539836993364238e-01 -1.444735252903871746e-02 -9.126236663627189036e-03
-9.998402763673415183e-01 -1.539093201127751838e-02 -9.085366016019603280e-03
-9.998257625461459686e-01 -1.633015209300255760e-02 -9.042875192639587140e-03
-9.998104570844683625e-01 -1.726484485777100841e-02 -8.998774731323284232e-03
-9.997943753686209245e-01 -1.819484353317499248e-02 -8.953075456069270466e-03
-9.997775333093125161e-01 -1.911998252126533362e-02 -8.905788474344117356e-03
-9.997599473281024718e-01 -2.004009742863055096e-02 -8.856925174333247358e-03
-9.997416343435165942e-01 -2.095502509612437100e-02 -8.806497222138106457e-03
-9.997226117568376313e-01 -2.186460362823517897e-02 -8.754516558920727790e-03
-9.997028974375818944e-01 -2.276867242209108799e-02 -8.700995397996753172e-03
-9.996825097086741163e-01 -2.366707219609455459e-02 -8.645946221878010596e-03
-9.996614673313328758e-01 -2.455964501818064250e-02 -8.589381779265740577e-03
-9.996397894896795755e-01 -2.544623433369329682e-02 -8.531315081995593727e-03
-9.996174957750826318e-01 -2.632668499287426842e-02 -8.471759401935527109e-03
-9.995946061702507546e-01 -2.720084327795945292e-02 -8.410728267837721747e-03
-9.995711410330877511e-01 -2.806855692987775958e-02 -8.348235462145676619e-03
-9.995471210803218431e-01 -2.892967517454778092e-02 -8.284295017757636187e-03
-9.995225673709230430e-01 -2.978404874876780864e-02 -8.218921214747492918e-03
-9.994975012893216881e-01 -3.063152992569495581e-02 -8.152128577044340935e-03
-9.994719445284416803e-01 -3.147197253990940968e-02 -8.083931869071851739e-03
-9.994459190725617503e-01 -3.230523201206003669e-02 -8.014346092348634265e-03
-9.994194471800185164e-01 -3.313116537308781473e-02 -7.943386482050760616e-03
-9.993925513657647697e-01 -3.394963128802380020e-02 -7.871068503537633626e-03
-9.993652543837969748e-01 -3.476049007935859414e-02 -7.797407848842370648e-03
-9.993375792094653098e-01 -3.556360374998043111e-02 -7.722420433127879721e-03
-9.993095490216804544e-01 -3.635883600567930279e-02 -7.646122391109804253e-03
-9.992811871850304506e-01 -3.714605227721476388e-02 -7.568530073447506286e-03
-9.992525172318215132e-01 -3.792511974194519991e-02 -7.489660043104259292e-03
-9.992235628440571116e-01 -3.869590734501669738e-02 -7.409529071677810157e-03
-9.991943478353683128e-01 -3.945828582010973973e-02 -7.328154135702476084e-03
-9.991648961329093748e-01 -4.021212770974223055e-02 -7.245552412923920473e-03
-9.991352317592325782e-01 -4.095730738512756014e-02 -7.161741278547762227e-03
-9.991053788141558423e-01 -4.169370106558662609e-02 -7.076738301463150402e-03
-9.990753614566360019e-01 -4.242118683751289893e-02 -6.990561240442433495e-03
-9.990452038866626250e-01 -4.313964467288986665e-02 -6.903228040318047480e-03
-9.990149303271848025e-01 -4.384895644736034465e-02 -6.814756828137726735e-03
-9.989845650060841242e-01 -4.454900595784735962e-02 -6.725165909299136817e-03
-9.989541321382082728e-01 -4.523967893972644094e-02 -6.634473763665022818e-03
-9.989236559074771149e-01 -4.592086308354946522e-02 -6.542699041659937563e-03
-9.988931604490749461e-01 -4.659244805132017886e-02 -6.449860560349615635e-03
-9.988626698317417674e-01 -4.725432549232187057e-02 -6.355977299504044463e-03
-9.988322080401764724e-01 -4.790638905849774198e-02 -6.261068397645261178e-03
-9.988017989575642686e-01 -4.854853441938467018e-02 -6.165153148080895242e-03
-9.987714663482410993e-01 -4.918065927660129205e-02 -6.068250994924461253e-03
-9.987412338405069478e-01 -4.980266337789140962e-02 -5.970381529103389005e-03
-9.987111249096011223e-01 -5.041444853072381965e-02 -5.871564484355765688e-03
-9.986811628608504021e-01 -5.101591861544998302e-02 -5.771819733216740009e-03
-9.986513708130024813e-01 -5.160697959802088008e-02 -5.671167282995529316e-03
-9.986217716817564760e-01 -5.218753954226462710e-02 -5.569627271743953466e-03
-9.985923881635009325e-01 -5.275750862172651212e-02 -5.467219964217391419e-03
-9.985632427192717708e-01 -5.331679913107328223e-02 -5.363965747829051341e-03
-9.985343575589404885e-01 -5.386532549706348622e-02 -5.259885128598423311e-03
-9.985057546256430605e-01 -5.440300428908594749e-02 -5.154998727094753375e-03
-9.984774555804610818e-01 -5.492975422926835855e-02 -5.049327274376382013e-03
-9.984494817873642569e-01 -5.544549620215825231e-02 -4.942891607926748476e-03
-9.984218542984255595e-01 -5.595015326397852207e-02 -4.835712667587858081e-03
-9.983945938393172792e-01 -5.644365065145984239e-02 -4.727811491491986165e-03
-9.983677207950996113e-01 -5.692591579025237103e-02 -4.619209211992369828e-03
-9.983412551963090076e-01 -5.739687830291922283e-02 -4.509927051593631657e-03
-9.983152167053563897e-01 -5.785647001651412352e-02 -4.399986318882641474e-03
-9.982896246032445520e-01 -5.830462496974592873e-02 -4.289408404460522996e-03
-9.982644977766118588e-01 -5.874127941973250611e-02 -4.178214776876481087e-03
-9.982398547051114512e-01 -5.916637184834665220e-02 -4.066426978564109673e-03
-9.982157134491337347e-01 -5.957984296815675707e-02 -3.954066621780823881e-03
-9.981920916378795861e-01 -5.998163572796483961e-02 -3.841155384551042228e-03
-9.981690064577921628e-01 -6.037169531794476379e-02 -3.727715006613718188e-03
-9.981464746413537537e-01 -6.074996917438326566e-02 -3.613767285374815293e-03
-9.981245124562546644e-01 -6.111640698402664301e-02 -3.499334071865294743e-03
-9.981031356949411348e-01 -6.147096068803580698e-02 -3.384437266705166321e-03
-9.980823596645480578e-01 -6.181358448555245022e-02 -3.269098816074139484e-03
-9.980621991772220536e-01 -6.214423483687907257e-02 -3.153340707689394201e-03
-9.980426685408412268e-01 -6.246287046627567452e-02 -3.037184966790973731e-03
-9.980237815501363796e-01 -6.276945236437574127e-02 -2.920653652135288530e-03
-9.980055514782187887e-01 -6.306394379022429997e-02 -2.803768851997197938e-03
-9.979879910685196531e-01 -6.334631027294072847e-02 -2.686552680181131941e-03
-9.979711125271443217e-01 -6.361651961300893166e-02 -2.569027272041689725e-03
-9.979549275156467392e-01 -6.387454188319761916e-02 -2.451214780514145673e-03
-9.979394471442272208e-01 -6.412034942911309932e-02 -2.333137372155274364e-03
-9.979246819653565526e-01 -6.435391686938739253e-02 -2.214817223194898328e-03
-9.979106419678306361e-01 -6.457522109550392631e-02 -2.096276515598542375e-03
-9.978973365712566768e-01 -6.478424127126354570e-02 -1.977537433141574822e-03
-9.978847746209755787e-01 -6.498095883189301813e-02 -1.858622157495195800e-03
-9.978729643834204355e-01 -6.516535748279859985e-02 -1.739552864324630209e-03
-9.978619135419150021e-01 -6.533742319796691234e-02 -1.620351719399864025e-03
-9.978516291929118154e-01 -6.549714421801540454e-02 -1.501040874719260058e-03
-9.978421178426724047e-01 -6.564451104789462144e-02 -1.381642464646375395e-03
-9.978333854043900386e-01 -6.577951645424444382e-02 -1.262178602060295583e-03
-9.978254371957553381e-01 -6.590215546240643651e-02 -1.142671374519794352e-03
-9.978182779369653144e-01 -6.601242535309426174e-02 -1.023142840441614845e-03
-9.978119117491754952e-01 -6.611032565872419775e-02 -9.036150252931697676e-04
-9.978063421533953647e-01 -6.619585815940762230e-02 -7.841099177999425558e-04
-9.978015720698251156e-01 -6.626902687860741770e-02 -6.646494661678734126e-04
-9.977976038176341600e-01 -6.632983807845993507e-02 -5.452555743210050565e-04
-9.977944391151793990e-01 -6.637830025476433582e-02 -4.259500981546591775e-04
-9.977920790806613649e-01 -6.641442413164094782e-02 -3.067548418044130257e-04
-9.977905242332166802e-01 -6.643822265586019071e-02 -1.876915539311389976e-04
-9.977897744944447256e-01 -6.644971099084359678e-02 -6.878192402237070786e-05
-9.977898291903660732e-01 -6.644890651033848183e-02 4.995242128974492326e-05
-9.977906870538086892e-01 -6.643582879176751499e-02 1.684899218936501426e-04
-9.977923462272209054e-01 -6.641049960925457518e-02 2.868090878464757106e-04
-9.977948042659057215e-01 -6.637294292632826831e-02 4.048885030047785663e-04
-9.977980581416739936e-01 -6.632318488830413195e-02 5.227068286376598512e-04
-9.978021042469121804e-01 -6.626125381434681827e-02 6.402428070220028949e-04
-9.978069383990604280e-01 -6.618718018921330992e-02 7.574752650195714677e-04
-9.978125558454962185e-01 -6.610099665467818186e-02 8.743831176357036482e-04
-9.978189512688194762e-01 -6.600273800064189456e-02 9.909453715593367039e-04
-9.978261187925333564e-01 -6.589244115592313156e-02 1.107141128684093834e-03
-9.978340519871156111e-01 -6.577014517873595867e-02 1.222949589610159826e-03
-9.978427438764754243e-01 -6.563589124685267895e-02 1.338350057126669150e-03
-9.978521869447892767e-01 -6.548972264745327176e-02 1.453321939674326237e-03
-9.978623731437099575e-01 -6.533168476666197100e-02 1.567844754787970935e-03
-9.978732938999426150e-01 -6.516182507877192609e-02 1.681898132518796747e-03
-9.978849401231812966e-01 -6.498019313515845941e-02 1.795461818835926296e-03
-9.978973022143984295e-01 -6.478684055288165544e-02 1.908515679007039131e-03
-9.979103700744815786e-01 -6.458182100297886474e-02 2.021039700957741585e-03
-9.979241331132087112e-01 -6.436519019844777478e-02 2.133013998609361445e-03
-9.979385802585559739e-01 -6.413700588192056129e-02 2.244418815194843680e-03
-9.979536999663290997e-01 -6.389732781302968900e-02 2.355234526552413971e-03
-9.979694802301112277e-01 -6.364621775546601412e-02 2.465441644396671947e-03
-9.979859085915190331e-01 -6.338373946372954926e-02 2.575020819566763326e-03
-9.980029721507582829e-01 -6.310995866957359868e-02 2.683952845251276389e-03
-9.980206575774713817e-01 -6.282494306814266627e-02 2.792218660189500247e-03
-9.980389511218668019e-01 -6.252876230380477462e-02 2.899799351848665000e-03
-9.980578386261232948e-01 -6.222148795567863933e-02 3.006676159576787341e-03
-9.980773055360584456e-01 -6.190319352285635068e-02 3.112830477730726964e-03
-9.980973369130530237e-01 -6.157395440932208336e-02 3.218243858779055652e-03
-9.981179174462216919e-01 -6.123384790856741672e-02 3.322898016379324457e-03
-9.981390314648205253e-01 -6.088295318790389044e-02 3.426774828429316085e-03
-9.981606629508816830e-01 -6.052135127247349616e-02 3.529856340091850567e-03
-9.981827955520659046e-01 -6.014912502895768120e-02 3.632124766792705316e-03
-9.982054125947221745e-01 -5.976635914898567603e-02 3.733562497191207641e-03
-9.982284970971446736e-01 -5.937314013224286730e-02 3.834152096123038308e-03
-9.982520317830176904e-01 -5.896955626928000738e-02 3.933876307514785550e-03
-9.982759990950371698e-01 -5.855569762402414169e-02 4.032718057269769896e-03
-9.983003812086990170e-01 -5.813165601599216969e-02 4.130660456124665356e-03
-9.983251600462438313e-01 -5.769752500220801106e-02 4.227686802476415644e-03
-9.983503172907468581e-01 -5.725339985882438310e-02 4.323780585178950593e-03
-9.983758344003438312e-01 -5.679937756245035524e-02 4.418925486309194066e-03
-9.984016926225799393e-01 -5.633555677118581156e-02 4.513105383901844236e-03
-9.984278730088734788e-01 -5.586203780536408425e-02 4.606304354652403232e-03
-9.984543564290813134e-01 -5.537892262800411802e-02 4.698506676587925306e-03
-9.984811235861569267e-01 -5.488631482497357411e-02 4.789696831704938831e-03
-9.985081550308885223e-01 -5.438431958486436568e-02 4.879859508574001768e-03
-9.985354311767077329e-01 -5.387304367858224835e-02 4.968979604910335468e-03
-9.985629323145565062e-01 -5.335259543865217280e-02 5.057042230109973918e-03
-9.985906386278026181e-01 -5.282308473824114808e-02 5.144032707750869834e-03
-9.986185302071910463e-01 -5.228462296990059321e-02 5.229936578058382544e-03
-9.986465870658222110e-01 -5.173732302403009908e-02 5.314739600334570865e-03
-9.986747891541438715e-01 -5.118129926706477262e-02 5.398427755350716784e-03
-9.987031163749473528e-01 -5.061666751938836972e-02 5.480987247702491863e-03
-9.987315485983564445e-01 -5.004354503297457624e-02 5.562404508127177447e-03
-9.987600656767973151e-01 -4.946205046875886552e-02 5.642666195782348841e-03
-9.987886474599401154e-01 -4.887230387374354168e-02 5.721759200485435418e-03
-9.988172738095996150e-01 -4.827442665783866771e-02 5.799670644913551207e-03
-9.988459246145848791e-01 -4.766854157044168872e-02 5.876387886763008786e-03
-9.988745798054877723e-01 -4.705477267675873404e-02 5.951898520867912774e-03
-9.989032193693977435e-01 -4.643324533387065828e-02 6.026190381277239660e-03
-9.989318233645342326e-01 -4.580408616654704779e-02 6.099251543289800279e-03
-9.989603719347847077e-01 -4.516742304281153031e-02 6.171070325446492526e-03
-9.989888453241385635e-01 -4.452338504926189183e-02 6.241635291479250176e-03
-9.990172238910063340e-01 -4.387210246614858811e-02 6.310935252216091917e-03
-9.990454881224135608e-01 -4.321370674221542557e-02 6.378959267441679064e-03
-9.990736186480593251e-01 -4.254833046930626972e-02 6.445696647712799952e-03
-9.991015962542298956e-01 -4.187610735674183321e-02 6.511136956128192946e-03
-9.991294018975569458e-01 -4.119717220547070013e-02 6.575270010052132984e-03
-9.991570167186103468e-01 -4.051166088199888160e-02 6.638085882791210091e-03
-9.991844220553166567e-01 -3.981971029210232965e-02 6.699574905223726513e-03
-9.992115994561932002e-01 -3.912145835432699614e-02 6.759727667381162583e-03
-9.992385306933884159e-01 -3.841704397328115500e-02 6.818535019981147513e-03
-9.992651977755193649e-01 -3.770660701272481041e-02 6.875988075911400842e-03
-9.992915829602976308e-01 -3.699028826846118695e-02 6.932078211664098079e-03
-9.993176687669341751e-01 -3.626822944103544333e-02 6.986797068720144478e-03
-9.993434379883152641e-01 -3.554057310824580707e-02 7.040136554882829578e-03
-9.993688737029396973e-01 -3.480746269747256316e-02 7.092088845560366381e-03
-9.993939592866109001e-01 -3.406904245783037161e-02 7.142646384996808630e-03
-9.994186784238739962e-01 -3.332545743214957584e-02 7.191801887450876944e-03
-9.994430151191908696e-01 -3.257685342879226148e-02 7.239548338322208954e-03
-9.994669537078456623e-01 -3.182337699330895636e-02 7.285878995224587609e-03
-9.994904788665728290e-01 -3.106517537994198455e-02 7.330787389005697513e-03
-9.995135756239009739e-01 -3.030239652298160127e-02 7.374267324712980784e-03
-9.995362293702045875e-01 -2.953518900798116423e-02 7.416312882505177867e-03
-9.995584258674582445e-01 -2.876370204283770077e-02 7.456918418509157764e-03
-9.995801512586856008e-01 -2.798808542874432759e-02 7.496078565621649113e-03
-9.996013920770976391e-01 -2.720848953102112527e-02 7.533788234255510419e-03
-9.996221352549132799e-01 -2.642506524983112559e-02 7.570042613030187294e-03
-9.996423681318581389e-01 -2.563796399078822202e-02 7.604837169406025374e-03
-9.996620784633339918e-01 -2.484733763546383839e-02 7.638167650262127524e-03
-9.996812544282550617e-01 -2.405333851179937421e-02 7.670030082417457831e-03
-9.996998846365455771e-01 -2.325611936443144553e-02 7.700420773094918299e-03
-9.997179581362942713e-01 -2.245583332493708215e-02 7.729336310328139767e-03
-9.997354644205607155e-01 -2.165263388200610803e-02 7.756773563310753739e-03
-9.997523934338301554e-01 -2.084667485154798397e-02 7.782729682687926538e-03
-9.997687355781121887e-01 -2.003811034674049182e-02 7.807202100789958910e-03
-9.997844817186801736e-01 -1.922709474802769547e-02 7.830188531807781918e-03
-9.997996231894475949e-01 -1.841378267307465857e-02 7.851686971910193033e-03
-9.998141517979791670e-01 -1.759832894668649644e-02 7.871695699302693611e-03
-9.998280598301330091e-01 -1.678088857069933576e-02 7.890213274227834972e-03
-9.998413400543316731e-01 -1.596161669385084622e-02 7.907238538906971592e-03
-9.998539857254604701e-01 -1.514066858163802889e-02 7.922770617423359821e-03
-9.998659905883902077e-01 -1.431819958616999469e-02 7.936808915546567436e-03
-9.998773488811233401e-01 -1.349436511602347503e-02 7.949353120498159342e-03
-9.998880553375625313e-01 -1.266932060610885709e-02 7.960403200658680220e-03
-9.998981051898999661e-01 -1.184322148755454114e-02 7.969959405215953224e-03
-9.998739296531677923e-01 -8.933605441842538963e-03 1.312701163863421588e-02
-9.998180146363396803e-01 -5.490115754598024964e-03 1.827017272801794573e-02
-9.997250777426576196e-01 -1.514412483835979664e-03 2.339825841707037987e-02
-9.995890307400235875e-01 2.991629761720339571e-03 2.851004777200371459e-02
-9.994029919723532718e-01 8.025900918658887551e-03 3.360428010181087249e-02
-9.991593002977018356e-01 1.358603240371833443e-02 3.867965210303980772e-02
-9.988495306711804300e-01 1.966937201107142597e-02 4.373481525200722392e-02
-9.984645114965522428e-01 2.627295690999104441e-02 4.876837346718467664e-02
-9.979943438746394779e-01 3.339348489582864843e-02 5.377888106416081615e-02
-9.974284228791362450e-01 4.102728406284726625e-02 5.876484102510835805e-02
-9.967554609909552443e-01 4.917028108360504274e-02 6.372470360404167145e-02
-9.959635138206968108e-01 5.781796829617275035e-02 6.865686528831953239e-02
-9.950400082450777672e-01 6.696536981735368155e-02 7.355966813580716579e-02
-9.939717730770719628e-01 7.660700691709197707e-02 7.843139950584340769e-02
-9.927450723809816413e-01 8.673686290621174244e-02 8.327029220064408044e-02
-9.913456415325920812e-01 9.734834780630244322e-02 8.807452503199765526e-02
-9.897587261108915513e-01 1.084342630867057983e-01 9.284222382606073520e-02
-9.879691236915273400e-01 1.199867667688920836e-01 9.757146287673076901e-02
-9.859612285932076725e-01 1.319973392127409551e-01 1.022602668554566246e-01
-9.837190796066834775e-01 1.444567499120479048e-01 1.069066131824455840e-01
-9.821075386347530856e-01 1.553288377858969838e-01 1.064788186681752263e-01
-9.803852155948129532e-01 1.661379455882296685e-01 1.060330900776941393e-01
-9.785540798929868167e-01 1.768812098225360785e-01 1.055696663132678625e-01
-9.766161765565480879e-01 1.875558390474346138e-01 1.050887959422273227e-01
-9.745736229423229702e-01 1.981591162443746279e-01 1.045907367593781195e-01
-9.724286053647608341e-01 2.086884010114920251e-01 1.040757553387602896e-01
-9.701833756536926145e-01 2.191411315810801175e-01 1.035441265760903978e-01
-9.678402476518279673e-01 2.295148266587857533e-01 1.029961332232216392e-01
-9.654015936620228278e-01 2.398070870832813006e-01 1.024320654159556199e-01
-9.628698408542928355e-01 2.500155973057920922e-01 1.018522201965317425e-01
-9.602474676424449518e-01 2.601381266894758348e-01 1.012569010321068830e-01
-9.575370000400617032e-01 2.701725306292485085e-01 1.006464173305195026e-01
-9.547410080053922998e-01 2.801167514932325631e-01 1.000210839546089026e-01
-9.518621017844925980e-01 2.899688193875608055e-01 9.938122073633198772e-02
-9.489029282617076344e-01 2.997268527468029964e-01 9.872715199188730750e-02
-9.458661673263140113e-01 3.093890587527915459e-01 9.805920603901938093e-02
-9.427545282638313262e-01 3.189537335851016508e-01 9.737771471763580211e-02
-9.395707461801805493e-01 3.284192625068931282e-01 9.668301291482564452e-02
-9.363175784665117574e-01 3.377841197902403669e-01 9.597543809532060877e-02
-9.329978013121487113e-01 3.470468684854665087e-01 9.525532983839093970e-02
-9.296142062727025257e-01 3.562061600393535143e-01 9.452302938211570860e-02
-9.261695969000012241e-01 3.652607337674224075e-01 9.377887917591334888e-02
-9.226667854400580904e-01 3.742094161857689172e-01 9.302322244216255920e-02
-9.191085896048749593e-01 3.830511202081951505e-01 9.225640274768669158e-02
-9.154978294234373815e-01 3.917848442146013577e-01 9.147876358581716327e-02
-9.118373241768169546e-01 4.004096709967918111e-01 9.069064796969270037e-02
-9.081298894218543527e-01 4.089247665880066385e-01 8.989239803739279555e-02
-9.043783341074501658e-01 4.173293789826167388e-01 8.908435466944478187e-02
-9.005854577870532340e-01 4.256228367525148326e-01 8.826685711918598465e-02
-8.967540479304960677e-01 4.338045475667985929e-01 8.744024265640426563e-02
-8.928868773378993984e-01 4.418739966213803827e-01 8.660484622462365223e-02
-8.889867016579451331e-01 4.498307449851638995e-01 8.576100011234583098e-02
-8.850562570124045347e-01 4.576744278694117041e-01 8.490903363850391128e-02
-8.810982577284088846e-01 4.654047528268845380e-01 8.404927285233176892e-02
-8.771153941795607478e-01 4.730214978872661069e-01 8.318204024780098682e-02
-8.731103307366110400e-01 4.805245096353000234e-01 8.230765449272819945e-02
-8.690857038280672686e-01 4.879137012379559102e-01 8.142643017260793592e-02
-8.650441201107554878e-01 4.951890504268157134e-01 8.053867754918087041e-02
-8.609881547500312093e-01 5.023505974417254993e-01 7.964470233370418706e-02
-8.569203498090267601e-01 5.093984429415993054e-01 7.874480547485002147e-02
-8.528432127460290335e-01 5.163327458880874188e-01 7.783928296111930489e-02
-8.487592150188084661e-01 5.231537214076352749e-01 7.692842563762243568e-02
-8.446707907944661642e-01 5.298616386372625442e-01 7.601251903704434043e-02
-8.405803357631270734e-01 5.364568185591860328e-01 7.509184322458045679e-02
-8.364902060535894801e-01 5.429396318291961343e-01 7.416667265660123465e-02
-8.324027172488415172e-01 5.493104966034768610e-01 7.323727605277666197e-02
-8.283201434991720458e-01 5.555698763683332153e-01 7.230391628136800808e-02
-8.242447167304393085e-01 5.617182777770627355e-01 7.136685025737281307e-02
-8.201786259449147520e-01 5.677562484979753465e-01 7.042632885318968194e-02
-8.161240166119877459e-01 5.736843750773343853e-01 6.948259682145251082e-02
-8.120829901459057920e-01 5.795032808207584152e-01 6.853589272966903456e-02
-8.080576034676258956e-01 5.852136236963917382e-01 6.758644890628591473e-02
-8.040498686477709489e-01 5.908160942629223644e-01 6.663449139779197006e-02
-8.000617526276195823e-01 5.963114136252987141e-01 6.568023993646258940e-02
-7.960951770150025419e-01 6.017003314207715059e-01 6.472390791834156665e-02
-7.921520179519405680e-01 6.069836238376705717e-01 6.376570239105157356e-02
-7.882341060508318842e-01 6.121620916691082881e-01 6.280582405102135002e-02
-7.843432263959815298e-01 6.172365584035952590e-01 6.184446724971594950e-02
-7.804811186072617701e-01 6.222078683543484923e-01 6.088182000845612091e-02
-7.766494769627002581e-01 6.270768848288773567e-01 5.991806404141428871e-02
-7.728499505768083866e-01 6.318444883402408729e-01 5.895337478637694556e-02
-7.690841436314873603e-01 6.365115748611889224e-01 5.798792144286720601e-02
-7.653536156563860438e-01 6.410790541222222139e-01 5.702186701722591206e-02
-7.616598818556233885e-01 6.455478479544409787e-01 5.605536837425568325e-02
-7.580044134778387566e-01 6.499188886778890506e-01 5.508857629503904896e-02
-7.543886382265873047e-01 6.541931175359496642e-01 5.412163554054942594e-02
-7.508139407081583228e-01 6.583714831762051967e-01 5.315468492068205209e-02
-7.472816629139610312e-01 6.624549401780347457e-01 5.218785736834109790e-02
-7.437931047346887370e-01 6.664444476270973139e-01 5.122128001822871118e-02
-7.403495245035505157e-01 6.703409677367250241e-01 5.025507428999197168e-02
-7.369521395659323071e-01 6.741454645161413239e-01 4.928935597539425145e-02
-7.336021268729311373e-01 6.778589024853103329e-01 4.832423532918839193e-02
-7.303006235962874459e-01 6.814822454361281201e-01 4.735981716338041186e-02
-7.270487277623229883e-01 6.850164552395768824e-01 4.639620094458390270e-02
-7.238474989025787121e-01 6.884624906983767278e-01 4.543348089417682811e-02
-7.206979587189308312e-01 6.918213064445974947e-01 4.447174609098442782e-02
-7.176010917610498030e-01 6.950938518816215383e-01 4.351108057622349312e-02
-7.145578461141547377e-01 6.982810701697853561e-01 4.255156346045543825e-02
-7.115691340951001420e-01 7.013838972549731876e-01 4.159326903230723543e-02
-7.086358329549199420e-01 7.044032609393834354e-01 4.063626686873115373e-02
-7.057587855860356640e-01 7.073400799936457872e-01 3.968062194658601716e-02
-7.029388012324240265e-01 7.101952633094267275e-01 3.872639475533409814e-02
-7.001766562011175754e-01 7.129697090916279345e-01 3.777364141065935738e-02
-6.974730945734977094e-01 7.156643040892542995e-01 3.682241376882387784e-02
-6.948288289149162633e-01 7.182799228640022182e-01 3.587275954159034608e-02
-6.922445409812620909e-01 7.208174270956022589e-01 3.492472241154928603e-02
-6.897208824211640277e-01 7.232776649229337718e-01 3.397834214770024258e-02
-6.872584754725978851e-01 7.256614703199186778e-01 3.303365472114641599e-02
-6.848579136527357392e-01 7.279696625051933490e-01 3.209069242077215722e-02
-6.825197624399467200e-01 7.302030453845570479e-01 3.114948396878259099e-02
-6.802445599469265636e-01 7.323624070251912865e-01 3.021005463599384100e-02
-6.780328175839991367e-01 7.344485191606506813e-01 2.927242635677156091e-02
-6.758850207116959830e-01 7.364621367256301010e-01 2.833661784352415475e-02
-6.738016292817816666e-01 7.384039974195216738e-01 2.740264470066557795e-02
-6.717830784659507559e-01 7.402748212977866560e-01 2.647051953797065899e-02
-6.698297792714800192e-01 7.420753103901803760e-01 2.554025208325375051e-02
-6.679421191431714755e-01 7.438061483448837885e-01 2.461184929430892954e-02
-6.661204625509762334e-01 7.454680000976127152e-01 2.368531547005713750e-02
-6.643651515627362336e-01 7.470615115647948334e-01 2.276065236085244442e-02
-6.626765064015297524e-01 7.485873093599254569e-01 2.183785927790613327e-02
-6.610548259871517063e-01 7.500460005322355794e-01 2.091693320179345908e-02
-6.595003884613011014e-01 7.514381723268280799e-01 1.999786889001380075e-02
-6.580134516960909341e-01 7.527643919654645188e-01 1.908065898358046394e-02
-6.565942537855329331e-01 7.540252064472092730e-01 1.816529411262163968e-02
-6.552430135196871674e-01 7.552211423681639557e-01 1.725176300097897020e-02
-6.539599308412009648e-01 7.563527057595552661e-01 1.634005256979479195e-02
-6.527451872839953317e-01 7.574203819434638385e-01 1.543014804008351754e-02
-6.515989463938869353e-01 7.584246354055136363e-01 1.452203303428666915e-02
-6.505213541309651237e-01 7.593659096838685230e-01 1.361568967681487698e-02
-6.495125392535691100e-01 7.602446272739141753e-01 1.271109869358370142e-02
-6.485726136837391964e-01 7.610611895480319244e-01 1.180823951055338418e-02
-6.477016728540389012e-01 7.618159766899025298e-01 1.090709035128566498e-02
-6.468997960356686061e-01 7.625093476428075334e-01 1.000762833353355079e-02
-6.461670466478154351e-01 7.631416400714283732e-01 9.109829564882444483e-03
-6.455034725482017288e-01 7.637131703366710767e-01 8.213669237463340489e-03
-6.449091063048170147e-01 7.642242334830786632e-01 7.319121721760817392e-03
-6.443839654488364710e-01 7.646751032384210278e-01 6.426160659540427686e-03
-6.439280527087449801e-01 7.650660320250850521e-01 5.534759055921667677e-03
-6.435413562257050746e-01 7.653972509829173321e-01 4.644889370624120072e-03
-6.432238497502216212e-01 7.656689700032018875e-01 3.756523608415566519e-03
-6.429754928201708575e-01 7.658813777734863049e-01 2.869633408791844899e-03
-6.427962309202781555e-01 7.660346418329998519e-01 1.984190134919041042e-03
-6.426859956231396609e-01 7.661289086384358571e-01 1.100164961869188728e-03
-6.426447047118992728e-01 7.661643036399010676e-01 2.175289641810950261e-04
-6.426722622847036437e-01 7.661409313668638976e-01 -6.637467972218739085e-04
-6.427685588410709805e-01 7.660588755239612357e-01 -1.543691188725146652e-03
-6.429334713503217502e-01 7.659181990965544529e-01 -2.422332918295657094e-03
-6.431668633022314951e-01 7.657189444659496802e-01 -3.299700450302419947e-03
-6.434685847400776204e-01 7.654611335342286216e-01 -4.175821920853940543e-03
-6.438384722762634516e-01 7.651447678586619228e-01 -5.050725053622046740e-03
-6.442763490907159607e-01 7.647698287957036545e-01 -5.924437076122522627e-03
-6.447820249122634406e-01 7.643362776545925552e-01 -6.796984636423867437e-03
-6.453552959832127289e-01 7.638440558606116593e-01 -7.668393720256623351e-03
-6.459959450073567977e-01 7.632930851280822493e-01 -8.538689568496965129e-03
-6.467037410816565135e-01 7.626832676431948288e-01 -9.407896594999669987e-03
-6.474784396118516971e-01 7.620144862568016819e-01 -1.027603830475716865e-02
-6.483197822122707121e-01 7.612866046873217885e-01 -1.114313721236309847e-02
-6.492274965901202455e-01 7.604994677339296238e-01 -1.200921476076066002e-02
-6.502012964145511553e-01 7.596529015002241314e-01 -1.287429124025810633e-02
-6.512408811708091383e-01 7.587467136285939162e-01 -1.373838570779588493e-02
-6.523459359997959561e-01 7.577806935455168036e-01 -1.460151590645226982e-02
-6.535161315233795065e-01 7.567546127180524440e-01 -1.546369818517680239e-02
-6.547511236558095638e-01 7.556682249218057423e-01 -1.632494741874350452e-02
-6.560505534016095597e-01 7.545212665206578739e-01 -1.718527692791855382e-02
-6.574140466403356475e-01 7.533134567585791919e-01 -1.804469839984011031e-02
-6.588412138986086131e-01 7.520444980638563148e-01 -1.890322180861095727e-02
-6.603316501098458469e-01 7.507140763660810068e-01 -1.976085533610792005e-02
-6.618849343621379111e-01 7.493218614262637800e-01 -2.061760529301531406e-02
-6.635006296347368826e-01 7.478675071804486985e-01 -2.147347604009322217e-02
-6.651782825236425278e-01 7.463506520972210678e-01 -2.232846990969502773e-02
-6.669174229567963463e-01 7.447709195495076928e-01 -2.318258712755240369e-02
-6.687175638994152793e-01 7.431279182010845918e-01 -2.403582573484990687e-02
-6.705782010500215273e-01 7.414212424082126107e-01 -2.488818151061536477e-02
-6.724988125277489015e-01 7.396504726368315907e-01 -2.573964789445647508e-02
-6.744788585515331114e-01 7.378151758957504081e-01 -2.659021590967829834e-02
-6.765177811118185947e-01 7.359149061862738650e-01 -2.743987408682088333e-02
-6.786150036354419157e-01 7.339492049687136310e-01 -2.828860838766075747e-02
-6.807699306443819598e-01 7.319176016462294321e-01 -2.913640212972477134e-02
-6.829819474090944587e-01 7.298196140664507947e-01 -2.998323591136960523e-02
-6.852504195971784728e-01 7.276547490413243224e-01 -3.082908753748516209e-02
-6.875746929181547618e-01 7.254225028856312596e-01 -3.167393194588513650e-02
-6.899540927651662825e-01 7.231223619746144360e-01 -3.251774113445314585e-02
-6.923879238544435877e-01 7.207538033211445816e-01 -3.336048408911811841e-02
-6.948754698634115323e-01 7.183162951728501167e-01 -3.420212671273785421e-02
-6.974159930683462294e-01 7.158092976296194232e-01 -3.504263175497513566e-02
-7.000087339825261656e-01 7.132322632818742791e-01 -3.588195874325614959e-02
-7.026529109958564723e-01 7.105846378699947063e-01 -3.672006391490655747e-02
-7.053477200169778749e-01 7.078658609652579425e-01 -3.755690015056603603e-02
-7.080923341189109266e-01 7.050753666726333746e-01 -3.839241690898771014e-02
-7.108859031893181024e-01 7.022125843557511793e-01 -3.922656016333447154e-02
-7.137275535865035270e-01 6.992769393843362158e-01 -4.005927233908974927e-02
-7.166163878023057432e-01 6.962678539043702930e-01 -4.089049225370591789e-02
-7.195514841330741262e-01 6.931847476312121836e-01 -4.172015505811892816e-02
-7.225318963599529631e-01 6.900270386658725608e-01 -4.254819218026340000e-02
-7.255566534397349665e-01 6.867941443346001762e-01 -4.337453127072759401e-02
-7.286247592075768553e-01 6.834854820518968532e-01 -4.419909615069319425e-02
-7.317351920929041631e-01 6.801004702070345687e-01 -4.502180676230985862e-02
-7.348869048498652967e-01 6.766385290740988268e-01 -4.584257912165956572e-02
