1.000000000000000000e+00 0.000000000000000000e+00 0.000000000000000000e+00
1.000000000000000000e+00 0.000000000000000000e+00 0.000000000000000000e+00
1.000000000000000000e+00 0.000000000000000000e+00 0.000000000000000000e+00
1.000000000000000000e+00 0.000000000000000000e+00 0.000000000000000000e+00
1.000000000000000000e+00 0.000000000000000000e+00 0.000000000000000000e+00
1.000000000000000000e+00 0.000000000000000000e+00 0.000000000000000000e+00
1.000000000000000000e+00 0.000000000000000000e+00 0.000000000000000000e+00
1.000000000000000000e+00 0.000000000000000000e+00 0.000000000000000000e+00
1.000000000000000000e+00 0.000000000000000000e+00 0.000000000000000000e+00
1.000000000000000000e+00 0.000000000000000000e+00 0.000000000000000000e+00
1.000000000000000000e+00 0.000000000000000000e+00 0.000000000000000000e+00
1.000000000000000000e+00 0.000000000000000000e+00 0.000000000000000000e+00
1.000000000000000000e+00 0.000000000000000000e+00 0.000000000000000000e+00
1.000000000000000000e+00 0.000000000000000000e+00 0.000000000000000000e+00
1.000000000000000000e+00 0.000000000000000000e+00 0.000000000000000000e+00
1.000000000000000000e+00 0.000000000000000000e+00 0.000000000000000000e+00
1.000000000000000000e+00 0.000000000000000000e+00 0.000000000000000000e+00
1.000000000000000000e+00 0.000000000000000000e+00 0.000000000000000000e+00
1.000000000000000000e+00 0.000000000000000000e+00 0.000000000000000000e+00
1.000000000000000000e+00 0.000000000000000000e+00 0.000000000000000000e+00
1.000000000000000000e+00 0.000000000000000000e+00 0.000000000000000000e+00
1.000000000000000000e+00 0.000000000000000000e+00 0.000000000000000000e+00
1.000000000000000000e+00 0.000000000000000000e+00 0.000000000000000000e+00
1.000000000000000000e+00 0.000000000000000000e+00 0.000000000000000000e+00
1.000000000000000000e+00 0.000000000000000000e+00 0.000000000000000000e+00
1.000000000000000000e+00 0.000000000000000000e+00 0.000000000000000000e+00
1.000000000000000000e+00 0.000000000000000000e+00 0.000000000000000000e+00
1.000000000000000000e+00 0.000000000000000000e+00 0.000000000000000000e+00
1.000000000000000000e+00 0.000000000000000000e+00 0.000000000000000000e+00
1.000000000000000000e+00 0.000000000000000000e+00 0.000000000000000000e+00
1.000000000000000000e+00 0.000000000000000000e+00 0.000000000000000000e+00
1.000000000000000000e+00 0.000000000000000000e+00 0.000000000000000000e+00
1.000000000000000000e+00 0.000000000000000000e+00 0.000000000000000000e+00
1.000000000000000000e+00 0.000000000000000000e+00 0.000000000000000000e+00
1.000000000000000000e+00 0.000000000000000000e+00 0.000000000000000000e+00
1.000000000000000000e+00 0.000000000000000000e+00 0.000000000000000000e+00
1.000000000000000000e+00 0.000000000000000000e+00 0.000000000000000000e+00
1.000000000000000000e+00 0.000000000000000000e+00 0.000000000000000000e+00
1.000000000000000000e+00 0.000000000000000000e+00 0.000000000000000000e+00
1.000000000000000000e+00 0.000000000000000000e+00 0.000000000000000000e+00
1.000000000000000000e+00 0.000000000000000000e+00 0.000000000000000000e+00
1.000000000000000000e+00 0.000000000000000000e+00 0.000000000000000000e+00
1.000000000000000000e+00 0.000000000000000000e+00 0.000000000000000000e+00
1.000000000000000000e+00 0.000000000000000000e+00 0.000000000000000000e+00
1.000000000000000000e+00 0.000000000000000000e+00 0.000000000000000000e+00
1.000000000000000000e+00 0.000000000000000000e+00 0.000000000000000000e+00
1.000000000000000000e+00 0.000000000000000000e+00 0.000000000000000000e+00
1.000000000000000000e+00 0.000000000000000000e+00 0.000000000000000000e+00
1.000000000000000000e+00 0.000000000000000000e+00 0.000000000000000000e+00
1.000000000000000000e+00 0.000000000000000000e+00 0.000000000000000000e+00
1.000000000000000000e+00 0.000000000000000000e+00 0.000000000000000000e+00
1.000000000000000000e+00 0.000000000000000000e+00 0.000000000000000000e+00
1.000000000000000000e+00 0.000000000000000000e+00 0.000000000000000000e+00
1.000000000000000000e+00 0.000000000000000000e+00 0.000000000000000000e+00
1.000000000000000000e+00 0.000000000000000000e+00 0.000000000000000000e+00
1.000000000000000000e+00 0.000000000000000000e+00 0.000000000000000000e+00
1.000000000000000000e+00 0.000000000000000000e+00 0.000000000000000000e+00
1.000000000000000000e+00 0.000000000000000000e+00 0.000000000000000000e+00
1.000000000000000000e+00 0.000000000000000000e+00 0.000000000000000000e+00
1.000000000000000000e+00 0.000000000000000000e+00 0.000000000000000000e+00
1.000000000000000000e+00 0.000000000000000000e+00 0.000000000000000000e+00
1.000000000000000000e+00 0.000000000000000000e+00 0.000000000000000000e+00
1.000000000000000000e+00 0.000000000000000000e+00 0.000000000000000000e+00
1.000000000000000000e+00 0.000000000000000000e+00 0.000000000000000000e+00
1.000000000000000000e+00 0.000000000000000000e+00 0.000000000000000000e+00
1.000000000000000000e+00 0.000000000000000000e+00 0.000000000000000000e+00
1.000000000000000000e+00 0.000000000000000000e+00 0.000000000000000000e+00
1.000000000000000000e+00 0.000000000000000000e+00 0.000000000000000000e+00
1.000000000000000000e+00 0.000000000000000000e+00 0.000000000000000000e+00
1.000000000000000000e+00 0.000000000000000000e+00 0.000000000000000000e+00
1.000000000000000000e+00 0.000000000000000000e+00 0.000000000000000000e+00
1.000000000000000000e+00 0.000000000000000000e+00 0.000000000000000000e+00
1.000000000000000000e+00 0.000000000000000000e+00 0.000000000000000000e+00
1.000000000000000000e+00 0.000000000000000000e+00 0.000000000000000000e+00
1.000000000000000000e+00 0.000000000000000000e+00 0.000000000000000000e+00
1.000000000000000000e+00 0.000000000000000000e+00 0.000000000000000000e+00
1.000000000000000000e+00 0.000000000000000000e+00 0.000000000000000000e+00
1.000000000000000000e+00 0.000000000000000000e+00 0.000000000000000000e+00
1.000000000000000000e+00 0.000000000000000000e+00 0.000000000000000000e+00
1.000000000000000000e+00 0.000000000000000000e+00 0.000000000000000000e+00
1.000000000000000000e+00 0.000000000000000000e+00 0.000000000000000000e+00
1.000000000000000000e+00 0.000000000000000000e+00 0.000000000000000000e+00
9.999999709164165695e-01 1.182045165424806181e-04 -2.102307433157119313e-04
9.999998602299782213e-01 3.231979820340416532e-04 -4.184354078620044657e-04
9.999996168106608518e-01 6.140072255606215772e-04 -6.240052903881695241e-04
9.999991691210589062e-01 9.894087107047014676e-04 -8.263420464371673546e-04
9.999984265845812681e-01 1.447933179821251411e-03 -1.024859418316757462e-03
9.999972812311301862e-01 1.987871000350631846e-03 -1.218984921247437707e-03
9.999956095970061742e-01 2.607278196563020834e-03 -1.408161483062083177e-03
9.999932748527908810e-01 3.303983148429804825e-03 -1.591849032930753392e-03
9.999901291303062711e-01 4.075593937594833120e-03 -1.769526034690396604e-03
9.999860160174591783e-01 4.919506318672195976e-03 -1.940690960474830001e-03
9.999807731878861405e-01 5.832912292329698635e-03 -2.104863700467102510e-03
9.999742351308261723e-01 6.812809254833741314e-03 -2.261586904735903274e-03
9.999662359455931959e-01 7.856009696939893552e-03 -2.410427253271659430e-03
9.999566121643989058e-01 8.959151423224773203e-03 -2.550976650507894017e-03
9.999452055670987605e-01 1.011870826118197592e-02 -2.682853340800543402e-03
9.999318659516993613e-01 1.133100122766304840e-02 -2.805702941543317900e-03
9.999164538251670287e-01 1.259221011855088564e-02 -2.919199390821522206e-03
9.998988429802075917e-01 1.389838548592595494e-02 -3.023045806750434064e-03
9.998789229252249555e-01 1.524546096544479937e-02 -3.116975255907349692e-03
9.998566011365983552e-01 1.662926591521530356e-02 -3.200751428548349094e-03
9.998318051047125898e-01 1.804553832614396239e-02 -3.274169218600917267e-03
9.998044841478046507e-01 1.948993796256632757e-02 -3.337055206740550690e-03
9.997746109706229234e-01 2.095805969097110782e-02 -3.389268045191799056e-03
9.997421829480890310e-01 2.244544695380784952e-02 -3.430698743239864006e-03
9.997072231175699875e-01 2.394760534474250913e-02 -3.461270852795580045e-03
9.996697808669653407e-01 2.546001624130704577e-02 -3.480940553721775538e-03
9.996299323095465539e-01 2.697815045068797934e-02 -3.489696638999761555e-03
9.995877803403024897e-01 2.849748182442166100e-02 -3.487560400188062168e-03
9.995434543724055487e-01 3.001350079801416368e-02 -3.474585413998264576e-03
9.994971097562627138e-01 3.152172781198164103e-02 -3.450857231181889920e-03
9.994489268874110488e-01 3.301772657150966322e-02 -3.416492969284227674e-03
9.993991100132119110e-01 3.449711710285112420e-02 -3.371640811173031490e-03
9.993478857518469649e-01 3.595558856571225148e-02 -3.316479411588878646e-03
9.992955013404795084e-01 3.738891178220282024e-02 -3.251217214287052768e-03
9.992422226325783363e-01 3.879295144443469651e-02 -3.176091682645519783e-03
9.991883318672740710e-01 4.016367796452474659e-02 -3.091368446897714301e-03
9.991341252361914949e-01 4.149717893257489493e-02 -2.997340371410573984e-03
9.990799102754568395e-01 4.278967015014265712e-02 -2.894326545666086551e-03
9.990260031124845730e-01 4.403750620875768185e-02 -2.782671202817446881e-03
9.989727255986894372e-01 4.523719058516179059e-02 -2.662742569878114810e-03
9.989204023604306704e-01 4.638538522712860185e-02 -2.534931653763371380e-03
9.988693578012689533e-01 4.747891960593211835e-02 -2.399650967539531266e-03
9.988199130889936495e-01 4.851479921376054827e-02 -2.257333201346366485e-03
9.987723831608662506e-01 4.949021348659175812e-02 -2.108429842544420289e-03
9.987270737801219322e-01 5.040254313524202001e-02 -1.953409749701992028e-03
9.986842786759928536e-01 5.124936686945386066e-02 -1.792757685078189998e-03
9.986442767983697566e-01 5.202846750198748121e-02 -1.626972810280326960e-03
9.986073297167291640e-01 5.273783742171216093e-02 -1.456567149778046060e-03
9.985736791911343779e-01 5.337568342665026389e-02 -1.282064026944966083e-03
9.985435449410043907e-01 5.394043090980063515e-02 -1.103996477273491011e-03
9.985171226349515150e-01 5.443072739235689517e-02 -9.229056433718924512e-04
9.984945821223600859e-01 5.484544540063850115e-02 -7.393391563069635648e-04
9.984760659245365266e-01 5.518368468467022003e-02 -5.538495078024801080e-04
9.984616880002431527e-01 5.544477377788248340e-02 -3.669924177452558263e-04
9.984515327972754983e-01 5.562827089886741155e-02 -1.793252013884402208e-04
9.984456545984827791e-01 5.573396419752059405e-02 8.594859422689189255e-06
9.984440771673088744e-01 5.576187134923626942e-02 1.962121367426341949e-04
9.984467936945804478e-01 5.571223850211371592e-02 3.829742645410741690e-04
9.984537670449279423e-01 5.558553858338644016e-02 5.683337301126885907e-04
9.984649302979314855e-01 5.538246897251429546e-02 7.517494448167160283e-04
9.984801875758723133e-01 5.510394854959300287e-02 9.326882901451907359e-04
9.984994151468765677e-01 5.475111412894687057e-02 1.110626635181970363e-03
9.985224627892960170e-01 5.432531628898784604e-02 1.285051821577967062e-03
9.985491554004087833e-01 5.382811461065663272e-02 1.455463612232242273e-03
9.985792948299748728e-01 5.326127233801618982e-02 1.621375599934892333e-03
9.986126619168695928e-01 5.262675047585006760e-02 1.782316572297152311e-03
9.986490187049703593e-01 5.192670134043094604e-02 1.937831829368282703e-03
9.986881108127054762e-01 5.116346158096969632e-02 2.087484450419037265e-03
9.987296699292133040e-01 5.033954469063167680e-02 2.230856506459379888e-03
9.987734164089091538e-01 4.945763302741101874e-02 2.367550215155142350e-03
9.988190619354413435e-01 4.852056936658050157e-02 2.497189034915977580e-03
9.988663122255314608e-01 4.753134800787651298e-02 2.619418695046638393e-03
9.989148697430488832e-01 4.649310546202580635e-02 2.733908158986546322e-03
9.989644363938628979e-01 4.540911074266239938e-02 2.840350517809853322e-03
9.990147161725450031e-01 4.428275529110569514e-02 2.938463811320578094e-03
9.990654177328486263e-01 4.311754256286085690e-02 3.027991774255505905e-03
9.991162568550663314e-01 4.191707730604442989e-02 3.108704505301659784e-03
9.991669587848364120e-01 4.068505456321634683e-02 3.180399056845301022e-03
9.992172604197258057e-01 3.942524842929814866e-02 3.242899943595290921e-03
9.992669123219319882e-01 3.814150059936005643e-02 3.296059568464643468e-03
9.993156805376939289e-01 3.683770874105184862e-02 3.339758564349276041e-03
9.993633482064628870e-01 3.551781472731906780e-02 3.373906050711156061e-03
9.994097169455153917e-01 3.418579276577420750e-02 3.398439804152722336e-03
9.994546079984703013e-01 3.284563746166984516e-02 3.413326342458934855e-03
9.994978631390619705e-01 3.150135185183754877e-02 3.418560921880621495e-03
9.995393453244847404e-01 3.015693544720447761e-02 3.414167447735825481e-03
9.995789390956286713e-01 2.881637232157295558e-02 3.400198298712369185e-03
9.996165507245314830e-01 2.748361928424356004e-02 3.376734065562490058e-03
9.996521081123451724e-01 2.616259417377782281e-02 3.343883205186786584e-03
9.996855604440176846e-01 2.485716430973394786e-02 3.301781611407458676e-03
9.997168776086901021e-01 2.357113513857114762e-02 3.250592104027598232e-03
9.997460493974702489e-01 2.230823910911125529e-02 3.190503838061837290e-03
9.997730844927378291e-01 2.107212481197771187e-02 3.121731635301907420e-03
9.997980092654326079e-01 1.986634641631167264e-02 3.044515240646644347e-03
9.998208663988497058e-01 1.869435343580408762e-02 2.959118505877988536e-03
9.998417133592927275e-01 1.755948085469382150e-02 2.865828503801059850e-03
9.998606207354968634e-01 1.646493964287918874e-02 2.764954575886219811e-03
9.998776704700113038e-01 1.541380768768787698e-02 2.656827316753154148e-03
9.998929540067145183e-01 1.440902116816360733e-02 2.541797499020762366e-03
9.999065703793141857e-01 1.345336639597171161e-02 2.420234942211556012e-03
9.999186242660553781e-01 1.254947214521545500e-02 2.292527329545226110e-03
9.999292240359199946e-01 1.169980249160456134e-02 2.159078976583090476e-03
9.999384798113545303e-01 1.090665017954100917e-02 2.020309555793665512e-03
9.999465015720153671e-01 1.017213053379728213e-02 1.876652781200097804e-03
9.999533973231813366e-01 9.498175930570550499e-03 1.728555057343432629e-03
9.999592713513695275e-01 8.886530840812848289e-03 1.576474096852509103e-03
9.999642225883097479e-01 8.338747456870845495e-03 1.420877510952693861e-03
9.999683431028167924e-01 7.856181911626524544e-03 1.262241377272745480e-03
9.999717167382595751e-01 7.439991097517314501e-03 1.101048789322971004e-03
9.999744179112933784e-01 7.091130091035154417e-03 9.377883920196163677e-04
9.999765105853183345e-01 6.810350186560883666e-03 7.729529076212342817e-04
9.999780474297846888e-01 6.598197541684372794e-03 6.070376564236232980e-04
9.999790691740101378e-01 6.455012434491731212e-03 4.405390765318020459e-04
9.999796041616404452e-01 6.380929131667435229e-03 2.739532469912020788e-04
9.999796681092977257e-01 6.375876364659167385e-03 1.077744185165461957e-04
9.999792640703594193e-01 6.439578409583671288e-03 -5.750644399371047802e-05
9.999783826022160538e-01 6.571556765009815143e-03 -2.214031030265623868e-04
9.999770021328115988e-01 6.771132420236818453e-03 -3.834354700397380388e-04
9.999750895197923040e-01 7.037428705187914225e-03 -5.431310030650088327e-04
9.999726007932178140e-01 7.369374711559466447e-03 -7.000260764071104249e-04
9.999705503672045026e-01 7.647511747937501062e-03 -6.434430387672056446e-04
9.999686090254080728e-01 7.901808092497191946e-03 -5.851910355108566131e-04
9.999667998831164306e-01 8.131610499983923240e-03 -5.254497702922351519e-04
9.999651442936996482e-01 8.336341080567999037e-03 -4.644026008264937446e-04
9.999636616110022524e-01 8.515498690771675788e-03 -4.022359800986466372e-04
9.999623689773743385e-01 8.668660091281220337e-03 -3.391388908506363193e-04
9.999612811396311196e-01 8.795480869312892122e-03 -2.753022750441712504e-04
9.999604102948804751e-01 8.895696123898443400e-03 -2.109184600022609890e-04
9.999597659677883499e-01 8.969120913151674632e-03 -1.461805829329280429e-04
9.999593549204677245e-01 9.015650463270959841e-03 -8.128201553441069766e-05
9.999591810957814131e-01 9.035260139722006353e-03 -1.641579037236237746e-05
9.999592455944467106e-01 9.028005181728845918e-03 4.822596929381852847e-05
9.999595466859285686e-01 8.994020201877691786e-03 1.124526145762505270e-04
9.999600798527085166e-01 8.933518453306461479e-03 1.760755292784037490e-04
9.999608378671247522e-01 8.846790867610991940e-03 2.389086798590665827e-04
9.999618108996030097e-01 8.734204867245959694e-03 3.007691554608189072e-04
9.999629866567347758e-01 8.596202956832835890e-03 3.614776964583535758e-04
9.999643505473206906e-01 8.433301098407525870e-03 4.208592100210223732e-04
9.999658858741833356e-01 8.246086876245327726e-03 4.787432712269929121e-04
9.999675740492650622e-01 8.035217457489040455e-03 5.349646083133008509e-04
9.999685675139469154e-01 7.919614498950948434e-03 3.791392122625919601e-04
9.999690167416104281e-01 7.868654383214811546e-03 2.233636680297482137e-04
9.999689325623130065e-01 7.882216028275790612e-03 6.809959991367880560e-05
9.999683151119888036e-01 7.959987468016864812e-03 -8.619482613322451453e-05
9.999671540255092861e-01 8.101467579817908313e-03 -2.390662466618379727e-04
9.999654288016408543e-01 8.305968363268708896e-03 -3.900674250893502938e-04
9.999631093334768739e-01 8.572617761216368842e-03 -5.387585525242193779e-04
9.999601565958754490e-01 8.900363012965149465e-03 -6.847085213832772820e-04
9.999565234795106949e-01 9.287974528051324077e-03 -8.274961682126300705e-04
9.999521557593622489e-01 9.734050267636268350e-03 -9.667114822124610232e-04
9.999469931838456116e-01 1.023702061919799441e-02 -1.101956776061690894e-03
9.999409706693465072e-01 1.079515374885539961e-02 -1.232847815742062030e-03
9.999340195836778911e-01 1.140656141433255520e-02 -1.359014906173014849e-03
9.999260691009425051e-01 1.206920522026518235e-02 -1.480103929589150422e-03
9.999170476094705329e-01 1.278090329627175337e-02 -1.595777333721512276e-03
9.999068841539180408e-01 1.353933737696223598e-02 -1.705715066982776322e-03
9.998955098922587270e-01 1.434206026184393565e-02 -1.809615458004978439e-03
9.998828595482922577e-01 1.518650363191263383e-02 -1.907196037036886470e-03
9.998688728404132586e-01 1.606998619859551294e-02 -1.998194296876621822e-03
9.998534958677470774e-01 1.698972215964787008e-02 -2.082368391193650196e-03
9.998366824353426274e-01 1.794282993560654058e-02 -2.159497768282643039e-03
9.998183953009226466e-01 1.892634115947773241e-02 -2.229383738489624633e-03
9.997986073267061125e-01 1.993720989149397674e-02 -2.291849973757845941e-03
9.997773025210309195e-01 2.097232203002249995e-02 -2.346742937956285743e-03
9.997544769558960320e-01 2.202850488905350873e-02 -2.393932246876835472e-03
9.997301395480949759e-01 2.310253691214900207e-02 -2.433310957016102376e-03
9.997043126933083945e-01 2.419115749229755821e-02 -2.464795782493306355e-03
9.996770327443373905e-01 2.529107686680385353e-02 -2.488327239695725755e-03
9.996483503265735093e-01 2.639898605614827629e-02 -2.503869719486257178e-03
9.996183304857865215e-01 2.751156681568538154e-02 -2.511411487052452474e-03
9.995870526653468646e-01 2.862550156911244231e-02 -2.510964609721442684e-03
9.995546105120589608e-01 2.973748329283201070e-02 -2.502564813308877801e-03
9.995211115118408651e-01 3.084422532065449196e-02 -2.486271267810904930e-03
9.994866764585158547e-01 3.194247103873661814e-02 -2.462166303484709592e-03
9.994514387609659822e-01 3.302900344122594589e-02 -2.430355058593772124e-03
9.994155435958046452e-01 3.410065451777547635e-02 -2.390965060317321120e-03
9.993791469145362205e-01 3.515431444490037249e-02 -2.344145740538126649e-03
9.993424143158676776e-01 3.618694055406326132e-02 -2.290067888427555279e-03
9.993055197953932822e-01 3.719556605038807501e-02 -2.228923041940587563e-03
9.992686443862776047e-01 3.817730845700532949e-02 -2.160922820515332344e-03
9.992319747057983870e-01 3.912937776121500760e-02 -2.086298201440643565e-03
9.991957014236612089e-01 4.004908423990641980e-02 -2.005298742511146294e-03
9.991600176688575363e-01 4.093384594298705298e-02 -1.918191753730849082e-03
9.991251173924952100e-01 4.178119581493428686e-02 -1.825261420954285650e-03
9.990911937044782976e-01 4.258878843598395969e-02 -1.726807884467695389e-03
9.990584372021553694e-01 4.335440636589844160e-02 -1.623146275612190196e-03
9.990270343090795757e-01 4.407596607470386230e-02 -1.514605714636386123e-03
9.989971656418438206e-01 4.475152344624287043e-02 -1.401528273037990413e-03
9.989690044225654209e-01 4.537927884184666388e-02 -1.284267903712821551e-03
9.989427149540099915e-01 4.595758171288136240e-02 -1.163189342276316901e-03
9.989184511735658134e-01 4.648493475236167849e-02 -1.038666982957457555e-03
9.988963553013251451e-01 4.695999757724438756e-02 -9.110837324889826949e-04
9.988765565964080606e-01 4.738158993441062700e-02 -7.808298454315875043e-04
9.988591702343878609e-01 4.774869442471597197e-02 -6.483017443743387511e-04
9.988442963172707856e-01 4.806045874082875285e-02 -5.139008284496366600e-04
9.988320190259512010e-01 4.831619741588820405e-02 -3.780322735895036337e-04
9.988224059234389607e-01 4.851539308129517586e-02 -2.411038279315661588e-04
9.988155074154442259e-01 4.865769723319905010e-02 -1.035246057585086142e-04
9.988113563731390032e-01 4.874293050846711939e-02 3.429611667534788891e-05
9.988099679211042137e-01 4.877108247211824066e-02 1.719501001118306689e-04
9.988113393916453475e-01 4.874231091937399757e-02 3.090313327722688094e-04
9.988154504448318871e-01 4.865694069663004800e-02 4.451372091215992323e-04
9.988222633518148985e-01 4.851546204678085228e-02 5.798696937264344797e-04
9.988317234372137143e-01 4.831852848544555823e-02 7.128364670722822215e-04
9.988437596746638780e-01 4.806695421574368882e-02 8.436520502610553741e-04
9.988582854279997036e-01 4.776171109035935031e-02 9.719389055700437471e-04
9.988751993290242437e-01 4.740392513071350900e-02 1.097328509917848459e-03
9.988943862814103625e-01 4.699487261413716477e-02 1.219462398351699650e-03
9.989157185790014104e-01 4.653597574100466067e-02 1.337993174744447639e-03
9.989390571256426821e-01 4.602879789484575629e-02 1.452585486968748039e-03
9.989642527426949581e-01 4.547503850950718185e-02 1.562916963901001249e-03
9.989911475495654170e-01 4.487652755847702790e-02 1.668679111698908972e-03
9.990195764019451641e-01 4.423521968251650088e-02 1.769578166894531131e-03
9.990493683719786633e-01 4.355318797275972709e-02 1.865335903949896356e-03
9.990803482543058056e-01 4.283261742743960793e-02 1.955690395034919652e-03
9.991123380818197619e-01 4.207579810137115905e-02 2.040396719907925684e-03
9.991451586350665881e-01 4.128511796826795505e-02 2.119227623907736242e-03
9.991786309294836688e-01 4.046305551687615076e-02 2.191974122203160097e-03
9.992125776651146207e-01 3.961217210277761386e-02 2.258446048590922843e-03
9.992468246240590046e-01 3.873510407853206217e-02 2.318472547286465086e-03
9.992812020016904606e-01 3.783455472559081600e-02 2.371902506313474605e-03
9.993155456586108043e-01 3.691328601211482652e-02 2.418604931267147578e-03
9.993496982813804275e-01 3.597411020145995647e-02 2.458469258402559351e-03
9.993835104412633896e-01 3.501988133664666464e-02 2.491405606182595361e-03
9.994168415415390916e-01 3.405348662660257625e-02 2.517344964608947324e-03
9.994495606453391856e-01 3.307783776034975420e-02 2.536239321853905535e-03
9.994815471774558535e-01 3.209586217559829563e-02 2.548061727909188990e-03
9.995126914951129038e-01 3.111049430840004057e-02 2.552806295169819922e-03
9.995428953242811998e-01 3.012466685060737059e-02 2.550488136075028910e-03
9.995720720597290887e-01 2.914130204186981404e-02 2.541143238133223691e-03
9.996001469286133201e-01 2.816330302278381020e-02 2.524828276863014514e-03
9.996270570190137761e-01 2.719354527558836762e-02 2.501620367385975346e-03
9.996527511763771967e-01 2.623486817847190192e-02 2.471616755608032137e-03
9.996771897723435440e-01 2.529006669912495578e-02 2.434934450123980767e-03
9.997003443518684973e-01 2.436188325264241478e-02 2.391709796172467473e-03
9.997221971659036033e-01 2.345299974825075517e-02 2.342097993155775083e-03
9.997427405981439419e-01 2.256602984861527661e-02 2.286272557418946288e-03
9.997619764954829291e-01 2.170351146467438749e-02 2.224424732155175482e-03
9.997799154128144128e-01 2.086789950805847602e-02 2.156762846468264407e-03
9.997965757836829725e-01 2.006155892218645584e-02 2.083511625777452990e-03
9.998119830289941001e-01 1.928675801210021773e-02 2.004911455894581480e-03
9.998261686165504925e-01 1.854566209200326707e-02 1.921217603237763147e-03
9.998391690845761515e-01 1.784032746832193636e-02 1.832699393769190348e-03
9.998510250426166923e-01 1.717269577491321517e-02 1.739639353357115342e-03
9.998617801632706525e-01 1.654458867580941780e-02 1.642332312363264631e-03
9.998714801781054540e-01 1.595770294962396002e-02 1.541084477346939176e-03
9.998801718908487679e-01 1.541360596845091704e-02 1.436212472855874977e-03
9.998879022205291456e-01 1.491373158278026106e-02 1.328042356341711545e-03
9.998947172866716748e-01 1.445937642262666231e-02 1.216908609294887816e-03
9.999006615479431037e-01 1.405169662373771840e-02 1.103153107740202123e-03
9.999057770048017657e-01 1.369170498641241775e-02 9.871240752704836703e-04
9.999101024757462985e-01 1.338026857312665623e-02 8.691750218221842763e-04
9.999136729556894476e-01 1.311810674983347573e-02 7.496636714135874015e-04
9.999165190638211742e-01 1.290578967448440667e-02 6.289508820741491557e-04
9.999186665870889446e-01 1.274373723500742822e-02 5.073995611926107856e-04
9.999201361241190078e-01 1.263221843767873935e-02 3.853735795023240551e-04
9.999209428330563254e-01 1.257135124554130748e-02 2.632366869050622614e-04
9.999210962854236939e-01 1.256110286525438657e-02 1.413514333097449463e-04
9.999206004267104930e-01 1.260129047950579902e-02 2.007809763026592532e-05
9.999194536430165980e-01 1.269158242088361949e-02 -1.002263719528048318e-04
9.999176489317114225e-01 1.283149978188657080e-02 -2.192094034082956409e-04
9.999151741727423381e-01 1.302041845455372167e-02 -3.365238289432284343e-04
9.999120124959505196e-01 1.325757159201454080e-02 -4.518288928193666537e-04
9.999081427385462240e-01 1.354205248310101813e-02 -5.647912360193875535e-04
9.999035399857699735e-01 1.387281783002533575e-02 -6.750858549581363697e-04
9.998981761867362650e-01 1.424869141801095827e-02 -7.823970315147779804e-04
9.998920208365307261e-01 1.466836816467352242e-02 -8.864192317488348016e-04
9.998850417148262837e-01 1.513041853588274407e-02 -9.868579707571377077e-04
9.998772056706001221e-01 1.563329331379997508e-02 -1.083430641229679624e-03
9.998684794419857580e-01 1.617532870178106999e-02 -1.175867303370278045e-03
9.998588304998824450e-01 1.675475174986377352e-02 -1.263911433962850838e-03
9.998482279036785547e-01 1.736968608362684727e-02 -1.347320632485965453e-03
9.998366431573217916e-01 1.801815791831816449e-02 -1.425867282307073484e-03
9.998240510539910808e-01 1.869810233930546683e-02 -1.499339165123379303e-03
9.998104304977938339e-01 1.940736982911058298e-02 -1.567540026958426456e-03
9.997957652912194959e-01 2.014373302055040213e-02 -1.630290094171983313e-03
9.997800448775250315e-01 2.090489365483007636e-02 -1.687426538095335767e-03
9.997632650278047706e-01 2.168848972282068702e-02 -1.738803887064263760e-03
9.997454284631944743e-01 2.249210276720899418e-02 -1.784294384787300618e-03
9.997265454034712784e-01 2.331326532273553243e-02 -1.823788294156808302e-03
9.997066340342256607e-01 2.414946847134265620e-02 -1.857194145784301243e-03
9.996857208857889976e-01 2.499816948874004213e-02 -1.884438930718635840e-03
9.996638411181815176e-01 2.585679955866434371e-02 -1.905468236985366883e-03
9.996410387074993187e-01 2.672277153096477148e-02 -1.920246329766954431e-03
9.996173665303543787e-01 2.759348769958902201e-02 -1.928756175225716102e-03
9.995928863442208323e-01 2.846634757657532169e-02 -1.930999408153550537e-03
9.995676686627957830e-01 2.933875563827689770e-02 -1.926996243813611492e-03
9.995417925267441328e-01 3.020812902025437133e-02 -1.916785334518337353e-03
9.995153451714503534e-01 3.107190513756842576e-02 -1.900423571664628655e-03
9.994884215946268080e-01 3.192754920758776593e-02 -1.877985834119606269e-03
9.994611240278151731e-01 3.277256165289308548e-02 -1.849564684018403706e-03
9.994335613169547106e-01 3.360448536240346479e-02 -1.815270011198012474e-03
9.994058482182560654e-01 3.442091278947313066e-02 -1.775228627647545921e-03
9.993781046166122506e-01 3.521949286639959598e-02 -1.729583813504693762e-03
9.993504546746755368e-01 3.599793771554348626e-02 -1.678494816269989745e-03
9.993230259215314382e-01 3.675402913808089450e-02 -1.622136305044236766e-03
9.992959482905903190e-01 3.748562486228466245e-02 -1.560697781719590531e-03
9.992693531168943544e-01 3.819066453415585066e-02 -1.494382951171001166e-03
9.992433721044911010e-01 3.886717543419473953e-02 -1.423409052601696699e-03
9.992181362748530082e-01 3.951327790510562182e-02 -1.348006154293962273e-03
9.991937749075224806e-01 4.012719047626547852e-02 -1.268416414104548253e-03
9.991704144842297186e-01 4.070723467184759331e-02 -1.184893308122620531e-03
9.991481776476718313e-01 4.125183949057099897e-02 -1.097700829977319359e-03
9.991271821859534219e-01 4.175954554614080827e-02 -1.007112663341883487e-03
9.991075400533746542e-01 4.222900885854711378e-02 -9.134113302321359481e-04
9.990893564378219294e-01 4.265900428749730411e-02 -8.168873177391921354e-04
9.990727288844685194e-01 4.304842860036396657e-02 -7.178381858698583981e-04
9.990577464848395817e-01 4.339630316813439942e-02 -6.165676591937053119e-04
9.990444891395455773e-01 4.370177628394528863e-02 -5.133847050135865488e-04
9.990330269021474585e-01 4.396412509987449729e-02 -4.086026007868352001e-04
9.990234194106986099e-01 4.418275717873936664e-02 -3.025379935278901334e-04
9.990157154125247629e-01 4.435721165871567284e-02 -1.955099539200655118e-04
9.990099523867600473e-01 4.448716002964243216e-02 -8.783902785494446296e-05
9.990061562680766505e-01 4.457240652091422339e-02 2.015371189721787393e-05
9.990043412739291195e-01 4.461288810188438619e-02 1.281476112033491134e-04
9.990045098365044618e-01 4.460867409670907224e-02 2.358233746128948988e-04
9.990066526394327795e-01 4.455996541655378451e-02 3.428639973068932649e-04
9.990107487581855183e-01 4.446709341306099433e-02 4.489556863610045037e-04
9.990167659019827395e-01 4.433051835793985762e-02 5.537887687734604093e-04
9.990246607539563506e-01 4.415082755448732077e-02 6.570585837543729347e-04
9.990343794052900517e-01 4.392873308778393743e-02 7.584663568230119593e-04
9.990458578780840870e-01 4.366506922122785628e-02 8.577200533145432852e-04
9.990590227307889482e-01 4.336078944797596563e-02 9.545352089573589651e-04
9.990737917392248368e-01 4.301696320675221785e-02 1.048635735246611659e-03
9.990900746454597359e-01 4.263477227235833861e-02 1.139754697408989700e-03
9.991077739661724522e-01 4.221550683208064036e-02 1.227635062828249905e-03
9.991267858515739952e-01 4.176056126002684887e-02 1.312030417880685621e-03
9.991470009855187850e-01 4.127142960224704227e-02 1.392705651214662431e-03
9.991683055171014516e-01 4.074970078629029657e-02 1.469437601598708870e-03
9.991905820138109462e-01 4.019705356962145759e-02 1.542015668558485144e-03
9.992137104262066583e-01 3.961525124206698861e-02 1.610242384124312446e-03
9.992375690540848954e-01 3.900613609817239757e-02 1.673933944117847331e-03
9.992620355042234337e-01 3.837162369603248219e-02 1.732920697518885523e-03
9.992869876300216614e-01 3.771369691979599426e-02 1.787047592571087192e-03
9.993123044436894586e-01 3.703439986364456121e-02 1.836174578408489386e-03
9.993378669920787161e-01 3.633583155559775429e-02 1.880176961112786259e-03
9.993635591877870761e-01 3.562013953999827731e-02 1.918945713244255783e-03
9.993892685877890925e-01 3.488951333797973148e-02 1.952387736026539719e-03
9.994148871125569933e-01 3.414617780561019639e-02 1.980426073506844683e-03
9.994403116994146075e-01 3.339238640973515859e-02 2.003000078158058157e-03
9.994688461281043823e-01 3.251233651837892591e-02 2.230186961420244085e-03
9.994994980920502980e-01 3.153968687062890658e-02 2.449819999507646569e-03
9.995319043038273232e-01 3.047769725401656624e-02 2.661280390672469878e-03
9.995656837069105682e-01 2.932987853075474244e-02 2.863975906347247628e-03
9.996004421206149404e-01 2.809998147274970354e-02 3.057342541017536112e-03
9.996357770026125245e-01 2.679198491851952912e-02 3.240846077597670395e-03
9.996712822720077440e-01 2.541008328280586898e-02 3.413983563607341995e-03
9.997065531356268409e-01 2.395867345210675806e-02 3.576284693587010628e-03
9.997411908605314812e-01 2.244234110185429343e-02 3.727313093359933827e-03
9.997748074367863724e-01 2.086584647348151828e-02 3.866667501950414674e-03
9.998070300761880969e-01 1.923410965213339860e-02 3.993982847203656275e-03
9.998375054949737439e-01 1.755219538824017225e-02 4.108931211423500797e-03
9.998659039314439223e-01 1.582529750854901052e-02 4.211222683650725149e-03
9.998919228529209446e-01 1.405872296446247435e-02 4.300606095546057397e-03
9.999152903104742141e-01 1.225787556762060991e-02 4.376869638217402783e-03
9.999357679043339164e-01 1.042823946455020794e-02 4.439841357737948566e-03
9.999531533278182005e-01 8.575362403854189242e-03 4.489389527538028765e-03
9.999672824628657031e-01 6.704838850794218354e-03 4.525422896315419753e-03
9.999780310058207222e-01 4.822293005202375055e-03 4.547890810591970895e-03
9.999853156078969407e-01 2.933361779419495306e-03 4.556783211544510222e-03
9.999898990601364668e-01 1.161880357855555419e-03 4.341901602948326257e-03
9.999913969993972085e-01 -5.179563761895269840e-04 4.115571417509163686e-03
9.999902703991723207e-01 -2.101549843491631441e-03 3.878512238088592870e-03
9.999869815350930224e-01 -3.584607776253432264e-03 3.631472445339286453e-03
9.999819874173795364e-01 -4.963155525751793140e-03 3.375226838394233212e-03
9.999757334260116481e-01 -6.233546336252677143e-03 3.110574192642931619e-03
9.999686472249190716e-01 -7.392470568260318085e-03 2.838334762875565753e-03
9.999611330271710452e-01 -8.436963858039776831e-03 2.559347739969654572e-03
9.999535662780111300e-01 -9.364414203927334812e-03 2.274468669154926757e-03
9.999462888167144348e-01 -1.017256797320980309e-02 1.984566837728939711e-03
9.999396045717227066e-01 -1.085953482630998106e-02 1.690522639915935203e-03
9.999337758364176265e-01 -1.142379155766914088e-02 1.393224926371944197e-03
9.999290201653224797e-01 -1.186418485508553694e-02 1.093568345647149415e-03
9.999255079225669585e-01 -1.217993298137543499e-02 7.924506847281395216e-04
9.999233605062051167e-01 -1.237062638410225783e-02 4.907702156033396171e-04
9.999226492635453489e-01 -1.243622724080770299e-02 1.894230546289621397e-04
9.999233951041229806e-01 -1.237706794871846171e-02 -1.106994586763591199e-04
9.999255688084298654e-01 -1.219384856933829545e-02 -4.087133569103354892e-04
9.999290920220959000e-01 -1.188763323971422231e-02 -7.037446077515299454e-04
9.999338389169966090e-01 -1.145984556353353036e-02 -9.949316383123607641e-04
9.999385890037767455e-01 -1.103045302910192482e-02 -1.071209351905620362e-03
9.999434798640981503e-01 -1.057017150677507303e-02 -1.143991158741298987e-03
9.999484547896456688e-01 -1.008049484845645327e-02 -1.213076008993209821e-03
9.999534565442766976e-01 -9.562997797688781512e-03 -1.278274646819187003e-03
9.999584280451468965e-01 -9.019330993494573817e-03 -1.339410122945468122e-03
9.999633130363393407e-01 -8.451215768514942425e-03 -1.396318268848162824e-03
9.999680567470953241e-01 -7.860438757479581637e-03 -1.448848131245820828e-03
9.999726065269919362e-01 -7.248846332592223489e-03 -1.496862365735637367e-03
9.999769124507459361e-01 -6.618338882920181063e-03 -1.540237588528606131e-03
9.999809278857444417e-01 -5.970864955330936093e-03 -1.578864685365647834e-03
9.999846100158982232e-01 -5.308415274920251850e-03 -1.612649076827038508e-03
9.999879203159842689e-01 -4.633016663222241233e-03 -1.641510939380940544e-03
9.999908249712776698e-01 -3.946725872779751135e-03 -1.665385381653037428e-03
9.999932952379628759e-01 -3.251623356881104890e-03 -1.684222575537712950e-03
9.999953077405537849e-01 -2.549806993434733729e-03 -1.697987841911355929e-03
9.999968447033280583e-01 -1.843385782055033048e-03 -1.706661690849659756e-03
9.999978941135879706e-01 -1.134473533469675111e-03 -1.710239816392628313e-03
9.999984498153849932e-01 -4.251825703299000293e-04 -1.708733046042792449e-03
9.999985115331812002e-01 2.823825415893224016e-04 -1.702167245323259193e-03
9.999980848257546961e-01 9.861312129727545662e-04 -1.690583177862038308e-03
9.999966009026277636e-01 1.802196913872178285e-03 -1.884266345499774299e-03
9.999942182752470377e-01 2.697118773857692421e-03 -2.071030120430695978e-03
9.999907412414975605e-01 3.667910280419456673e-03 -2.250349817457994971e-03
9.999859691213431878e-01 4.711372079156186943e-03 -2.421725026542195531e-03
9.999796995362658647e-01 5.824102312002562946e-03 -2.584681006095884345e-03
9.999717317330734101e-01 7.002507528019310395e-03 -2.738769995928220808e-03
9.999618699093921759e-01 8.242814134543094765e-03 -2.883572445917220728e-03
9.999499264983381375e-01 9.541080354515996814e-03 -3.018698156693827832e-03
9.999357253705595250e-01 1.089320865387106291e-02 -3.143787328850196523e-03
9.999191049130382591e-01 1.229495860096373530e-02 -3.258511517436193244e-03
9.998999209457257731e-01 1.374196011823278218e-02 -3.362574488783165970e-03
9.998780494392364160e-01 1.522972708457338842e-02 -3.455712976992318750e-03
9.998533889994073443e-01 1.675367124533432700e-02 -3.537697337745881847e-03
9.998258630875215269e-01 1.830911638543504180e-02 -3.608332097441412697e-03
9.997954219483403682e-01 1.989131271986056132e-02 -3.667456396011315681e-03
9.997620442217657333e-01 2.149545145475407343e-02 -3.714944322168779907e-03
9.997257382178967866e-01 2.311667947150812877e-02 -3.750705140215198838e-03
9.996865428394143827e-01 2.475011408567264967e-02 -3.774683407949684048e-03
9.996445281395682780e-01 2.639085783216436193e-02 -3.786858985635185599e-03
9.995997955084967579e-01 2.803401322818780891e-02 -3.787246936394354172e-03
9.995524774851251015e-01 2.967469746546875023e-02 -3.775897318827833773e-03
9.995027371964084750e-01 3.130805698385803748e-02 -3.752894873064260752e-03
9.994507674301544853e-01 3.292928187908588517e-02 -3.718358601860976588e-03
9.993967893520195878e-01 3.453362009842621955e-02 -3.672441248773470820e-03
9.993410508814776216e-01 3.611639137925804627e-02 -3.615328675796220751e-03
9.992838247455479994e-01 3.767300088697139032e-02 -3.547239143244393551e-03
9.992254062328090880e-01 3.919895251034157674e-02 -3.468422494991722609e-03
9.991661106736546838e-01 4.068986177436694635e-02 -3.379159252501954744e-03
9.991062706758504497e-01 4.214146833260819236e-02 -3.279759621387265574e-03
9.990462331471700042e-01 4.354964800325726582e-02 -3.170562414495052030e-03
9.989863561392130498e-01 4.491042431547370012e-02 -3.051933895763164328e-03
9.989270055484076316e-01 4.621997953492842925e-02 -2.924266549292036787e-03
9.988685517116534518e-01 4.747466513996280446e-02 -2.787977778259998624e-03
9.988113659350660312e-01 4.867101172227540629e-02 -2.643508538455416682e-03
9.987558169948248521e-01 4.980573828856588170e-02 -2.491321911316925035e-03
9.987022676492083306e-01 5.087576094206836680e-02 -2.331901621461927865e-03
9.986510712005274293e-01 5.187820092537417244e-02 -2.165750503745343756e-03
9.986025681448496005e-01 5.281039200835468267e-02 -1.993388924927124058e-03
9.985570829461577480e-01 5.366988720733256030e-02 -1.815353165040579529e-03
9.985149209699335504e-01 5.445446482389878357e-02 -1.632193763546473976e-03
9.984763656091100170e-01 5.516213379392333888e-02 -1.444473835332779014e-03
9.984416756329442810e-01 5.579113833935085698e-02 -1.252767361579655006e-03
9.984110827866379267e-01 5.633996191730516329e-02 -1.057657460456367521e-03
9.983847896665218880e-01 5.680733046284754811e-02 -8.597346425541481461e-04
9.983629678923616746e-01 5.719221492344481184e-02 -6.595950558890590221e-04
9.983457565948639090e-01 5.749383308481039595e-02 -4.578387252341077564e-04
9.983332612328219557e-01 5.771165068929273029e-02 -2.550677904623520299e-04
9.983255527505640048e-01 5.784538184940993949e-02 -5.188474850441974757e-05
9.983226670825132709e-01 5.789498876048115167e-02 1.511092965537051420e-04
9.983246050077683176e-01 5.786068071759557091e-02 3.533163707824112879e-04
9.983313323537185147e-01 5.774291244340564594e-02 5.541433507523555423e-04
9.983427805438569447e-01 5.754238173444529286e-02 7.530036626028583507e-04
9.983588474811907476e-01 5.726002643487284466e-02 9.493189555935821217e-04
9.983793987550104720e-01 5.689702074773603235e-02 1.142520745961836306e-03
9.984042691553135507e-01 5.645477089506588386e-02 1.332052026969225700e-03
9.984332644759066344e-01 5.593491013934046713e-02 1.517368841081569684e-03
9.984661635841851623e-01 5.533929318012741072e-02 1.697941810286405801e-03
9.985027207328294185e-01 5.466998994102497539e-02 1.873257620614505233e-03
9.985426680861935189e-01 5.392927876337992588e-02 2.042820456997470994e-03
9.985857184320283686e-01 5.311963902467015802e-02 2.206153384664530023e-03
9.986315680473868417e-01 5.224374320090064555e-02 2.362799673360103415e-03
9.986798996861340205e-01 5.130444839387050121e-02 2.512324060751620122e-03
9.987303856544332836e-01 5.030478734572105259e-02 2.654313951496307250e-03
9.987826909399214470e-01 4.924795896476163309e-02 2.788380548548222496e-03
9.988364763600161567e-01 4.813731838818042369e-02 2.914159913414251721e-03
9.988914016949301811e-01 4.697636660886892607e-02 3.031313952211709545e-03
9.989471287714858372e-01 4.576873969520529190e-02 3.139531324541732990e-03
9.990033244647295030e-01 4.451819763423665866e-02 3.238528272372777610e-03
9.990596635856257013e-01 4.322861283025555834e-02 3.328049366327786706e-03
9.991158316247420457e-01 4.190395829226113006e-02 3.407868166987199337e-03
9.991715273238105377e-01 4.054829554521247048e-02 3.477787799057732721e-03
9.992264650493301037e-01 3.916576230129943659e-02 3.537641436513247212e-03
9.992803769449410956e-01 3.776055992865608169e-02 3.587292697088022460e-03
9.993330148421201153e-01 3.633694075600555490e-02 3.626635944793143475e-03
9.993841519117738770e-01 3.489919525263556616e-02 3.655596499431725682e-03
9.994335840425269124e-01 3.345163912384530036e-02 3.674130752406413927e-03
9.994811309348472506e-01 3.199860036256465395e-02 3.682226188440734186e-03
9.995266369036065468e-01 3.054440629821433828e-02 3.679901313171907423e-03
9.995699713851804447e-01 2.909337068404239598e-02 3.667205486914029266e-03
9.996110291487139143e-01 2.764978086413398539e-02 3.644218665234225628e-03
9.996497302146702957e-01 2.621788506104430830e-02 3.611051047327650584e-03
9.996860194872048133e-01 2.480187982455002785e-02 3.567842633517120162e-03
9.997198661102107975e-01 2.340589768135591109e-02 3.514762693536915231e-03
9.997512625600449843e-01 2.203399502473698396e-02 3.452009147585115810e-03
9.997802234909065611e-01 2.069014028205129821e-02 3.379807862442179168e-03
9.998067843515883180e-01 1.937820239683564136e-02 3.298411865252943304e-03
9.998309997948094940e-01 1.810193966080974465e-02 3.208100477852753648e-03
9.998529419025439235e-01 1.686498892957895984e-02 3.109178374784079407e-03
9.998726982526587870e-01 1.567085525415761599e-02 3.001974568396336210e-03
9.998903698537490170e-01 1.452290195865291351e-02 2.886841324647422893e-03
9.999060689762832022e-01 1.342434119257069659e-02 2.764153013429894445e-03
9.999199169090491335e-01 1.237822498424804435e-02 2.634304897427187757e-03
9.999320416704018388e-01 1.138743681990173409e-02 2.497711863665754047e-03
9.999425757039663853e-01 1.045468377072388162e-02 2.354807102067439997e-03
9.999516535882357893e-01 9.582489188373311331e-03 2.206040735423470643e-03
9.999594097889394906e-01 8.773185987118825233e-03 2.051878405307633844e-03
9.999659764821463570e-01 8.028910528802736188e-03 1.892799818522672515e-03
9.999714814748303926e-01 7.351597124721934683e-03 1.729297258731637109e-03
9.999760462480764556e-01 6.742973166479863945e-03 1.561874067966282330e-03
9.999797841462677583e-01 6.204554895854457602e-03 1.391043102728953609e-03
9.999827987334979351e-01 5.737643821760739921e-03 1.217325169414207276e-03
9.999851823361156633e-01 5.343323790466717772e-03 1.041247443773145754e-03
9.999870147877725213e-01 5.022458713349851889e-03 8.633418791285328835e-04
9.999883623906329344e-01 4.775690954659318581e-03 6.841436080235551278e-04
9.999892771035602257e-01 4.603440379975412555e-03 5.041893419528523665e-04
9.999897959651395940e-01 4.505904064329309920e-03 3.240157737822580829e-04
9.999899407563838105e-01 4.483056657260306964e-03 1.441579874144899981e-04
9.999897179049207496e-01 4.534651400439021138e-03 -3.485212079744405317e-05
9.999891186294210810e-01 4.660221791868722485e-03 -2.124874044485864928e-04
9.999881193200275131e-01 4.859083889087507761e-03 -3.882270089182424957e-04
9.999866821476254275e-01 5.130339242225986918e-03 -5.615578883421848237e-04
9.999847558919867652e-01 5.472878446223489179e-03 -7.319762934964088846e-04
9.999822769761532726e-01 5.885385299965967786e-03 -8.989892264511674912e-04
9.999791706919349821e-01 6.366341558577250613e-03 -1.062115857943391655e-03
9.999753525991093017e-01 6.914032263569521754e-03 -1.220888903511806439e-03
9.999707300788480691e-01 7.526551634037796472e-03 -1.374855954542804522e-03
9.999652040200885939e-01 8.201809500566890898e-03 -1.523580760487267633e-03
9.999586706160263905e-01 8.937538262009856599e-03 -1.666644458629885049e-03
9.999510232466569670e-01 9.731300343797500904e-03 -1.803646747923972433e-03
9.999421544223425773e-01 1.058049613495446600e-02 -1.934207003547191257e-03
9.999319577627390210e-01 1.148237237953506421e-02 -2.057965328987654968e-03
9.999203299850948357e-01 1.243403099675970125e-02 -2.174583542636357187e-03
9.999071728759270083e-01 1.343243830273970797e-02 -2.283746096041166466e-03
9.998923952203870869e-01 1.447443460533527800e-02 -2.385160921170152194e-03
9.998759146642551832e-01 1.555674414240934555e-02 -2.478560204237869984e-03
9.998576594844171828e-01 1.667598533253185356e-02 -2.563701083867362535e-03
9.998375702448957236e-01 1.782868130606624774e-02 -2.640366271592695276e-03
9.998156013169864353e-01 1.901127068354581395e-02 -2.708364592951308276e-03
9.997917222437880946e-01 2.022011856733391469e-02 -2.767531447671470798e-03
9.997659189313825578e-01 2.145152771177088330e-02 -2.817729187726672902e-03
9.997381946510905948e-01 2.270174983635241811e-02 -2.858847412304534128e-03
9.997085708395815340e-01 2.396699704596920791e-02 -2.890803179021308577e-03
9.996770876861076349e-01 2.524345332187392238e-02 -2.913541131002578971e-03
9.996438044987503435e-01 2.652728604683608077e-02 -2.927033539744434802e-03
9.996087998442602096e-01 2.781465752790286683e-02 -2.931280263965320605e-03
9.995721714588187146e-01 2.910173648030742535e-02 -2.926308624954741030e-03
9.995340359298146016e-01 3.038470943635692215e-02 -2.912173199218993404e-03
9.994945281514704405e-01 3.165979204358904814e-02 -2.888955529513913528e-03
9.994538005598517794e-01 3.292324021710500703e-02 -2.856763755638133673e-03
9.994120221554014805e-01 3.417136111176365815e-02 -2.815732166635542214e-03
9.993693773236391742e-01 3.540052388084843210e-02 -2.766020676320514026e-03
9.993260644670214354e-01 3.660717018888685892e-02 -2.707814224292293733e-03
9.992822944631395421e-01 3.778782444750131142e-02 -2.641322104843985257e-03
9.992382889664228607e-01 3.893910374448700945e-02 -2.566777226395558671e-03
9.991942785722843778e-01 4.005772743773620276e-02 -2.484435304287896211e-03
9.991505008641818897e-01 4.114052638714167653e-02 -2.394573989965237924e-03
9.991071983653505573e-01 4.218445179920383981e-02 -2.297491939745751732e-03
9.990646164179789457e-01 4.318658366071864013e-02 -2.193507826533930630e-03
9.990230010133460681e-01 4.414413873962363954e-02 -2.082959297963916240e-03
9.989825965968983645e-01 4.505447813281197866e-02 -1.966201884579796885e-03
9.989436438724278444e-01 4.591511434247518009e-02 -1.843607861757705054e-03
9.989063776294100361e-01 4.672371786429199703e-02 -1.715565069155763206e-03
9.988710246171849105e-01 4.747812327253037729e-02 -1.582475691542295504e-03
9.988378014890131329e-01 4.817633478886185205e-02 -1.444755004901218144e-03
9.988069128381348305e-01 4.881653132339325296e-02 -1.302830091747180646e-03
9.987785493468046560e-01 4.939707097809139386e-02 -1.157138529603061105e-03
9.987528860678936971e-01 4.991649500440666076e-02 -1.008127056600081764e-03
9.987300808570541699e-01 5.037353120848614418e-02 -8.562502181573876858e-04
9.987102729716583749e-01 5.076709679890364924e-02 -7.019689986847569337e-04
9.986935818507682860e-01 5.109630067332116693e-02 -5.457494422304374863e-04
9.986801060882941616e-01 5.136044514193443405e-02 -3.880612659671573523e-04
9.986699226092823345e-01 5.155902708694574260e-02 -2.293764703742555173e-04
9.986630860569613022e-01 5.169173855865294431e-02 -7.016794993363234577e-05
9.986596283957973608e-01 5.175846681004860061e-02 8.909189188731911693e-05
9.986595587333958468e-01 5.175929377309210211e-02 2.479325196407522187e-04
9.986628633616547734e-01 5.169449498105559843e-02 4.058866312174889187e-04
9.986695060151675740e-01 5.156453794255743545e-02 5.624915078601875305e-04
9.986794283425012297e-01 5.137007997409025889e-02 7.172903453068879944e-04
9.986925505836763417e-01 5.111196549903060382e-02 8.698335625601591329e-04
9.987087724449688064e-01 5.079122282228792223e-02 1.019680084838666713e-03
9.987279741600646465e-01 5.040906039091840041e-02 1.166398597332622515e-03
9.987500177246501076e-01 4.996686255219633110e-02 1.309568766452729512e-03
9.987747482897331164e-01 4.946618482180645954e-02 1.448782425334538444e-03
9.988019956973821500e-01 4.890874867599612208e-02 1.583644720437242135e-03
9.988315761411599158e-01 4.829643588270719073e-02 1.713775216158671972e-03
9.988632939323270898e-01 4.763128238789395008e-02 1.838808954477417611e-03
9.988969433519151453e-01 4.691547177442217942e-02 1.958397466729407902e-03
9.989323105680237846e-01 4.615132831213345638e-02 2.072209734730795071e-03
9.989691755971917830e-01 4.534130961884275113e-02 2.179933098572328469e-03
9.990073142884332569e-01 4.448799895321037950e-02 2.281274108533304975e-03
9.990465003085116091e-01 4.359409716158485493e-02 2.375959318696223895e-03
9.990865071072565495e-01 4.266241430204260887e-02 2.463736019986915125e-03
9.991271098421954377e-01 4.169586096994554875e-02 2.544372910519500548e-03
9.991680872424743010e-01 4.069743935038803995e-02 2.617660701291209518e-03
9.992092233929676937e-01 3.967023402390143505e-02 2.683412655448802475e-03
9.992503094206152126e-01 3.861740255271645800e-02 2.741465059535934997e-03
9.992911450663544137e-01 3.754216587574122493e-02 2.791677625328834941e-03
9.993315401275353338e-01 3.644779854118550266e-02 2.833933821075538574e-03
9.993713157573761441e-01 3.533761880644042952e-02 2.868141131170893858e-03
9.994103056098342375e-01 3.421497863539835899e-02 2.894231243524601673e-03
9.994483568202002788e-01 3.308325362386163593e-02 2.912160164111613631e-03
9.994853308137507941e-01 3.194583288403490123e-02 2.921908258431981514e-03
9.995211039368901984e-01 3.080610891931735706e-02 2.923480219849346196e-03
9.995555679073548916e-01 2.966746752070425694e-02 2.916904965022179899e-03
9.995886300822102166e-01 2.853327771606823174e-02 2.902235456888098072e-03
9.996202135445210191e-01 2.740688180341873878e-02 2.879548455907399076e-03
9.996502570116954089e-01 2.629158549893221772e-02 2.848944200515880331e-03
9.996787145705574584e-01 2.519064823010764773e-02 2.810546017977258709e-03
9.997055552461806549e-01 2.410727360383503257e-02 2.764499867060662541e-03
9.997307624133832116e-01 2.304460007847228264e-02 2.710973814197118782e-03
9.997543330615263901e-01 2.200569186821448725e-02 2.650157444989338119e-03
9.997762769248523806e-01 2.099353010711546910e-02 2.582261213160101741e-03
9.997966154920245874e-01 2.001100429909266967e-02 2.507515729225003823e-03
9.998153809097827249e-01 1.906090407912130330e-02 2.426170991364197827e-03
9.998326147966757338e-01 1.814591130961185766e-02 2.338495561144279811e-03
9.998483669836857324e-01 1.726859253467598679e-02 2.244775686904821287e-03
9.998626941991889394e-01 1.643139181362993778e-02 2.145314377773856630e-03
9.998756587161170550e-01 1.563662395367180352e-02 2.040430431412457168e-03
9.998873269793765450e-01 1.488646816020929887e-02 1.930457418710258746e-03
9.998977682315565163e-01 1.418296212181814273e-02 1.815742628761407703e-03
9.999070531547108454e-01 1.352799654528672943e-02 1.696645977544001789e-03
9.999152525455408114e-01 1.292331015465941237e-02 1.573538883806000583e-03
9.999224360406420153e-01 1.237048516663626953e-02 1.446803115727133583e-03
9.999286709076165014e-01 1.187094325312902307e-02 1.316829611980032885e-03
9.999340209168122717e-01 1.142594200021694421e-02 1.184017280855206595e-03
9.999385453072381358e-01 1.103657187119867246e-02 1.048771781144157596e-03
9.999422978588419220e-01 1.070375367990023495e-02 9.115042884935695752e-04
9.999453260818400580e-01 1.042823657887972065e-02 7.726302509516796372e-04
9.999476705321778125e-01 1.021059656566774936e-02 6.325681374263548203e-04
9.999493642604904142e-01 1.005123550870186400e-02 4.917381827636085282e-04
9.999504324001599054e-01 9.950380693153394046e-03 3.505611331358677750e-04
9.999508918982294992e-01 9.908084885407725598e-03 2.094569954017444914e-04
9.999507513910819156e-01 9.924226913543212833e-03 6.884379406378487759e-05
9.999500112249232187e-01 9.998512759759907095e-03 -7.086366059198026231e-05
9.999486636192662647e-01 1.013047715933618545e-02 -2.092549896406362847e-04
9.999466929697999884e-01 1.031948569933864926e-02 -3.459254444698117779e-04
9.999440762852810360e-01 1.056473740897770353e-02 -4.804770841241990222e-04
9.999407837514153741e-01 1.086526783218760839e-02 -6.125199276998933131e-04
9.999367794131294174e-01 1.121995257171543026e-02 -7.416730785226679536e-04
9.999320219651786079e-01 1.162751129272857238e-02 -8.675658169287638315e-04
9.999264656397235385e-01 1.208651217269624510e-02 -9.898386585584792799e-04
9.999200611783360948e-01 1.259537678306789539e-02 -1.108144375172019245e-03
9.999127568748915618e-01 1.315238538706323991e-02 -1.222148975103927882e-03
9.999044996749688607e-01 1.375568263670704124e-02 -1.331532640587224613e-03
9.998952363167303847e-01 1.440328365109058012e-02 -1.435990619301297363e-03
9.998849144977881576e-01 1.509308045672495824e-02 -1.535234067628861183e-03
9.998734840522921496e-01 1.582284876977387011e-02 -1.628990843246982956e-03
9.998608981224026415e-01 1.659025509892042907e-02 -1.717006244825372303e-03
9.998471143084241008e-01 1.739286414664001010e-02 -1.799043696761792530e-03
9.998320957821891231e-01 1.822814648572489149e-02 -1.874885377049453038e-03
9.998158123487790316e-01 1.909348648704331172e-02 -1.944332786544350272e-03
9.997982414423417508e-01 1.998619047372181268e-02 -2.007207258081397400e-03
9.997793690426164392e-01 2.090349507622198816e-02 -2.063350404076345554e-03
9.997591904997794598e-01 2.184257576214738983e-02 -2.112624501445373951e-03
9.997377112563776702e-01 2.280055551406929074e-02 -2.154912812875099410e-03
9.997149474563978844e-01 2.377451362820689681e-02 -2.190119843681820073e-03
9.996909264329204570e-01 2.476149460644336275e-02 -2.218171533709130828e-03
9.996656870672963047e-01 2.575851711390792637e-02 -2.239015383926623581e-03
9.996392800143620860e-01 2.676258297420990723e-02 -2.252620517608097759e-03
9.996117677898390674e-01 2.777068617437485065e-02 -2.258977676184421943e-03
9.995832247177304231e-01 2.877982185160802772e-02 -2.258099150082661100e-03
9.995537367372211435e-01 2.978699523419645750e-02 -2.250018645078109315e-03
9.995234010702696015e-01 3.078923050915674184e-02 -2.234791084898179059e-03
9.994923257527439375e-01 3.178357958964057872e-02 -2.212492351025463402e-03
9.994606290335767973e-01 3.276713075562008581e-02 -2.183218960850511793e-03
9.994284386479700411e-01 3.373701714198704821e-02 -2.147087685521781048e-03
9.993958909721618600e-01 3.469042504890904738e-02 -2.104235109029772496e-03
9.993631300686486307e-01 3.562460205008555897e-02 -2.054817130243530819e-03
9.993303066320256001e-01 3.653686487543175015e-02 -1.999008409789594220e-03
9.992975768467500242e-01 3.742460704567992374e-02 -1.937001763825341779e-03
9.992699872558339358e-01 3.816727374758765307e-02 -1.658932076772429891e-03
9.992462877165614321e-01 3.879381732626191459e-02 -1.377129549196793668e-03
9.992267461544948048e-01 3.930288278698097770e-02 -1.092443251561926038e-03
9.992115790658073760e-01 3.969346695481801995e-02 -8.057269902610462217e-04
9.992009494037146222e-01 3.996491971060046888e-02 -5.178368024869739331e-04
9.991949651129882204e-01 4.011694423464276515e-02 -2.296284596299525381e-04
9.991936783240045195e-01 4.014959626622174871e-02 5.804501477381829484e-05
9.991970852100207079e-01 4.006328238791878604e-02 3.443358066583529368e-04
9.992051265036486773e-01 3.985875734502416362e-02 6.284037468412637800e-04
9.992176886608887809e-01 3.953712041123182142e-02 9.094187145622939375e-04
9.992346056536782761e-01 3.909981081288985139e-02 1.186563003549156916e-03
9.992556613647806119e-01 3.854860222515649887e-02 1.459033645067349567e-03
9.992805925520636956e-01 3.788559635458142033e-02 1.726044682447863774e-03
9.993090923428679107e-01 3.711321562392211337e-02 1.986829391610076250e-03
9.993408142133054506e-01 3.623419497644508186e-02 2.240642442110657266e-03
9.993753764020294472e-01 3.525157281857325964e-02 2.486761993257849759e-03
9.994123667033211200e-01 3.416868112154158865e-02 2.724491719839200292e-03
9.994513475803100677e-01 3.298913470472026460e-02 2.953162762025310535e-03
9.994918615358158176e-01 3.171681972546062933e-02 3.172135594038236108e-03
9.995334366757127054e-01 3.035588140270537374e-02 3.380801806216468270e-03
9.995755923978972834e-01 2.891071100416799794e-02 3.578585795174628412e-03
9.996178451389085007e-01 2.738593212960410694e-02 3.764946356850292723e-03
9.996597141100140860e-01 2.578638632554032181e-02 3.939378177357507477e-03
9.997007269551448916e-01 2.411711806976033282e-02 4.101413216730658527e-03
9.997404252644170874e-01 2.238335916683120361e-02 4.250621980846763619e-03
9.997783698791209428e-01 2.059051259894183541e-02 4.386614677061446456e-03
9.998141459269396236e-01 1.874413587927156385e-02 4.509042249385336598e-03
9.998473675297661067e-01 1.684992395796014106e-02 4.617597289363926244e-03
9.998776821307590046e-01 1.491369173346024715e-02 4.712014819204462558e-03
9.999047743921724019e-01 1.294135622457029226e-02 4.792072944116677717e-03
9.999283696209430028e-01 1.093891846072021258e-02 4.857593371297425425e-03
9.999482366849586912e-01 8.912445150071519190e-03 4.908441793489039598e-03
9.999641903892875217e-01 6.868050186654109379e-03 4.944528135572945349e-03
9.999760932883337006e-01 4.811876059061064720e-03 4.965806663218472021e-03
9.999838569168271185e-01 2.750075224129634819e-03 4.972275953185978023e-03
9.999874424296535391e-01 6.887915095297614948e-04 4.963978725476827884e-03
9.999868606477059219e-01 -1.365858390753856531e-03 4.941001538123570430e-03
9.999821715140921885e-01 -3.407803264430668382e-03 4.903474346014804162e-03
9.999734829720816620e-01 -5.431035509593113222e-03 4.851569925743533934e-03
9.999609492830225932e-01 -7.429628982503503655e-03 4.785503169048297908e-03
9.999447688090346009e-01 -9.397756504533930424e-03 4.705530247976298652e-03
9.999251812914877746e-01 -1.132970697033476928e-02 4.611947655430831058e-03
9.999024646620551238e-01 -1.321990200168090754e-02 4.505091125265841233e-03
9.998769314283956211e-01 -1.506291209413508289e-02 4.385334436553385735e-03
9.998489246812332087e-01 -1.685347220663342693e-02 4.253088107070914121e-03
9.998188137736864212e-01 -1.858649674729473053e-02 4.108797981431335476e-03
9.997869897271395301e-01 -2.025709391213463204e-02 3.952943719607375853e-03
9.997538604206828161e-01 -2.186057933688003233e-02 3.786037191881352730e-03
9.997198456231729535e-01 -2.339248902567870464e-02 3.608620786481770218e-03
9.996853719282550177e-01 -2.484859152413612313e-02 3.421265636349601642e-03
9.996508676532397386e-01 -2.622489930774026326e-02 3.224569771611160863e-03
9.996167577625476586e-01 -2.751767936031253997e-02 3.019156204423400786e-03
9.995834588755320160e-01 -2.872346292061055475e-02 2.805670952904308537e-03
9.995513744168899040e-01 -2.983905437857201082e-02 2.584781010869475863e-03
9.995208899656022883e-01 -3.086153930590053787e-02 2.357172270070124077e-03
9.994923688554403496e-01 -3.178829160873092308e-02 2.123547401572472258e-03
9.994661480765846262e-01 -3.261697979295708621e-02 1.884623702838194746e-03
9.994425345238727720e-01 -3.334557233545146215e-02 1.641130916965868229e-03
