1.000000000000000000e+00 0.000000000000000000e+00 0.000000000000000000e+00
9.999995417741991410e-01 4.515709795889808289e-04 -8.441313696157572979e-04
9.999978564622068467e-01 1.208281909355274526e-03 -1.681421924613768579e-03
9.999942796989557126e-01 2.267287280984257771e-03 -2.509994194925352102e-03
9.999878916776230309e-01 3.625062294354714290e-03 -3.327996627211868112e-03
9.999775309520252398e-01 5.277411656649641861e-03 -4.133607568245005817e-03
9.999618109502879104e-01 7.219479542522663079e-03 -4.925039217590668553e-03
9.999391390238588917e-01 9.445760766791802890e-03 -5.700541549134569355e-03
9.999077378328252719e-01 1.195011322832103921e-02 -6.458406199220512352e-03
9.998656688468713361e-01 1.472577168843735781e-02 -7.196970317226599606e-03
9.998108577212687642e-01 1.776536294922221107e-02 -7.914620372334046222e-03
9.997411212892169941e-01 2.106092249617901035e-02 -8.609795908105084133e-03
9.996541958958516938e-01 2.460391266604627578e-02 -9.280993234340055575e-03
9.995477667855346970e-01 2.838524239390177728e-02 -9.926769043589625183e-03
9.994194982428348251e-01 3.239528858425810842e-02 -1.054574393771619267e-02
9.992670641791172592e-01 3.662391913872600074e-02 -1.113660584808750728e-02
9.990881788510764805e-01 4.106051765822678334e-02 -1.169811333140045352e-02
9.988806273950452397e-01 4.569400982094256464e-02 -1.222909872182516289e-02
9.986422958616445467e-01 5.051289141853332332e-02 -1.272847111917413745e-02
9.983712004394138528e-01 5.550525801300847800e-02 -1.319521919217651711e-02
9.980655155635486109e-01 6.065883615544485907e-02 -1.362841377570444233e-02
9.977236006167959914e-01 6.596101608595625332e-02 -1.402721024097825300e-02
9.973878760407751676e-01 7.094962134741082671e-02 -1.354907300111250767e-02
9.970409400344512063e-01 7.575793699599960018e-02 -1.304224755703289190e-02
9.966861415707194416e-01 8.037590382180992421e-02 -1.250801948640865163e-02
9.963268719402232909e-01 8.479396921713847068e-02 -1.194772873365673553e-02
9.959665337119402162e-01 8.900310327530160104e-02 -1.136276566869746929e-02
9.956085099518351411e-01 9.299481293185909991e-02 -1.075456712524835642e-02
9.952561339766460291e-01 9.676115422108727548e-02 -1.012461243967704982e-02
9.949126599081220546e-01 1.002947427355605492e-01 -9.474419509316009055e-03
9.945812342791776617e-01 1.035887623890488080e-01 -8.805540886826999578e-03
9.942648689277620022e-01 1.066369725924816020e-01 -8.119559924748265961e-03
9.939664153970754201e-01 1.094337139594035307e-01 -7.418086981816110134e-03
9.936885410423871301e-01 1.119739126611416780e-01 -6.702755700080698618e-03
9.934337070253942414e-01 1.142530835528768746e-01 -5.975219359286290319e-03
9.932041483570670515e-01 1.162673321900610374e-01 -5.237147312509280762e-03
9.930018561294812196e-01 1.180133558503050489e-01 -4.490221504690783058e-03
9.928285620564365477e-01 1.194884436691732860e-01 -3.736133073506835590e-03
9.926857254218862670e-01 1.206904759894948248e-01 -2.976579030027195604e-03
9.925745225144807504e-01 1.216179230131040206e-01 -2.213259014856234271e-03
9.924958386059902216e-01 1.222698428316448677e-01 -1.447872123954501399e-03
9.924502625110884768e-01 1.226458788995264393e-01 -6.821137971291475538e-04
9.923826914218928374e-01 1.231910043984971587e-01 -7.554148264261218056e-04
9.923116166529456494e-01 1.237617684061395190e-01 -8.249776056266852620e-04
9.922371670879255312e-01 1.243567908275253348e-01 -8.906611273750181419e-04
9.921594792131303020e-01 1.249746427169797225e-01 -9.523337017695946696e-04
9.920786971624763195e-01 1.256138497458791081e-01 -1.009873213930061273e-03
9.919949727336476730e-01 1.262728957577990974e-01 -1.063167358061223311e-03
9.919084653722708422e-01 1.269502264019360394e-01 -1.112113847588514209e-03
9.918193421212353478e-01 1.276442528355842820e-01 -1.156620601004121167e-03
9.917277775325608058e-01 1.283533554863374448e-01 -1.196605903128488335e-03
9.916339535395186644e-01 1.290758878645963947e-01 -1.231998541557968599e-03
9.915380592870478571e-01 1.298101804169106144e-01 -1.262737918135705371e-03
9.914402909188629875e-01 1.305545444106524788e-01 -1.288774135349128299e-03
9.913408513200250294e-01 1.313072758405258444e-01 -1.310068057623502277e-03
9.912399498141377663e-01 1.320666593474418005e-01 -1.326591347546479671e-03
9.911378018147332103e-01 1.328309721403540256e-01 -1.338326477123351387e-03
9.910346284308210185e-01 1.335984879117345370e-01 -1.345266714226363508e-03
9.909306560269894870e-01 1.343674807374865277e-01 -1.347416084463857501e-03
9.908261157388605911e-01 1.351362289522334004e-01 -1.344789308755802272e-03
9.907212429451122127e-01 1.359030189910915842e-01 -1.337411716961327919e-03
9.906162766976835954e-01 1.366661491892275926e-01 -1.325319137960872693e-03
9.905114591121713108e-01 1.374239335307163579e-01 -1.308557766650347062e-03
9.904070347208011604e-01 1.381747053384555501e-01 -1.287184008357068971e-03
9.903032497907208187e-01 1.389168208971492957e-01 -1.261264301237003879e-03
9.902003516106945291e-01 1.396486630016510744e-01 -1.230874917259846494e-03
9.900985877495974696e-01 1.403686444232497832e-01 -1.196101742432637265e-03
9.899982052903920637e-01 1.410752112867909580e-01 -1.157040036953762988e-03
9.898994500435285282e-01 1.417668463518466371e-01 -1.113794176027285828e-03
9.898025657439372127e-01 1.424420721914800847e-01 -1.066477372102539890e-03
9.897077932359741315e-01 1.430994542624928478e-01 -1.015211379335761175e-03
9.896153696508402930e-01 1.437376038613905616e-01 -9.601261810992132648e-04
9.895255275811170037e-01 1.443551809606579417e-01 -9.013596613888264246e-04
9.894384942571468056e-01 1.449508969202906172e-01 -8.390572610038462891e-04
9.893544907300380054e-01 1.455235170698908342e-01 -7.733716193914497161e-04
9.892737310660815186e-01 1.460718631569931369e-01 -7.044622030658171915e-04
9.891964215573437746e-01 1.465948156576439843e-01 -6.324949215248628666e-04
9.891227599531358106e-01 1.470913159456136710e-01 -5.576417315988470378e-04
9.890529347169586538e-01 1.475603683169698921e-01 -4.800802311735544994e-04
9.889871243133931955e-01 1.480010418670872907e-01 -3.999932432367865240e-04
9.889254965292305632e-01 1.484124722175066136e-01 -3.175683912007368497e-04
9.888682078329418257e-01 1.487938630903887505e-01 -2.329976664545626577e-04
9.888154027763520482e-01 1.491444877286337567e-01 -1.464769891013198758e-04
9.887672134421257031e-01 1.494636901600504830e-01 -5.820576283154912435e-05
9.887237589403822247e-01 1.497508863042708860e-01 3.161357511762699440e-05
9.886851449574528550e-01 1.500055649214018794e-01 1.227760079738463060e-04
9.886514633594555290e-01 1.502272884016986054e-01 2.150743964732766483e-04
9.886227918530180458e-01 1.504156933958252784e-01 3.082999380058946883e-04
9.885991937051105127e-01 1.505704912855441724e-01 4.022426269393921403e-04
9.885807175235721278e-01 1.506914684949400007e-01 4.966917152076444700e-04
9.885673970995266790e-01 1.507784866425467551e-01 5.914361722591862788e-04
9.885592513124870084e-01 1.508314825349970634e-01 6.862651434712309113e-04
9.885562840985493427e-01 1.508504680030615663e-01 7.809684061453627240e-04
9.885584844816776018e-01 1.508355295811880104e-01 8.753368222120705595e-04
9.885658266676807804e-01 1.507868280318875598e-01 9.691627867827197875e-04
9.885782702000934785e-01 1.507045977165505368e-01 1.062240671699363551e-03
9.885957601767865199e-01 1.505891458145045270e-01 1.154367263244965216e-03
9.886182275257593410e-01 1.504408513923579938e-01 1.245342193189135456e-03
9.886455893382081195e-01 1.502601643258997532e-01 1.334968362357441974e-03
9.886777492566195535e-01 1.500476040770521990e-01 1.423052355925726129e-03
9.887145979153160180e-01 1.498037583286027929e-01 1.509404849654764945e-03
9.887560134305738435e-01 1.495292814796651548e-01 1.593841006295077228e-03
9.888018619371574669e-01 1.492248930050490696e-01 1.676180861406804164e-03
9.888519981678567383e-01 1.488913756819460477e-01 1.756249697855470984e-03
9.889062660723866305e-01 1.485295736875670292e-01 1.833878408261165917e-03
9.889644994718086446e-01 1.481403905715976965e-01 1.908903844696349531e-03
9.890265227444646756e-01 1.477247871075681174e-01 1.981169154946252949e-03
9.890921515392728791e-01 1.472837790274633685e-01 2.050524104665728525e-03
9.891611935121299437e-01 1.468184346441330501e-01 2.116825384787596881e-03
9.892334490810870129e-01 1.463298723662873058e-01 2.179936903560078260e-03
9.893087121959244223e-01 1.458192581110955843e-01 2.239730062614915529e-03
9.893867711177400937e-01 1.452878026196307570e-01 2.296084016493346504e-03
9.894674092041874092e-01 1.447367586806248274e-01 2.348885915084274623e-03
9.895504056960546801e-01 1.441674182682215755e-01 2.398031128457834334e-03
9.896355365009594784e-01 1.435811095996253894e-01 2.443423453608144658e-03
9.897225749700496733e-01 1.429791941187537607e-01 2.484975302651384367e-03
9.898112926637455677e-01 1.423630634122003413e-01 2.522607872059435576e-03
9.899014601027282811e-01 1.417341360640073100e-01 2.556251292545220957e-03
9.899928475005793649e-01 1.410938544559266206e-01 2.585844759253486374e-03
9.900852254746952408e-01 1.404436815200189592e-01 2.611336641950103010e-03
9.901783657323458554e-01 1.397850974505968902e-01 2.632684574943923786e-03
9.902720417290080679e-01 1.391195963826605819e-01 2.649855526517766457e-03
9.904252467179450736e-01 1.380057555697659644e-01 3.498942221003505972e-03
9.906183860316134515e-01 1.365884401927662528e-01 4.337258830886881085e-03
9.908496206014051344e-01 1.348716921065351293e-01 5.163006005301546894e-03
9.911167858935681085e-01 1.328601662310719411e-01 5.974413846069693071e-03
9.914174127932487979e-01 1.305591241690431947e-01 6.769745021799776150e-03
9.917487509914905131e-01 1.279744271992082627e-01 7.547297924071081493e-03
9.921077946827258076e-01 1.251125285203237292e-01 8.305409869831133912e-03
9.924913103620315313e-01 1.219804646121110392e-01 9.042460351273491626e-03
9.928958664938893897e-01 1.185858455751245127e-01 9.756874331458491312e-03
9.933178648075767780e-01 1.149368443100093201e-01 1.044712558084755043e-02
9.937535729588083955e-01 1.110421843987704771e-01 1.111174004680461416e-02
9.941991582830917995e-01 1.069111265563022356e-01 1.174929924503975882e-02
9.946507223537063291e-01 1.025534535295050398e-01 1.235844365899390132e-02
9.951043360465379184e-01 9.797945333372902466e-02 1.293787613035355007e-02
9.955560748054844700e-01 9.319990073184908352e-02 1.348636522130214517e-02
9.960020537960670994e-01 8.822603687974737985e-02 1.400274852681862581e-02
9.964384626315141436e-01 8.306954708304346846e-02 1.448593591337851184e-02
9.968615993551676047e-01 7.774253663319657948e-02 1.493491265884675477e-02
9.972679033658217174e-01 7.225750471618201665e-02 1.534874246721662505e-02
9.976539869786994474e-01 6.662731641333755062e-02 1.572657033117844452e-02
9.980023437286651422e-01 6.131494605700886502e-02 1.522502076999979886e-02
9.983120631827586688e-01 5.618856347479587315e-02 1.469257315449540996e-02
9.985854004057046485e-01 5.125941793486339659e-02 1.413053247953893754e-02
9.988247364152853525e-01 4.653824961056707982e-02 1.354027095920213794e-02
9.990325462208430318e-01 4.203526464608035862e-02 1.292322400710427255e-02
9.992113666623007040e-01 3.776011233900420511e-02 1.228088608990373851e-02
9.993637643814488047e-01 3.372186443924541505e-02 1.161480647922760560e-02
9.994923042503290889e-01 2.992899654280850585e-02 1.092658492599555414e-02
9.995995185712814868e-01 2.638937154081753833e-02 1.021786727943582718e-02
9.996878773498726334e-01 2.311022506835039292e-02 9.490341071168246004e-03
9.997597599258056800e-01 2.009815288473919964e-02 8.745731082602833939e-03
9.998174282283273095e-01 1.735910010700258965e-02 7.985794911634458079e-03
9.998630019019302262e-01 1.489835221108826852e-02 7.212318552266939325e-03
9.998984355256079759e-01 1.272052771160547303e-02 6.427111998436655510e-03
9.999254981248746343e-01 1.082957242963342344e-02 5.632004880985769929e-03
9.999457551505015473e-01 9.228755259855652565e-03 4.828842144515658845e-03
9.999605530717338153e-01 7.920665352483599944e-03 4.019479768784049722e-03
9.999710067048789286e-01 6.907210631935828751e-03 3.205780537441513256e-03
9.999779893708526934e-01 6.189617582726201182e-03 2.389609855274722142e-03
9.999821259477300606e-01 5.768432243142801452e-03 1.572831613768690615e-03
9.999852397728551390e-01 5.191965399180292762e-03 1.601423451564254778e-03
9.999880711045930903e-01 4.605833932693354123e-03 1.626274320585687156e-03
9.999905978198923018e-01 4.011404236364218660e-03 1.647341547982911084e-03
9.999928007126408502e-01 3.410056548572380948e-03 1.664591211380052121e-03
9.999946636462903049e-01 2.803181764299563818e-03 1.677998184366371118e-03
9.999961736775430099e-01 2.192178232890993738e-03 1.687546161752153826e-03
9.999973211501926862e-01 1.578448550108824035e-03 1.693227664595272752e-03
9.999980997584866360e-01 9.633963519096278927e-04 1.695044025052416456e-03
9.999985065796571648e-01 3.484231173544106346e-04 1.693005351157118605e-03
9.999985420755538312e-01 -2.650750119834835742e-04 1.687130471674551857e-03
9.999982100635880222e-01 -8.757103888097477742e-04 1.677446861230420068e-03
9.999975176574795732e-01 -1.482106985878782869e-03 1.663990545958023756e-03
9.999964751785636041e-01 -2.082903483621485839e-03 1.646805989953528540e-03
9.999950960386800869e-01 -2.676756312630351048e-03 1.625945962874486041e-03
9.999933965959160176e-01 -3.262342644138518238e-03 1.601471389060580121e-03
9.999913959847096523e-01 -3.838363321784307117e-03 1.573451178598273556e-03
9.999891159220465342e-01 -4.403545728124475672e-03 1.541962040792362997e-03
9.999865804916807654e-01 -4.956646579547169251e-03 1.507088280547297593e-03
9.999838159085006062e-01 -5.496454643438480892e-03 1.468921578199356868e-03
9.999808502653223519e-01 -6.021793371673831580e-03 1.427560753377323010e-03
9.999777132645372157e-01 -6.531523444736057893e-03 1.383111513504017755e-03
9.999744359371564029e-01 -7.024545221005252388e-03 1.335686187583930802e-03
9.999710503518947080e-01 -7.499801086019968442e-03 1.285403445953076183e-03
9.999675893170031360e-01 -7.956277696774432737e-03 1.232388006696115944e-03
9.999640860776058959e-01 -8.393008116390853965e-03 1.176770329462643525e-03
9.999605740113187702e-01 -8.809073834788756080e-03 1.118686297439292843e-03
9.999570863249188646e-01 -9.203606671263544342e-03 1.058276888257000427e-03
9.999536557548061033e-01 -9.575790555183170960e-03 9.956878346333059189e-04
9.999503142739420980e-01 -9.924863181313910848e-03 9.310692755680043684e-04
9.999470928078727505e-01 -1.025011753659300397e-02 8.645753989267901700e-04
9.999440209623388087e-01 -1.055090329547626014e-02 7.963640762617639739e-04
9.999411267648556922e-01 -1.082662808130198037e-02 7.265964907298309372e-04
9.999384364224985777e-01 -1.107675859142784672e-02 6.554367589801360274e-04
9.999359740979656408e-01 -1.130082158421407031e-02 5.830515478897891051e-04
9.999337617058118299e-01 -1.149840472624339381e-02 5.096096870332681187e-04
9.999318187305477057e-01 -1.166915729848588650e-02 4.352817777750886191e-04
9.999301620680883795e-01 -1.181279076043326680e-02 3.602397998776434409e-04
9.999288058918147648e-01 -1.192907917154323316e-02 2.846567165165778341e-04
9.999277615442774270e-01 -1.201785946964849423e-02 2.087060785947231407e-04
9.999270374553331786e-01 -1.207903160629739299e-02 1.325616292425050593e-04
9.999316978089020092e-01 -1.166105136873915246e-02 -7.876763005383053545e-04
9.999390341779209601e-01 -1.091034509664028443e-02 -1.700931461982073184e-03
9.999482928979928076e-01 -9.829832024563587428e-03 -2.605157909393075906e-03
9.999584055581378639e-01 -8.423168273909506162e-03 -3.498336517408110174e-03
9.999680047038331798e-01 -6.694738173172300709e-03 -4.378479213356243488e-03
9.999754428077167745e-01 -4.649644462167346580e-03 -5.243633191563171723e-03
9.999788143092921411e-01 -2.293697305612921178e-03 -6.091885112190577149e-03
9.999759804975342226e-01 3.665979698280834830e-04 -6.921365284877666231e-03
9.999645969843692361e-01 3.324054509015295089e-03 -7.730251834870912470e-03
9.999421434927736607e-01 6.570819030867933522e-03 -8.516774846556891820e-03
9.999059556609524169e-01 1.009838849944271269e-02 -9.279220476424767175e-03
9.998532585439589004e-01 1.389762846013294778e-02 -1.001593502455585573e-02
9.997812014764859700e-01 1.795879313084751058e-02 -1.072532895084610076e-02
9.996868939456683423e-01 2.227154732753377012e-02 -1.140588081939193817e-02
9.995674421108795560e-01 2.682499028928980039e-02 -1.205614115188826871e-02
9.994199855989611692e-01 3.160768145080556507e-02 -1.267473616857332612e-02
9.992417341983482748e-01 3.660766818930382555e-02 -1.326037139327842541e-02
9.990300040743914645e-01 4.181251554992303915e-02 -1.381183509756367389e-02
9.987822531310160956e-01 4.720933792807363583e-02 -1.432800155779798135e-02
9.984961151508467969e-01 5.278483266024600745e-02 -1.480783409841783527e-02
9.981694323571469463e-01 5.852531544664591606e-02 -1.525038789450750519e-02
9.978002860563913723e-01 6.441675750051070737e-02 -1.565481250730482374e-02
9.973870250399434756e-01 7.044482429067214224e-02 -1.602035412725931821e-02
9.969282914470064538e-01 7.659491571653861963e-02 -1.634635750084767816e-02
9.964230438185279759e-01 8.285220752882278827e-02 -1.663226751946594861e-02
9.958705771027563936e-01 8.920169378566254748e-02 -1.687763045133568521e-02
9.952705394072800527e-01 9.562823011285503938e-02 -1.708209480043690678e-02
9.946229453291646205e-01 1.021165775192637848e-01 -1.724541177995679575e-02
9.939281857337139980e-01 1.086514465045145955e-01 -1.736743539155196150e-02
9.931870338928302511e-01 1.152175411862264021e-01 -1.744812210578740308e-02
9.924006479353201238e-01 1.217996031684905611e-01 -1.748753014335412484e-02
9.915705696031407168e-01 1.283824548722772851e-01 -1.748581836099246181e-02
9.906987193488442367e-01 1.349510420519619835e-01 -1.744324475036998848e-02
9.897873878497162048e-01 1.414904752301711921e-01 -1.736016456239251188e-02
9.888392240526931998e-01 1.479860697954868132e-01 -1.723702807347766985e-02
9.878572199005000165e-01 1.544233845239550429e-01 -1.707437801411162623e-02
9.868446919230442482e-01 1.607882583054712211e-01 -1.687284668346590577e-02
9.858052599084847767e-01 1.670668448795185335e-01 -1.663315277690802577e-02
9.847428228951647933e-01 1.732456454109285726e-01 -1.635609795584088560e-02
9.836615327484775628e-01 1.793115387647496450e-01 -1.604256319140815595e-02
9.825657656055007960e-01 1.852518093693674428e-01 -1.569350491517466917e-02
9.814600914847800839e-01 1.910541725881109154e-01 -1.530995101091295676e-02
9.803492423689390556e-01 1.967067975510809752e-01 -1.489299668209337693e-02
9.792380790739028118e-01 2.021983274302578404e-01 -1.444380022959157288e-02
9.781315572205868669e-01 2.075178971714987386e-01 -1.396357877351064695e-02
9.770346926231439078e-01 2.126551487262907658e-01 -1.345360395189440506e-02
9.759525264025494806e-01 2.176002438535863948e-01 -1.291519762751951877e-02
9.748900901257812057e-01 2.223438745872884648e-01 -1.234972763194364283e-02
9.738523712594687742e-01 2.268772714876010899e-01 -1.175860357360488349e-02
9.728442792130661543e-01 2.311922098142226156e-01 -1.114327273407201419e-02
9.718706122307312345e-01 2.352810137760007192e-01 -1.050521607359395510e-02
9.709360253736072366e-01 2.391365590250380535e-01 -9.845944363952821576e-03
9.700449998154911935e-01 2.427522735732434433e-01 -9.166994463348761626e-03
9.692018136553358643e-01 2.461221373159440118e-01 -8.469925744697752792e-03
9.684105144300231283e-01 2.492406803504464696e-01 -7.756316685363954903e-03
9.676748934906956867e-01 2.521029802774548134e-01 -7.027761623031697838e-03
9.669984623859287920e-01 2.547046586701579018e-01 -6.285867679200305043e-03
9.663844313754085258e-01 2.570418768897808071e-01 -5.532251848704982343e-03
9.658356901787530369e-01 2.591113314176642368e-01 -4.768538250771095846e-03
9.653547910458252224e-01 2.609102488627511041e-01 -3.996355534434609461e-03
9.649439342174391809e-01 2.624363807899840473e-01 -3.217334428739947703e-03
9.646049558288242176e-01 2.636879984998438675e-01 -2.433105425984806534e-03
9.643393182925964480e-01 2.646638878723825417e-01 -1.645296584440782530e-03
9.641481031832870308e-01 2.653633443709326745e-01 -8.555314354555347816e-04
9.640320066316322434e-01 2.657861682815140236e-01 -6.542697864818532421e-05
9.639913372237770561e-01 2.659326602441131060e-01 7.234082519481182215e-04
9.640260163881754218e-01 2.658036171117877378e-01 1.509376068461252499e-03
9.641355812411831483e-01 2.654003281532399394e-01 2.290890474318304539e-03
9.643191898510091731e-01 2.647245715943956079e-01 3.066379491640105082e-03
9.645756288686962998e-01 2.637786114749081090e-01 3.834286988108361743e-03
9.649033234640270740e-01 2.625651947766320937e-01 4.593074519731791400e-03
9.653003494935807893e-01 2.610875487632494663e-01 5.341223204849836724e-03
9.657644478175145819e-01 2.593493784536151092e-01 6.077235643344799584e-03
9.662930406709231423e-01 2.573548641362526923e-01 6.799637893406465863e-03
9.668832499848029061e-01 2.551086588189825921e-01 7.506981516331402357e-03
9.675319175406775773e-01 2.526158854961011446e-01 8.197845697768664508e-03
9.682356268318402792e-01 2.498821341060240286e-01 8.870839451573988427e-03
9.689907264929669140e-01 2.469134580450129957e-01 9.524603910037525781e-03
9.697933551486270787e-01 2.437163700976497371e-01 1.015781470174009250e-02
9.706394675200609168e-01 2.402978376422062190e-01 1.076918441570621533e-02
9.715248616186311637e-01 2.366652769890571217e-01 1.135746514789736684e-02
9.724452068437652308e-01 2.328265467128276811e-01 1.192145112346560537e-02
9.733960727931506574e-01 2.287899398440700893e-01 1.245998138560750271e-02
9.743729585836462537e-01 2.245641747938816879e-01 1.297194253936236052e-02
9.753713224730463649e-01 2.201583848949429378e-01 1.345627153632905811e-02
9.763866115657121592e-01 2.155821064548488486e-01 1.391195848407337197e-02
9.774142913794048315e-01 2.108452652321778920e-01 1.433804946200196474e-02
9.784498750466460448e-01 2.059581612622886915e-01 1.473364932372776478e-02
9.794889519218187290e-01 2.009314519781209563e-01 1.509792446447853938e-02
9.805272153652063727e-01 1.957761335910267742e-01 1.543010553093665527e-02
9.815604894774295763e-01 1.905035207175622414e-01 1.572949005006900325e-02
9.825847545624197821e-01 1.851252242598874775e-01 1.599544495303237279e-02
9.835961711042803257e-01 1.796531275695932850e-01 1.622740897013525557e-02
9.845911020531820101e-01 1.740993609470126990e-01 1.642489487310986110e-02
9.855661332278425890e-01 1.684762745499960301e-01 1.658749154159825170e-02
9.865180916571032466e-01 1.627964098073369503e-01 1.671486583177708707e-02
9.874440617005511012e-01 1.570724694521491160e-01 1.680676422642189000e-02
9.883413988078948442e-01 1.513172863091407638e-01 1.686301424742212354e-02
9.892077407986885618e-01 1.455437909865759105e-01 1.688352561377364294e-02
9.900410165677562269e-01 1.397649786384348169e-01 1.686829113035976518e-02
9.908847463256674759e-01 1.335505619429732116e-01 1.765417967997895063e-02
9.917249056912152971e-01 1.270559288268464093e-01 1.839852457146233175e-02
9.925543279460025126e-01 1.202959294426339532e-01 1.909971007142853214e-02
9.933659755320395357e-01 1.132860732435022610e-01 1.975621203503523035e-02
9.941530028854964618e-01 1.060425015025185103e-01 2.036660335331556479e-02
9.949088176689541152e-01 9.858195585890144885e-02 2.092955931007147580e-02
9.956271398031903974e-01 9.092174284787281346e-02 2.144386278538474092e-02
9.963020577063506078e-01 8.307969443701082590e-02 2.190840924139217383e-02
9.969280811634404493e-01 7.507412465991701589e-02 2.232221142581708104e-02
9.975001902727629322e-01 6.692378250614461344e-02 2.268440372989099368e-02
9.980138799483025958e-01 5.864780129320334989e-02 2.299424613974401441e-02
9.984651994980222600e-01 5.026564481053617112e-02 2.325112772406324677e-02
9.988507868472296103e-01 4.179705058517112909e-02 2.345456960575841368e-02
9.991678970330024612e-01 3.326197067286875558e-02 2.360422737144168837e-02
9.994144246593293923e-01 2.468051042571032735e-02 2.369989287960392460e-02
9.995889200721028711e-01 1.607286572605847591e-02 2.374149543630336978e-02
9.996905990872057002e-01 7.459259206717071614e-03 2.372910231580241044e-02
9.997193461823132843e-01 -1.140124002805104411e-03 2.366291861270077360e-02
9.996757111422442943e-01 -9.705200454238857230e-03 2.354328642151353942e-02
9.995608992272275728e-01 -1.821605193373991571e-02 2.337068334911515319e-02
9.994078646434482183e-01 -2.620186788134814398e-02 2.230216560137103857e-02
9.992043109537014356e-01 -3.379014132951520255e-02 2.118904049343945523e-02
9.989597116009582001e-01 -4.096504288743785943e-02 2.003406392201806038e-02
9.986834489719146335e-01 -4.771188607323637032e-02 1.884007126669276846e-02
9.983847159304003460e-01 -5.401713988212981932e-02 1.760996780293568043e-02
9.980724213589091676e-01 -5.986843602202242959e-02 1.634671946154280311e-02
9.977551005507822035e-01 -6.525457146275928655e-02 1.505334399169569286e-02
9.974408312092059026e-01 -7.016550697645210222e-02 1.373290256980193476e-02
9.971371557209487424e-01 -7.459236235938555837e-02 1.238849188119614184e-02
9.968510102845328236e-01 -7.852740902175042725e-02 1.102323668701363051e-02
9.965886613859143983e-01 -8.196406061081662475e-02 9.640282874401039440e-03
9.963556500309782571e-01 -8.489686229745070645e-02 8.242790974985520977e-03
9.961567440641546645e-01 -8.732147930662299828e-02 6.833930124433234762e-03
9.959958988268113877e-01 -8.923468521144049814e-02 5.416872425196863489e-03
9.958762263380173119e-01 -9.063435043911143019e-02 3.994787665350216406e-03
9.957999731137684440e-01 -9.151943135800542917e-02 2.570838338867629039e-03
9.957685066785244565e-01 -9.188996022957594823e-02 1.148174906922389254e-03
9.957823107644139249e-01 -9.174703621932729647e-02 -2.700687641868447075e-04
9.958409891380716195e-01 -9.109281756919536399e-02 -1.680779854990747989e-03
9.959432779420080983e-01 -8.993051494159609582e-02 -3.080871001466685497e-03
9.960506817194040297e-01 -8.871240530197388452e-02 -3.626400408840180570e-03
9.961734785631558564e-01 -8.729880936550109272e-02 -4.161815493862836175e-03
9.963105246779889734e-01 -8.569353836022707005e-02 -4.685952273239008849e-03
9.964605560748429625e-01 -8.390081436373980628e-02 -5.197674491991188458e-03
9.966222006548792756e-01 -8.192526154616593115e-02 -5.695875963489661735e-03
9.967939911821717125e-01 -7.977189663900516314e-02 -6.179482877254421913e-03
9.969743790285666707e-01 -7.744611860532359116e-02 -6.647456070688111986e-03
9.971617485676822490e-01 -7.495369748806254839e-02 -7.098793260075337078e-03
9.973544320894237591e-01 -7.230076241548542837e-02 -7.532531225373427682e-03
9.975507251018010946e-01 -6.949378874606418344e-02 -7.947747942542434524e-03
9.977489018833008982e-01 -6.653958433936106587e-02 -8.343564656437180149e-03
9.979472311466599521e-01 -6.344527494462742778e-02 -8.719147886629979513e-03
9.981439916736608575e-01 -6.021828870484113860e-02 -9.073711357966529611e-03
9.983374877805714087e-01 -5.686633978063751482e-02 -9.406517847195009982e-03
9.985260644751167147e-01 -5.339741110594119905e-02 -9.716880936663561605e-03
9.987081221684301902e-01 -4.981973629494865219e-02 -1.000416666586536121e-02
9.988821308092903362e-01 -4.614178072830065619e-02 -1.026779507153271521e-02
9.990466433131068857e-01 -4.237222185467136998e-02 -1.050724160704812060e-02
9.992003081645569607e-01 -3.851992875242771230e-02 -1.072203843215463123e-02
9.993418810804467478e-01 -3.459394100432042207e-02 -1.091177556431053436e-02
9.994702356282308964e-01 -3.060344694619660660e-02 -1.107610188354159718e-02
9.995843727055894190e-01 -2.655776135831752413e-02 -1.121472598329252210e-02
9.996834287974424305e-01 -2.246630267487634280e-02 -1.132741686055901802e-02
9.997666829386685494e-01 -1.833856979360105888e-02 -1.141400443948186599e-02
9.998335623234612113e-01 -1.418411857277381005e-02 -1.147437992359058925e-02
9.998836465155609421e-01 -1.001253810749162809e-02 -1.150849597298075552e-02
9.999166702274001617e-01 -5.833426880446928968e-03 -1.151636670387751367e-02
9.999325246503172337e-01 -1.656368884850764785e-03 -1.149806750925919455e-02
9.999312573322821640e-01 2.509090181687201153e-03 -1.145373470046809686e-02
9.999130706138495972e-01 6.653466553492860293e-03 -1.138356497099971172e-02
9.998783186471463802e-01 1.076736176570567034e-02 -1.128781468491533123e-02
9.998275030364446314e-01 1.484148566033781369e-02 -1.116679899354513540e-02
9.997612671520998973e-01 1.886667893755980888e-02 -1.102089078531939305e-02
9.996803891821988142e-01 2.283393516469682527e-02 -1.085051947466526313e-02
9.995857739980156254e-01 2.673442216080033212e-02 -1.065616963691860125e-02
9.994784439201948034e-01 3.055950268087460203e-02 -1.043837949710889161e-02
9.993595284823462155e-01 3.430075433076564678e-02 -1.019773928126785530e-02
9.992302532973633689e-01 3.794998865122735376e-02 -9.934889439578134876e-03
9.990919281391785756e-01 4.149926931762434185e-02 -9.650518751209914009e-03
9.989459343587936413e-01 4.494092940996512880e-02 -9.345362321085711257e-03
9.987638695610546735e-01 4.871808847021309730e-02 -9.863239381775527198e-03
9.985579048287650528e-01 5.267721260172625319e-02 -1.035494193539639174e-02
9.983264713972734850e-01 5.680843974907719834e-02 -1.081945449602378373e-02
9.980680894379125867e-01 6.110153942154380319e-02 -1.125582995235805198e-02
9.977813903098462500e-01 6.554593925856591619e-02 -1.166319186396738705e-02
9.974651378794726631e-01 7.013075278290518966e-02 -1.204073656911678648e-02
9.971182486853260585e-01 7.484480826365348671e-02 -1.238773508942843556e-02
9.967398107384806138e-01 7.967667859629602722e-02 -1.270353481726314675e-02
9.963291007629024865e-01 8.461471209253740300e-02 -1.298756097264433008e-02
9.958855996968708491e-01 8.964706405887613860e-02 -1.323931781775676206e-02
9.954090062953245832e-01 9.476172903028737271e-02 -1.345838961852689752e-02
9.948992486935566149e-01 9.994657351414489022e-02 -1.364444134450792760e-02
9.943564938148250487e-01 1.051893690899566303e-01 -1.379721910022346787e-02
9.937811545278850689e-01 1.104778257028400101e-01 -1.391655028323563609e-02
9.931738944848597095e-01 1.157996249831230035e-01 -1.400234346645870195e-02
9.925356305949271096e-01 1.211424534211749393e-01 -1.405458800459731365e-02
9.918675331146558083e-01 1.264940352256490874e-01 -1.407335336700467343e-02
9.911710233611248366e-01 1.318421646948066406e-01 -1.405878820168556496e-02
9.904477690788627831e-01 1.371747379344841478e-01 -1.401111913756617443e-02
9.896996775157932413e-01 1.424797837625081665e-01 -1.393064933447218587e-02
9.889288862864633600e-01 1.477454936478412584e-01 -1.381775679245543509e-02
9.881377521225468419e-01 1.529602505433103055e-01 -1.367289243414731778e-02
9.873288376306968983e-01 1.581126564832190107e-01 -1.349657797565748107e-02
9.865048961960307672e-01 1.631915588312473075e-01 -1.328940360314733067e-02
9.856688551856715996e-01 1.681860750795216297e-01 -1.305202547356279670e-02
9.848237976206962729e-01 1.730856161163099316e-01 -1.278516305908875168e-02
9.839729424964362980e-01 1.778799078971456948e-01 -1.248959635567370788e-02
9.831196239402887338e-01 1.825590114719958246e-01 -1.216616297645937116e-02
9.822672694029993545e-01 1.871133413390412004e-01 -1.181575515113303387e-02
9.814193770838057773e-01 1.915336821134196732e-01 -1.143931665210540585e-02
9.805794927919364579e-01 1.958112035165887332e-01 -1.103783966801199189e-02
9.797511864468589904e-01 1.999374737085164722e-01 -1.061236164435724709e-02
9.789380284174843405e-01 2.039044710004447314e-01 -1.016396211018730580e-02
9.781435658964252600e-01 2.077045940002573421e-01 -9.693759508512768061e-03
9.773712994995554793e-01 2.113306702553302552e-01 -9.202908046835090589e-03
9.766246602737160831e-01 2.147759634689736241e-01 -8.692594582588534374e-03
9.759069872866682482e-01 2.180341793760696978e-01 -8.164035556626203505e-03
9.752215059635106487e-01 2.210994703711725018e-01 -7.618473986086636562e-03
9.745713073229630430e-01 2.239664389881071693e-01 -7.057176526110289089e-03
9.739593282553730136e-01 2.266301403339682496e-01 -6.481430607966615250e-03
9.733883329722128330e-01 2.290860835823776698e-01 -5.892541659235056573e-03
9.728608957443776184e-01 2.313302326309666923e-01 -5.291830409788617073e-03
9.723793850339315092e-01 2.333590060263631694e-01 -4.680630285486561334e-03
9.719459491112131255e-01 2.351692762565914252e-01 -4.060284889720868970e-03
9.715625032365288183e-01 2.367583685058463616e-01 -3.432145571304525116e-03
9.712307184731225895e-01 2.381240589602228452e-01 -2.797569075661254356e-03
9.709520121858035147e-01 2.392645727453196758e-01 -2.157915274895494222e-03
9.707275402675797915e-01 2.401785815678619262e-01 -1.514544971105229697e-03
9.705581911249412386e-01 2.408652011237707724e-01 -8.688177662624612784e-04
9.704445814410656013e-01 2.413239883246407758e-01 -2.220899911374563628e-04
9.703870537252062833e-01 2.415549383835475517e-01 4.242873149086743038e-04
9.703856756458408839e-01 2.415584817896946901e-01 1.068970381888177147e-03
9.704402411348118651e-01 2.413354811898056063e-01 1.710624653778384076e-03
9.705502732396437127e-01 2.408872281825624739e-01 2.347926708654022795e-03
9.707150286914502102e-01 2.402154400209725593e-01 2.979566163115502340e-03
9.709335041463286187e-01 2.393222562064805936e-01 3.604247569416795926e-03
9.712044440488424302e-01 2.382102349481126369e-01 4.220692313159016794e-03
9.715263500571059696e-01 2.368823494500959803e-01 4.827640518703093728e-03
9.718974919600861240e-01 2.353419839823981952e-01 5.423852968579958266e-03
9.723159200090272236e-01 2.335929296806093514e-01 6.008113042154195754e-03
9.727794785763906882e-01 2.316393800146765436e-01 6.579228677644021958e-03
9.732858210473986915e-01 2.294859258603033914e-01 7.136034360335224633e-03
9.738324258412176526e-01 2.271375501024417987e-01 7.677393138469556372e-03
9.744166134510565680e-01 2.245996216973072945e-01 8.202198666860466975e-03
9.750355643850451282e-01 2.218778891178019297e-01 8.709377276813765403e-03
9.756863378827755895e-01 2.189784731071676982e-01 9.197890069431446936e-03
9.763658912759152209e-01 2.159078586671362987e-01 9.666735027877789571e-03
9.770710998554288373e-01 2.126728862097844452e-01 1.011494914271260891e-02
9.777987771027859543e-01 2.092807418067187120e-01 1.054161054297184444e-02
9.785456951381772406e-01 2.057389464750503938e-01 1.094584062432488007e-02
9.793086052353404680e-01 2.020553444468054793e-01 1.132680616438458236e-02
9.800842582502052869e-01 1.982380903768492242e-01 1.168372141411256823e-02
9.808694248093147161e-01 1.942956354539715769e-01 1.201585015326943513e-02
9.816609151039719094e-01 1.902367123903365986e-01 1.232250769702660474e-02
9.824555981373734870e-01 1.860703192758884628e-01 1.260306284019956959e-02
9.832504202747069932e-01 1.818057022963502634e-01 1.285693972509538950e-02
9.840424229503604847e-01 1.774523373259598857e-01 1.308361961870113492e-02
9.848287593920526106e-01 1.730199104188571146e-01 1.328264258488172540e-02
9.856067102288593729e-01 1.685182972358574838e-01 1.345360903740906201e-02
9.863736978587681614e-01 1.639575414560091315e-01 1.359618116000932582e-02
9.871862953588597112e-01 1.589078385522325609e-01 1.454374921394776393e-02
9.880245302843534416e-01 1.535207763820239935e-01 1.545647071910627099e-02
9.888811310240824826e-01 1.478085438557130982e-01 1.633238973989628237e-02
9.897486975010995058e-01 1.417840751768831564e-01 1.716962096455057485e-02
9.906197665019501608e-01 1.354610369775860468e-01 1.796635508625460398e-02
9.914868777513986542e-01 1.288538121199272468e-01 1.872086432084272764e-02
9.923426401598877122e-01 1.219774798833834634e-01 1.943150801267346656e-02
9.931797976497601654e-01 1.148477923067590389e-01 2.009673827443754848e-02
9.939912939506603262e-01 1.074811465098187840e-01 2.071510560170411810e-02
9.947703357455101036e-01 9.989455288138675282e-02 2.128526439910714135e-02
9.955104535468578542e-01 9.210559908693377595e-02 2.180597835233127890e-02
9.962055596899407339e-01 8.413240991809842195e-02 2.227612557856804842e-02
9.968500028440206995e-01 7.599360307777529300e-02 2.269470348794715847e-02
9.974386184677977996e-01 6.770824106584198698e-02 2.306083328964338153e-02
9.979667746680916940e-01 5.929577940070455966e-02 2.337376407892325508e-02
9.984304129633966296e-01 5.077601147902227607e-02 2.363287644530183765e-02
9.988260835049876940e-01 4.216901043865885212e-02 2.383768554716633736e-02
9.991509743673744337e-01 3.349506844660271598e-02 2.398784360459586817e-02
9.994029345862078806e-01 2.477463388293022623e-02 2.408314176953717592e-02
9.995804906941739842e-01 1.602824693264408989e-02 2.412351134082793211e-02
9.996828565826921809e-01 7.276474128401391739e-03 2.410902430060950577e-02
9.997099365979571495e-01 -1.460157592012472152e-03 2.403989315823658671e-02
9.996623218624920426e-01 -1.016122673960464899e-02 2.391647009765399817e-02
9.995412798963172474e-01 -1.880648246668284451e-02 2.373924543414493091e-02
9.993487376934794275e-01 -2.737590853717515246e-02 2.350884539613216917e-02
9.990872584884483709e-01 -3.584978553663800693e-02 2.322602925711224689e-02
9.987600125212865443e-01 -4.420875081646409577e-02 2.289168585161157135e-02
9.983707421791682135e-01 -5.243385570853412864e-02 2.250682951708133858e-02
9.979237219535819214e-01 -6.050661959627723352e-02 2.207259551072616663e-02
9.974237137063999281e-01 -6.840908048452305767e-02 2.159023495624939198e-02
9.968759177831848506e-01 -7.612384177221391546e-02 2.106110938028715393e-02
9.962859205481054969e-01 -8.363411499747309963e-02 2.048668490181874968e-02
9.956596389413772119e-01 -9.092375839212603339e-02 1.986852614004165282e-02
9.950032626772042921e-01 -9.797731115097611798e-02 1.920828990708020600e-02
9.943231947079813615e-01 -1.047800233884242371e-01 1.850771875148403758e-02
9.936259905794264657e-01 -1.113178818199547088e-01 1.776863441682345265e-02
9.929182972919754491e-01 -1.175776312672763418e-01 1.699293127688901103e-02
9.922067922669116635e-01 -1.235467921423420018e-01 1.618256980515965157e-02
9.914981229922235073e-01 -1.292136741160816171e-01 1.533957013144501662e-02
9.907988478940261690e-01 -1.345673862216668626e-01 1.446600573307508207e-02
9.901153789455572340e-01 -1.395978436788704591e-01 1.356399730185479935e-02
9.894539264882811214e-01 -1.442957717551726915e-01 1.263570682138016356e-02
9.888204466994982011e-01 -1.486527070004781126e-01 1.168333188238229910e-02
9.882205920990027037e-01 -1.526609962055893721e-01 1.070910025668267082e-02
9.876596654446244683e-01 -1.563137934400656015e-01 9.715264743253970020e-03
9.871425773237040291e-01 -1.596050555230379975e-01 8.704098292927201982e-03
9.866738077053318623e-01 -1.625295362713654046e-01 7.677889411594657036e-03
9.862573716770810517e-01 -1.650827798536998181e-01 6.638937835446606130e-03
9.858967895503750745e-01 -1.672611135571932528e-01 5.589550465948724470e-03
9.855950614808525190e-01 -1.690616402463883394e-01 4.532037547005219810e-03
9.853546467142767495e-01 -1.704822307620177113e-01 3.468709062132463612e-03
9.851774475347426785e-01 -1.715215164717540930e-01 2.401871325548381522e-03
9.850647979601022675e-01 -1.721788821461888996e-01 1.333823737908745432e-03
9.850174571995345962e-01 -1.724544592922650221e-01 2.668556750241657741e-04
9.850356078598083709e-01 -1.723491200338458651e-01 -7.967565237102923904e-04
9.851188588597769025e-01 -1.718644715858515526e-01 -1.854752501240707670e-03
9.852662529867078911e-01 -1.710028513252075388e-01 -2.904890797205257353e-03
9.854762790028791519e-01 -1.697673224194793662e-01 -3.944951764000872475e-03
9.857468881861685128e-01 -1.681616699332334486e-01 -4.972740516319552884e-03
9.860755151638459504e-01 -1.661903972935629414e-01 -5.986089943650573474e-03
9.865257467947373682e-01 -1.634192980731589973e-01 -7.815827928701243529e-03
9.870708026032327664e-01 -1.599958554354526385e-01 -9.620830046678428837e-03
9.877025762271017806e-01 -1.559285916497418767e-01 -1.139732307888639828e-02
9.884116649584512304e-01 -1.512272583773636714e-01 -1.314157352821283473e-02
9.891874648026804939e-01 -1.459028600538047893e-01 -1.484989207395979831e-02
9.900182767195122580e-01 -1.399676786765229608e-01 -1.651863898798973385e-02
9.908914234640028296e-01 -1.334352986623844606e-01 -1.814423057593886335e-02
9.917933763425653693e-01 -1.263206303592294133e-01 -1.972314668018268838e-02
9.927098910823027866e-01 -1.186399307454912427e-01 -2.125193925249775628e-02
9.936261518832801842e-01 -1.104108198324130347e-01 -2.272724197442282934e-02
9.945269225855907225e-01 -1.016522912972460252e-01 -2.414578087272577223e-02
9.953967037398507856e-01 -9.238471592441120650e-02 -2.550438584674401613e-02
9.962198942255224843e-01 -8.262983651582934963e-02 -2.680000299436400071e-02
9.969809559212530203e-01 -7.241075305156342845e-02 -2.802970759476688598e-02
9.976645798007545141e-01 -6.175189703673386599e-02 -2.919071757955650492e-02
9.982558517123898412e-01 -5.067899415849719952e-02 -3.028040730027469624e-02
9.987404160063717562e-01 -3.921901459476014040e-02 -3.129632138035699090e-02
9.991046351058870956e-01 -2.740011056014887009e-02 -3.223618842400087503e-02
9.993357430825750010e-01 -1.525154093938664406e-02 -3.309793434384420557e-02
9.994219912969170005e-01 -2.803583137461202260e-03 -3.387969506430736633e-02
9.993859911890775605e-01 9.461379088266880580e-03 -3.373623230692425479e-02
9.992034554470526908e-01 2.165845400787570416e-02 -3.351680708235947603e-02
9.988776981064645399e-01 3.375850194790373099e-02 -3.322225190159904668e-02
9.984133204331895328e-01 4.573283379100762797e-02 -3.285360865923621365e-02
9.978161551423656572e-01 5.755332139716300144e-02 -3.241212228456734346e-02
9.970931984304022277e-01 6.919250187966445587e-02 -3.189923309743438601e-02
9.962525308305892890e-01 8.062367463935520007e-02 -3.131656799432248894e-02
9.953032280416803657e-01 9.182099021963620322e-02 -3.066593060783368713e-02
9.942552629911092232e-01 1.027595302204764999e-01 -2.994929059659342391e-02
9.931194004786151330e-01 1.134153776967386229e-01 -2.916877223266199290e-02
9.919070858012830616e-01 1.237656776593809016e-01 -2.832664245950086007e-02
9.906303287875752872e-01 1.337886874922950553e-01 -2.742529859549622945e-02
9.893015846669579449e-01 1.434638172877198692e-01 -2.646725585609865580e-02
9.879336331751029654e-01 1.527716602847756233e-01 -2.545513486203531892e-02
9.865394572449410759e-01 1.616940137646578624e-01 -2.439164929211845925e-02
9.851321225641312962e-01 1.702138909090079311e-01 -2.327959382731012439e-02
9.837246591932610196e-01 1.783155242622272429e-01 -2.212183251836337752e-02
9.823299463399478570e-01 1.859843615520273552e-01 -2.092128769303011615e-02
9.809606012757192683e-01 1.932070547140267436e-01 -1.968092950100631261e-02
9.796288732687354894e-01 1.999714430351196837e-01 -1.840376617597376877e-02
9.783465432895435132e-01 2.062665313766788577e-01 -1.709283507477129746e-02
9.771248301322443819e-01 2.120824644629918931e-01 -1.575119453433384067e-02
9.759743034824738261e-01 2.174104982237189398e-01 -1.438191656798051138e-02
9.749048043587447143e-01 2.222429691630147808e-01 -1.298808040426849969e-02
9.739253732568128319e-01 2.265732626939884475e-01 -1.157276685426478040e-02
9.730441862391309149e-01 2.303957813272703159e-01 -1.013905347697350613e-02
9.722684991340007077e-01 2.337059135386300168e-01 -8.690010497994813538e-03
9.716045999420900303e-01 2.365000040648817525e-01 -7.228697423432451502e-03
9.710577694914896973e-01 2.387753262917577390e-01 -5.758160279721285212e-03
9.706322503359868792e-01 2.405300573039843848e-01 -4.281429400480842723e-03
9.703312238539342216e-01 2.417632560683285192e-01 -2.801517673754411967e-03
9.701567954759111601e-01 2.424748451166389984e-01 -1.321419157074918502e-03
9.701099879469988752e-01 2.426655959895206716e-01 1.558920363018791774e-04
9.701907425124436379e-01 2.423371185937453764e-01 1.627462678966293003e-03
9.703979279021845983e-01 2.414918545192238086e-01 3.090361298252669760e-03
9.707293569785302445e-01 2.401330742556314901e-01 4.541679070845478644e-03
9.711818109005651012e-01 2.382648781458293619e-01 5.978530838672415498e-03
9.717510706470716686e-01 2.358922008142169957e-01 7.398056337269604682e-03
9.724319557254206270e-01 2.330208187142472631e-01 8.797421721880603618e-03
9.732183698756984302e-01 2.296573603516443018e-01 1.017382146916874334e-02
9.741033535562185763e-01 2.258093186595266366e-01 1.152448072366075646e-02
9.750791429676319844e-01 2.214850649297787355e-01 1.284665814798934685e-02
9.761372353375362687e-01 2.166938636427710174e-01 1.413764932476855619e-02
9.772684601455008391e-01 2.114458874860307980e-01 1.539479074564133014e-02
9.784630559198225219e-01 2.057522318128196248e-01 1.661546440982727274e-02
9.797107521824972576e-01 1.996249277648285969e-01 1.779710304053756451e-02
9.810008560585722348e-01 1.930769532703295044e-01 1.893719591310626810e-02
9.823223430013177104e-01 1.861222411309489677e-01 2.003329527383199832e-02
9.836639510169339351e-01 1.787756834274274731e-01 2.108302331357693807e-02
9.850142777035032493e-01 1.710531315077140624e-01 2.208407964540096829e-02
9.863618793505813942e-01 1.629713908696844571e-01 2.303424922120823198e-02
9.876953712803800967e-01 1.545482103154847686e-01 2.393141060885767973e-02
9.890035285512437380e-01 1.458022648344548811e-01 2.477354453875339757e-02
9.902753860914630391e-01 1.367531317658365608e-01 2.555874261789958801e-02
9.915003372887672972e-01 1.274212598996680712e-01 2.628521610008491619e-02
9.926682300303548701e-01 1.178279312926280159e-01 2.695130459353676372e-02
9.937694591721207837e-01 1.079952157029307885e-01 2.755548458231145068e-02
9.947950544155796937e-01 9.794591768213141425e-02 2.809637763507275704e-02
9.957367625882387330e-01 8.770351649897856205e-02 2.857275817491543302e-02
9.965871233587669797e-01 7.729209920812202261e-02 2.898356068660737014e-02
9.973337875919680018e-01 6.718550190122958565e-02 2.848568294164745968e-02
9.979684005616229481e-01 5.726402616873187829e-02 2.792690956726745152e-02
9.984954532531709059e-01 4.755077711107528332e-02 2.730865657962550791e-02
9.989201811850964008e-01 3.806823935952649562e-02 2.663249632161777264e-02
9.992484921131384867e-01 2.883820510940371395e-02 2.590015065144142883e-02
9.994868879974975195e-01 1.988170787673358350e-02 2.511348349686353537e-02
9.996423821976780921e-01 1.121896233085228553e-02 2.427449288033912272e-02
9.997224128984514291e-01 2.869310435474880031e-03 2.338530252288372954e-02
9.997347537920534544e-01 -5.148825988660225839e-03 2.244815313491723557e-02
9.996874230467485134e-01 -1.281798628238133876e-02 2.146539350024823448e-02
9.995885915812735556e-01 -2.012170566043545647e-02 2.043947145511238600e-02
9.994464916397710619e-01 -2.704454383124585415e-02 1.937292485791730634e-02
9.992693266242369532e-01 -3.357210782818070838e-02 1.826837263732715086e-02
9.990651830930541433e-01 -3.969106943457936798e-02 1.712850599682091968e-02
9.988419457767656606e-01 -4.538917764934541355e-02 1.595607984318127628e-02
9.986072163978082505e-01 -5.065526669005384480e-02 1.475390449482922618e-02
9.983682370113797777e-01 -5.547926006579287361e-02 1.352483771383090547e-02
9.981318185117422637e-01 -5.985217127230975376e-02 1.227177709307717898e-02
9.979042748737041446e-01 -6.376610166774991650e-02 1.099765281787217462e-02
9.976913636241968586e-01 -6.721423607897766828e-02 9.705420809242085861e-03
9.974982329649609847e-01 -7.019083666702884139e-02 8.398056244944621107e-03
9.973293758953186705e-01 -7.269123554678216803e-02 7.078547443649273706e-03
9.971885916145086792e-01 -7.471182661174734230e-02 5.749890088265767647e-03
9.970789544165270524e-01 -7.625005696139511291e-02 4.415081756088361578e-03
9.970027902270338638e-01 -7.730441826724974985e-02 3.077116716431155252e-03
9.969616608716316275e-01 -7.787443834664579956e-02 1.738980950857180099e-03
9.969563561074901159e-01 -7.796067314128177217e-02 4.036473470243138323e-04
9.969868933955322587e-01 -7.756469922315900600e-02 -9.259289853727572552e-04
9.970525253377598984e-01 -7.668910687484332966e-02 -2.246815329077925597e-03
9.971517546532741028e-01 -7.533749371587182553e-02 -3.556105956132793976e-03
9.972823565166055726e-01 -7.351445877414536367e-02 -4.850926757036340062e-03
9.974414080326261534e-01 -7.122559683183930790e-02 -6.128439948631355175e-03
9.976253245731213637e-01 -6.847749281119606957e-02 -7.385848902297539181e-03
9.978299026507575498e-01 -6.527771590791091316e-02 -8.620403127936928853e-03
9.980503689564786951e-01 -6.163481312995988670e-02 -9.829403442025125281e-03
9.982814351362970795e-01 -5.755830185879588778e-02 -1.101020733982244725e-02
9.985173578331625333e-01 -5.305866101886434760e-02 -1.216023458286347864e-02
9.987520034694539195e-01 -4.814732042120957456e-02 -1.327697300326084739e-02
9.989789171961815928e-01 -4.283664783821691108e-02 -1.435798451637539629e-02
9.991913953869635545e-01 -3.713993336971739556e-02 -1.540091132324025204e-02
9.993825610091365830e-01 -3.107137067599392843e-02 -1.640348227401190739e-02
9.995454411620582347e-01 -2.464603468064307384e-02 -1.736351935389549017e-02
9.996730460348997038e-01 -1.787985538547085321e-02 -1.827894424369497228e-02
9.997584485042791957e-01 -1.078958749006027340e-02 -1.914778489861034688e-02
9.997948635671956019e-01 -3.392775569484683153e-03 -1.996818208137243755e-02
9.997757267881364207e-01 4.292285366286252048e-03 -2.073839577948706145e-02
9.996947709321081232e-01 1.224659402984402956e-02 -2.145681143144693645e-02
9.995460999586759376e-01 2.045049174515816554e-02 -2.212194588342761975e-02
9.993242595667378714e-01 2.888371599390485156e-02 -2.273245299634434752e-02
9.990243035062581489e-01 3.752545845488920728e-02 -2.328712882330134099e-02
9.986418549118495358e-01 4.635442728152707609e-02 -2.378491627946112408e-02
9.981731619638897213e-01 5.534891327393894056e-02 -2.422490923019829032e-02
9.976151472454206637e-01 6.448685951824781326e-02 -2.460635592902894395e-02
9.969654502366979143e-01 7.374593398834591862e-02 -2.492866174412379857e-02
9.962224624728718281e-01 8.310360453674744963e-02 -2.519139112106992540e-02
9.953853549825235625e-01 9.253721564301481406e-02 -2.539426873974966539e-02
9.944540977239809676e-01 1.020240662422078476e-01 -2.553717983452060900e-02
9.934294708406039565e-01 1.115414879231083484e-01 -2.562016965904058419e-02
9.923130676634762670e-01 1.210669227675030130e-01 -2.564344208979355694e-02
9.911072894979793269e-01 1.305780000980560351e-01 -2.560735737532808878e-02
9.898990403662797366e-01 1.396099206782434599e-01 -2.467731397093746171e-02
9.886604103896613482e-01 1.482870911735391928e-01 -2.369685949839674469e-02
9.874031167982715296e-01 1.565925595973128304e-01 -2.266858142019916034e-02
9.861389117206191823e-01 1.645105033576061970e-01 -2.159514260223224444e-02
9.848794765951842667e-01 1.720262331687984758e-01 -2.047927094651283420e-02
9.836363195820174710e-01 1.791261904757673884e-01 -1.932374949844153228e-02
9.824206768319325711e-01 1.857979391278429260e-01 -1.813140710853087048e-02
9.812434183749895178e-01 1.920301520937377215e-01 -1.690510971242146360e-02
9.801149592925277876e-01 1.978125940435440100e-01 -1.564775227649478975e-02
9.790451767405324857e-01 2.031361006403211711e-01 -1.436225143988661967e-02
9.780433332987757966e-01 2.079925553826452445e-01 -1.305153886753451266e-02
9.771180070317722066e-01 2.123748648219357937e-01 -1.171855531335116822e-02
9.762770285655539837e-01 2.162769329458306689e-01 -1.036624537795666039e-02
9.755274254096149011e-01 2.196936354729163987e-01 -8.997552931838367560e-03
9.748753736867286079e-01 2.226207947464134418e-01 -7.615417162508460874e-03
9.743261573749559812e-01 2.250551558466715729e-01 -6.222769193327015377e-03
9.738841351159278625e-01 2.269943644662636706e-01 -4.822529212250433253e-03
9.735527146009980148e-01 2.284369470087437848e-01 -3.417604040914811771e-03
9.733343345114344736e-01 2.293822932843695428e-01 -2.010885068209844907e-03
9.732304539595401094e-01 2.298306420848059695e-01 -6.052464678557084241e-04
9.732415493533874695e-01 2.297830698254733628e-01 7.964563835405683023e-04
9.733671185875101273e-01 2.292414823501335575e-01 2.191388372920315131e-03
9.736056924441310878e-01 2.282086098988083400e-01 3.576736086561125520e-03
9.739548530730267606e-01 2.266880051484008729e-01 4.949709298451831010e-03
9.744112594016319795e-01 2.246840441466050053e-01 6.307542591394639173e-03
9.749706793092786095e-01 2.222019298749479399e-01 7.647497186469968435e-03
9.756280283794172004e-01 2.192476980972064005e-01 8.966863050650151004e-03
9.763774150203483604e-01 2.158282250760209520e-01 1.026296134522875804e-02
9.772121917176116446e-01 2.119512366743547538e-01 1.153314726942833435e-02
9.781250121492003347e-01 2.076253183005240532e-01 1.277481334415908609e-02
9.791078938578767765e-01 2.028599251068699261e-01 1.398539317053749086e-02
9.801522861330138614e-01 1.976653918137039889e-01 1.516236568656707286e-02
9.812491427078186002e-01 1.920529415028510711e-01 1.630325993348231278e-02
9.823889988270221307e-01 1.860346927097456249e-01 1.740566033082982175e-02
9.835620521859558263e-01 1.796236641403212986e-01 1.846721244659806430e-02
9.847582471854433583e-01 1.728337763494156576e-01 1.948562923581786260e-02
9.859673618894648772e-01 1.656798497414584403e-01 2.045869770826964570e-02
9.871790970156274492e-01 1.581775982919555457e-01 2.138428597349453439e-02
9.883831662338500301e-01 1.503436184395958719e-01 2.226035059947236577e-02
9.895693869981864177e-01 1.421953726632662895e-01 2.308494421036418054e-02
9.907277710923039216e-01 1.337511673351163277e-01 2.385622323888398830e-02
9.918486140327337219e-01 1.250301245289839602e-01 2.457245574042175168e-02
9.929225824474717799e-01 1.160521475615497455e-01 2.523202916922756209e-02
9.939407985325493522e-01 1.068378801497697761e-01 2.583345801200306879e-02
9.948949206873068940e-01 9.740865918037812377e-02 2.637539117131364533e-02
9.957772194414942213e-01 8.778646120320561519e-02 2.685661899047516593e-02
9.965806478148299119e-01 7.799384287717409103e-02 2.727607981307454688e-02
9.972989052927268006e-01 6.805387571338174235e-02 2.763286597408944750e-02
9.979264946605156394e-01 5.799007557091040432e-02 2.792622912565484450e-02
9.984587710121942683e-01 4.782632746508622135e-02 2.815558480879458425e-02
9.988919823375421725e-01 3.758680634224292882e-02 2.832051619274306153e-02
9.992233011919503527e-01 2.729589455709944754e-02 2.842077691561288241e-02
9.994508470646763509e-01 1.697809685648571376e-02 2.845629297384982825e-02
9.995736991812366190e-01 6.657953724513741844e-03 2.842716362283819256e-02
9.995918996017638669e-01 -3.640046021987076302e-03 2.833366126682006214e-02
9.995064466066528874e-01 -1.389155248376178903e-02 2.817623033258509491e-02
9.993192784908352388e-01 -2.407244087485022402e-02 2.795548513777110222e-02
9.990332480156693951e-01 -3.415889578587344433e-02 2.767220678068629119e-02
9.986520878899046716e-01 -4.412749267748083959e-02 2.732733909392835031e-02
9.981803677658411811e-01 -5.395527582381870468e-02 2.692198371836515558e-02
9.976739865177527422e-01 -6.317021912049143595e-02 2.561544954612661462e-02
9.971169787431134468e-01 -7.189766663850630235e-02 2.425834042962987658e-02
9.965231903463523944e-01 -8.012012465320192400e-02 2.285404163527426924e-02
9.959062055960891113e-01 -8.782153713818080520e-02 2.140601369724526651e-02
9.952792112851219786e-01 -9.498728046554950899e-02 1.991778013220226948e-02
9.946548680863613878e-01 -1.016041513279242886e-01 1.839291596347214855e-02
9.940451901266791346e-01 -1.076603490986470513e-01 1.683503711921996784e-02
9.934614336521314648e-01 -1.131454538641374075e-01 1.524779074282708521e-02
9.929139955143955198e-01 -1.180504013501064986e-01 1.363484642816665919e-02
9.924123220724097028e-01 -1.223674559236320597e-01 1.199988836815027785e-02
9.919648289773010941e-01 -1.260901827884165494e-01 1.034660838227573557e-02
9.915788321941301220e-01 -1.292134204037911072e-01 8.678699768308104426e-03
9.912604905115024456e-01 -1.317332540522403728e-01 6.999851904973561009e-03
9.910147596997292974e-01 -1.336469913585433822e-01 5.313745516868085585e-03
9.908453583993951375e-01 -1.349531404292040604e-01 3.624048499847768584e-03
9.907547457538317115e-01 -1.356513911367780434e-01 1.934412195084390419e-03
9.907441107395921209e-01 -1.357425999230055524e-01 2.484679928002311768e-04
9.908133730967222386e-01 -1.352287783402351118e-01 -1.430175857541538323e-03
9.909611957133912519e-01 -1.341130853952578195e-01 -3.097937355137640042e-03
9.911850082750970348e-01 -1.323998236060411338e-01 -4.751263896841367157e-03
9.914810419450311718e-01 -1.300944385325221164e-01 -6.386635585930387424e-03
9.918443747972000013e-01 -1.272035214000730996e-01 -8.000568812308372912e-03
9.922689876756713989e-01 -1.237348143008817625e-01 -9.589620206238639102e-03
9.927478301002553573e-01 -1.196972173366157716e-01 -1.115039105575013970e-02
9.932728957798021563e-01 -1.151007969576119949e-01 -1.267953226369367310e-02
9.938353072283169221e-01 -1.099567946615970515e-01 -1.417374990428059943e-02
9.944254089059449964e-01 -1.042776351406476953e-01 -1.562981142106510332e-02
9.950328682268001490e-01 -9.807693291062152818e-02 -1.704455248903012990e-02
9.956467836893723167e-01 -9.136949642431348162e-02 -1.841488454304327643e-02
9.962557992942074891e-01 -8.417132865953717846e-02 -1.973780295383949571e-02
9.968482243195652126e-01 -7.649962318727317190e-02 -2.101039581127977021e-02
9.974121574312233562e-01 -6.837275476363847970e-02 -2.222985325338137919e-02
9.979356140103052830e-01 -5.981026355289657814e-02 -2.339347725899840538e-02
9.984066554961199547e-01 -5.083283217666995091e-02 -2.449869180255257253e-02
9.988135194629068625e-01 -4.146225489594893010e-02 -2.554305325138495758e-02
9.991447490835566603e-01 -3.172139836575810917e-02 -2.652426087062265819e-02
9.993893205832887761e-01 -2.163415355511297961e-02 -2.744016728741267147e-02
9.995367672551548344e-01 -1.122537859416421376e-02 -2.828878875640899321e-02
9.995772986000013294e-01 -5.208324925338563005e-04 -2.906831506189021253e-02
9.995019131685626279e-01 1.045290013642769834e-02 -2.977711888913837576e-02
9.993374988488999966e-01 2.121737659959223310e-02 -2.957026567099679815e-02
9.990618621741478300e-01 3.189178978346463023e-02 -2.929715834029567728e-02
9.986787791960352045e-01 4.245117017611250987e-02 -2.895873291176322487e-02
9.981929763638350828e-01 5.287102453653267503e-02 -2.855609644344488801e-02
9.976100768641465999e-01 6.312741842407222637e-02 -2.809052098657223787e-02
9.969365385765364129e-01 7.319705339047892501e-02 -2.756343667754701868e-02
9.961795844859713256e-01 8.305733818567920257e-02 -2.697642407308130721e-02
9.953471264717729250e-01 9.268645344826489940e-02 -2.633120583881824392e-02
9.944476834530863174e-01 1.020634094789842211e-01 -2.562963790844993706e-02
9.934902949121222626e-01 1.111680968269217612e-01 -2.487370023437460512e-02
9.924844308387977820e-01 1.199813295501896693e-01 -2.406548725229562188e-02
9.914398991445118048e-01 1.284848811426460291e-01 -2.320719818093670839e-02
9.903667515797625054e-01 1.366615132424456591e-01 -2.230112727437210188e-02
9.892751891616771154e-01 1.444949973544630839e-01 -2.134965413854824842e-02
9.881754680751401176e-01 1.519701299245252157e-01 -2.035523421565140628e-02
9.870778069571699564e-01 1.590727411970858651e-01 -1.932038953033724665e-02
9.859922964107640242e-01 1.657896983680305913e-01 -1.824769978079166660e-02
9.849288115239023256e-01 1.721089036097270819e-01 -1.713979384545790199e-02
9.838969280940672579e-01 1.780192875956643217e-01 -1.599934176336727937e-02
9.829058431806725338e-01 1.835107991868896449e-01 -1.482904723266648128e-02
9.819643005292194582e-01 1.885743919621550579e-01 -1.363164065844510095e-02
9.810805213336022401e-01 1.932020082787375415e-01 -1.240987276761378738e-02
9.802621407283118593e-01 1.973865615420917763e-01 -1.116650879561996434e-02
9.795161503315780172e-01 2.011219173408247407e-01 -9.904323237439458319e-03
9.788488470946986597e-01 2.044028740701198110e-01 -8.626095143741831228e-03
9.782657886525780722e-01 2.072251436229622379e-01 -7.334603932556735262e-03
9.777717553161775488e-01 2.095853326756846324e-01 -6.032625677299064716e-03
9.773707187992523027e-01 2.114809250338462732e-01 -4.722929823744101419e-03
9.770658177292190771e-01 2.129102654376780757e-01 -3.408276281555230533e-03
9.768593399548706202e-01 2.138725451546340528e-01 -2.091412830307253466e-03
9.767527116313251545e-01 2.143677896113245496e-01 -7.750727756477169758e-04
9.767464930343373597e-01 2.143968482395499087e-01 5.380272116914453558e-04
9.768403810310322122e-01 2.139613866325364711e-01 1.845189142883497035e-03
9.770332181113413617e-01 2.130638810289747775e-01 3.143735713064462010e-03
9.773230078629548956e-01 2.117076150651970579e-01 4.431012326421559719e-03
9.777069367515023313e-01 2.098966786608850443e-01 5.704389209892499028e-03
9.781814020460454229e-01 2.076359688321030295e-01 6.961263677443711023e-03
9.787420457069714308e-01 2.049311921582051832e-01 8.199062602114540535e-03
