1.000000000000000000e+00 0.000000000000000000e+00 0.000000000000000000e+00
9.999991600155173632e-01 6.633866148230899758e-04 -1.113551900523137997e-03
9.999958558020641819e-01 1.842826315409032325e-03 -2.211929331903244103e-03
9.999883531551112537e-01 3.530230100860541793e-03 -3.291120989999635465e-03
9.999742165384790660e-01 5.715650584761432923e-03 -4.347213345967495049e-03
9.999503727532551567e-01 8.387325181921497994e-03 -5.376404296434373134e-03
9.999131860727664689e-01 1.153172459995685517e-02 -6.375016587138800095e-03
9.998585434975850728e-01 1.513360698005375947e-02 -7.339510998232183156e-03
9.997819486369474706e-01 1.917607805741493657e-02 -8.266499263560475597e-03
9.996786225949964022e-01 2.364065770928153523e-02 -9.152756679605888665e-03
9.995436101342005664e-01 2.850735322641225269e-02 -9.995234343163409557e-03
9.993718893065544062e-01 3.375473958298892685e-02 -1.079107094103854553e-02
9.991584826880482995e-01 3.936004689176016147e-02 -1.153760400084414932e-02
9.988985683256124126e-01 4.529925511859480419e-02 -1.223238050005563855e-02
9.985875885101382909e-01 5.154719599728464774e-02 -1.287316672148586250e-02
9.982213545256430898e-01 5.807766193610016531e-02 -1.345795723778786881e-02
9.977961455939128310e-01 6.486352154769040035e-02 -1.398498290588218521e-02
9.973088003360116582e-01 7.187684126938992391e-02 -1.445271775458432592e-02
9.967567992059670479e-01 7.908901237811803708e-02 -1.485988465526757313e-02
9.961383365158865688e-01 8.647088254914812866e-02 -1.520545967605886270e-02
9.954523808629116566e-01 9.399289096720095382e-02 -1.548867503458879746e-02
9.946987229830178689e-01 1.016252058772192518e-01 -1.570902058229970560e-02
9.938780102901332292e-01 1.093378633657504512e-01 -1.586624377421445159e-02
9.929917676060516785e-01 1.171009060961104437e-01 -1.596034810121915032e-02
9.920424038413296897e-01 1.248845206843419847e-01 -1.599158998655794695e-02
9.910332046436014508e-01 1.326591724001111028e-01 -1.596047417356001585e-02
9.899683112812904806e-01 1.403957359075172773e-01 -1.586774765677539945e-02
9.888526862714492882e-01 1.480656208244507388e-01 -1.571439223285521838e-02
9.876920664847399500e-01 1.556408909735059465e-01 -1.550161576988734642e-02
9.864929046633196252e-01 1.630943763193301865e-01 -1.523084231378271473e-02
9.852623004643614735e-01 1.703997767324729462e-01 -1.490370116709776455e-02
9.840079222898187039e-01 1.775317568833769399e-01 -1.452201508889981729e-02
9.827379212795792629e-01 1.844660317466672861e-01 -1.408778777360117015e-02
9.814608389291845647e-01 1.911794423796235043e-01 -1.360319077192098484e-02
9.801855098447104231e-01 1.976500218238953499e-01 -1.307055001824775423e-02
9.789209611671481071e-01 2.038570511605768132e-01 -1.249233212577903832e-02
9.776763101885105334e-01 2.097811059205085538e-01 -1.187113060414968571e-02
9.764606616445081766e-01 2.154040932095297456e-01 -1.120965214417908584e-02
9.752830061071939838e-01 2.207092800484453943e-01 -1.051070310131872049e-02
9.741521208190776493e-01 2.256813135466018416e-01 -9.777176293879887709e-03
9.730764742117030686e-01 2.303062336239065921e-01 -9.012038214730185015e-03
9.720641352404881808e-01 2.345714790674750527e-01 -8.218316736451252227e-03
9.712838067995787084e-01 2.378399802639968863e-01 -6.317653423616586585e-03
9.707028108055598681e-01 2.402428194604907807e-01 -4.409418830670379721e-03
9.703279574637850846e-01 2.417796659669156356e-01 -2.500051140526500688e-03
9.701630833728788206e-01 2.424525496128289437e-01 -5.959070512710094771e-04
9.702090509497659498e-01 2.422658010784908278e-01 1.296741578096032759e-03
9.704637834255385176e-01 2.412260103450321325e-01 3.171710431296733031e-03
9.709223342588794159e-01 2.393420030197870030e-01 5.022905366464040788e-03
9.715769897463626403e-01 2.366248335262104707e-01 6.844325530189637047e-03
9.724174035359604007e-01 2.330877934297262977e-01 8.630067468995457000e-03
9.734307616539581431e-01 2.287464325143888089e-01 1.037433070028049784e-02
9.746019765216241693e-01 2.236185896428303788e-01 1.207142513919907782e-02
9.759139082554764144e-01 2.177244299356934920e-01 1.371578070105888836e-02
9.773476113072656624e-01 2.110864844084155423e-01 1.530195931217149738e-02
9.788826042050384757e-01 2.037296879142043993e-01 1.682466946736012325e-02
9.804971598081313466e-01 1.956814110728689049e-01 1.827878337152743018e-02
9.821686130950810778e-01 1.869714818250374777e-01 1.965935659812769951e-02
9.838736830776013687e-01 1.776321923473086484e-01 2.096165009172528543e-02
9.855888049938846818e-01 1.676982873002035856e-01 2.218115423802432401e-02
9.872904685022755311e-01 1.572069297578258251e-01 2.331361462605833004e-02
9.889555571963789538e-01 1.461976416816693214e-01 2.435505903704112199e-02
9.905616844210056726e-01 1.347122164415945900e-01 2.530182511615616109e-02
9.920875201111784003e-01 1.227946016394761419e-01 2.615058812063678767e-02
9.935131032283118779e-01 1.104907513345177728e-01 2.689838809289949242e-02
9.948201343499748495e-01 9.784844767737778393e-02 2.754265578377227200e-02
9.959922430988029651e-01 8.491709290196211568e-02 2.808123664985447826e-02
9.970152253823273414e-01 7.174747356438004875e-02 2.851241227173585344e-02
9.978772458614896257e-01 5.839149982143540529e-02 2.883491858617817996e-02
9.985690016661179502e-01 4.490192336928242739e-02 2.904796039433782742e-02
9.990838441171164819e-01 3.133203838146780135e-02 2.915122169751034956e-02
9.994178560762102537e-01 1.773537036333756173e-02 2.914487151851251692e-02
9.995698834965754953e-01 4.165358251306507803e-03 2.902956498659198248e-02
9.995415207579841921e-01 -9.324964687255427737e-03 2.880643959188487063e-02
9.993370504010989919e-01 -2.268328556424893672e-02 2.847710664669785008e-02
9.989633388888433663e-01 -3.585831676244016775e-02 2.804363811988788008e-02
9.984296909807998111e-01 -4.880008592536103085e-02 2.750854913210658281e-02
9.977476661749058451e-01 -6.146020647576946883e-02 2.687477650885612690e-02
9.969308614198699736e-01 -7.379212474888392770e-02 2.614565388104695201e-02
9.959946649088032844e-01 -8.575134059431344102e-02 2.532488389582692942e-02
9.949559862142263178e-01 -9.729559914517602048e-02 2.441650815167276806e-02
9.938329683095902256e-01 -1.083850523375282926e-01 2.342487550000655824e-02
9.927471335620272619e-01 -1.183283605698904062e-01 2.124946755538250839e-02
9.916897295894205877e-01 -1.272394332220449231e-01 1.901624833109152521e-02
9.906911715210224845e-01 -1.350962131367789698e-01 1.673396893222946560e-02
9.897788413318884260e-01 -1.418808174484916806e-01 1.441138137972756451e-02
9.889767252527335017e-01 -1.475793649855539624e-01 1.205720956011892796e-02
9.883051153079336348e-01 -1.521818060779303872e-01 9.680125876978581262e-03
9.877803757816773222e-01 -1.556817624893808705e-01 7.288733008844012692e-03
9.874147745756564065e-01 -1.580763839003274385e-01 4.891550022115312771e-03
9.872163787787577860e-01 -1.593662259374476198e-01 2.497001968767324168e-03
9.871890132934141304e-01 -1.595551532321327903e-01 1.134120180843515256e-04
9.873322810191803578e-01 -1.586502694401282221e-01 -2.251004871485754680e-03
9.876416428407661652e-01 -1.566618746120465588e-01 -4.588147741073977243e-03
9.881085554618731503e-01 -1.536034488077519522e-01 -6.890035853625924370e-03
9.887206649251863988e-01 -1.494916594320870318e-01 -9.148816262076092318e-03
9.894620534236789888e-01 -1.443463884677646247e-01 -1.135677354509330959e-02
9.903135367059611172e-01 -1.381907746244837032e-01 -1.350634241342016720e-02
9.912530089838783587e-01 -1.310512644413137640e-01 -1.559012374635163761e-02
9.922558317490537405e-01 -1.229576656009175040e-01 -1.760090445296328548e-02
9.932952622929775988e-01 -1.139431951665377390e-01 -1.953168137032837773e-02
9.943429170110806847e-01 -1.040445151606405466e-01 -2.137568921590238952e-02
9.953692637757489692e-01 -9.330174788842897360e-02 -2.312643240905029943e-02
9.963441368189359659e-01 -8.175846368490324867e-02 -2.477772037370244707e-02
9.972372667147921810e-01 -6.946163433739485638e-02 -2.632370573743189265e-02
9.980188172477000297e-01 -5.646154630289291348e-02 -2.775892465947803200e-02
9.986599202477416393e-01 -4.281166898516269165e-02 -2.907833835928087807e-02
9.991331989320939577e-01 -2.856847473123654002e-02 -3.027737478568937393e-02
9.994132699628659466e-01 -1.379120880688080274e-02 -3.135196927232235253e-02
9.994772143683807730e-01 1.458390640883270445e-03 -3.229860297264862401e-02
9.993050077137061171e-01 1.711642079803683478e-02 -3.311433786366505677e-02
9.988799004703124984e-01 3.311718690850974645e-02 -3.379684715198440215e-02
9.981887404292730803e-01 4.939361409474048864e-02 -3.434444001068962665e-02
9.972222302130470117e-01 6.587769127367518185e-02 -3.475607971685887310e-02
9.959751144334784145e-01 8.250093882469831941e-02 -3.503139444299117888e-02
9.944462927655711715e-01 9.919489063196830492e-02 -3.517068017302039939e-02
9.926388570896396146e-01 1.158915804513623443e-01 -3.517489545551279878e-02
9.905600528189743015e-01 1.325240222752291086e-01 -3.504564796185466458e-02
9.882211664904287929e-01 1.490266744985168090e-01 -3.478517307383072188e-02
9.856373435651853976e-01 1.653358782174436381e-01 -3.439630497104725210e-02
9.828273420856841192e-01 1.813902608851430398e-01 -3.388244091300387367e-02
9.798132292923259490e-01 1.971310977571279488e-01 -3.324749960356577355e-02
9.766200294652055414e-01 2.125026250173387976e-01 -3.249587467946992575e-02
9.732753320849940604e-01 2.274523001070311856e-01 -3.163238447408130843e-02
9.698088698860114487e-01 2.419310065029330881e-01 -3.066221927029284811e-02
9.662520765058560945e-01 2.558932019274836045e-01 -2.959088727224448018e-02
9.626376332401047620e-01 2.692970106474326664e-01 -2.842416049684503773e-02
9.589990139233063315e-01 2.821042620619774732e-01 -2.716802171739159805e-02
9.553700362262952384e-01 2.942804791447740098e-01 -2.582861348895322540e-02
9.517844267400458191e-01 3.057948214467451908e-01 -2.441219015572838533e-02
9.482754061668262624e-01 3.166199882646591468e-01 -2.292507359191503849e-02
9.448752998190279584e-01 3.267320882244101332e-01 -2.137361326736745767e-02
9.416151774899413907e-01 3.361104819211858108e-01 -1.976415106463748350e-02
9.385245256579191064e-01 3.447376044154749630e-01 -1.810299111131591712e-02
9.356309539567554401e-01 3.525987743267480767e-01 -1.639637473629595305e-02
9.329599369225443084e-01 3.596819960239129310e-01 -1.465046051492632437e-02
9.305345912331023372e-01 3.659777610147582072e-01 -1.287130923908725438e-02
9.283754880034180701e-01 3.714788541178402625e-01 -1.106487353596605043e-02
9.265004991941995227e-01 3.761801693908737865e-01 -9.236991764686149423e-03
9.249246768277449293e-01 3.800785401183403023e-01 -7.393385743062719576e-03
9.236601634772110270e-01 3.831725864528731651e-01 -5.539661797066761963e-03
9.227161323882404620e-01 3.854625835810440160e-01 -3.681314582052302824e-03
9.223368255189376974e-01 3.863860281146529463e-01 -7.963903797824477965e-04
9.224665913487689606e-01 3.860713907318761295e-01 2.070324499242561910e-03
9.231003779344718607e-01 3.845277471236376310e-01 4.911389273113740336e-03
9.242270448536634708e-01 3.817653709424959629e-01 7.719438952120630942e-03
9.258295481017118078e-01 3.777958274801979655e-01 1.048714589398560409e-02
9.278851665370865254e-01 3.726321359734477978e-01 1.320718557422070547e-02
9.303657711231587690e-01 3.662889938814132829e-01 1.587220802877899531e-02
9.332381390360415807e-01 3.587830550211539293e-01 1.847481629971714501e-02
9.364643152173474094e-01 3.501332520386576941e-01 2.100755306759048355e-02
9.400020240991433518e-01 3.403611523451182674e-01 2.346289648270137931e-02
9.438051339788686711e-01 3.294913353882483187e-01 2.583326600708448981e-02
9.478241758516199322e-01 3.175517780009214919e-01 2.811103884694473101e-02
9.520069174102960829e-01 3.045742336334133493e-01 3.028857728933832122e-02
9.562989914154028659e-01 2.905945906022453507e-01 3.235826695754477622e-02
9.606445757541464125e-01 2.756531941569407840e-01 3.431256566994513035e-02
9.649871203168254308e-01 2.597951172560805655e-01 3.614406223367865045e-02
9.692701134081272984e-01 2.430703655299316646e-01 3.784554413677215096e-02
9.734378778979266844e-01 2.255340030480485758e-01 3.941007273414243867e-02
9.774363848388326614e-01 2.072461872427220353e-01 4.083106417022939333e-02
9.812140699902186514e-01 1.882721036676353599e-01 4.210237396266147680e-02
9.847226367521378920e-01 1.686817941622257011e-01 4.321838290705046215e-02
9.879178275848531365e-01 1.485498753706472053e-01 4.417408177219185605e-02
9.907601452117689167e-01 1.279551483118992472e-01 4.496515215504935659e-02
9.932155048870960901e-01 1.069801036575002418e-01 4.558804086964208385e-02
9.952557998250565197e-01 8.571033135659865410e-02 4.604002536172387833e-02
9.968593635544520382e-01 6.423384704756802954e-02 4.631926787372718513e-02
9.980113154439411716e-01 4.264035109722078692e-02 4.642485642622647818e-02
9.987037788447320485e-01 2.102043891314918367e-02 4.635683111999853306e-02
9.989359650706901572e-01 -5.352167903599908128e-04 4.611619477647610488e-02
9.987141205895111451e-01 -2.193668995457278767e-02 4.570490749813463371e-02
9.980513391114793631e-01 -4.309560937978833273e-02 4.512586531437079440e-02
9.969672445009184480e-01 -6.392592999327401104e-02 4.438286365136743378e-02
9.954875543723648024e-01 -8.434464774014530097e-02 4.348054689576403425e-02
9.936435376653438567e-01 -1.042724412038546350e-01 4.242434578432173475e-02
9.914713822542329247e-01 -1.236342262634157751e-01 4.122040472304386999e-02
9.890114906292704067e-01 -1.423596137523280014e-01 3.987550140391860065e-02
9.863077228240448857e-01 -1.603832639866509813e-01 3.839696123759798324e-02
9.834066060636715845e-01 -1.776451359632520155e-01 3.679256915549483642e-02
9.803565301190751979e-01 -1.940906327952125476e-01 3.507048126153026329e-02
9.772069461733582374e-01 -2.096706483788877140e-01 3.323913864452916062e-02
9.740075852660380340e-01 -2.243415232423676686e-01 3.130718541382141590e-02
9.708077102298513505e-01 -2.380649199163599461e-01 2.928339271240866168e-02
9.676554126298513303e-01 -2.508076299469892412e-01 2.717659011451667092e-02
9.645969637080080705e-01 -2.625413258270246075e-01 2.499560544732993411e-02
9.616762258666018415e-01 -2.732422716834750354e-01 2.274921370825076436e-02
9.589341289071461327e-01 -2.828910065783273864e-01 2.044609539449162433e-02
9.564082131695850197e-01 -2.914720138272680616e-01 1.809480423332016086e-02
9.541322399528927578e-01 -2.989733889009728030e-01 1.570374400755372366e-02
9.521358681799361179e-01 -3.053865173305841396e-01 1.328115391738914769e-02
9.504443952088426073e-01 -3.107057726759169247e-01 1.083510170887772364e-02
9.490785589811152612e-01 -3.149282431066763310e-01 8.373483631424403356e-03
9.480543983069266156e-01 -3.180534935577826738e-01 5.904030159889489017e-03
9.473831679807157569e-01 -3.200833688018405176e-01 3.434316328263011149e-03
9.470713055463912955e-01 -3.210218411746074696e-01 9.717754678729884250e-04
9.471204468362965923e-01 -3.208749051213828918e-01 -1.476284880080683259e-03
9.475274878340947948e-01 -3.196505192223012548e-01 -3.902666103739030334e-03
9.482846909010950176e-01 -3.173585949140171336e-01 -6.300261909203999124e-03
9.493798339023218347e-01 -3.140110297608785239e-01 -8.662043105899276674e-03
9.507964012203373727e-01 -3.096217818449166215e-01 -1.098104486540346300e-02
9.525138160038791879e-01 -3.042069806456271785e-01 -1.325035744057858136e-02
9.546781806038273643e-01 -2.971808463071851647e-01 -1.652714916972683815e-02
9.572187338872697460e-01 -2.886919579700917282e-01 -1.973022039990064702e-02
9.600875759034841472e-01 -2.787647196854176057e-01 -2.284978508636649475e-02
9.632305608835383115e-01 -2.674272943078346287e-01 -2.587598091648062384e-02
9.665880151184252922e-01 -2.547121389997757390e-01 -2.879888064034605982e-02
9.700955463133051904e-01 -2.406565510891368886e-01 -3.160852008466480401e-02
9.736849445360594713e-01 -2.253031995215994399e-01 -3.429494333893016306e-02
9.772851719766819656e-01 -2.087006160036412317e-01 -3.684826502359404843e-02
9.808234351293275699e-01 -1.909036195347251774e-01 -3.925874891399949718e-02
9.842263288541245325e-01 -1.719736485404416704e-01 -4.151690151811211066e-02
9.874210372847599393e-01 -1.519789763848497510e-01 -4.361357851465746949e-02
9.903365719894143826e-01 -1.309947887602934402e-01 -4.554010128278782737e-02
9.929050234795291363e-01 -1.091031053644371251e-01 -4.728838013244959088e-02
9.950627984307209850e-01 -8.639253333479343655e-02 -4.885104031739551100e-02
9.967518121704299627e-01 -6.295784598582424008e-02 -5.022154652182111989e-02
9.979206044054188540e-01 -3.889938725163401972e-02 -5.139432129489264478e-02
9.985253460558393135e-01 -1.432230955706105188e-02 -5.236485289525254910e-02
9.985307065874630128e-01 1.066433977256772345e-02 -5.312978821857694545e-02
9.979105544318602750e-01 3.594866143695698429e-02 -5.368700691924691015e-02
9.966484678695007871e-01 6.141704810000349346e-02 -5.403567348930867625e-02
9.947380399068472823e-01 8.695539606285257461e-02 -5.417626489431245224e-02
9.921829678718434575e-01 1.124503480160560370e-01 -5.411057234115725090e-02
9.889969262571853825e-01 1.377905286629730053e-01 -5.384167681055472554e-02
9.852032292763710508e-01 1.628677353827422125e-01 -5.337389906178936078e-02
9.808342971703800650e-01 1.875780483706933066e-01 -5.271272584421725360e-02
9.759309470518252594e-01 2.118228286815214967e-01 -5.186471496690788635e-02
9.705415346102578278e-01 2.355095780092035795e-01 -5.083738263321523759e-02
9.647209770432499942e-01 2.585526404798000333e-01 -4.963907700300233816e-02
9.585296899632401724e-01 2.808737337685957569e-01 -4.827884228034622777e-02
9.520324717298778161e-01 3.024023040296204834e-01 -4.676627773463313403e-02
9.452973677636242744e-01 3.230757060192410712e-01 -4.511139595998659574e-02
9.383945451033298690e-01 3.428392160423456292e-01 -4.332448438753787323e-02
9.313952040489460460e-01 3.616458906694076658e-01 -4.141597362275602906e-02
9.243705494959217894e-01 3.794562883812581111e-01 -3.939631562743332871e-02
9.173908398497708783e-01 3.962380743093541491e-01 -3.727587414631707702e-02
9.105245265239177987e-01 4.119655300566278933e-01 -3.506482913329991152e-02
9.038374922520751031e-01 4.266189912873153967e-01 -3.277309629829101845e-02
8.973923920186563929e-01 4.401842355002432150e-01 -3.041026230342668349e-02
8.912480964995661559e-01 4.526518413224209780e-01 -2.798553560840881874e-02
8.854592346241237921e-01 4.640165389692621489e-01 -2.550771251380572202e-02
8.803781910809433953e-01 4.737615784063821667e-01 -2.200578513004589759e-02
8.759687691907835916e-01 4.820136457988175027e-01 -1.848261616530745902e-02
8.722751529189499697e-01 4.887869660761354762e-01 -1.494675361356133381e-02
8.693325401871599967e-01 4.940960231026226279e-01 -1.140615794836293863e-02
8.671672224773216975e-01 4.979549621465286791e-01 -7.868287321341968510e-03
8.657967047218251277e-01 5.003771329393198464e-01 -4.340190354345517185e-03
8.652298519247049180e-01 5.013747736050429005e-01 -8.286036992132357268e-04
8.654670526065189051e-01 5.009588337422344884e-01 2.659948256101696794e-03
8.665003928632210028e-01 4.991389334008671241e-01 6.119053973064831134e-03
8.683138384584723202e-01 4.959234534670577399e-01 9.542317925631874781e-03
8.708834258334985368e-01 4.913197519001099023e-01 1.292326850950813524e-02
8.741774661355119491e-01 4.853344992192261675e-01 1.625527278207013898e-02
8.781567692570528827e-01 4.779741254856192390e-01 1.953146005955118392e-02
8.827748973655660247e-01 4.692453696666100682e-01 2.274465635542769620e-02
8.879784594008708343e-01 4.591559206268637783e-01 2.588733160173416203e-02
8.937074594361628099e-01 4.477151370278576459e-01 2.895156153565943066e-02
8.998957125374975607e-01 4.349348311298520953e-01 3.192900603770461310e-02
9.064713417167007403e-01 4.208300989261291036e-01 3.481090555466164610e-02
9.133573686579041784e-01 4.054201762911236462e-01 3.758809701120008340e-02
9.204724090291793726e-01 3.887292980367660356e-01 4.025105029092649472e-02
9.277314803185111591e-01 3.707875341378336631e-01 4.278992593890380836e-02
9.350469262531663217e-01 3.516315751423741975e-01 4.519465419691149483e-02
9.423294570293806460e-01 3.313054371924388231e-01 4.745503483302940945e-02
9.494892989252120552e-01 3.098610564207927021e-01 4.956085648176483671e-02
9.564374406064721779e-01 2.873587430268155218e-01 5.150203339490306426e-02
9.630869568622424381e-01 2.638674672954993139e-01 5.326875665342587635e-02
9.693543839992149191e-01 2.394649533627119242e-01 5.485165605498019958e-02
9.751611151200156868e-01 2.142375617026157364e-01 5.624196812571762016e-02
9.804347784783123965e-01 1.882799480486992971e-01 5.743170507064403879e-02
9.851105585042246870e-01 1.616944945465780825e-01 5.841381903305480072e-02
9.891324173361882854e-01 1.345905180194926221e-01 5.918235583461060184e-02
9.924541750892219572e-01 1.070832698218863316e-01 5.973259245355478503e-02
9.950404098014439258e-01 7.929275127993890004e-02 6.006115289118809514e-02
9.968671430233677633e-01 5.134237753609842414e-02 6.016609777471754184e-02
9.979222841510375641e-01 2.335753009909932038e-02 6.004698402163587828e-02
9.982058154729892552e-01 -4.535956008498008563e-03 5.970489209610902598e-02
9.977297099630926258e-01 -3.221332134964056265e-02 5.914241974979882882e-02
9.965175844556859452e-01 -5.955237758545357807e-02 5.836364257168891873e-02
9.946041012841055906e-01 -8.643492153066488493e-02 5.737404308058889624e-02
9.920341410628011891e-01 -1.127480243305233193e-01 5.618041138894655506e-02
9.888617774418586581e-01 -1.383851589266420490e-01 5.479072156699128088e-02
9.851490908917059919e-01 -1.632471372060144699e-01 5.321398867959314938e-02
9.809648625889456630e-01 -1.872428374905624193e-01 5.146011201497047854e-02
9.763831911651768003e-01 -2.102897126829725016e-01 4.953971026000549005e-02
9.714820745275943858e-01 -2.323140788190196093e-01 4.746395431133058895e-02
9.663419964021411346e-01 -2.532511924426524841e-01 4.524440307565145980e-02
9.610445530490075994e-01 -2.730451326877805229e-01 4.289284705429190908e-02
9.556711501954169297e-01 -2.916485099273032899e-01 4.042116378310896263e-02
9.503017940910034600e-01 -3.090220271862611501e-01 3.784118837102890681e-02
9.450139941728292747e-01 -3.251339231973205401e-01 3.516460150795765877e-02
9.398817885387165116e-01 -3.399593271023226282e-01 3.240283644876907482e-02
9.349748976059159000e-01 -3.534795545586658094e-01 2.956700566792902496e-02
9.303580062292852171e-01 -3.656813736347532817e-01 2.666784715124689148e-02
9.260901703336174018e-01 -3.765562666413374560e-01 2.371568966782115415e-02
9.222243408607530002e-01 -3.860997112119590735e-01 2.072043585618493777e-02
9.188069955546172007e-01 -3.943105007618679103e-01 1.769156156440008024e-02
9.158778677603797158e-01 -4.011901211320840765e-01 1.463812959756410903e-02
9.134697609099231563e-01 -4.067421969318833486e-01 1.156881583595457778e-02
9.116084375900153081e-01 -4.109720179513886573e-01 8.491945577913662113e-03
9.103125729127812260e-01 -4.138861531041224673e-01 5.415537917517131497e-03
9.098464737495829402e-01 -4.149429743092694078e-01 1.333824715772264323e-03
9.101490757089839567e-01 -4.142720274315772055e-01 -2.721219586596480139e-03
9.112110295569957330e-01 -4.118847935947496097e-01 -6.740581965148534707e-03
9.130118484416730462e-01 -4.077923593403372515e-01 -1.071526308282235232e-02
9.155202052310460470e-01 -4.020057199604431530e-01 -1.463616724741707148e-02
9.186942806307627496e-01 -3.945362533423421025e-01 -1.849400304985668320e-02
9.224821721482391323e-01 -3.853963498143772592e-01 -2.227919817232072719e-02
9.268223773658135212e-01 -3.746001801980108903e-01 -2.598183168655602421e-02
9.316443673657768265e-01 -3.621645806640118037e-01 -2.959158695654320534e-02
9.368692673244828351e-01 -3.481100290593698854e-01 -3.309772798628338869e-02
9.424106610825935260e-01 -3.324616831983920884e-01 -3.648910168148887523e-02
9.481755347523241895e-01 -3.152504473701855936e-01 -3.975416799396882389e-02
9.540653710362144713e-01 -2.965140292697544533e-01 -4.288105926566807002e-02
9.599774008738828357e-01 -2.762979460579897406e-01 -4.585766927147601202e-02
9.658060123712298717e-01 -2.546564357075341012e-01 -4.867177147560896450e-02
9.714443088925711622e-01 -2.316532286414408337e-01 -5.131116488240650142e-02
9.767857990442785354e-01 -2.073621353570485049e-01 -5.376384461541772880e-02
9.817261915309227760e-01 -1.818674086279681301e-01 -5.601819305601361126e-02
9.861652581413804519e-01 -1.552638442579506728e-01 -5.806318609101503159e-02
9.900087191493984751e-01 -1.276565923179695805e-01 -5.988860784964700895e-02
9.931700979722311029e-01 -9.916066121305489034e-02 -6.148526635334311541e-02
9.955724867884467866e-01 -6.990010943529968712e-02 -6.284520185608949427e-02
9.971501626402911045e-01 -4.000693385429238136e-02 -6.396187940435336949e-02
9.978499948226421390e-01 -9.619678047713294683e-03 -6.483035735672880440e-02
9.976325893169943893e-01 2.111820150332257423e-02 -6.544742430302225022e-02
9.964731245814603122e-01 5.206016059281962094e-02 -6.581169799850725144e-02
9.943618447425269791e-01 8.305852254617529518e-02 -6.592368152591746022e-02
9.913041904274403349e-01 1.139664949909139913e-01 -6.578577381899368415e-02
9.873205631548945815e-01 1.446401761927055274e-01 -6.540223379781413826e-02
9.824457352395693510e-01 1.749404797894124897e-01 -6.477909952821063466e-02
9.767279323990952777e-01 2.047349116299642668e-01 -6.392406587096262360e-02
9.702276296010211576e-01 2.338991409619283202e-01 -6.284632588811209231e-02
9.630161112674785473e-01 2.623183196813073659e-01 -6.155638270641902721e-02
9.551738541586183295e-01 2.898881168153239485e-01 -6.006583952117921371e-02
9.467887947966412421e-01 3.165154498018832308e-01 -5.838717591954382946e-02
9.379545432105015346e-01 3.421189084117910451e-01 -5.653351871651205590e-02
9.287686014092411124e-01 3.666288803927543194e-01 -5.451841507299258482e-02
9.193306388900213122e-01 3.899873993447350862e-01 -5.235561487807752212e-02
9.097408693632975663e-01 4.121477444454100247e-01 -5.005886832076328341e-02
9.000985635019297382e-01 4.330738281631097975e-01 -4.764174335171695446e-02
8.905007226456757019e-01 4.527394119898200953e-01 -4.511746644287090158e-02
8.810409286886999869e-01 4.711271916661221582e-01 -4.249878878033409857e-02
8.718083763918200724e-01 4.882277926712844662e-01 -3.979787884638029405e-02
8.628870864921399653e-01 5.040387143281833682e-01 -3.702624131148619935e-02
8.543552914785175201e-01 5.185632571794089873e-01 -3.419466129978758484e-02
8.462849808709247412e-01 5.318094637792297741e-01 -3.131317242455063099e-02
8.387415892771407089e-01 5.437890981288782122e-01 -2.839104651230918777e-02
8.317838083038608943e-01 5.545166840109080342e-01 -2.543680263116260970e-02
8.254635024129634013e-01 5.640086177292202851e-01 -2.245823288811402835e-02
8.198257088450107144e-01 5.722823664350831230e-01 -1.946244243533025789e-02
8.149087025772300263e-01 5.793557594437999114e-01 -1.645590119723042491e-02
8.107441087442585070e-01 5.852463767856157517e-01 -1.344450497144345121e-02
8.073570468469228878e-01 5.899710366994885824e-01 -1.043364374132791511e-02
8.047662932525561086e-01 5.935453818404351489e-01 -7.428275243693984072e-03
8.029844508234449396e-01 5.959835625720795171e-01 -4.433002044247669020e-03
8.020181168997678745e-01 5.972980147783707450e-01 -1.452150570717177219e-03
8.018680432373667122e-01 5.974993290638731525e-01 1.510149270927766893e-03
8.025292838082589419e-01 5.965962079277157271e-01 4.449885125325334090e-03
8.039913285793467423e-01 5.945955073996137541e-01 7.363084976306227478e-03
8.062382234707102802e-01 5.915023596283377483e-01 1.024574273049025375e-02
8.095485267746177493e-01 5.868861493704597976e-01 1.399719349467569603e-02
8.138280037868856898e-01 5.808361003670268197e-01 1.770585007484911863e-02
8.190335715238126202e-01 5.733476849364875783e-01 2.136667537572727385e-02
8.251138446296013562e-01 5.644143279471147689e-01 2.497409544553408703e-02
8.320092004386591134e-01 5.540282384053653031e-01 2.852190298896572704e-02
8.396518722407196877e-01 5.421813623981430741e-01 3.200317618362441552e-02
8.479660951071520403e-01 5.288664481941316442e-01 3.541021531147356405e-02
8.568683304407759271e-01 5.140782110538700822e-01 3.873449988210102973e-02
8.662675963074523144e-01 4.978145811500431783e-01 4.196666900974646564e-02
8.760659303622987393e-01 4.800780130575977300e-01 4.509652777052135242e-02
8.861590105524326244e-01 4.608768297270879888e-01 4.811308206959939021e-02
8.964369555324552818e-01 4.402265679937619192e-01 5.100460415343341380e-02
9.067853216870349620e-01 4.181512868928028981e-01 5.375873027998460257e-02
9.170863067215470066e-01 3.946847948383096494e-01 5.636259119380868793e-02
9.272201609876709050e-01 3.698717476471997667e-01 5.880297494362265315e-02
9.370667972504801435e-01 3.437685670569741170e-01 6.106652025114521487e-02
9.465075778625419156e-01 3.164441293940585265e-01 6.313993714104973454e-02
9.554272458769145215e-01 2.879801769148373491e-01 6.501024994963405801e-02
9.637159542829252246e-01 2.584714104288476921e-01 6.666505624676237474e-02
9.712713362139815398e-01 2.280252312592680464e-01 6.809279375437078674e-02
9.780005496622732331e-01 1.967611132452431189e-01 6.928300615866678225e-02
9.838222239302446548e-01 1.648096008596667272e-01 7.022659792323138195e-02
9.886682326106008833e-01 1.323109467886367518e-01 7.091606793032730061e-02
9.924852199239045936e-01 9.941342038775412282e-02 7.134571208867493408e-02
9.952358140128126918e-01 6.627133598405596238e-02 7.151178598208265957e-02
9.968994721312663954e-01 3.304286563973526242e-02 7.141262017314597976e-02
9.974729179703033521e-01 -1.122865852075730086e-04 7.104868283971126075e-02
9.969701496183447365e-01 -3.303526373486003614e-02 7.042258687502545023e-02
9.954220165374573215e-01 -6.557040024525281896e-02 6.953904124987253521e-02
9.928753839461117447e-01 -9.756744553751260651e-02 6.840474911747000675e-02
9.893919216182796017e-01 -1.288835884667213771e-01 6.702825763863567987e-02
9.850465699759423099e-01 -1.593852160714584465e-01 6.541976663509878331e-02
9.799257484004990637e-01 -1.889493553799310444e-01 6.359090480132165157e-02
9.741253782470510325e-01 -2.174647644607795305e-01 6.155448323070573935e-02
9.677487958834197768e-01 -2.448326570694937254e-01 5.932423640977489698e-02
9.609046293901722935e-01 -2.709670628008526427e-01 5.691456062968121982e-02
9.537047069110664577e-01 -2.957948404666101427e-01 5.434025903227002879e-02
9.462620558639971424e-01 -3.192553756082221472e-01 5.161630135728276919e-02
9.386890412899779879e-01 -3.413000030870143586e-01 4.875760501716713824e-02
9.310956795459727209e-01 -3.618912023605774242e-01 4.577884252992042713e-02
9.235881512849407615e-01 -3.810016164437448061e-01 4.269427871301868793e-02
9.162675260210298989e-01 -3.986129459920971785e-01 3.951763948849120606e-02
9.092287001708968530e-01 -4.147147679259211017e-01 3.626201275134054158e-02
9.025595417120290120e-01 -4.293033241110315590e-01 3.293978056434063162e-02
8.963402277283541997e-01 -4.423803204272737100e-01 2.956258098912004778e-02
8.906427561743993637e-01 -4.539517706476713932e-01 2.614129715083659752e-02
8.855306100985717022e-01 -4.640269134085709957e-01 2.268607064802951115e-02
8.810585511445028217e-01 -4.726172245643682768e-01 1.920633613389723798e-02
8.772725191591204119e-01 -4.797355416749332635e-01 1.571087377605187227e-02
8.742096159136806266e-01 -4.853953124526621532e-01 1.220787631124951693e-02
8.718981530255871526e-01 -4.896099747901863641e-01 8.705027512546360119e-03
8.703577469081851259e-01 -4.923924725130111590e-01 5.209589044647416553e-03
8.695994467547332185e-01 -4.937549082071006623e-01 1.728492869532066451e-03
8.696258849958165005e-01 -4.937083322690462017e-01 -1.731563444838533829e-03
8.704314432029193194e-01 -4.922626655964593700e-01 -5.164020982213916172e-03
8.720024299190276551e-01 -4.894267519434767344e-01 -8.562365618153865501e-03
8.743172702760568793e-01 -4.852085347710901608e-01 -1.192003823463175759e-02
8.773467104193664046e-01 -4.796153522896001720e-01 -1.523035110674707780e-02
8.810540426200156316e-01 -4.726543431987594857e-01 -1.848641248899450182e-02
8.853953594356168688e-01 -4.643329542777852037e-01 -2.168106137327675473e-02
8.905596802760911146e-01 -4.541342115282029912e-01 -2.580077029398227320e-02
8.964346120452364453e-01 -4.421704389039643468e-01 -2.983953985797922759e-02
9.029353430271412906e-01 -4.284463804192319425e-01 -3.378723805102104571e-02
9.099669407794236387e-01 -4.129697835487453617e-01 -3.763296535390278641e-02
9.174250506115051440e-01 -3.957528641637200195e-01 -4.136503722444411640e-02
9.251967708075531371e-01 -3.768138367475240003e-01 -4.497100243694270028e-02
9.331617317865298356e-01 -3.561784653616836271e-01 -4.843770004307472454e-02
9.411934005144356741e-01 -3.338815838949440451e-01 -5.175135687316945177e-02
9.491606229923080784e-01 -3.099685278972836300e-01 -5.489772634716794109e-02
9.569294066002692611e-01 -2.844964155324910537e-01 -5.786226790813365356e-02
9.643649307700836726e-01 -2.575352126942348496e-01 -6.063036465731379276e-02
9.713337594376221240e-01 -2.291685179234293213e-01 -6.318757482454666341e-02
9.777062128225875171e-01 -1.994940071290300654e-01 -6.551991065580863027e-02
9.833588403849806703e-01 -1.686234867194778830e-01 -6.761413628100082507e-02
9.881769226019982977e-01 -1.366825167398889318e-01 -6.945807430692693685e-02
9.920569178723255277e-01 -1.038095827084624667e-01 -7.104090944296974353e-02
9.949087637120817007e-01 -7.015481531933154269e-02 -7.235347658418984917e-02
9.966579395655242868e-01 -3.587827983725897646e-02 -7.338852059411590800e-02
9.972472027390499871e-01 -1.147880277978789720e-03 -7.414091564276130419e-02
9.966379193843744044e-01 3.386305447264800067e-02 -7.460783339120131974e-02
9.948109287092803399e-01 6.897841647028213341e-02 -7.478885151962053057e-02
9.917668996765174327e-01 1.040220961364949348e-01 -7.468599693781373394e-02
9.875261638272243570e-01 1.388207829062375054e-01 -7.430372129220194632e-02
9.821280336248815468e-01 1.732066795238721424e-01 -7.364880983856646190e-02
9.756296407905398205e-01 2.070200262251911671e-01 -7.273022811094508044e-02
9.681043515018987744e-01 2.401113432855776220e-01 -7.155891382124544842e-02
9.596398333773266121e-01 2.723433179223975209e-01 -7.014752384867412038e-02
9.503358616672188397e-01 3.035922827023774806e-01 -6.851014786511039345e-02
9.403019584271476994e-01 3.337492555723238219e-01 -6.666200101257366284e-02
9.296549586606346338e-01 3.627205345368916811e-01 -6.461910810363274971e-02
9.185165920577820220e-01 3.904278611692992285e-01 -6.239799112996978481e-02
9.070111590139480207e-01 4.168081852228660011e-01 -6.001537057039345313e-02
8.952633663560699562e-01 4.418130767146809523e-01 -5.748788925538304839e-02
8.833963730018814520e-01 4.654078415458789419e-01 -5.483186555228820175e-02
8.715300799476025650e-01 4.875704020092583302e-01 -5.206308055843007071e-02
8.597796836711542046e-01 5.082900047765751550e-01 -4.919660198074331942e-02
8.482544981516207949e-01 5.275658167742889315e-01 -4.624664555956765899e-02
8.370570388611393575e-01 5.454054645156535264e-01 -4.322647334261970481e-02
8.262823526243874284e-01 5.618235657742688405e-01 -4.014832687796326266e-02
8.160175702591102587e-01 5.768402947401428671e-01 -3.702339248409690364e-02
8.063416543075845322e-01 5.904800136808545652e-01 -3.386179515697442660e-02
7.973253117019334368e-01 6.027699961959380737e-01 -3.067261735491920785e-02
7.890310405487829248e-01 6.137392598185422710e-01 -2.746393881850358459e-02
7.815132810068659008e-01 6.234175192626000284e-01 -2.424289368390282820e-02
7.748186421022009718e-01 6.318342661902750512e-01 -2.101574138528373298e-02
7.689861789455914032e-01 6.390179770351336330e-01 -1.778794816827890604e-02
7.640476978985425438e-01 6.449954471345090701e-01 -1.456427641216508778e-02
7.600280705425968009e-01 6.497912471174907001e-01 -1.134887934955446098e-02
7.569455406654593821e-01 6.534272960451671386e-01 -8.145399152898078962e-03
7.548120117592030942e-01 6.559225450706708260e-01 -4.957066707295693792e-03
7.536333056510303718e-01 6.572927652353870442e-01 -1.786801695375247589e-03
7.534093858128326771e-01 6.575504333038811877e-01 1.362688126254956063e-03
7.541345416083458097e-01 6.567047101308320922e-01 4.488809382791045244e-03
7.557975322427837872e-01 6.547615068260823623e-01 7.588988054735099770e-03
7.583816914988084079e-01 6.517236348276304048e-01 1.066057767341701754e-02
7.618649964995095614e-01 6.475910368066687406e-01 1.370077141563481003e-02
7.662201057580607655e-01 6.423610960232262190e-01 1.670651879645698723e-02
7.714143736731732259e-01 6.360290222441832286e-01 1.967444772404378095e-02
7.774098504170493529e-01 6.285883125543350047e-01 2.260079278030502001e-02
7.841632778313643026e-01 6.200312852713132372e-01 2.548133071709150765e-02
7.919137078777552796e-01 6.099347330384983223e-01 2.919660161285107108e-02
8.005504655163050431e-01 5.983640090777133658e-01 3.285737978877511373e-02
8.099976499283952913e-01 5.852989272611729410e-01 3.645706256878887552e-02
8.201706836050370875e-01 5.707198570207374644e-01 3.998801399375891130e-02
8.309763690060060215e-01 5.546091039462783812e-01 4.344151302216685967e-02
8.423130715565330107e-01 5.369523981168523585e-01 4.680772726574853465e-02
8.540710648183154063e-01 5.177404692025344701e-01 5.007571601491863506e-02
8.661330724702611672e-01 4.969706797079770921e-01 5.323346622432873626e-02
8.783750385128076266e-01 4.746486793738169951e-01 5.626796478090148601e-02
8.906671515260112804e-01 4.507900352010238421e-01 5.916530971640633629e-02
9.028751406239596822e-01 4.254217834634314022e-01 6.191086201959969393e-02
9.148618498773061214e-01 3.985838432092354555e-01 6.448943833704524897e-02
9.264890845685299636e-01 3.703302260015201575e-01 6.688554314540676171e-02
9.376197071263551175e-01 3.407299749133089195e-01 6.908363698716034340e-02
9.481199436924390156e-01 3.098677679048238431e-01 7.106843518369511392e-02
9.578618450487150771e-01 2.778441273133581690e-01 7.282522921313121234e-02
9.667258293829177340e-01 2.447751886149922562e-01 7.434022083820074345e-02
9.746032205639888479e-01 2.107919977900455100e-01 7.560085728763030199e-02
9.813986857331160607e-01 1.760393269639947411e-01 7.659615453125591389e-02
9.870324714322440407e-01 1.406740214090179686e-01 7.731699512298929877e-02
9.914423391909502614e-01 1.048629159149779139e-01 7.775638734988619960e-02
9.945851099628381098e-01 6.878038306196246343e-02 7.790967358508810170e-02
9.964377418970185030e-01 3.260559798182334490e-02 7.777467777819298267e-02
9.969978868202221678e-01 -3.480378205529842395e-03 7.735178481911839099e-02
9.962838960271763744e-01 -3.929758261733500707e-02 7.664394788699226135e-02
9.943342735733339266e-01 -7.467008459226529005e-02 7.565662358469250892e-02
9.912066029999231365e-01 -1.094287549544296356e-01 7.439763836620111315e-02
9.869759990458034649e-01 -1.434137668298784418e-01 7.287699318964122042e-02
9.817331574110954584e-01 -1.764767413282177233e-01 7.110661620826910778e-02
9.755820915037625163e-01 -2.084824731212891746e-01 6.910007544192832418e-02
9.686376544153250112e-01 -2.393101953875532428e-01 6.687226463225411088e-02
9.610229469102425925e-01 -2.688543686742819738e-01 6.443907584624483653e-02
9.528667083954929229e-01 -2.970250020199505236e-01 6.181707191022462605e-02
9.443007786136817794e-01 -3.237475355637922103e-01 5.902317055552205871e-02
9.354577044894709648e-01 -3.489623306944377723e-01 5.607435041228128053e-02
9.264685506455551112e-01 -3.726238259154781018e-01 5.298738689570747784e-02
9.174609550775565392e-01 -3.946994238926319065e-01 4.977862378604695770e-02
9.085574546729709988e-01 -4.151681778828974489e-01 4.646378408580233155e-02
8.998740897612806933e-01 -4.340193445394029403e-01 4.305782168743634702e-02
8.915192834695551127e-01 -4.512508657449217919e-01 3.957481360376855634e-02
8.839068744121255650e-01 -4.663481556544799567e-01 3.504533779588480530e-02
8.770370593350478305e-01 -4.794548980622054812e-01 3.048174067629993642e-02
8.709999263806961212e-01 -4.906003237851441212e-01 2.589573073768816625e-02
8.658708237115191331e-01 -4.998142244679637525e-01 2.129778146020312735e-02
8.617105530940819547e-01 -5.071254888375823500e-01 1.669727443485415769e-02
8.585656501408813757e-01 -5.125609113769034053e-01 1.210266372880003556e-02
8.564687094436603809e-01 -5.161442752994076510e-01 7.521655282689803344e-03
8.554387215591239269e-01 -5.178957067697808059e-01 2.961395816932518507e-03
8.554813978398592145e-01 -5.178312941916696222e-01 -1.571333648648986364e-03
8.565894681120599374e-01 -5.159629646248159451e-01 -6.069924036825312744e-03
8.587429449655821223e-01 -5.122986085284234603e-01 -1.052774820660059424e-02
8.619093567924281940e-01 -5.068424435875480416e-01 -1.493797844968147367e-02
8.660439595774738208e-01 -4.995956079202826805e-01 -1.929341514383915365e-02
8.710899447070435953e-01 -4.905569720805532108e-01 -2.358633024319277405e-02
8.769786665914438561e-01 -4.797241576126236584e-01 -2.780832940332288172e-02
8.836299195264886164e-01 -4.670947471952983654e-01 -3.195023670615830536e-02
8.909522977165033053e-01 -4.526676674388200317e-01 -3.600200611254117389e-02
8.988436754531103912e-01 -4.364447200758592715e-01 -3.995266386714933088e-02
9.071918457396100921e-01 -4.184322306622020871e-01 -4.379028604251716111e-02
9.158753547846607557e-01 -3.986427761721457186e-01 -4.750201516509838795e-02
9.247645663788154335e-01 -3.770969444155094497e-01 -5.107411934831115191e-02
9.337229838865692688e-01 -3.538250695840990945e-01 -5.449209650690002571e-02
9.426088482296368642e-01 -3.288688802060529270e-01 -5.774082500394929485e-02
9.512770177933896898e-01 -3.022829892528139939e-01 -6.080476047479599355e-02
9.595811209128050079e-01 -2.741361521093809706e-01 -6.366817660654461308e-02
9.673759540652762112e-01 -2.445122175966262801e-01 -6.631544539815384387e-02
9.745200800461197854e-01 -2.135107011286621059e-01 -6.873135000266841765e-02
9.808785614987058921e-01 -1.812469180568178628e-01 -7.090142082484118813e-02
9.863257477574204346e-01 -1.478516295683743043e-01 -7.281228331599519377e-02
9.907480187288684181e-01 -1.134701729424451994e-01 -7.445200409581845258e-02
9.940463801478094386e-01 -7.826107170926666079e-02 -7.581042085711632572e-02
9.961388014247384293e-01 -4.239414792207055888e-02 -7.687944116261523353e-02
9.969621914249587880e-01 -6.048186439347895405e-03 -7.765329585136714063e-02
9.964739192215158470e-01 3.059177239977256546e-02 -7.812873438073959786e-02
9.946528057313305249e-01 6.733741236942780706e-02 -7.830515198345652794e-02
9.914995369886762111e-01 1.040002766003988860e-01 -7.818464186060582188e-02
9.870364787662212480e-01 1.403949319237529636e-01 -7.777196951383004431e-02
9.813069029708693103e-01 1.763420341769514899e-01 -7.707447043186392566e-02
9.743736661590628456e-01 2.116711732436693805e-01 -7.610187634914500343e-02
9.663174071714627500e-01 2.462233913081602610e-01 -7.486607886135918100e-02
9.572343522071977695e-01 2.798532888621311221e-01 -7.338084204012210177e-02
9.472338301889899892e-01 3.124306583980737129e-01 -7.166147764416305743e-02
9.364356083086489146e-01 3.438416131594008718e-01 -6.972449748445223860e-02
9.249671572551305676e-01 3.739892054916062469e-01 -6.758725747498553482e-02
9.129609485698261251e-01 4.027935542012531789e-01 -6.526760698984819531e-02
9.005518741257966253e-01 4.301915212822284285e-01 -6.278355552065396916e-02
8.878748614855564991e-01 4.561359943750757373e-01 -6.015296649833487552e-02
8.750627405524579183e-01 4.805948419365588253e-01 -5.739328573463922667e-02
8.622443980992995360e-01 5.035496134008771163e-01 -5.452130946453222216e-02
8.495432388035406568e-01 5.249940571306984660e-01 -5.155299461250857640e-02
8.370759553852051837e-01 5.449325255021324477e-01 -4.850331180193513669e-02
8.249515970168042056e-01 5.633783300176307129e-01 -4.538613986767181530e-02
8.132709146958767565e-01 5.803521009020521371e-01 -4.221419926336737738e-02
8.021259547852704896e-01 5.958801961512012468e-01 -3.899902078156894381e-02
7.915998672498756328e-01 6.099931952771094901e-01 -3.575094540212504779e-02
7.817668929105943132e-01 6.227245036685588042e-01 -3.247915080637858026e-02
7.726924938687784739e-01 6.341090850176366311e-01 -2.919170008359604426e-02
7.644335926699519224e-01 6.441823319426864813e-01 -2.589560835010774539e-02
7.570388883325673834e-01 6.529790789073718349e-01 -2.259692334065385722e-02
7.505492206698605173e-01 6.605327568197847388e-01 -1.930081646112376259e-02
7.453456693815456724e-01 6.665054478745001676e-01 -1.518218671410561174e-02
7.413600724148170507e-01 6.710160491449803644e-01 -1.108527542125149930e-02
7.386111813713328589e-01 6.740953421257424028e-01 -7.012265527151344442e-03
7.371088407157622147e-01 6.757676722786079004e-01 -2.964854573524539766e-03
7.368544052116479115e-01 6.760507766313113009e-01 1.055570140466991803e-03
7.378410523648897268e-01 6.749557643723913536e-01 5.047760223013299762e-03
7.400539885768141479e-01 6.724872410027641356e-01 9.010439411787527983e-03
7.434705522363180830e-01 6.686435697281803980e-01 1.294214194741920287e-02
7.480602211935775125e-01 6.634172667555789937e-01 1.684105669910101674e-02
7.537845360905265357e-01 6.567955297799704661e-01 2.070487778306786056e-02
7.605969549858652146e-01 6.487609010210239058e-01 2.453066267396751890e-02
7.684426586772177270e-01 6.392920675016439125e-01 2.831469917141046788e-02
7.772583301124543764e-01 6.283648016706310235e-01 3.205238302936348760e-02
7.869719352564459314e-01 6.159530447801497832e-01 3.573810855980091156e-02
7.975025366267287641e-01 6.020301334715892905e-01 3.936517505311847714e-02
8.087601742397737548e-01 5.865701666627448629e-01 4.292571237764588460e-02
8.206458516431740513e-01 5.695495049743291016e-01 4.641062958217881396e-02
8.330516666919245417e-01 5.509483885670859449e-01 4.980959067345598623e-02
8.458611273348137782e-01 5.307526514685164676e-01 5.311102191253560395e-02
8.589496914422229956e-01 5.089555014727148441e-01 5.630215490355625074e-02
8.721855661576272123e-01 4.855593248854225275e-01 5.936910936963459007e-02
8.854307959704009745e-01 4.605774653314952394e-01 6.229701876559531198e-02
8.985426593841518983e-01 4.340359163042556423e-01 6.507020072429409163e-02
9.113753815852160267e-01 4.059748590439725691e-01 6.767237275746496028e-02
9.237821550655850311e-01 3.764499717303928517e-01 7.008691165493442787e-02
9.356174422273727531e-01 3.455334339368552610e-01 7.229715271455582071e-02
9.467395144732200229e-01 3.133145528085755638e-01 7.428672240644362823e-02
9.570131624235651557e-01 2.798999452533831866e-01 7.603989549582974850e-02
9.663124932667664924e-01 2.454132239488247824e-01 7.754196522771113209e-02
9.745237156047259486e-01 2.099941540417312735e-01 7.877961314773991586e-02
9.815478012833531718e-01 1.737972713079923570e-01 7.974126373389214817e-02
9.873029091680344260e-01 1.369899798889262776e-01 8.041740845159826845e-02
9.917264587769771822e-01 9.975017660508000983e-02 8.080088427258852457e-02
9.947767526147133221e-01 6.226347694952123063e-02 8.088709318076572896e-02
9.964340646650772237e-01 2.472014270698459637e-02 8.067415168903559197e-02
9.967011376929597599e-01 -1.268816960067569583e-02 8.016296276174898761e-02
9.956030619030602491e-01 -4.977170846902229107e-02 7.935720653137454117e-02
9.931865396898926779e-01 -8.634584128914615797e-02 7.826325049434647296e-02
9.895185729881694758e-01 -1.222340541618231746e-01 7.688998411213809892e-02
9.846846384486499515e-01 -1.572706237472208946e-01 7.524858657856778321e-02
9.787864390430257577e-01 -1.913028685116905381e-01 7.335223964112773387e-02
9.719393370911535435e-01 -2.241929129166394807e-01 7.121579956383883303e-02
9.642695822392602922e-01 -2.558189267922842403e-01 6.885544347699089351e-02
9.559114485583568577e-01 -2.860758308959424068e-01 6.628830546971634097e-02
9.470043883886111180e-01 -3.148754862504344887e-01 6.353211693873879462e-02
9.376902981244903401e-01 -3.421464075289580853e-01 6.060486408250796014e-02
9.281109744812777729e-01 -3.678330583227444883e-01 5.752447324455569472e-02
9.184058207058788392e-01 -3.918947980480712578e-01 5.430853230137568793e-02
9.087098424194008928e-01 -4.143045565524626217e-01 5.097405368650897300e-02
8.991519537954032470e-01 -4.350473136732405655e-01 4.753728214031940902e-02
8.898535977375106043e-01 -4.541184579248258024e-01 4.401354802555640378e-02
8.809276693953929094e-01 -4.715220921672048093e-01 4.041716515296708140e-02
8.724777211522429798e-01 -4.872693456062527351e-01 3.676137057038147971e-02
8.645974192125560620e-01 -5.013767418039842827e-01 3.305830269135931476e-02
8.573702169486954183e-01 -5.138646624018695652e-01 2.931901345051522029e-02
8.508692078885181642e-01 -5.247559366712235551e-01 2.555350982356000694e-02
8.451571212062662930e-01 -5.340745782957625476e-01 2.177081997896516269e-02
8.402864243421772628e-01 -5.418446832720704709e-01 1.797907946799183129e-02
8.362995004636063490e-01 -5.480894966312342964e-01 1.418563314511340004e-02
8.332288724790486434e-01 -5.528306508549188925e-01 1.039714888207689258e-02
8.314111082235308148e-01 -5.556287755520199489e-01 5.693582663368267419e-03
8.307775114315981702e-01 -5.566038803105817223e-01 1.015849950691228090e-03
8.313275956191492622e-01 -5.557710256827832485e-01 -3.630710423833036042e-03
8.330479248640527690e-01 -5.531396128471497420e-01 -8.240832665302469384e-03
8.359123489151966124e-01 -5.487136420299504325e-01 -1.280911350863834196e-02
8.398821740797448587e-01 -5.424922143217610904e-01 -1.732981092249837735e-02
8.449062853067784706e-01 -5.344702688198776919e-01 -2.179665528958866366e-02
8.509212425732952667e-01 -5.246395471300113744e-01 -2.620267651530730491e-02
8.578513817281898657e-01 -5.129897762216927282e-01 -3.054005082234938218e-02
8.656089562082074362e-01 -4.995100581302690523e-01 -3.479997136230880000e-02
8.740943612598204293e-01 -4.841904507981074635e-01 -3.897254715351218535e-02
8.831964861345857898e-01 -4.670237183230304123e-01 -4.304673516329418637e-02
8.927932417312346436e-01 -4.480072210506296781e-01 -4.701031050935560590e-02
9.027523108245045780e-01 -4.271449065057494332e-01 -5.084987966967737666e-02
9.129321648120464205e-01 -4.044493515178088083e-01 -5.455094117473503756e-02
9.231833843296120001e-01 -3.799437947046798159e-01 -5.809799742900642605e-02
9.333503107579381730e-01 -3.536640876363199015e-01 -6.147472000987475038e-02
9.432730414209794523e-01 -3.256604836214309628e-01 -6.466416899184684874e-02
9.527897633261762644e-01 -2.959991764298513517e-01 -6.764906455836521004e-02
9.617393992067192476e-01 -2.647634987199266043e-01 -7.041210646457346511e-02
9.699645164445874768e-01 -2.320546927338494048e-01 -7.293633393784304531e-02
9.773144257035938365e-01 -1.979921749348908244e-01 -7.520551554787653636e-02
9.836483737083380197e-01 -1.627132322056734082e-01 -7.720455569820637576e-02
9.888387157459970211e-01 -1.263721098855991043e-01 -7.891990197363438209e-02
9.927739403496183002e-01 -8.913848041933460087e-02 -8.033993591557683778e-02
9.953614131978189006e-01 -5.119531404844282485e-02 -8.145532914825309723e-02
9.965297109399590125e-01 -1.273620743120066484e-02 -8.225934732934252203e-02
9.962304290162613540e-01 2.603774054975453028e-02 -8.274808622741948450e-02
9.944393701843511346e-01 6.492138728966379002e-02 -8.292062728192869936e-02
9.911570509431086862e-01 1.037091985158231089e-01 -8.277910408871611003e-02
9.864084989863435293e-01 1.421989401368356498e-01 -8.232867606083042744e-02
9.802423531741919493e-01 1.801952537484520778e-01 -8.157741063687400096e-02
9.727293149285159979e-01 2.175129681441264895e-01 -8.053608040393858691e-02
9.639600332094366841e-01 2.539800176368924300e-01 -7.921788594137274542e-02
9.540425316052203453e-01 2.894398645181097129e-01 -7.763811871676622178e-02
9.430993036942908470e-01 3.237533549079965045e-01 -7.581378072880491648e-02
9.312642108549826769e-01 3.567999715713841002e-01 -7.376317867932154215e-02
9.186793152758142567e-01 3.884784809788971449e-01 -7.150551029188427499e-02
9.054917711324658169e-01 4.187070023582257772e-01 -6.906045911962735429e-02
8.918508804956981617e-01 4.474225516999927876e-01 -6.644781203283994797e-02
8.779053996476025024e-01 4.745801324221476936e-01 -6.368711082980653415e-02
8.638011583301570262e-01 5.001514562033765321e-01 -6.079734636684895610e-02
8.496790310825161896e-01 5.241233826148304908e-01 -5.779670052772972744e-02
8.356732779438885705e-01 5.464961653975087819e-01 -5.470233847431028862e-02
8.219102526552157784e-01 5.672815876897202569e-01 -5.153025110511404161e-02
8.085074608516094052e-01 5.865010595092419177e-01 -4.829514559780807154e-02
7.955729389179221345e-01 6.041837396431767315e-01 -4.501038036779964058e-02
7.832049161297702788e-01 6.203647319781618874e-01 -4.168793973099743644e-02
7.714917180947270525e-01 6.350833941974634023e-01 -3.833844297058578571e-02
7.605118678409650279e-01 6.483817854263691505e-01 -3.497118230827807317e-02
7.503343415858537702e-01 6.603032693316791546e-01 -3.159418439134081130e-02
7.410189386551546686e-01 6.708912806674437457e-01 -2.821429024724184456e-02
7.326167286553387781e-01 6.801882564201514603e-01 -2.483724915271708078e-02
7.251705433420241320e-01 6.882347275175200174e-01 -2.146782244751169882e-02
7.187154852820778483e-01 6.950685634050852713e-01 -1.810989394084133383e-02
7.132794300754060624e-01 7.007243594840402157e-01 -1.476658416866038007e-02
7.088835033737170832e-01 7.052329562332885216e-01 -1.144036633141868459e-02
7.055425180746588421e-01 7.086210785929920597e-01 -8.133182254354491547e-03
7.032653608124628253e-01 7.109110846594287603e-01 -4.846557152859868461e-03
7.020553201930017639e-01 7.121208137433038265e-01 -1.581712347705874818e-03
7.022398043996057604e-01 7.119364541226866905e-01 2.443605348387878611e-03
7.037322365478351216e-01 7.104362608725847128e-01 6.441138723874351851e-03
7.065154950662282385e-01 7.076211530599403332e-01 1.041103903885435937e-02
7.105653262281738103e-01 7.034849926334935111e-01 1.435318883901813558e-02
7.158502616979334210e-01 6.980150074407244221e-01 1.826704463986229474e-02
7.223314350182440391e-01 6.911923346052970540e-01 2.215148480578784870e-02
7.299623130166151830e-01 6.829926894479795285e-01 2.600466318619300277e-02
7.386883618829780396e-01 6.733871670422771905e-01 2.982386952724429274e-02
7.484466717061030172e-01 6.623431844497299492e-01 3.360539822934932586e-02
7.591655675357513733e-01 6.498255714846623565e-01 3.734442764660476921e-02
7.707642394688112297e-01 6.357978163138054972e-01 4.103491279907423017e-02
7.831524286568700699e-01 6.202234691095840358e-01 4.466949505624522726e-02
7.962302102156850747e-01 6.030677021826490458e-01 4.823943300439390708e-02
8.098879173953138499e-01 5.842990184136951370e-01 5.173455927418433437e-02
8.240062535553068779e-01 5.638910913770494027e-01 5.514326850856810652e-02
8.384566389130071462e-01 5.418247104281118665e-01 5.845254181646230424e-02
8.531018370791220162e-01 5.180897925252049285e-01 6.164801290125983269e-02
8.677969014567378236e-01 4.926874102061420957e-01 6.471408049347000813e-02
8.823904731360775466e-01 4.656317727175260934e-01 6.763407068406385170e-02
8.967264496242429717e-01 4.369520858201191849e-01 7.039045120388445764e-02
9.106460275458074793e-01 4.066942064928026901e-01 7.296509761698677377e-02
9.239901026581184285e-01 3.749220029832896484e-01 7.533960883517301643e-02
9.366019879282267979e-01 3.417183297581300461e-01 7.749566642186532517e-02
9.483303862985669186e-01 3.071855320707862491e-01 7.941542900653336678e-02
9.590325308786810110e-01 2.714454069132617442e-01 8.108195000934181884e-02
9.685773837568636413e-01 2.346385663020065793e-01 8.247960406087197216e-02
9.768487677176304063e-01 1.969231747084670414e-01 8.359450529792358808e-02
9.837482950769185219e-01 1.584730637033998912e-01 8.441489941567728583e-02
9.891979564096526900e-01 1.194752614730911766e-01 8.493151119851211073e-02
9.931422402495604373e-01 8.012701006652570013e-02 8.513783038366115608e-02
9.955496730560847718e-01 4.063237594566222050e-02 8.503032115625661080e-02
9.964136959675315985e-01 1.198586519082799062e-03 8.460854421215047161e-02
9.957528291472846904e-01 -3.796775588591308481e-02 8.387518489849005165e-02
9.936101130742355236e-01 -7.666442267513914888e-02 8.283598607947009751e-02
9.900518555886118621e-01 -1.146971130399840610e-01 8.149958963320175220e-02
9.851657504231374762e-01 -1.518826698143981857e-01 7.987729540702317999e-02
9.790584641919134468e-01 -1.880518366501625072e-01 7.798275062727776097e-02
9.718528119452225500e-01 -2.230514662515640234e-01 7.583158585345384228e-02
9.636846549659116024e-01 -2.567461237936689011e-01 7.344101539186678740e-02
9.546996580970740220e-01 -2.890190650304887976e-01 7.082942058974092681e-02
9.453261709075636565e-01 -3.191774799696327491e-01 6.696584678002438784e-02
9.356384028774299422e-01 -3.473027436706208060e-01 6.294311250606898778e-02
9.258226058185295981e-01 -3.733595109507504839e-01 5.878286490038362594e-02
9.160560265459943841e-01 -3.973294948795281223e-01 5.450570049028895941e-02
9.065048155272482644e-01 -4.192089542678238967e-01 5.013093835654438418e-02
8.973224300263887843e-01 -4.390060964755286288e-01 4.567646647280186600e-02
8.886484917547474716e-01 -4.567384988406314461e-01 4.115865660621255417e-02
8.806080445954637126e-01 -4.724306336765353720e-01 3.659234121456496347e-02
8.733111495742849062e-01 -4.861115630549280864e-01 3.199084460321244272e-02
8.668527511185671885e-01 -4.978128519043931166e-01 2.736606009392308567e-02
8.613127498063691823e-01 -5.075667322775090362e-01 2.272856496894352235e-02
8.567562212376834685e-01 -5.154045385219425679e-01 1.808776534123561139e-02
8.532337274035558528e-01 -5.213554227319587842e-01 1.345206372777361936e-02
8.507816751598418215e-01 -5.254453521795658943e-01 8.829042845639081816e-03
8.494226854663143866e-01 -5.276963851570287689e-01 4.225659910899532551e-03
8.491659464299460280e-01 -5.281262184062015530e-01 -3.515535782710214538e-04
8.500075325439265805e-01 -5.267479975964930450e-01 -4.896291003627564059e-03
8.519306816126311910e-01 -5.235703816459935656e-01 -9.402272719487170943e-03
8.549060295544543830e-01 -5.185978515652243104e-01 -1.386305477716711504e-02
8.588918114853787422e-01 -5.118312544685820198e-01 -1.827184785636290845e-02
8.638340451260830832e-01 -5.032685730105043165e-01 -2.262134999485216486e-02
8.696667195457234989e-01 -4.929059093769193600e-01 -2.690359683768843435e-02
8.763120184130132051e-01 -4.807386707756936550e-01 -3.110983332954601541e-02
8.836806120631877093e-01 -4.667629398798534002e-01 -3.523041099711939766e-02
8.916720565283641209e-01 -4.509770087417694362e-01 -3.925471515047650878e-02
9.001753398689166241e-01 -4.333830482979871834e-01 -4.317112640291535797e-02
9.090696162814841941e-01 -4.139888778584326356e-01 -4.696702079314291761e-02
9.182251661211258131e-01 -3.928097902346232573e-01 -5.062881241634750035e-02
9.275046147660971352e-01 -3.698703789213937942e-01 -5.414204176348445807e-02
9.367644348734497362e-01 -3.452063047203026702e-01 -5.749151187760349196e-02
9.458567448932121424e-01 -3.188659312806121360e-01 -6.066147293430069337e-02
9.546314018508992305e-01 -2.909117532749851409e-01 -6.363585394794160632e-02
9.629383688184345313e-01 -2.614215384203351089e-01 -6.639853804851786334e-02
9.706303179899394840e-01 -2.304891063434507392e-01 -6.893367526911460541e-02
9.775654100597028773e-01 -1.982246742246756843e-01 -7.122602418603302121e-02
9.836101711995914876e-01 -1.647547117315276699e-01 -7.326131126332130483e-02
9.886423721160667588e-01 -1.302212659871026246e-01 -7.502659460275240555e-02
9.925538012581773817e-01 -9.478074061782837401e-02 -7.651061722989377367e-02
9.952528179189498170e-01 -5.860214006572538048e-02 -7.770413427770764270e-02
9.966665720053676791e-01 -2.186481951291732728e-02 -7.860019863068279378e-02
9.967427863190675419e-01 1.524419031970140892e-02 -7.919439085390554689e-02
9.954510141917781718e-01 5.253318806396472390e-02 -7.948498153970262603e-02
9.927833093174355250e-01 8.980901983889036377e-02 -7.947301743532243778e-02
9.887542738875984005e-01 1.268803803728073276e-01 -7.916232663967916194e-02
9.834004833183962457e-01 1.635610616362052072e-01 -7.855944246436137590e-02
9.767793182542610086e-01 1.996730174025891924e-01 -7.767344988621101287e-02
9.689672644199008866e-01 2.350491247644446724e-01 -7.651576251485081581e-02
9.600577658474733767e-01 2.695355436837275631e-01 -7.509984133822472652e-02
9.501587351974959406e-01 3.029936011847231825e-01 -7.344086894992231385e-02
9.393898352590533962e-01 3.353011554103468295e-01 -7.155539436358668293e-02
9.278796480364712718e-01 3.663534239535564119e-01 -6.946096385315533861e-02
9.157628426726051041e-01 3.960632883172222063e-01 -6.717575259853771075e-02
9.031774420267857373e-01 4.243611101443271472e-01 -6.471821042444504679e-02
8.902622716443173712e-01 4.511941136687945830e-01 -6.210673281128287898e-02
8.771546559363363471e-01 4.765254019748868530e-01 -5.935936587172629259e-02
8.639884064111751361e-01 5.003326820357940630e-01 -5.649355136059886623e-02
8.508921273272200825e-01 5.226067755539794968e-01 -5.352591522666590856e-02
8.379878464105422475e-01 5.433499901406672050e-01 -5.047210088704975894e-02
