1.000000000000000000e+00 0.000000000000000000e+00 0.000000000000000000e+00
1.000000000000000000e+00 0.000000000000000000e+00 0.000000000000000000e+00
1.000000000000000000e+00 0.000000000000000000e+00 0.000000000000000000e+00
1.000000000000000000e+00 0.000000000000000000e+00 0.000000000000000000e+00
1.000000000000000000e+00 0.000000000000000000e+00 0.000000000000000000e+00
1.000000000000000000e+00 0.000000000000000000e+00 0.000000000000000000e+00
1.000000000000000000e+00 0.000000000000000000e+00 0.000000000000000000e+00
1.000000000000000000e+00 0.000000000000000000e+00 0.000000000000000000e+00
1.000000000000000000e+00 0.000000000000000000e+00 0.000000000000000000e+00
1.000000000000000000e+00 0.000000000000000000e+00 0.000000000000000000e+00
1.000000000000000000e+00 0.000000000000000000e+00 0.000000000000000000e+00
1.000000000000000000e+00 0.000000000000000000e+00 0.000000000000000000e+00
1.000000000000000000e+00 0.000000000000000000e+00 0.000000000000000000e+00
1.000000000000000000e+00 0.000000000000000000e+00 0.000000000000000000e+00
1.000000000000000000e+00 0.000000000000000000e+00 0.000000000000000000e+00
1.000000000000000000e+00 0.000000000000000000e+00 0.000000000000000000e+00
1.000000000000000000e+00 0.000000000000000000e+00 0.000000000000000000e+00
1.000000000000000000e+00 0.000000000000000000e+00 0.000000000000000000e+00
1.000000000000000000e+00 0.000000000000000000e+00 0.000000000000000000e+00
1.000000000000000000e+00 0.000000000000000000e+00 0.000000000000000000e+00
1.000000000000000000e+00 0.000000000000000000e+00 0.000000000000000000e+00
1.000000000000000000e+00 0.000000000000000000e+00 0.000000000000000000e+00
9.999938233376645114e-01 1.450792760961178412e-03 -3.201335339276036116e-03
9.999732347195795512e-01 3.564112365143480045e-03 -6.389607421757505928e-03
9.999341998521112940e-01 6.336918312779117254e-03 -9.562408460066069982e-03
9.998714430554194177e-01 9.765617377146224715e-03 -1.271732689566718033e-02
9.997784771070433729e-01 1.384604469472748914e-02 -1.585194616705076082e-02
9.996476381569527891e-01 1.857344114751653327e-02 -1.896384388464027876e-02
9.994701257600669964e-01 2.394242742654921138e-02 -2.205059147696813299e-02
9.992360480707159764e-01 2.994697522036694065e-02 -2.510975436761342383e-02
9.989344722359779771e-01 3.658037602412641393e-02 -2.813889273660595547e-02
9.985534800107873643e-01 4.383520811387869864e-02 -3.113556291344667451e-02
9.980802285967896870e-01 5.170330227549039398e-02 -3.409731944157588096e-02
9.975010166789094468e-01 6.017570691803185434e-02 -3.702171784604351562e-02
9.968013555984325258e-01 6.924265323640388381e-02 -3.990631812732073347e-02
9.959660455592089789e-01 7.889352111665438871e-02 -4.274868899467588329e-02
9.949792567146724664e-01 8.911680649895468986e-02 -4.554641284237615634e-02
9.938246149282596864e-01 9.990009092665891322e-02 -4.829709146124570862e-02
9.924852919392307404e-01 1.112300140143768906e-01 -5.099835246691118706e-02
9.909440996007675695e-01 1.230922495627240487e-01 -5.364785641451972481e-02
9.891835877887046324e-01 1.354714860316339198e-01 -5.624330455796921341e-02
9.871861455086625714e-01 1.483514120572219930e-01 -5.878244719991610606e-02
9.849341046582136272e-01 1.617147076587330812e-01 -6.126309256721299001e-02
9.824098458306772530e-01 1.755430417318511183e-01 -6.368311613518543024e-02
9.795959054799916466e-01 1.898170763626027824e-01 -6.604047031350890329e-02
9.764750837036898501e-01 2.045164784225141641e-01 -6.833319439662355332e-02
9.730305518452028180e-01 2.196199388211459436e-01 -7.055942467286270559e-02
9.692459590693662808e-01 2.351051996975027925e-01 -7.271740457900234544e-02
9.651055370278910361e-01 2.509490897282679045e-01 -7.480549478098257044e-02
9.605942017062918392e-01 2.671275676198356375e-01 -7.682218305731143559e-02
9.556976515317705534e-01 2.836157737344757734e-01 -7.876609385930938290e-02
9.504024608239759475e-01 3.003880896806881973e-01 -8.063599742203145238e-02
9.446961676882527081e-01 3.174182055761388122e-01 -8.243081830151199885e-02
9.385673554844289335e-01 3.346791945709079452e-01 -8.414964321796723767e-02
9.320057270534615190e-01 3.521435941016310966e-01 -8.579172809076428263e-02
9.250021709490309219e-01 3.697834932359965743e-01 -8.735650415926868306e-02
9.175488190007005107e-01 3.875706253644597421e-01 -8.884358309400700038e-02
9.096390946283509082e-01 4.054764654042934402e-01 -9.025276101476231716e-02
9.012677514327013251e-01 4.234723306023616130e-01 -9.158402134604427813e-02
8.924309017019064205e-01 4.415294839591495379e-01 -9.283753645557786538e-02
8.831260345972296033e-01 4.596192392491371681e-01 -9.401366803773521241e-02
8.733520239091630000e-01 4.777130665826955780e-01 -9.511296622085767261e-02
8.640343878120921861e-01 4.946914990548127444e-01 -9.340720170516891852e-02
8.545714634648917674e-01 5.111792907542415110e-01 -9.166981143201775872e-02
8.449872786970245020e-01 5.271753280385208518e-01 -8.990372656896682135e-02
8.353053283300604370e-01 5.426797642908355312e-01 -8.811180122162722006e-02
8.255485066736558686e-01 5.576939415133804756e-01 -8.629680339640806441e-02
8.157390487710335369e-01 5.722203094081124153e-01 -8.446140712510541437e-02
8.058984802151499816e-01 5.862623428655882041e-01 -8.260818572800388004e-02
7.960475752715175934e-01 5.998244587147532059e-01 -8.073960618089151553e-02
7.862063229713459611e-01 6.129119325130042428e-01 -7.885802454183059307e-02
7.763939007790952029e-01 6.255308160786400284e-01 -7.696568238565890119e-02
7.666286553912500246e-01 6.376878563887827811e-01 -7.506470418795965771e-02
7.569280901874726464e-01 6.493904163866561774e-01 -7.315709559554685326e-02
7.473088588304535040e-01 6.606463981641592653e-01 -7.124474251725733398e-02
7.377867644958149285e-01 6.714641689101991107e-01 -6.932941096689777816e-02
7.283767642073116777e-01 6.818524899432129027e-01 -6.741274758942872314e-02
7.190929777542631740e-01 6.918204490785065941e-01 -6.549628080173883204e-02
7.099487006765741182e-01 7.013773965180318815e-01 -6.358142248053014201e-02
7.009564208168082011e-01 7.105328843924199056e-01 -6.166947013175985703e-02
6.921278379575688255e-01 7.192966100327174983e-01 -5.976160947863358441e-02
6.834738860849596254e-01 7.276783630024313831e-01 -5.785891740819286422e-02
6.741001247614661906e-01 7.363522096815863227e-01 -5.809003674067465123e-02
6.645923002541982427e-01 7.449287986272393747e-01 -5.829379642069716649e-02
6.549553925508172503e-01 7.534020042107781867e-01 -5.847102794011613952e-02
6.451944729617280494e-01 7.617660352845326832e-01 -5.862257960663303652e-02
6.353146885025318102e-01 7.700154361932747271e-01 -5.874931398358231721e-02
6.253212464117713365e-01 7.781450865862876709e-01 -5.885210536846013224e-02
6.152193988891500043e-01 7.861502000764101217e-01 -5.893183732070171599e-02
6.050144281336391483e-01 7.940263217981131660e-01 -5.898940024844591401e-02
5.947116317547357367e-01 8.017693249216103490e-01 -5.902568906320828507e-02
5.843163086236765613e-01 8.093754061841973435e-01 -5.904160091053104603e-02
5.738337452247559423e-01 8.168410805034810318e-01 -5.903803298379976111e-02
5.632692025601050423e-01 8.241631747398877605e-01 -5.901588042752452939e-02
5.526279036544652357e-01 8.313388206778522527e-01 -5.897603433548784940e-02
5.419150216996888592e-01 8.383654472964120474e-01 -5.891937984827184949e-02
5.311356688720085817e-01 8.452407724005925882e-01 -5.884679435380354984e-02
5.202948858485864081e-01 8.519627936850092675e-01 -5.875914579370599550e-02
5.093976320435467109e-01 8.585297793005708389e-01 -5.865729107742297110e-02
4.984487765776578483e-01 8.649402579940991265e-01 -5.854207460530171797e-02
4.874530899901002856e-01 8.711930088891225443e-01 -5.841432690107675046e-02
4.764152366953752771e-01 8.772870509741168554e-01 -5.827486335350320207e-02
4.653397681833970068e-01 8.832216323621024934e-01 -5.812448306624334177e-02
4.542311169561905060e-01 8.889962193828188086e-01 -5.796396781451726432e-02
4.430935911904017033e-01 8.946104855657330823e-01 -5.779408110649051494e-02
4.319313701110227277e-01 9.000643005689583642e-01 -5.761556734688795534e-02
4.207485000583455204e-01 9.053577191057960993e-01 -5.742915109989472910e-02
4.095488912271771365e-01 9.104909699171360726e-01 -5.723553644803151819e-02
3.983363150547740705e-01 9.154644448343782770e-01 -5.703540644337097565e-02
3.871144022317670741e-01 9.202786879739303094e-01 -5.682942264719387931e-02
3.758866413085389380e-01 9.249343851007202355e-01 -5.661822475396508653e-02
3.646563778680662060e-01 9.294323531945757333e-01 -5.640243029533832664e-02
3.534268142351239539e-01 9.337735302497909284e-01 -5.618263441977276035e-02
3.422010096909559040e-01 9.379589653347579770e-01 -5.595940974325983724e-02
3.309818811620100498e-01 9.419898089352010118e-01 -5.573330626661354009e-02
3.197722043511065371e-01 9.458673036013399704e-01 -5.550485135476734833e-02
3.085746152794181518e-01 9.495927749162407228e-01 -5.527454977354380461e-02
2.973916122078755220e-01 9.531676227996946915e-01 -5.504288377941441573e-02
2.862255579070414058e-01 9.565933131592230243e-01 -5.481031325784548741e-02
2.750786822451008473e-01 9.598713698972205499e-01 -5.457727590592626604e-02
2.639530850643694859e-01 9.630033672808575584e-01 -5.434418745509637244e-02
2.528507393176040452e-01 9.659909226791333348e-01 -5.411144192992718011e-02
2.422877959638219392e-01 9.687477888714209895e-01 -5.314464004338292219e-02
2.318827787954680641e-01 9.713413928162906164e-01 -5.221381848339692877e-02
2.216313068207201309e-01 9.737792167956123013e-01 -5.131869222005313452e-02
2.115288368513190964e-01 9.760683641527964083e-01 -5.045896482838322511e-02
2.015706818411343026e-01 9.782155697525722893e-01 -4.963433104304570270e-02
1.917520277295047815e-01 9.802272105346262476e-01 -4.884447911575227896e-02
1.820679488754063657e-01 9.821093160769334141e-01 -4.808909298637923518e-02
1.725134221670792667e-01 9.838675790948320232e-01 -4.736785427847300944e-02
1.630833398898644260e-01 9.855073658111852541e-01 -4.668044412956445788e-02
1.537725214327410606e-01 9.870337261414060537e-01 -4.602654486635843895e-02
1.445757239115205151e-01 9.884514036447354934e-01 -4.540584153447636134e-02
1.354876517839123107e-01 9.897648452000168406e-01 -4.481802329200873514e-02
1.265029655288015809e-01 9.909782103703469458e-01 -4.426278467569128711e-02
1.176162894591218921e-01 9.920953804264702747e-01 -4.373982674805920734e-02
1.088222187347213377e-01 9.931199670036549021e-01 -4.324885813346541347e-02
1.001153256386446422e-01 9.940553203711077757e-01 -4.278959595037564595e-02
9.149016517732275200e-02 9.949045372967960654e-01 -4.236176664687968385e-02
8.294128006230430672e-02 9.956704684938838534e-01 -4.196510674588775636e-02
7.446320512840233496e-02 9.963557256379194094e-01 -4.159936350601636801e-02
6.605047124048411822e-02 9.969626879464511537e-01 -4.126429550371095434e-02
5.769760873861752570e-02 9.974935083149556458e-01 -4.095967314170521900e-02
4.939915046891455580e-02 9.979501190048593040e-01 -4.068527908847961033e-02
4.114963444519185998e-02 9.983342368810645961e-01 -4.044090865295544429e-02
3.294360618450510592e-02 9.986473681977805494e-01 -4.022637009824630433e-02
2.477562075771383085e-02 9.988908129326389274e-01 -4.004148489788530302e-02
1.664024459449876814e-02 9.990656686700758460e-01 -3.988608793755484688e-02
8.532057080686585027e-03 9.991728340358021487e-01 -3.976002766496491980e-02
4.456519843375715551e-04 9.992130116848978449e-01 -3.966316619015568257e-02
-7.624361254180188688e-03 9.991867108466703229e-01 -3.959537933814001598e-02
-1.568335633397230366e-02 9.990942494299320797e-01 -3.955655665545077665e-02
-2.373668897399894631e-02 9.989357556928030180e-01 -3.954660137181506552e-02
-3.178969582953812545e-02 9.987111694815465901e-01 -3.956543031784330589e-02
-3.984769341279477406e-02 9.984202430433215536e-01 -3.961297379929309970e-02
-4.791597698614336043e-02 9.980625414180944732e-01 -3.968917542814628940e-02
-5.599981939676353104e-02 9.976374424153277021e-01 -3.979399191042125999e-02
-6.410446982155183770e-02 9.971441361814502580e-01 -3.992739279033069577e-02
-7.223515239117173081e-02 9.965816243645519990e-01 -4.008936015008702364e-02
-8.039706466194368462e-02 9.959487188832323312e-01 -4.027988826435296987e-02
-8.859537590398285090e-02 9.952440403070981212e-01 -4.049898320803222568e-02
-9.683522517356832338e-02 9.944660158570605146e-01 -4.074666241579536635e-02
-1.051031168378904895e-01 9.936299995304719301e-01 -4.065423584167052184e-02
-1.133363382767314381e-01 9.927282544064570668e-01 -4.056470581309990636e-02
-1.215350268092018626e-01 9.917614525760541921e-01 -4.047797514688359494e-02
-1.296993080527310549e-01 9.907302493525410592e-01 -4.039394185300123480e-02
-1.378292946100211636e-01 9.896352843249890396e-01 -4.031249926327552802e-02
-1.459250848164249659e-01 9.884771824482377900e-01 -4.023353615635209130e-02
-1.539867615473942686e-01 9.872565551670406947e-01 -4.015693687933955675e-02
-1.620143910856678138e-01 9.859740015722073814e-01 -4.008258146645874570e-02
-1.700080220478930315e-01 9.846301095866323294e-01 -4.001034575505387630e-02
-1.779676843704036393e-01 9.832254571791547715e-01 -3.994010149932180481e-02
-1.858933883539050369e-01 9.817606136042408282e-01 -3.987171648211727121e-02
-1.937851237668503368e-01 9.802361406655153431e-01 -3.980505462519325077e-02
-2.016428590073208460e-01 9.786525940011987501e-01 -3.973997609823574223e-02
-2.094665403232567058e-01 9.770105243895254032e-01 -3.967633742705154593e-02
-2.172560910909127618e-01 9.753104790722290085e-01 -3.961399160126603813e-02
-2.250114111514442683e-01 9.735530030941851320e-01 -3.955278818188539408e-02
-2.327323762055531764e-01 9.717386406572962043e-01 -3.949257340907440933e-02
-2.404188372661498208e-01 9.698679364866924502e-01 -3.943319031049680873e-02
-2.480706201690059953e-01 9.679414372073033013e-01 -3.937447881055991528e-02
-2.556875251413919803e-01 9.659596927288287560e-01 -3.931627584089943811e-02
-2.635086030012407932e-01 9.638218777495041190e-01 -4.013243224840096213e-02
-2.714746479967182768e-01 9.615730925189691636e-01 -4.097207837543965364e-02
-2.795885862951287826e-01 9.592080206238449147e-01 -4.183543374133075199e-02
-2.878532468471811101e-01 9.567211121151024678e-01 -4.272270833538761164e-02
-2.962713495734913272e-01 9.541065771256596051e-01 -4.363410092628570991e-02
-3.048454926416903077e-01 9.513583796893457789e-01 -4.456979725340125958e-02
-3.135781387934566955e-01 9.484702318213332761e-01 -4.552996809466490491e-02
-3.224716006816980007e-01 9.454355879266084228e-01 -4.651476720559137579e-02
-3.315280251795192368e-01 9.422476396099551676e-01 -4.752432912433477569e-02
-3.407493766246287303e-01 9.388993109682457483e-01 -4.855876683788682563e-02
-3.501374189655174773e-01 9.353832544535570781e-01 -4.961816930489249683e-02
-3.596936967791984352e-01 9.316918474037445552e-01 -5.070259883101620874e-02
-3.694195151346032491e-01 9.278171893455681163e-01 -5.181208829336438754e-02
-3.793159182810051377e-01 9.237511001842364511e-01 -5.294663821117049501e-02
-3.893836671471766486e-01 9.194851194022601870e-01 -5.410621366079018668e-02
-3.996232156445070349e-01 9.150105063997051591e-01 -5.529074103405225149e-02
-4.100346857761133501e-01 9.103182421172263394e-01 -5.650010464018012657e-02
-4.206178415641934620e-01 9.053990320925273672e-01 -5.773414315285421011e-02
-4.313720618196063006e-01 9.002433111100024421e-01 -5.899264590554262333e-02
-4.422963117910322373e-01 8.948412496121164184e-01 -6.027534904000161897e-02
-4.533891137461745768e-01 8.891827620493847339e-01 -6.158193151485087669e-02
-4.646485165544034790e-01 8.832575173534210622e-01 -6.291201098337625974e-02
-4.760720643591023205e-01 8.770549517241804649e-01 -6.426513955221378749e-02
-4.876567644488153386e-01 8.705642839279800205e-01 -6.564079943533242256e-02
-4.993990544591538350e-01 8.637745333068156395e-01 -6.703839852076470818e-02
-5.112947690623084185e-01 8.566745407015909919e-01 -6.845726587083519887e-02
-5.233391063279064781e-01 8.492529924917605610e-01 -6.989664718020230372e-02
-5.355265939677779086e-01 8.414984479511765647e-01 -7.135570021985132572e-02
-5.478510557078219989e-01 8.333993701142015098e-01 -7.283349029923782969e-02
-5.603055780624206506e-01 8.249441603369631615e-01 -7.432898578305655035e-02
-5.728824778204639756e-01 8.161211967255321831e-01 -7.584105370356850062e-02
-5.855732705867096044e-01 8.069188765853407830e-01 -7.736845551401361210e-02
-5.983686407574715371e-01 7.973256630238620968e-01 -7.890984303331234628e-02
-6.112584133450147394e-01 7.873301358110078585e-01 -8.046375463694985242e-02
-6.242315280999075622e-01 7.769210465684521782e-01 -8.202861175355959100e-02
-6.372760164142405870e-01 7.660873783197937881e-01 -8.360271573118396859e-02
-6.503789815202335456e-01 7.548184093878305134e-01 -8.518424514138013548e-02
-6.635265825273971574e-01 7.431037815730264784e-01 -8.677125359313483943e-02
-6.767040228660596846e-01 7.309335724884165053e-01 -8.836166813181793589e-02
-6.898955437245871680e-01 7.182983718607487411e-01 -8.995328830098996142e-02
-7.030844230808208639e-01 7.051893615358326706e-01 -9.154378594662637703e-02
-7.162529809338548104e-01 6.915983988482241607e-01 -9.313070584406110686e-02
-7.293825913389890836e-01 6.775181029321680759e-01 -9.471146722751319635e-02
-7.424537018352062034e-01 6.629419434629747476e-01 -9.628336630027022058e-02
-7.554458608295718802e-01 6.478643312268486110e-01 -9.784357980029088908e-02
-7.683377534653559326e-01 6.322807098239950907e-01 -9.938916969100146381e-02
-7.811072464493552525e-01 6.161876477162655519e-01 -1.009170890402537046e-01
-7.937314422479987419e-01 5.995829297385978363e-01 -1.024241891416722977e-01
-8.061867429807052510e-01 5.824656471052718221e-01 -1.039072279218628270e-01
-8.184489242423280686e-01 5.648362848599561836e-01 -1.053628796641365994e-01
-8.304932189744109738e-01 5.466968056453148650e-01 -1.067877460645422633e-01
-8.422944113778835229e-01 5.280507286063378380e-01 -1.081783686191411520e-01
-8.538269407186960258e-01 5.089032021944221995e-01 -1.095312423227501192e-01
-8.650650147242281429e-01 4.892610696093883105e-01 -1.108428306390007029e-01
-8.759827321041274706e-01 4.691329256068184628e-01 -1.121095816797946926e-01
-8.865542135571384819e-01 4.485291634108695691e-01 -1.133279455094188398e-01
-8.967537404486148889e-01 4.274620105102325263e-01 -1.144943924651310452e-01
-9.065559001654122095e-01 4.059455521789341881e-01 -1.156054323624315372e-01
-9.159357369798492021e-01 3.839957416553786973e-01 -1.166576344300297441e-01
-9.248689070868649775e-01 3.616303960329022571e-01 -1.176476477973030094e-01
-9.333318363231069004e-01 3.388691770628903810e-01 -1.185722223364426009e-01
-9.413018789382836538e-01 3.157335562460506506e-01 -1.194282296431348200e-01
-9.487574756724866942e-01 2.922467637867117718e-01 -1.202126839241642736e-01
-9.556783093028591303e-01 2.684337212060815547e-01 -1.209227625483541707e-01
-9.620454557631158421e-01 2.443209576493892143e-01 -1.215558260093230064e-01
-9.678415289135139377e-01 2.199365101740707040e-01 -1.221094370451067529e-01
-9.730508170497004228e-01 1.953098085662060557e-01 -1.225813786611350958e-01
-9.776594092882422427e-01 1.704715454942609676e-01 -1.229696708096013752e-01
-9.816553100553260247e-01 1.454535330663918880e-01 -1.232725854900286466e-01
-9.850285400326979079e-01 1.202885471035030768e-01 -1.234886600527541622e-01
-9.877712220797812970e-01 9.501016066828832374e-02 -1.236167085089186213e-01
-9.898776508502414861e-01 6.965256859431154246e-02 -1.236558306769795362e-01
-9.913443450510839305e-01 4.425040493295800959e-02 -1.236054190262436819e-01
-9.921700815476466317e-01 1.883855537475118136e-02 -1.234651631117639065e-01
-9.923559107926563927e-01 -6.548033199036514679e-03 -1.232350515313862666e-01
-9.919051533452363234e-01 -3.187454382133413783e-02 -1.229153713738859871e-01
-9.908233775392961684e-01 -5.710647897437021170e-02 -1.225067051660553991e-01
-9.891183586528010663e-01 -8.220984635958593356e-02 -1.220099253653357668e-01
-9.868000202127554799e-01 -1.071513387815195562e-01 -1.214261864821571252e-01
-9.838803583384239104e-01 -1.318985061404617243e-01 -1.207569149516473511e-01
-9.809743982282359553e-01 -1.550126998344241447e-01 -1.168772880094822164e-01
-9.776615966404277325e-01 -1.772636932753157701e-01 -1.129397744629037637e-01
-9.739986087582334084e-01 -1.986373257324700881e-01 -1.089492072389439403e-01
-9.700407908376159627e-01 -2.191225700253727759e-01 -1.049102944395724629e-01
-9.658419738577913582e-01 -2.387112991743111368e-01 -1.008275921504658140e-01
-9.614542649073524183e-01 -2.573980424835701220e-01 -9.670548121547767328e-02
-9.569278758015299369e-01 -2.751797348152361655e-01 -9.254814795390940707e-02
-9.523109779962110055e-01 -2.920554625462029041e-01 -8.835956874002870443e-02
-9.476495825025138542e-01 -3.080262093981482874e-01 -8.414349831572570659e-02
-9.429874432122551386e-01 -3.230946050034524952e-01 -7.990346166772116510e-02
-9.383659818177101375e-01 -3.372646787314281247e-01 -7.564274927005772142e-02
-9.338242323451438898e-01 -3.505416209595694776e-01 -7.136441547019128917e-02
-9.293988032159137269e-01 -3.629315536429335021e-01 -6.707127978216080588e-02
-9.251238546958736597e-01 -3.744413117187342932e-01 -6.276593084223372476e-02
-9.210310895872145798e-01 -3.850782365886346592e-01 -5.845073278021031826e-02
-9.171497550504265073e-01 -3.948499826523827472e-01 -5.412783376229871046e-02
-9.135066535115170527e-01 -4.037643376262798345e-01 -4.979917646822019234e-02
-9.101261607049931923e-01 -4.118290571701216929e-01 -4.546651027507734449e-02
-9.070302490208871360e-01 -4.190517141672758239e-01 -4.113140493267060382e-02
-9.042385144592967050e-01 -4.254395628540568186e-01 -3.679526552860197530e-02
-9.017682056441613803e-01 -4.309994178753885352e-01 -3.245934855595171420e-02
-8.996342535055884548e-01 -4.357375482521338994e-01 -2.812477891092776683e-02
-8.978493004039262981e-01 -4.396595861791950943e-01 -2.379256766212207302e-02
-8.964237276365009111e-01 -4.427704505299445148e-01 -1.946363044639504158e-02
-8.953656804376382006e-01 -4.450742849188970562e-01 -1.513880635855836126e-02
-8.946810897529371420e-01 -4.465744101677568967e-01 -1.081887721261681930e-02
-8.943736902388476073e-01 -4.472732910269361928e-01 -6.504587061108769129e-03
-8.944450341079167588e-01 -4.471725170221572676e-01 -2.196661865860919348e-03
-8.948945006083615095e-01 -4.462727973205911636e-01 2.104170781887983004e-03
-8.957193010938687694e-01 -4.445739695399216762e-01 6.397161991618620716e-03
-8.969144798057940848e-01 -4.420750224535367479e-01 1.068152205336724697e-02
-8.984729106553313027e-01 -4.387741325725334485e-01 1.495640116876795558e-02
-9.003852904577980265e-01 -4.346687146072059083e-01 1.922087053901088555e-02
-9.026401292348231742e-01 -4.297554858240361653e-01 2.347390392167028259e-02
-9.052237383625880707e-01 -4.240305443158536858e-01 2.771435977646280469e-02
-9.081202175047209391e-01 -4.174894611897798091e-01 3.194096412973566890e-02
-9.113114414259310125e-01 -4.101273866469671292e-01 3.615229429856750554e-02
-9.147770479355051831e-01 -4.019391698772875055e-01 4.034676362743931655e-02
-9.184944283563714063e-01 -3.929194926185664571e-01 4.452260740307949910e-02
-9.224387220529963738e-01 -3.830630161315795035e-01 4.867787012581618888e-02
-9.262461687389658138e-01 -3.736109359688205012e-01 4.982879476938192886e-02
-9.300428706065259066e-01 -3.639014878058642877e-01 5.095067645600428324e-02
-9.338195429491287225e-01 -3.539387670309558920e-01 5.204244307762598970e-02
-9.375668756335662213e-01 -3.437272591122715326e-01 5.310301873506389353e-02
-9.412755592202277644e-01 -3.332718510136923884e-01 5.413132675210066691e-02
-9.449363121145530897e-01 -3.225778410570640520e-01 5.512629285733511297e-02
-9.485399086553583103e-01 -3.116509470984608066e-01 5.608684851990562714e-02
-9.520772080308077534e-01 -3.004973128925540471e-01 5.701193442328159749e-02
-9.555391838981601715e-01 -2.891235125274906892e-01 5.790050405943349132e-02
-9.589169545692551866e-01 -2.775365528227426992e-01 5.875152742387296234e-02
-9.622018136102470365e-01 -2.657438735941786145e-01 5.956399479032854771e-02
-9.653852606915684920e-01 -2.537533457041004636e-01 6.033692054222120071e-02
-9.684590325127522270e-01 -2.415732668291052099e-01 6.106934703665730518e-02
-9.714151336167736739e-01 -2.292123548952714751e-01 6.176034847539462608e-02
-9.742458669002286298e-01 -2.166797391481969093e-01 6.240903475618825302e-02
-9.769438636191259961e-01 -2.039849488446507375e-01 6.301455527711517790e-02
-9.795021126855418814e-01 -1.911378995728569286e-01 6.357610266593284598e-02
-9.819139890480139687e-01 -1.781488772294541889e-01 6.409291640626973985e-02
-9.841732809484798894e-01 -1.650285197027315798e-01 6.456428633249224058e-02
-9.862742158508823742e-01 -1.517877963335328984e-01 6.498955596545492874e-02
-9.882114848413406927e-01 -1.384379852469603545e-01 6.536812566202920838e-02
-9.899802653070398639e-01 -1.249906486693800056e-01 6.569945555232022116e-02
-9.915762417106988025e-01 -1.114576063659183103e-01 6.598306823982227898e-02
-9.929956242895787710e-01 -9.785090735332822864e-02 6.621855124141919069e-02
-9.942351655223793383e-01 -8.418280006148200212e-02 6.640555914609412580e-02
-9.952921742238826086e-01 -7.046570113352178255e-02 6.654381547345325498e-02
-9.961645271456608386e-01 -5.671216306959231401e-02 6.663311421566354975e-02
-9.968506779813189889e-01 -4.293484093184297273e-02 6.667332104912579438e-02
-9.973496636963457007e-01 -2.914645833880322862e-02 6.666437420511542311e-02
-9.976611081253846658e-01 -1.535977298512667365e-02 6.660628499168552707e-02
-9.977852228033079474e-01 -1.587541927927935484e-03 6.649913796229710294e-02
-9.977228050205293464e-01 1.215751311658759375e-02 6.634309072987590317e-02
-9.974752331171912179e-01 2.586274022282320645e-02 6.613837342824807619e-02
-9.970444590548528385e-01 3.951559121155554660e-02 6.588528782613091439e-02
-9.964329983277444569e-01 5.310365487735325962e-02 6.558420610200549339e-02
-9.956439172982064489e-01 6.661468926172901817e-02 6.523556929122997783e-02
-9.946808180622854767e-01 8.003665275708672644e-02 6.483988541962477925e-02
-9.935478209713243247e-01 9.335773383981316176e-02 6.439772734043436309e-02
-9.922495449534934897e-01 1.065663792462320653e-01 6.390973029401174343e-02
-9.907910857953562411e-01 1.196513204223333959e-01 6.337658921175018389e-02
-9.891779925575370225e-01 1.326015980969310337e-01 6.279905578767767949e-02
-9.874162423102451625e-01 1.454065848478884038e-01 6.217793534271551237e-02
-9.855122133836826670e-01 1.580560055519725782e-01 6.151408350786740503e-02
-9.834726573351877388e-01 1.705399556304353914e-01 6.080840275354508495e-02
-9.813046698393167455e-01 1.828489170242587336e-01 6.006183879284628796e-02
-9.790156607089827157e-01 1.949737718548334164e-01 5.927537688688699208e-02
-9.766133232553140253e-01 2.069058137473686332e-01 5.845003808026007219e-02
-9.741056031911803359e-01 2.186367568152795537e-01 5.758687539436119218e-02
-9.715006672784930464e-01 2.301587423239158936e-01 5.668697000570841610e-02
-9.688068719125906281e-01 2.414643430710519956e-01 5.575142743550596386e-02
-9.660327318284570586e-01 2.525465655393594466e-01 5.478137377559048199e-02
-9.631868891033967817e-01 2.633988498924627053e-01 5.377795197457675008e-02
-9.602780826193322294e-01 2.740150679010053270e-01 5.274231820651845148e-02
-9.573151181353185546e-01 2.843895188983279199e-01 5.167563834274845058e-02
-9.543068391074225332e-01 2.945169238768180486e-01 5.057908454579206764e-02
-9.512620983790200935e-01 3.043924178456961505e-01 4.945383200238671895e-02
-9.481897308500468746e-01 3.140115405789535297e-01 4.830105581072110382e-02
-9.450985272190122188e-01 3.233702258883758285e-01 4.712192803505502181e-02
-9.419972088768546747e-01 3.324647895611213544e-01 4.591761493892351775e-02
-9.388944040171677274e-01 3.412919161042456406e-01 4.468927440619034630e-02
-9.357986250131271611e-01 3.498486444399644957e-01 4.343805355731823054e-02
-9.327182470977543050e-01 3.581323526954285907e-01 4.216508656638619928e-02
-9.296614883710920818e-01 3.661407422294644110e-01 4.087149268262454949e-02
-9.266363911455528513e-01 3.738718210362427241e-01 3.955837445856981438e-02
-9.236508046292232210e-01 3.813238866622996048e-01 3.822681618537705078e-02
-9.207123689363410080e-01 3.884955087688919395e-01 3.687788253437352531e-02
-9.178285004045573237e-01 3.953855114664536763e-01 3.551261740260310690e-02
-9.150063781899865356e-01 4.019929555420639899e-01 3.413204295889783052e-02
-9.122529321034583694e-01 4.083171206944740117e-01 3.273715888592454437e-02
-9.095748316448135640e-01 4.143574878844868969e-01 3.132894181268924133e-02
-9.069784761865256062e-01 4.201137219014624002e-01 2.990834493113839893e-02
-9.044699862533581713e-01 4.255856542395292097e-01 2.847629778977092338e-02
-9.020551958411553439e-01 4.307732663698328746e-01 2.703370625656175905e-02
-8.997396457151649596e-01 4.356766734879120584e-01 2.558145264299245200e-02
-8.975285776264710913e-01 4.402961088081577823e-01 2.412039598057811110e-02
-8.954269293841065069e-01 4.446319084703366231e-01 2.265137244096648503e-02
-8.934393307201734524e-01 4.486844971164018481e-01 2.117519589045533182e-02
-8.915700998857669646e-01 4.524543741893284343e-01 1.969265856962022429e-02
-8.898232409166030310e-01 4.559421009995164864e-01 1.820453188865802166e-02
-8.882024415089504465e-01 4.591482885984466411e-01 1.671156732902283337e-02
-8.867110714486885481e-01 4.620735864937522419e-01 1.521449744195295904e-02
-8.853521815390003047e-01 4.647186722347104171e-01 1.371403693455095461e-02
-8.841285029753159774e-01 4.670842418923462080e-01 1.221088383417692075e-02
-8.830424471195772451e-01 4.691710014538882922e-01 1.070572072203985169e-02
-8.820961056296586777e-01 4.709796591471995808e-01 9.199216027016886635e-03
-8.812912509038023368e-01 4.725109187070153371e-01 7.692025370889072830e-03
-8.806293368041496761e-01 4.737654735913354731e-01 6.184792956349425587e-03
-8.801114996278540659e-01 4.747440021531106336e-01 4.678152989309443052e-03
-8.797385592987753133e-01 4.754471637694082653e-01 3.172731127199700674e-03
-8.795110207573693106e-01 4.758755959275119962e-01 1.669145945124910326e-03
-8.794290755310435470e-01 4.760299122648655734e-01 1.680104118910311691e-04
-8.794926034719298125e-01 4.759107015573882382e-01 -1.330066631930660334e-03
-8.797011746536884669e-01 4.755185276484245049e-01 -2.824479001601809362e-03
-8.800540514235787315e-01 4.748539303084175489e-01 -4.314621709053393511e-03
-8.805501906105767107e-01 4.739174270132746614e-01 -5.799889524425489926e-03
-8.811882458947682961e-01 4.727095156272935195e-01 -7.279675565677315094e-03
-8.819665703475618734e-01 4.712306779744055985e-01 -8.753369923547619016e-03
-8.828832191564252030e-01 4.694813842793402192e-01 -1.022035832906863229e-02
-8.839359525518286631e-01 4.674620984580868943e-01 -1.168002087076770029e-02
-8.851222389578464744e-01 4.651732842347115482e-01 -1.313173076862691330e-02
-8.864392583913930368e-01 4.626154120591401409e-01 -1.457485321180928411e-02
-8.878839061383360098e-01 4.597889667979405681e-01 -1.600874426709683607e-02
-8.894527967376950617e-01 4.566944561673936809e-01 -1.743274986491724632e-02
-8.911422683077738771e-01 4.533324198752366474e-01 -1.884620486975716394e-02
-8.929483872503636288e-01 4.497034394343767949e-01 -2.024843224166715180e-02
-8.948669533710515989e-01 4.458081486086098444e-01 -2.163874229545062131e-02
-8.968935054551571140e-01 4.416472444469339842e-01 -2.301643206399169028e-02
-8.990233273398466896e-01 4.372214988594401719e-01 -2.438078477200954913e-02
-9.012514545235410512e-01 4.325317706839900689e-01 -2.573106942632410674e-02
-9.035726813537698909e-01 4.275790181889878028e-01 -2.706654052847409786e-02
-9.059815688341428253e-01 4.223643119535336887e-01 -2.838643791523936047e-02
-9.084724530900464279e-01 4.168888480621513182e-01 -2.968998673227840959e-02
-9.110394545310339653e-01 4.111539615471383469e-01 -3.097639754569619930e-02
-9.136764877456191591e-01 4.051611400074535130e-01 -3.224486659590077714e-02
-9.163772721612989391e-01 3.989120373289669064e-01 -3.349457619758770127e-02
-9.191353434991104132e-01 3.924084874269212486e-01 -3.472469528910441389e-02
-9.219440660478515071e-01 3.856525179276447668e-01 -3.593438013379136875e-02
-9.247966457782785810e-01 3.786463637029818807e-01 -3.712277517517070108e-02
-9.276861443121342532e-01 3.713924801676418141e-01 -3.828901404705681299e-02
-9.306054937547724171e-01 3.638935562467781049e-01 -3.943222073879698586e-02
-9.335475123934635633e-01 3.561525269186797682e-01 -4.055151091491603077e-02
-9.365049212562068792e-01 3.481725852355573858e-01 -4.164599338744075230e-02
-9.394703615181019263e-01 3.399571937241188113e-01 -4.271477173812197881e-02
-9.424364127340826292e-01 3.315100950670279434e-01 -4.375694608666083618e-02
-9.453956118681673404e-01 3.228353219664956697e-01 -4.477161499988926985e-02
-9.483404730803994820e-01 3.139372060922377972e-01 -4.575787753566176730e-02
-9.512635082234317530e-01 3.048203860179062863e-01 -4.671483541399684691e-02
-9.541572479913426053e-01 2.954898140529158557e-01 -4.764159530677469778e-02
-9.570142636538662151e-01 2.859507618803912576e-01 -4.853727123606550731e-02
-9.598271892998924137e-01 2.762088249167810039e-01 -4.940098706994531380e-02
-9.625887445049575719e-01 2.662699253145450196e-01 -5.023187910346919166e-02
-9.652917573286453612e-01 2.561403135362279593e-01 -5.102909871133059355e-02
-9.679291875394658851e-01 2.458265684361680137e-01 -5.179181505765874383e-02
-9.704941499570233221e-01 2.353355957950345467e-01 -5.251921784740958693e-02
-9.729799377942487393e-01 2.246746252622926765e-01 -5.321052010290774903e-02
-9.753800458762934555e-01 2.138512056724931054e-01 -5.386496094831375037e-02
-9.776881936074759416e-01 2.028731987129037684e-01 -5.448180838413918536e-02
-9.798983475535713028e-01 1.917487709323323630e-01 -5.506036203342713070e-02
-9.820047435038268269e-01 1.804863840939229802e-01 -5.559995584087058795e-02
-9.840019078754810300e-01 1.690947838881113330e-01 -5.609996070596925261e-02
-9.858846783233277122e-01 1.575829870356451889e-01 -5.655978703133562879e-02
-9.876482234180630204e-01 1.459602668244612267e-01 -5.697888716746193211e-02
-9.892880612598254908e-01 1.342361371380862423e-01 -5.735675773565560714e-02
-9.908000768974949413e-01 1.224203350469250523e-01 -5.769294181144490885e-02
-9.921805384299611230e-01 1.105228020471263894e-01 -5.798703095154653792e-02
-9.934261116726722518e-01 9.855366404450277562e-02 -5.823866704847089487e-02
-9.945338732812749605e-01 8.652321019304012872e-02 -5.844754399800964478e-02
-9.955013222339859080e-01 7.444187070869476286e-02 -5.861340916619497965e-02
-9.963263895853884389e-01 6.232019378927720898e-02 -5.873606464382702397e-02
-9.970074464165086248e-01 5.016882178011133897e-02 -5.881536827831859715e-02
-9.975433099191443054e-01 3.799846673270081132e-02 -5.885123447438667804e-02
-9.979332475663489355e-01 2.581988550971577728e-02 -5.884363475700595675e-02
-9.981769793355252940e-01 1.364385459413757808e-02 -5.879259809200873543e-02
-9.982746779655841118e-01 1.481144763297029959e-03 -5.869821096174246411e-02
-9.982269672448706999e-01 -1.065750421023304098e-02 -5.856061719525543219e-02
-9.980349183418617542e-01 -2.276140866939730528e-02 -5.838001755454646363e-02
-9.977000442057829543e-01 -3.481996583572750242e-02 -5.815666908045897393e-02
-9.972242920791029031e-01 -4.682267806918355424e-02 -5.789088420379739225e-02
-9.966100341781242156e-01 -5.875917647462283039e-02 -5.758302962916973800e-02
-9.958600566114431674e-01 -7.061924371165828607e-02 -5.723352500088951106e-02
-9.952723773414333674e-01 -8.095353604929726721e-02 -5.366028369483319405e-02
-9.946335915866754140e-01 -9.054218598353915015e-02 -5.006133266404869109e-02
-9.939652136278844807e-01 -9.938076653632785251e-02 -4.643945713725781965e-02
-9.932872294204659891e-01 -1.074656668921846747e-01 -4.279738333166012432e-02
-9.926180412411540477e-01 -1.147940071388583033e-01 -3.913777874995522793e-02
-9.919744200053385308e-01 -1.213635579362691563e-01 -3.546325367749460916e-02
-9.913714647753344433e-01 -1.271726659094511436e-01 -3.177636378014176560e-02
-9.908225689826646310e-01 -1.322201854648843433e-01 -2.807961369696005197e-02
-9.903393929040225085e-01 -1.365054176350641302e-01 -2.437546151674712530e-02
-9.899318419594486107e-01 -1.400280564640958847e-01 -2.066632402352096276e-02
-9.896080504408260037e-01 -1.427881433579744064e-01 -1.695458259316608846e-02
-9.893743703274545664e-01 -1.447860297371648952e-01 -1.324258962141170934e-02
-9.892353649015577233e-01 -1.460223482460798472e-01 -9.532675361993394464e-03
-9.891938069384649257e-01 -1.464979926937699239e-01 -5.827155053124555631e-03
-9.892506813122536879e-01 -1.462141068221897433e-01 -2.128336210174896354e-03
-9.894051919262041306e-01 -1.451720819222127312e-01 1.561474037352161923e-03
-9.896547729469055144e-01 -1.433735632425337247e-01 5.239961685876520087e-03
-9.899951043896607628e-01 -1.408204650620592246e-01 8.904798795227743258e-03
-9.904201321693916205e-01 -1.375149942217031018e-01 1.255363674263969623e-02
-9.909220927939803580e-01 -1.334596818360935244e-01 1.618409991059853448e-02
-9.914915429343555964e-01 -1.286574228290625066e-01 1.979377992366974232e-02
-9.921173941561077791e-01 -1.231115228585777654e-01 2.338023054663428482e-02
-9.927869531395002722e-01 -1.168257521168024893e-01 2.694096335278039350e-02
-9.934859677469736194e-01 -1.098044054092554289e-01 3.047344426689828356e-02
-9.941986793182069349e-01 -1.020523678338521451e-01 3.397509108227068919e-02
-9.949078815811942533e-01 -9.357518529645891814e-02 3.744327204459734632e-02
-9.955949865624006412e-01 -8.437913901528885929e-02 4.087530558819212068e-02
-9.962400978588323852e-01 -7.447132308310999704e-02 4.426846130081095454e-02
-9.968220915989268738e-01 -6.385972407520855432e-02 4.761996218298643335e-02
-9.973187053669271274e-01 -5.255330161403456990e-02 5.092698825566453757e-02
-9.977066352965285878e-01 -4.056206873039337746e-02 5.418668155619672105e-02
-9.979616414540977143e-01 -2.789717079811118369e-02 5.739615254731341570e-02
-9.980586615300861553e-01 -1.457096176665601331e-02 6.055248794661965972e-02
-9.979719327402686302e-01 -5.970763767199245564e-04 6.365275996549273063e-02
-9.976751217074619760e-01 1.400950298020412453e-02 6.669403692617081880e-02
-9.971414619513048194e-01 2.923238610319822683e-02 6.967339520451341917e-02
-9.963438984608706805e-01 4.505372285483714989e-02 7.258793242367068965e-02
-9.952552386652575578e-01 6.145416035944224753e-02 7.543478180107092423e-02
-9.938483089542389237e-01 7.841281075950388979e-02 7.821112752814149416e-02
-9.920961157384122764e-01 9.590723067672178581e-02 8.091422103949529043e-02
-9.903971260592410175e-01 1.124851159966746283e-01 8.037812043578540511e-02
-9.884406477293065096e-01 1.289162188660727959e-01 7.978536985670436898e-02
-9.862345474633974485e-01 1.451852878121766277e-01 7.913697203610775555e-02
-9.837874030506501555e-01 1.612775906691713002e-01 7.843401704842187239e-02
-9.811084586538194596e-01 1.771789534308172431e-01 7.767767653670742956e-02
-9.782075775318320732e-01 1.928757948984103354e-01 7.686919760901737841e-02
-9.750951926197399811e-01 2.083551569627968836e-01 7.600989646121072973e-02
-9.717822554068388241e-01 2.236047304096841493e-01 7.510115178531047431e-02
-9.682801835542466096e-01 2.386128761874285742e-01 7.414439802260837376e-02
-9.646008076879172277e-01 2.533686421250805898e-01 7.314111852005943104e-02
-9.607563177922645581e-01 2.678617751349967602e-01 7.209283864712320855e-02
-9.567592096137541580e-01 2.820827289781536185e-01 7.100111892815798298e-02
-9.526222314635117705e-01 2.960226677108684368e-01 6.986754824282827292e-02
-9.483583317837848137e-01 3.096734649684935170e-01 6.869373714382327745e-02
-9.439806078155945634e-01 3.230276992744587350e-01 6.748131133758580869e-02
-9.395022556747786302e-01 3.360786455915413806e-01 6.623190536980329279e-02
-9.349365221114848135e-01 3.488202633562973998e-01 6.494715655319960312e-02
-9.302966581946761071e-01 3.612471812571421137e-01 6.362869917077297599e-02
-9.255958751289500297e-01 3.733546790316595865e-01 6.227815898313174281e-02
-9.208473023765405552e-01 3.851386665694622180e-01 6.089714806406155284e-02
-9.160639482232812991e-01 3.965956606135078166e-01 5.948725998398572690e-02
-9.112586628940446687e-01 4.077227593554516027e-01 5.805006535661662304e-02
-9.064441042911542956e-01 4.185176152196677379e-01 5.658710775989608810e-02
-9.016327063988456292e-01 4.289784061263446358e-01 5.509990003833424577e-02
-8.968366503683334878e-01 4.391038055169068643e-01 5.358992099011678639e-02
-8.920678382716543675e-01 4.488929514153163769e-01 5.205861243889252366e-02
-8.873378694883732321e-01 4.583454147869393536e-01 5.050737668699765981e-02
-8.826580196675892775e-01 4.674611674430166341e-01 4.893757434403631090e-02
-8.780392221885107151e-01 4.762405497237142127e-01 4.735052252222630292e-02
-8.734920520262149379e-01 4.846842381766128804e-01 4.574749338773673873e-02
-8.690267119150398845e-01 4.927932134306585166e-01 4.412971305538546107e-02
-8.646530206903016991e-01 5.005687284483479882e-01 4.249836081252116732e-02
-8.603804036796195431e-01 5.080122773215497434e-01 4.085456865667325826e-02
-8.562178850079174008e-01 5.151255647591099773e-01 3.919942113059646238e-02
-8.521740816750456027e-01 5.219104763974922179e-01 3.753395543764669051e-02
-8.482571992617513601e-01 5.283690500493345432e-01 3.585916181997891861e-02
-8.444750291182814284e-01 5.345034479891421775e-01 3.417598418183384612e-02
-8.408349468900421231e-01 5.403159303604948560e-01 3.248532094015434829e-02
-8.373439122363112164e-01 5.458088297752382578e-01 3.078802608492152773e-02
-8.340084696008206455e-01 5.509845271622292318e-01 2.908491043189942102e-02
-8.308347498969501643e-01 5.558454289113566871e-01 2.737674305090447360e-02
-8.278284729751319571e-01 5.603939453478018473e-01 2.566425285324784589e-02
-8.249949507457180475e-01 5.646324705618421813e-01 2.394813032261456850e-02
-8.223390908368719554e-01 5.685633636109289624e-01 2.222902937432325379e-02
-8.198654006738883560e-01 5.721889311032659631e-01 2.050756932863502524e-02
-8.175779918736005847e-01 5.755114111656451925e-01 1.878433698453322101e-02
-8.154805848551136549e-01 5.785329587928100814e-01 1.705988878116091248e-02
-8.135765135759008837e-01 5.812556325710682703e-01 1.533475303486695265e-02
-8.118687303102551933e-01 5.836813827651937681e-01 1.360943224056104101e-02
-8.103598103951220599e-01 5.858120407547889874e-01 1.188440542680268587e-02
-8.090519568764030778e-01 5.876493098041356555e-01 1.016013055473881203e-02
-8.079470049968637824e-01 5.891947571480911083e-01 8.437046951651587523e-03
-8.070464264747722050e-01 5.904498073756970777e-01 6.715577770475157984e-03
-8.063513335302997520e-01 5.914157370927907165e-01 4.996132467181575026e-03
-8.058624826245218697e-01 5.920936708449685559e-01 3.279109288417895139e-03
-8.055802778835394751e-01 5.924845782826727580e-01 1.564897762194655904e-03
-8.055047741877991996e-01 5.925892725508720149e-01 -1.461188152216664170e-04
-8.056356799141124458e-01 5.924084098867286041e-01 -1.853560902774600708e-03
-8.059723593251582052e-01 5.919424904096970419e-01 -3.557050254787429838e-03
-8.065138346084029797e-01 5.911918600896247655e-01 -5.256207484033019114e-03
-8.072587875733853169e-01 5.901567138795517087e-01 -6.950649653817801699e-03
-8.082055610231883014e-01 5.888371000009617884e-01 -8.639987905177023628e-03
-8.093521598226693925e-01 5.872329253701676910e-01 -1.032382512532416599e-02
-8.106962516926250473e-01 5.853439621552404271e-01 -1.200175366360304967e-02
-8.122351677655392788e-01 5.831698554533719658e-01 -1.367335310135250198e-02
-8.139659029448920169e-01 5.807101320787225740e-01 -1.533818808230630153e-02
-8.158851161161750909e-01 5.779642104505952060e-01 -1.699580621041003187e-02
-8.179891302637672945e-01 5.749314115711535722e-01 -1.864573602223561916e-02
-8.202739325536342330e-01 5.716109710807971700e-01 -2.028748504150699669e-02
-8.227351744474187267e-01 5.680020523776900809e-01 -2.192053792360912703e-02
-8.253681719188429300e-01 5.641037607857627423e-01 -2.354435469832934918e-02
-8.281679058484138212e-01 5.599151587527335661e-01 -2.515836911946577048e-02
-8.311290226771698153e-01 5.554352820562982185e-01 -2.676198713032256621e-02
-8.342458354045700908e-01 5.506631569925831693e-01 -2.835458545448601986e-02
-8.375123250195590785e-01 5.455978185162393412e-01 -2.993551032162698744e-02
-8.409221424572673742e-01 5.402383292961552286e-01 -3.150407633839319432e-02
-8.444686111766696035e-01 5.345837996446891616e-01 -3.305956551472603866e-02
-8.481447304567331091e-01 5.286334082715775651e-01 -3.460122645614833320e-02
-8.519431795100783633e-01 5.223864238062806420e-01 -3.612827373270835474e-02
-8.558563225138472452e-01 5.158422270245232033e-01 -3.763988743531784809e-02
-8.598762146572587195e-01 5.090003337062148914e-01 -3.913521293017360042e-02
-8.639946093041253050e-01 5.018604180428586359e-01 -4.061336082178983869e-02
-8.682029663663312080e-01 4.944223365030498973e-01 -4.207340713487892070e-02
-8.724924619808467341e-01 4.866861520548323439e-01 -4.351439372488709323e-02
-8.768539995781933216e-01 4.786521586336058842e-01 -4.493532892640905718e-02
-8.812782224243114193e-01 4.703209057341164456e-01 -4.633518844795810054e-02
-8.857555277104571800e-01 4.616932229949267108e-01 -4.771291652064867106e-02
-8.902760822570140453e-01 4.527702446338331965e-01 -4.906742730724746038e-02
-8.948298398869231063e-01 4.435534335831285424e-01 -5.039760657676218419e-02
-8.994065605127912200e-01 4.340446051645921455e-01 -5.170231364826127080e-02
-9.039958309686437765e-01 4.242459501358236129e-01 -5.298038360595272445e-02
-9.085870876027746235e-01 4.141600569322149150e-01 -5.423062978569987563e-02
-9.131696406322683535e-01 4.037899329226995460e-01 -5.545184653112265188e-02
-9.177327002426198810e-01 3.931390244926323274e-01 -5.664281221523608661e-02
-9.222654043975659910e-01 3.822112357639503855e-01 -5.780229252122815603e-02
-9.267568483049217765e-01 3.710109457613488537e-01 -5.892904397349583295e-02
-9.311961154640675531e-01 3.595430238337664064e-01 -6.002181770746501527e-02
-9.355723101999622315e-01 3.478128431431907197e-01 -6.107936346404469613e-02
-9.398745915674202589e-01 3.358262920378151106e-01 -6.210043379184004148e-02
-9.440922084881454568e-01 3.235897831340335262e-01 -6.308378843750916953e-02
-9.482145359619688074e-01 3.111102599417419623e-01 -6.402819890193328645e-02
-9.522311121732083272e-01 2.983952008799777844e-01 -6.493245313722234568e-02
-9.561316762933924629e-01 2.854526205450849119e-01 -6.579536035704225405e-02
-9.599062067631166650e-01 2.722910681113095421e-01 -6.661575593037216692e-02
-9.635449598188878806e-01 2.589196227639241621e-01 -6.739250632662761864e-02
-9.670385080158053759e-01 2.453478860875081824e-01 -6.812451407816386140e-02
-9.703777784841692844e-01 2.315859713566958411e-01 -6.881072272454945293e-02
-9.735540906479254186e-01 2.176444897032892567e-01 -6.945012170171506460e-02
-9.765591931255369618e-01 2.035345331618374221e-01 -7.004175113817613652e-02
-9.793852995296848940e-01 1.892676546252536340e-01 -7.058470652003456802e-02
-9.820251228813510203e-01 1.748558447724030407e-01 -7.107814318641308970e-02
-9.844719083564981155e-01 1.603115060604124453e-01 -7.152128061738759202e-02
-9.867194640898324653e-01 1.456474239052857333e-01 -7.191340647737230751e-02
-9.887621897700655804e-01 1.308767352047739141e-01 -7.225388037828564536e-02
-9.905951027746533466e-01 1.160128943868659057e-01 -7.254213732867753617e-02
-9.922138616090901975e-01 1.010696371952455458e-01 -7.277769083732076039e-02
-9.936147864363142901e-01 8.606094244912830538e-02 -7.296013564253577000e-02
-9.947948765053938880e-01 7.100099203859140673e-02 -7.308915004170198071e-02
-9.957518243151278758e-01 5.590412943742191498e-02 -7.316449779896681826e-02
-9.964840263771349571e-01 4.078481703324997321e-02 -7.318602961305145649e-02
-9.969905904740166136e-01 2.565759258898112419e-02 -7.315368413121203783e-02
-9.972713393408005889e-01 1.053702516002898507e-02 -7.306748849978850213e-02
-9.973268107316044517e-01 -4.562329201621516742e-03 -7.292755844629270068e-02
-9.971582538677828955e-01 -1.962597162304200588e-02 -7.273409789258504510e-02
-9.967676222982077006e-01 -3.463950413388182381e-02 -7.248739810329346556e-02
-9.961575632362336119e-01 -4.958867261176273800e-02 -7.218783637816941767e-02
-9.953314034708102831e-01 -6.445940863329523152e-02 -7.183587430148276332e-02
-9.942931319805986545e-01 -7.923786992803963369e-02 -7.143205556576513737e-02
-9.930473794093811479e-01 -9.391047914986641598e-02 -7.097700339115692314e-02
-9.915993945880889893e-01 -1.084639607005427747e-01 -7.047141756524054335e-02
-9.899550183130343406e-01 -1.228853753636180574e-01 -6.991607113150306863e-02
-9.881206546111237499e-01 -1.371621525323842850e-01 -6.931180675742257269e-02
-9.861032397406882533e-01 -1.512821198434022019e-01 -6.865953281558283272e-02
-9.839102091909233128e-01 -1.652335300563335663e-01 -6.796021921316602876e-02
-9.815494629536732907e-01 -1.790050850511235303e-01 -6.721489300663860411e-02
-9.790293293483907089e-01 -1.925859568444447389e-01 -6.642463383942660837e-02
-9.763585276845713201e-01 -2.059658055582705427e-01 -6.559056924087751372e-02
-9.735461300459136158e-01 -2.191347943040304336e-01 -6.471386982483769146e-02
-9.706015224770239147e-01 -2.320836009755857521e-01 -6.379574442575947080e-02
-9.675343658468962271e-01 -2.448034269728538714e-01 -6.283743520941537097e-02
-9.643545566538858083e-01 -2.572860029049540143e-01 -6.184021279407350691e-02
-9.610721880247610205e-01 -2.695235913469402611e-01 -6.080537141641537136e-02
-9.576975111459743450e-01 -2.815089867472760909e-01 -5.973422417459683248e-02
-9.542408973488812896e-01 -2.932355126039872251e-01 -5.862809837871063579e-02
-9.507128010526016970e-01 -3.046970160457584398e-01 -5.748833103654944071e-02
-9.471237237489245064e-01 -3.158878599700183365e-01 -5.631626450004008355e-02
-9.434841791934447386e-01 -3.268029129032419822e-01 -5.511324229506783801e-02
-9.398046599463434347e-01 -3.374375367592917785e-01 -5.388060515467962136e-02
-9.360956053851933190e-01 -3.477875726796644251e-01 -5.261968727288950792e-02
-9.323673712912026179e-01 -3.578493251450929891e-01 -5.133181279354894627e-02
-9.286302010896755332e-01 -3.676195445511945548e-01 -5.001829254602376679e-02
-9.248941988054208974e-01 -3.770954084418950414e-01 -4.868042103677362731e-02
-9.211693037745972701e-01 -3.862745015933790049e-01 -4.731947370338519809e-02
-9.174652671362335532e-01 -3.951547951384873913e-01 -4.593670443519256436e-02
-9.137916301095660998e-01 -4.037346249170222778e-01 -4.453334336234726631e-02
-9.101577040475048452e-01 -4.120126692315190242e-01 -4.311059491309164604e-02
-9.065725522420822191e-01 -4.199879261809257303e-01 -4.166963613705446101e-02
-9.030449734447075771e-01 -4.276596907364913491e-01 -4.021161529063484869e-02
-8.995834870524875848e-01 -4.350275317152146326e-01 -3.873765067897369518e-02
-8.961963199017896065e-01 -4.420912687966361276e-01 -3.724882974763094740e-02
-8.935825934657357639e-01 -4.476917292772272794e-01 -3.289792177419937486e-02
-8.913203968340557282e-01 -4.524742065025465498e-01 -2.854911041735255783e-02
-8.894224826130433526e-01 -4.564448025518441088e-01 -2.420327917930792730e-02
-8.878993512520988451e-01 -4.596088373767481805e-01 -1.986121202028003074e-02
-8.867592793506238191e-01 -4.619707859198715072e-01 -1.552361275851831673e-02
-8.860083441049187991e-01 -4.635342296275499208e-01 -1.119112482210700768e-02
-8.856504433310444790e-01 -4.643018221720092154e-01 -6.864351245682129461e-03
-8.856873106697539244e-01 -4.642752692255002755e-01 -2.543874812617153910e-03
-8.861185257481848376e-01 -4.634553221638652021e-01 1.769721751659949702e-03
-8.869415192402011483e-01 -4.618417856163235524e-01 6.075835626808634427e-03
-8.881515729334127363e-01 -4.594335388187504310e-01 1.037382387641537160e-02
-8.897418150763179989e-01 -4.562285707661209999e-01 1.466298365179756133e-02
-8.917032114440051060e-01 -4.522240291929122691e-01 1.894253271838376024e-02
-8.940245527255553659e-01 -4.474162834349004192e-01 2.321159040883530658e-02
-8.966924390006332235e-01 -4.418010012388272623e-01 2.746915911567529220e-02
-8.996912622363215650e-01 -4.353732395847395575e-01 3.171410644662606831e-02
-9.030031878972708537e-01 -4.281275495664314534e-01 3.594514817785408878e-02
-9.066081369214125107e-01 -4.200580953354618452e-01 4.016083215354598196e-02
-9.104837694680379956e-01 -4.111587870509980092e-01 4.435952329428941715e-02
-9.146054719925685861e-01 -4.014234276888358766e-01 4.853938989113093516e-02
-9.185889333287062808e-01 -3.920717570043977807e-01 4.974051718423001811e-02
-9.225711205892761502e-01 -3.824530624948387358e-01 5.091357996807274744e-02
-9.265424562628200578e-01 -3.725709405751429504e-01 5.205747998467715604e-02
-9.304933034863495100e-01 -3.624293799824142570e-01 5.317111051066044508e-02
-9.344139918276238577e-01 -3.520327758042935407e-01 5.425335931015837915e-02
-9.382948442904472941e-01 -3.413859420442545423e-01 5.530311178210638168e-02
-9.421262054629638838e-01 -3.304941225750639422e-01 5.631925428978619419e-02
-9.458984707126861791e-01 -3.193630003363330250e-01 5.730067765844909511e-02
-9.496021163157434275e-01 -3.079987046385549432e-01 5.824628082473415347e-02
-9.532277303917962019e-01 -2.964078164443713637e-01 5.915497461953595632e-02
-9.567660445004746439e-01 -2.845973715080787336e-01 6.002568566397212951e-02
-9.602079657403028712e-01 -2.725748612665659376e-01 6.085736035618921624e-02
-9.635446091771269206e-01 -2.603482313889400324e-01 6.164896892495923264e-02
-9.667673304163224568e-01 -2.479258779079772379e-01 6.239950952439256987e-02
-9.698677581217766130e-01 -2.353166408741277360e-01 6.310801234265904502e-02
-9.728378262750603245e-01 -2.225297954919610577e-01 6.377354369640024501e-02
-9.756698059605617424e-01 -2.095750407194877651e-01 6.439521008156338933e-02
-9.783563364568522713e-01 -1.964624853325152576e-01 6.497216215071750789e-02
-9.808904554113898611e-01 -1.832026314788433863e-01 6.550359858655180334e-02
-9.832656278749796197e-01 -1.698063557704007354e-01 6.598876984122337142e-02
-9.854757739743362777e-01 -1.562848879850584349e-01 6.642698171153341158e-02
-9.875152950056954593e-01 -1.426497874735115634e-01 6.681759872057747851e-02
-9.893790977397443065e-01 -1.289129173899449532e-01 6.716004727754139314e-02
-9.910626167381657581e-01 -1.150864168878523580e-01 6.745381858869711755e-02
-9.925618344947579885e-01 -1.011826714440047098e-01 6.769847129438591460e-02
-9.938732992292891311e-01 -8.721428149381828254e-02 6.789363380884290422e-02
-9.949941401798166885e-01 -7.319402957992728054e-02 6.803900634209779363e-02
-9.959220802589345833e-01 -5.913484623230709503e-02 6.813436258585314764e-02
-9.966554459610618144e-01 -4.504977481254335975e-02 6.817955104816136869e-02
-9.971931744311615109e-01 -3.095193556655186085e-02 6.817449602485582683e-02
-9.975348176298579617e-01 -1.685448913902075352e-02 6.811919819899800443e-02
-9.976805435554517709e-01 -2.770599808911410403e-03 6.801373486303433080e-02
-9.976311345094477367e-01 1.128660129159079345e-02 6.785825976186458941e-02
-9.973879824185242216e-01 2.530405271229384245e-02 6.765300255855812017e-02
-9.969530812520008833e-01 3.926879871507731046e-02 6.739826792796219102e-02
-9.963290165994209691e-01 5.316802454560993346e-02 6.709443428687944522e-02
-9.955189524974807913e-01 6.698909070247485720e-02 6.674195217279804693e-02
-9.945266156188666828e-01 8.071956597120788501e-02 6.634134228629307017e-02
-9.933562769572732432e-01 9.434725900503365681e-02 6.589319321513810446e-02
-9.920127311626865119e-01 1.078602482506625798e-01 6.539815886083273633e-02
-9.905012736986689159e-01 1.212469100361057150e-01 6.485695559063273108e-02
-9.888276760086792683e-01 1.344959446577676798e-01 6.427035914023597474e-02
-9.869981588912305481e-01 1.475964003257562718e-01 6.363920129400923997e-02
-9.850193642938297467e-01 1.605376948490589706e-01 6.296436637102230394e-02
-9.828983257430854437e-01 1.733096349656276791e-01 6.224678754617905124e-02
-9.806424376331038806e-01 1.859024332461357010e-01 6.148744303639819969e-02
-9.782594235963518736e-01 1.983067225238822062e-01 6.068735218210336707e-02
-9.757573041806253400e-01 2.105135678266931709e-01 5.984757145424333263e-02
-9.731443640527428496e-01 2.225144758093975661e-01 5.896919041669461403e-02
-9.704291189442372234e-01 2.343014017072648780e-01 5.805332767321955828e-02
-9.676202825468347424e-01 2.458667538514232032e-01 5.710112682718913868e-02
-9.647267335560978374e-01 2.572033958065220727e-01 5.611375248105775898e-02
-9.617574830504943550e-01 2.683046462085784678e-01 5.509238630112837931e-02
-9.587216423805952070e-01 2.791642763969057750e-01 5.403822317150244053e-02
-9.556283917293385555e-01 2.897765059481666738e-01 5.295246745930333454e-02
-9.524869494895922273e-01 3.001359962328424835e-01 5.183632941132897826e-02
-9.493065425898559173e-01 3.102378421247390938e-01 5.069102170026085902e-02
-9.460963778831064097e-01 3.200775620025524404e-01 4.951775613646706986e-02
-9.428656146977538732e-01 3.296510861890226685e-01 4.831774055931561257e-02
-9.396233386336541038e-01 3.389547439778755056e-01 4.709217591979109746e-02
-9.357532219535258378e-01 3.492590744757120280e-01 4.882639294491684934e-02
-9.316430538031782449e-01 3.598467199945472039e-01 5.051305476526394417e-02
-9.272863097826469225e-01 3.707025332255101668e-01 5.215114557728162820e-02
-9.226767733310089481e-01 3.818109789833155632e-01 5.373973259593275986e-02
-9.178085782729844544e-01 3.931561654961921448e-01 5.527796935285655966e-02
-9.126762491605470151e-01 4.047218781232455598e-01 5.676509876205527300e-02
-9.072747391170457032e-01 4.164916153713000835e-01 5.820045591749860303e-02
-9.015994649085304902e-01 4.284486270508477967e-01 5.958347058866310386e-02
-8.956463389877502568e-01 4.405759543797884703e-01 6.091366938217802202e-02
-8.894117982804821132e-01 4.528564718147149448e-01 6.219067754040918244e-02
-8.828928295112093982e-01 4.652729303630936397e-01 6.341422035094350373e-02
-8.760869908953723417e-01 4.778080021062831029e-01 6.458412414449314631e-02
-8.689924300580851302e-01 4.904443256433501097e-01 6.570031686266686322e-02
-8.616078980739042548e-01 5.031645521494416684e-01 6.676282818129505858e-02
-8.539327595584463859e-01 5.159513917303490960e-01 6.777178917947612735e-02
-8.459669987798659196e-01 5.287876597470696494e-01 6.872743154916177710e-02
-8.377112217958473384e-01 5.416563227807674741e-01 6.963008634484166293e-02
-8.291666546592771914e-01 5.545405439096050548e-01 7.048018227764402122e-02
-8.203351377725629501e-01 5.674237269744168977e-01 7.127824356286147078e-02
-8.112191165061012343e-01 5.802895595200078249e-01 7.202488733446263391e-02
-8.027416467377148646e-01 5.921823882030941011e-01 7.018461312303628241e-02
-7.943197261338641457e-01 6.036446456895706580e-01 6.833247098639672057e-02
-7.859693852569770156e-01 6.146819029492505138e-01 6.647026236726069626e-02
-7.777059455677598487e-01 6.253002116549694067e-01 6.459968776642939503e-02
-7.695440148989649565e-01 6.355060412925300772e-01 6.272234624738037834e-02
-7.614974872204581802e-01 6.453062184932335521e-01 6.083973552599276219e-02
-7.535795462924683719e-01 6.547078688193466167e-01 5.895325259332057088e-02
-7.458026728060985766e-01 6.637183611837916830e-01 5.706419481970397001e-02
-7.381786546170120422e-01 6.723452550397820415e-01 5.517376148950119130e-02
-7.307185996889585811e-01 6.805962504343131547e-01 5.328305571724133161e-02
-7.234329513777902898e-01 6.884791409815136376e-01 5.139308669794851597e-02
-7.163315057031849342e-01 6.960017697779042889e-01 4.950477224668543147e-02
-7.094234302738516851e-01 7.031719882515974351e-01 4.761894158492965129e-02
-7.027172845519882305e-01 7.099976179112997832e-01 4.573633833415686328e-02
-6.962210411637059781e-01 7.164864149385160585e-01 4.385762367989604060e-02
-6.899421079835997839e-01 7.226460375474138553e-01 4.198337967248522845e-02
-6.838873507432406962e-01 7.284840160211820681e-01 4.011411263374266289e-02
-6.780631159347907388e-01 7.340077253211634289e-01 3.825025664173360707e-02
-6.724752538019056480e-01 7.392243601553188936e-01 3.639217706872237279e-02
-6.671291412303878010e-01 7.441409123854360042e-01 3.454017415022214710e-02
-6.620297043705026807e-01 7.487641506476638842e-01 3.269448656576832979e-02
-6.571814408413380049e-01 7.531006020582031724e-01 3.085529501462601007e-02
-6.525884413849774024e-01 7.571565358750547148e-01 2.902272577208517973e-02
-6.482544108545051920e-01 7.609379489874068536e-01 2.719685421428882921e-02
-6.441826884349267646e-01 7.644505531063069403e-01 2.537770830167335873e-02
-6.403762670099624188e-01 7.676997635335145453e-01 2.356527201307498723e-02
-6.368378116003660105e-01 7.706906893896903199e-01 2.175948872436975212e-02
-6.335696768109504440e-01 7.734281251881713892e-01 1.996026452717019478e-02
-6.305739232339200306e-01 7.759165436463689725e-01 1.816747148460243905e-02
-6.278523327654570441e-01 7.781600896331641870e-01 1.638095082253786944e-02
-6.254064228008551218e-01 7.801625751574609025e-01 1.460051605585972918e-02
-6.232374592808939129e-01 7.819274753101695952e-01 1.282595605041304127e-02
-6.213464685686882483e-01 7.834579250792640392e-01 1.105703802222311564e-02
-6.197342481419906290e-01 7.847567169650903063e-01 9.293510476380228286e-03
-6.184013760909580215e-01 7.858262993307587596e-01 7.535106088682804772e-03
-6.173482194157920988e-01 7.866687754301517899e-01 5.781544533715130690e-03
-6.165749411225038834e-01 7.872859030637988642e-01 4.032535263514471814e-03
-6.160815061184203856e-01 7.876790948205637521e-01 2.287780241362352522e-03
