1.000000000000000000e+00 0.000000000000000000e+00 0.000000000000000000e+00
9.999938233376645114e-01 1.450792760961178412e-03 -3.201335339276036116e-03
9.999732347195795512e-01 3.564112365143480045e-03 -6.389607421757505928e-03
9.999341998521112940e-01 6.336918312779117254e-03 -9.562408460066069982e-03
9.998714430554194177e-01 9.765617377146224715e-03 -1.271732689566718033e-02
9.997784771070433729e-01 1.384604469472748914e-02 -1.585194616705076082e-02
9.996476381569527891e-01 1.857344114751653327e-02 -1.896384388464027876e-02
9.994701257600669964e-01 2.394242742654921138e-02 -2.205059147696813299e-02
9.992360480707159764e-01 2.994697522036694065e-02 -2.510975436761342383e-02
9.989344722359779771e-01 3.658037602412641393e-02 -2.813889273660595547e-02
9.985534800107873643e-01 4.383520811387869864e-02 -3.113556291344667451e-02
9.980802285967896870e-01 5.170330227549039398e-02 -3.409731944157588096e-02
9.975010166789094468e-01 6.017570691803185434e-02 -3.702171784604351562e-02
9.968013555984325258e-01 6.924265323640388381e-02 -3.990631812732073347e-02
9.959660455592089789e-01 7.889352111665438871e-02 -4.274868899467588329e-02
9.949792567146724664e-01 8.911680649895468986e-02 -4.554641284237615634e-02
9.938246149282596864e-01 9.990009092665891322e-02 -4.829709146124570862e-02
9.924852919392307404e-01 1.112300140143768906e-01 -5.099835246691118706e-02
9.909440996007675695e-01 1.230922495627240487e-01 -5.364785641451972481e-02
9.891835877887046324e-01 1.354714860316339198e-01 -5.624330455796921341e-02
9.871861455086625714e-01 1.483514120572219930e-01 -5.878244719991610606e-02
9.849341046582136272e-01 1.617147076587330812e-01 -6.126309256721299001e-02
9.824098458306772530e-01 1.755430417318511183e-01 -6.368311613518543024e-02
9.795959054799916466e-01 1.898170763626027824e-01 -6.604047031350890329e-02
9.764750837036898501e-01 2.045164784225141641e-01 -6.833319439662355332e-02
9.730305518452028180e-01 2.196199388211459436e-01 -7.055942467286270559e-02
9.692459590693662808e-01 2.351051996975027925e-01 -7.271740457900234544e-02
9.651055370278910361e-01 2.509490897282679045e-01 -7.480549478098257044e-02
9.605942017062918392e-01 2.671275676198356375e-01 -7.682218305731143559e-02
9.556976515317705534e-01 2.836157737344757734e-01 -7.876609385930938290e-02
9.504024608239759475e-01 3.003880896806881973e-01 -8.063599742203145238e-02
9.446961676882527081e-01 3.174182055761388122e-01 -8.243081830151199885e-02
9.385673554844289335e-01 3.346791945709079452e-01 -8.414964321796723767e-02
9.320057270534615190e-01 3.521435941016310966e-01 -8.579172809076428263e-02
9.250021709490309219e-01 3.697834932359965743e-01 -8.735650415926868306e-02
9.175488190007005107e-01 3.875706253644597421e-01 -8.884358309400700038e-02
9.096390946283509082e-01 4.054764654042934402e-01 -9.025276101476231716e-02
9.012677514327013251e-01 4.234723306023616130e-01 -9.158402134604427813e-02
8.924309017019064205e-01 4.415294839591495379e-01 -9.283753645557786538e-02
8.831260345972296033e-01 4.596192392491371681e-01 -9.401366803773521241e-02
8.733520239091630000e-01 4.777130665826955780e-01 -9.511296622085767261e-02
8.631091254064422458e-01 4.957826974430192268e-01 -9.613616739482559737e-02
8.523989639314429878e-01 5.138002281384140835e-01 -9.708419077266355890e-02
8.412245105237156073e-01 5.317382206353138407e-01 -9.795813371705239248e-02
8.295900499762413061e-01 5.495697997799999790e-01 -9.875926587900045461e-02
8.175011393438835761e-01 5.672687459760246131e-01 -9.948902221127114975e-02
8.049645580281986623e-01 5.848095824582590918e-01 -1.001489949331703100e-01
7.919882501552968357e-01 6.021676563914400981e-01 -1.007409245357028804e-01
7.785812600422006291e-01 6.193192131189245719e-01 -1.012666899267000292e-01
7.647536616109147367e-01 6.362414629937351851e-01 -1.017282978241319247e-01
7.505164826573986758e-01 6.529126403364121645e-01 -1.021278715123508790e-01
7.358816249144364274e-01 6.693120541801483858e-01 -1.024676390804035025e-01
7.208617808630617407e-01 6.854201305806871813e-01 -1.027499212638121884e-01
7.054703482471449405e-01 7.012184463840919202e-01 -1.029771190114120022e-01
6.897213432307633951e-01 7.166897544575329126e-01 -1.031517008970418009e-01
6.736293131091541930e-01 7.318180004946495121e-01 -1.032761904922741558e-01
6.572092494427470566e-01 7.465883316060861752e-01 -1.033531538111066711e-01
6.404765024315594024e-01 7.609870969960051967e-01 -1.033851869308350657e-01
6.234466972858108136e-01 7.750018411055912271e-01 -1.033749038854130248e-01
6.061356532797791408e-01 7.886212896739609457e-01 -1.033249249187128960e-01
5.885593061014972038e-01 8.018353292249501552e-01 -1.032378651754773946e-01
5.707336340326828461e-01 8.146349805347690154e-01 -1.031163238976347957e-01
5.526745884130306319e-01 8.270123666705502252e-01 -1.029628741832682992e-01
5.343980287622990266e-01 8.389606762136946339e-01 -1.027800533551001677e-01
5.159196628539783891e-01 8.504741222951741619e-01 -1.025703539750690424e-01
4.972549919570324883e-01 8.615478980733057845e-01 -1.023362155316195343e-01
4.784192613884029610e-01 8.721781292788228779e-01 -1.020800168168368716e-01
4.594274164495863455e-01 8.823618244383060194e-01 -1.018040690016707439e-01
4.402940637563795279e-01 8.920968233662340818e-01 -1.015106094093012751e-01
4.210334379123946147e-01 9.013817444891407682e-01 -1.012017959792795574e-01
4.016593734245386127e-01 9.102159315336867396e-01 -1.008797024084755051e-01
3.821852817125406809e-01 9.185994000749297950e-01 -1.005463139491149932e-01
3.626241330248373695e-01 9.265327844026970405e-01 -1.002035238392926103e-01
3.429884430396160089e-01 9.340172851236672180e-01 -9.985313033729695253e-02
3.232902639023665370e-01 9.410546178754214397e-01 -9.949683432785492998e-02
3.035411794296119514e-01 9.476469634870766656e-01 -9.913623746595356945e-02
2.837523041922145328e-01 9.537969198798641468e-01 -9.877284082218257266e-02
2.639342861803609108e-01 9.595074559607187359e-01 -9.840804399250327461e-02
2.440973127455586256e-01 9.647818677230985962e-01 -9.804314463492894149e-02
2.242511195122452172e-01 9.696237367322336764e-01 -9.767933839573210431e-02
2.044050019524263906e-01 9.740368911371088956e-01 -9.731771918841226887e-02
1.845678293206350074e-01 9.780253693189396857e-01 -9.695927978969576255e-02
1.652968042641675406e-01 9.815457589555893758e-01 -9.615039396731397958e-02
1.461148552355676644e-01 9.846561026381293047e-01 -9.540868612529668225e-02
1.270173583609288670e-01 9.873661929335024734e-01 -9.473436851585387286e-02
1.079991794919597098e-01 9.896848916542567709e-01 -9.412758035588741912e-02
8.905474359736073597e-02 9.916201259790651257e-01 -9.358839342431145292e-02
7.017810164224663749e-02 9.931788869502434780e-01 -9.311681701133592282e-02
5.136299514143850831e-02 9.943672300145076637e-01 -9.271280222315829433e-02
3.260291859253347524e-02 9.951902773201570795e-01 -9.237624564760693602e-02
1.389118000993118038e-02 9.956522215297300971e-01 -9.210699238785921561e-02
-4.779040208067911882e-03 9.957563309518198125e-01 -9.190483847251014471e-02
-2.341463183996931804e-02 9.955049558391206865e-01 -9.176953265107998248e-02
-4.202249858704705521e-02 9.948995357418778385e-01 -9.170077758460561113e-02
-6.060950276188754871e-02 9.939406078467722949e-01 -9.169823044133849910e-02
-7.918241067980133496e-02 9.926278162709383235e-01 -9.176150290784733377e-02
-9.774783851928162126e-02 9.909599223193440443e-01 -9.189016062606741864e-02
-1.163121984264213205e-01 9.889348157512355408e-01 -9.208372206712016339e-02
-1.348816446497372590e-01 9.865495271378023068e-01 -9.234165685311035432e-02
-1.534620195062105508e-01 9.838002414287072561e-01 -9.266338353866006294e-02
-1.720587989966037845e-01 9.806823128796461342e-01 -9.304826686471762143e-02
-1.906770379083720379e-01 9.771902815266321207e-01 -9.349561449824812798e-02
-2.093213142678961303e-01 9.733178914251678915e-01 -9.400467327282591157e-02
-2.279956730305177648e-01 9.690581109037468277e-01 -9.457462494696608490e-02
-2.467035689271530052e-01 9.644031551110235911e-01 -9.520458149930485781e-02
-2.654478084203258370e-01 9.593445111642625589e-01 -9.589357998251858695e-02
-2.842304907605245345e-01 9.538729662329662462e-01 -9.664057696120645358e-02
-3.030529481760569355e-01 9.479786389154948312e-01 -9.744444256289415407e-02
-3.219156852762637966e-01 9.416510142874970901e-01 -9.830395417588339013e-02
-3.408183177992005763e-01 9.348789830184828231e-01 -9.921778983290280296e-02
-3.597595108908166472e-01 9.276508849661754263e-01 -1.001845213254300426e-01
-3.787369171632752329e-01 9.199545576665922875e-01 -1.012026071001592281e-01
-3.977471148452872418e-01 9.117773901402126402e-01 -1.022703849963756545e-01
-4.167855464069820659e-01 9.031063824301319709e-01 -1.033860648909449981e-01
-4.358464581155589435e-01 8.939282112756899989e-01 -1.045477213261815502e-01
-4.549228410552214608e-01 8.842293023035818766e-01 -1.057532862049579692e-01
-4.740063742249691625e-01 8.739959090867367442e-01 -1.070005416469601706e-01
-4.930873704097308852e-01 8.632141993780900746e-01 -1.082871131098438883e-01
-5.121547256028544659e-01 8.518703487706202893e-01 -1.096104628890508109e-01
-5.311958728396070084e-01 8.399506419655623501e-01 -1.109678841199887023e-01
-5.501967413802857365e-01 8.274415817465576861e-01 -1.123564954159298468e-01
-5.691417222556781619e-01 8.143300056578531843e-01 -1.137732362840525174e-01
-5.877003920253085489e-01 8.011121119594415418e-01 -1.132591748036096274e-01
-6.058544944943592414e-01 7.875505866395157151e-01 -1.127138516044415145e-01
-6.235950627340159924e-01 7.736633210541489225e-01 -1.121350556721923547e-01
-6.409135789305462350e-01 7.594688559155661212e-01 -1.115206192426979881e-01
-6.578020226106182644e-01 7.449863743559959062e-01 -1.108684279053261806e-01
-6.742529190752764023e-01 7.302356896623328764e-01 -1.101764305241423464e-01
-6.902593874537716889e-01 7.152372276066519818e-01 -1.094426489152113546e-01
-7.058151877784016870e-01 7.000120033612150516e-01 -1.086651872167177513e-01
-7.209147664787965981e-01 6.845815930520156023e-01 -1.078422408878757371e-01
-7.355532996990974404e-01 6.689681000711722447e-01 -1.069721052728696137e-01
-7.497267338544704174e-01 6.531941163345872381e-01 -1.060531836673598433e-01
-7.634318228644970672e-01 6.372826787361470791e-01 -1.050839948274322477e-01
-7.766661615301232446e-01 6.212572211122426857e-01 -1.040631798642564498e-01
-7.894282145578136456e-01 6.051415220894025282e-01 -1.029895084721309945e-01
-8.017173407789492945e-01 5.889596492422582985e-01 -1.018618844429768078e-01
-8.135338121637468722e-01 5.727359000378645648e-01 -1.006793504266246669e-01
-8.248788272863456505e-01 5.564947400845969838e-01 -9.944109190333151604e-02
-8.357545189603158287e-01 5.402607392386189478e-01 -9.814644034273758977e-02
-8.461639558306792708e-01 5.240585061475236950e-01 -9.679487553180775306e-02
-8.561111377784902388e-01 5.079126218286754701e-01 -9.538602706303717094e-02
-8.656009850658979987e-01 4.918475728886251286e-01 -9.391967498318357088e-02
-8.746393212221733604e-01 4.758876849895816163e-01 -9.239574961184843227e-02
-8.832328497431648495e-01 4.600570571593001756e-01 -9.081433054819953998e-02
-8.913891247468238577e-01 4.443794975221155852e-01 -8.917564489283835716e-02
-8.991165157946161557e-01 4.288784610016141419e-01 -8.748006472010796952e-02
-9.064241671517142551e-01 4.135769895101865101e-01 -8.572810384385981530e-02
-9.133219518168456119e-01 3.984976550981847443e-01 -8.392041392671337197e-02
-9.198204207046969394e-01 3.836625064865120671e-01 -8.205777998903386605e-02
-9.259307474091328372e-01 3.690930193522093394e-01 -8.014111537912001204e-02
-9.316646690136390907e-01 3.548100506780589303e-01 -7.817145627035965161e-02
-9.370344234459815347e-01 3.408337974155577488e-01 -7.614995575432241537e-02
-9.420526838968880101e-01 3.271837596469896470e-01 -7.407787760088545281e-02
-9.467324908376131276e-01 3.138787083679303036e-01 -7.195658975752426689e-02
-9.510871821786807123e-01 3.009366579474859749e-01 -6.978755765986170700e-02
-9.551303221122365850e-01 2.883748432609828383e-01 -6.757233742449185454e-02
-9.588756291737385862e-01 2.762097014296968078e-01 -6.531256899303708452e-02
-9.623369040457334656e-01 2.644568580454435547e-01 -6.300996929342961295e-02
-9.655279576078943382e-01 2.531311177052325001e-01 -6.066632548061860752e-02
-9.684625397140670389e-01 2.422464586333918646e-01 -5.828348831438816963e-02
-9.711542691495941293e-01 2.318160311261343587e-01 -5.586336572683463231e-02
-9.736165651914806540e-01 2.218521595168599370e-01 -5.340791662640350518e-02
-9.758625811608625522e-01 2.123663473298617321e-01 -5.091914497933837380e-02
-9.779051403225510475e-01 2.033692852656653893e-01 -4.839909420305716498e-02
-9.797566744509327297e-01 1.948708616430261942e-01 -4.584984189945352784e-02
-9.814291653459275011e-01 1.868801749105663268e-01 -4.327349494952521108e-02
-9.829340895477005624e-01 1.794055478349922406e-01 -4.067218498415447331e-02
-9.842823664649787974e-01 1.724545429725485857e-01 -3.804806423939547516e-02
-9.854843100996154570e-01 1.660339790355345457e-01 -3.540330179834129398e-02
-9.865495845198974934e-01 1.601499477759689705e-01 -3.274008021561859716e-02
-9.874871632072945715e-01 1.548078310234471677e-01 -3.006059251485338618e-02
-9.883052923761278530e-01 1.500123175334581171e-01 -2.736703954411864523e-02
-9.890114583431103279e-01 1.457674193254868966e-01 -2.466162766945765444e-02
-9.896123590039107576e-01 1.420764872166687398e-01 -2.194656678211077266e-02
-9.901138794567757584e-01 1.389422252861423901e-01 -1.922406859108618388e-02
-9.905210717986762115e-01 1.363667040371376871e-01 -1.649634516922782526e-02
-9.908381391072397237e-01 1.343513720578013160e-01 -1.376560771796157649e-02
-9.910684236116286128e-01 1.328970660174075835e-01 -1.103406551345427131e-02
-9.912143990472273014e-01 1.320040188715262408e-01 -8.303924995005502324e-03
-9.912776671821634800e-01 1.316718661875510288e-01 -5.577388955112276558e-03
-9.912589584979314417e-01 1.318996505403700614e-01 -2.856655789801716260e-03
-9.911581370013189396e-01 1.326858239665330563e-01 -1.439187675149528924e-04
-9.909742091400531860e-01 1.340282485037022353e-01 2.558634724957516496e-03
-9.907053367896684337e-01 1.359241948801293287e-01 5.248824000248190381e-03
-9.903488542736655909e-01 1.383703394560503452e-01 7.924475991394853633e-03
-9.899012893726961693e-01 1.413627595549003246e-01 1.058342631377058238e-02
-9.893583882709161559e-01 1.448969273567882188e-01 1.322352050343834039e-02
-9.887151443785053839e-01 1.489677025593942605e-01 1.584261546466298951e-02
-9.879658309583629894e-01 1.535693240420145933e-01 1.843858115610283802e-02
-9.871040374719691757e-01 1.586954007965223346e-01 2.100930254154552770e-02
-9.861227095441865709e-01 1.643389024141839183e-01 2.355268182697346085e-02
-9.850141924292866724e-01 1.704921494392011294e-01 2.606664100127144973e-02
-9.837702778407212412e-01 1.771468039181808285e-01 2.854912469305902201e-02
-9.823822539851827518e-01 1.842938604891154741e-01 3.099810335098300909e-02
-9.808409586174723360e-01 1.919236383635463117e-01 3.341157674939096434e-02
-9.791368349068505506e-01 2.000257745610653226e-01 3.578757781567789426e-02
-9.772599898782076133e-01 2.085892187559074684e-01 3.812417676982020331e-02
-9.752002551629578297e-01 2.176022300908528051e-01 4.041948556075151966e-02
-9.729472497655086149e-01 2.270523763038163056e-01 4.267166257837164134e-02
-9.704904445220274845e-01 2.369265354972305004e-01 4.487891761419499081e-02
-9.678192278996308184e-01 2.472109008595838042e-01 4.703951703802657786e-02
-9.654357552594156067e-01 2.565370311750822530e-01 4.607122326694645942e-02
-9.630170629253768100e-01 2.656432901540435876e-01 4.507529670865205451e-02
-9.605703543783753462e-01 2.745249589276035906e-01 4.405274827153760758e-02
-9.581028280179489931e-01 2.831776462551660045e-01 4.300459247044742528e-02
-9.556216558402707006e-01 2.915972814944839953e-01 4.193184513189743279e-02
-9.531339628870826308e-01 2.997801065353550287e-01 4.083552122440230886e-02
-9.506468075209772994e-01 3.077226667962637552e-01 3.971663282155826757e-02
-9.481671625728079755e-01 3.154218013852978508e-01 3.857618720422320568e-02
-9.457018973976641929e-01 3.228746325276793949e-01 3.741518510685239163e-02
-9.432577608668291091e-01 3.300785543623609430e-01 3.623461911180089062e-02
-9.408413653145268896e-01 3.370312212094030424e-01 3.503547219420374836e-02
-9.384591714501423487e-01 3.437305354083505793e-01 3.381871641890056568e-02
-9.361174742390062642e-01 3.501746348256428720e-01 3.258531178978951032e-02
-9.338223897478370450e-01 3.563618801263020996e-01 3.133620525098276127e-02
-9.315798429445479867e-01 3.622908419018326942e-01 3.007232983819492153e-02
-9.293955564363894917e-01 3.679602877425073304e-01 2.879460397793114773e-02
-9.272750401253213592e-01 3.733691693380934984e-01 2.750393093125355973e-02
-9.252235817550944486e-01 3.785166096866601770e-01 2.620119837819372827e-02
-9.232462383207745704e-01 3.834018904864719413e-01 2.488727813824447369e-02
-9.213478283083402776e-01 3.880244397811876689e-01 2.356302602180423630e-02
-9.195329247295283004e-01 3.923838199236985291e-01 2.222928180695926681e-02
-9.178058489152485233e-01 3.964797159190159292e-01 2.088686933556957448e-02
-9.161706650296308485e-01 4.003119242017044721e-01 1.953659672227003180e-02
-9.146311752660587491e-01 4.038803418984897031e-01 1.817925666970404697e-02
-9.131909156863617927e-01 4.071849566218900263e-01 1.681562688306913883e-02
-9.118531526646395102e-01 4.102258368360587881e-01 1.544647057686676997e-02
-9.106208798979410490e-01 4.130031228314968716e-01 1.407253706660798603e-02
-9.094968159471826796e-01 4.155170183409295226e-01 1.269456243812685722e-02
-9.084834022732176662e-01 4.177677828244417690e-01 1.131327028709049054e-02
-9.075828017348328558e-01 4.197557244479478977e-01 9.929372521262939608e-03
-9.067968975175997315e-01 4.214811937752295234e-01 8.543570218075965603e-03
-9.061272924649163008e-01 4.229445781901154389e-01 7.156554530078293626e-03
-9.055753087851975414e-01 4.241462970618902206e-01 5.769007630872763359e-03
-9.051419881119774358e-01 4.250867976636961698e-01 4.381603694204052289e-03
-9.048280918966322695e-01 4.257665518505273083e-01 2.995009898925416608e-03
-9.046341021164923113e-01 4.261860535003877959e-01 1.609887452648320469e-03
-9.045602222842428208e-01 4.263458167192878401e-01 2.268926269617145552e-04
-9.046063787476956719e-01 4.262463748079596826e-01 -1.153322202803774236e-03
-9.047722222722041074e-01 4.258882799854764589e-01 -2.530107520198775738e-03
-9.050571299011702653e-01 4.252721038623314964e-01 -3.902815639501217189e-03
-9.054602070932267210e-01 4.243984386529642272e-01 -5.270799693522603552e-03
-9.059802901377304041e-01 4.232678991151846426e-01 -6.633412644009987688e-03
-9.066159488531636557e-01 4.218811252014343371e-01 -7.990006321174246071e-03
-9.073654895758663796e-01 4.202387854043099780e-01 -9.339930498766409878e-03
-9.082269584491955428e-01 4.183415807762537186e-01 -1.068253201100979877e-02
-9.091981450257049513e-01 4.161902496007672814e-01 -1.201715391757500473e-02
-9.102765861972214045e-01 4.137855726899247188e-01 -1.334313472265545586e-02
-9.114595704697552314e-01 4.111283792803331338e-01 -1.465980765406131245e-02
-9.127441426019802240e-01 4.082195534970156081e-01 -1.596650000809625089e-02
-9.141271086275438718e-01 4.050600413519638843e-01 -1.726253256581281384e-02
-9.156050412826852725e-01 4.016508582413297890e-01 -1.854721908605447625e-02
-9.171742858615359317e-01 3.979930969023988685e-01 -1.981986588048372661e-02
-9.188309665220237843e-01 3.940879357886248879e-01 -2.107977147556203135e-02
-9.205709930654839557e-01 3.899366478181097162e-01 -2.232622636618689788e-02
-9.223900682128767237e-01 3.855406094480069989e-01 -2.355851286540029330e-02
-9.242836953999045146e-01 3.809013100244281746e-01 -2.477590505425860193e-02
-9.262471871123008071e-01 3.760203613545579637e-01 -2.597766883559477977e-02
-9.282756737811108660e-01 3.708995074448730445e-01 -2.716306209500586599e-02
-9.303641132558976290e-01 3.655406343466293673e-01 -2.833133497196174688e-02
-9.325073008714743761e-01 3.599457800471780322e-01 -2.948173024345235663e-02
-9.346998801209930319e-01 3.541171443432215571e-01 -3.061348382206959678e-02
-9.369363539450010769e-01 3.480570986298737735e-01 -3.172582536985626284e-02
-9.392110966424317420e-01 3.417681955373786939e-01 -3.281797902864781735e-02
-9.415183664054249668e-01 3.352531783456217940e-01 -3.388916426698447559e-02
-9.438523184754084028e-01 3.285149901051767074e-01 -3.493859684298254026e-02
-9.462070189130212805e-01 3.215567823926174240e-01 -3.596548988182757256e-02
-9.485764589692754489e-01 3.143819236272374362e-01 -3.696905506579137995e-02
-9.509545700398491785e-01 3.069940068761955465e-01 -3.794850393388347898e-02
-9.533352391786472646e-01 2.993968570755007885e-01 -3.890304928743152507e-02
-9.557123251407861897e-01 2.915945375951898844e-01 -3.983190669704918946e-02
-9.580796749190290118e-01 2.835913560785823240e-01 -4.073429610560176661e-02
-9.604311407314678473e-01 2.753918694876463236e-01 -4.160944352092624948e-02
-9.627605974119972654e-01 2.670008882893035174e-01 -4.245658279121263673e-02
-9.650619601489131005e-01 2.584234797209547518e-01 -4.327495745511562852e-02
-9.673292025108883863e-01 2.496649700776400471e-01 -4.406382265785034613e-02
-9.695563746936933791e-01 2.407309459680494756e-01 -4.482244712374233025e-02
-9.717376219154369998e-01 2.316272544920740251e-01 -4.555011517496145718e-02
-9.738672028828775362e-01 2.223600022987086144e-01 -4.624612878548205880e-02
-9.759395082465841531e-01 2.129355534898650648e-01 -4.690980965868805919e-02
-9.779490789584939225e-01 2.033605263429828225e-01 -4.754050131649294186e-02
-9.798906244417899813e-01 1.936417888331902759e-01 -4.813757118737993501e-02
-9.817590404800964343e-01 1.837864529441108064e-01 -4.870041268039725091e-02
-9.835494267308133587e-01 1.738018677651526622e-01 -4.922844723187561056e-02
-9.852571037660607933e-01 1.636956113821942671e-01 -4.972112631147822259e-02
-9.868776295442188706e-01 1.534754815778842651e-01 -5.017793337415336202e-02
-9.884068152154805720e-01 1.431494853672251877e-01 -5.059838574464235739e-02
-9.898407401662050464e-01 1.327258274035962304e-01 -5.098203642140455849e-02
-9.911757662091921217e-01 1.222128972997874458e-01 -5.132847578715787201e-02
-9.924085508302955549e-01 1.116192559178532939e-01 -5.163733321369939205e-02
-9.935360594060443917e-01 1.009536206905345262e-01 -5.190827854926364365e-02
-9.945555763121215476e-01 9.022485004553273957e-02 -5.214102347739297399e-02
-9.954647148486270858e-01 7.944192701193988904e-02 -5.233532273713020766e-02
-9.962614259149639162e-01 6.861394209552150458e-02 -5.249097519529087597e-02
-9.969440053748753749e-01 5.775007551622655944e-02 -5.260782476262221979e-02
-9.975111000605454414e-01 4.685957890715869434e-02 -5.268576114679817540e-02
-9.979617123736618245e-01 3.595175657921075019e-02 -5.272472043642151968e-02
-9.982952034508353334e-01 2.503594645956862957e-02 -5.272468551149301491e-02
-9.985112948706557079e-01 1.412150081527362502e-02 -5.268568627714807079e-02
-9.986100688898327249e-01 3.217766874953335854e-03 -5.260779971883856182e-02
-9.985919672061965846e-01 -7.665932537338441405e-03 -5.249114977853502895e-02
-9.986460128755074717e-01 -1.707166903682090509e-02 -4.913962981990221274e-02
-9.986195961789930964e-01 -2.578082243555972902e-02 -4.576303432030023877e-02
-9.985307531207739951e-01 -3.378795615198725705e-02 -4.236405254193188752e-02
-9.983962157435327667e-01 -4.108844799773695572e-02 -3.894534079744493144e-02
-9.982313584573421217e-01 -4.767842804484115349e-02 -3.550952166928592058e-02
-9.980501511584338736e-01 -5.355471999589977994e-02 -3.205918416280627292e-02
-9.978651188823637330e-01 -5.871478672763978668e-02 -2.859688471716761299e-02
-9.976873077293352265e-01 -6.315668060226856118e-02 -2.512514899142238856e-02
-9.975262568029072963e-01 -6.687899906407626660e-02 -2.164647433759565517e-02
-9.973899759158904033e-01 -6.988084596156424189e-02 -1.816333286807694791e-02
-9.972849288378086152e-01 -7.216179895848624792e-02 -1.467817502105966954e-02
-9.972160218856525038e-01 -7.372188332093328189e-02 -1.119343352505467251e-02
-9.971865976925030628e-01 -7.456155229216647473e-02 -7.711527661578181266e-03
-9.971984340256615509e-01 -7.468167419237613236e-02 -4.234867723905659173e-03
-9.972517475658408959e-01 -7.408352630688838647e-02 -7.658595692402411260e-04
-9.973452026004233639e-01 -7.276879555345408535e-02 2.693090838270507242e-03
-9.974759246254212286e-01 -7.073958584699700791e-02 6.139572995543463030e-03
-9.976395188912676737e-01 -6.799843200842012325e-02 9.571167640173162960e-03
-9.978300939655991852e-01 -6.454831999264062925e-02 1.298544284031771454e-02
-9.980402904204911385e-01 -6.039271313986876999e-02 1.637995049097251687e-02
-9.982379577762076073e-01 -5.698153263105203148e-02 1.655561774147785645e-02
-9.984260212378930355e-01 -5.353474237705525829e-02 1.671871293935632899e-02
-9.986039932592363222e-01 -5.005497866337676321e-02 1.686913304755045459e-02
-9.987714179201671039e-01 -4.654490205706030698e-02 1.700678492365788330e-02
-9.989278721934997662e-01 -4.300719514082097794e-02 1.713158542459169639e-02
-9.990729671083108387e-01 -3.944456020217439185e-02 1.724346150054680352e-02
-9.992063488063890331e-01 -3.585971688150013659e-02 1.734235027788158870e-02
-9.993276994884553455e-01 -3.225539978319819784e-02 1.742819913055803152e-02
-9.994367382472242323e-01 -2.863435605430450503e-02 1.750096573981990006e-02
-9.995332217847674450e-01 -2.499934293511700892e-02 1.756061814182714731e-02
-9.996169450120415689e-01 -2.135312528654575645e-02 1.760713476300504454e-02
-9.996877415288515367e-01 -1.769847309903814850e-02 1.764050444290859651e-02
-9.997454839829441609e-01 -1.403815898804270518e-02 1.766072644444615855e-02
-9.997900843073479482e-01 -1.037495568106073553e-02 1.766781045135060527e-02
-9.998214938355108883e-01 -6.711633501394588877e-03 1.766177655283154499e-02
-9.998397032942154539e-01 -3.050957853733261144e-03 1.764265521538775638e-02
-9.998447426746863709e-01 6.043132832790356311e-04 1.761048724180479599e-02
-9.998366809827339274e-01 4.251431852368237584e-03 1.756532371740836956e-02
-9.998156258692038056e-01 7.887662195776155849e-03 1.750722594368928423e-02
-9.997817231424220852e-01 1.151028351122911943e-02 1.743626535946024916e-02
-9.997351561647351836e-01 1.511659228083423942e-02 1.735252344974815009e-02
-9.996761451356446226e-01 1.870390466813519684e-02 1.725609164266764944e-02
-9.996049462644238659e-01 2.226955887871086281e-02 1.714707119456231749e-02
-9.995218508354776210e-01 2.581091747987433738e-02 1.702557306373831195e-02
-9.994271841700599346e-01 2.932536967522582361e-02 1.689171777315211578e-02
-9.993213044883083596e-01 3.281033353002878183e-02 1.674563526244819342e-02
-9.992046016758693305e-01 3.626325814361306549e-02 1.658746472977417827e-02
-9.990774959596899762e-01 3.968162576525989527e-02 1.641735446383030955e-02
-9.989404364978300421e-01 4.306295385028932610e-02 1.623546166663612442e-02
-9.987938998884011710e-01 4.640479705334960014e-02 1.604195226752067049e-02
-9.986383886029719381e-01 4.970474915619745027e-02 1.583700072886268587e-02
-9.984744293499854262e-01 5.296044492755661720e-02 1.562078984412428213e-02
-9.983025713739170914e-01 5.616956191294714129e-02 1.539351052873536366e-02
-9.981233846960574363e-01 5.932982215268738785e-02 1.515536160439660829e-02
-9.979374583029378964e-01 6.243899382658300856e-02 1.490654957737601490e-02
-9.977453982885214900e-01 6.549489282412941649e-02 1.464728841137799900e-02
-9.975478259563641537e-01 6.849538423936511744e-02 1.437779929556473775e-02
-9.973453758880073128e-01 7.143838378982030057e-02 1.409831040830699864e-02
-9.971386939838950969e-01 7.432185915930641928e-02 1.380905667723613534e-02
-9.969284354831166040e-01 7.714383126458655704e-02 1.351027953616036441e-02
-9.967152629682605181e-01 7.990237544625068689e-02 1.320222667939703436e-02
-9.964998443616298607e-01 8.259562258439401283e-02 1.288515181405839455e-02
-9.962828509190074788e-01 8.522176013995733102e-02 1.255931441081164709e-02
-9.960649552270823825e-01 8.777903312283599768e-02 1.222497945361487003e-02
-9.958468292105500108e-01 9.026574498809583624e-02 1.188241718890903874e-02
-9.956291421547797116e-01 9.268025846185017069e-02 1.153190287472289841e-02
-9.954125587498130479e-01 9.502099629855041696e-02 1.117371653012219634e-02
-9.951977371613018875e-01 9.728644197162251983e-02 1.080814268540789339e-02
-9.949853271338354732e-01 9.947514029954269976e-02 1.043547013343966087e-02
-9.947759681319237046e-01 1.015856980095872775e-01 1.005599168243151952e-02
-9.945702875237182328e-01 1.036167842416126916e-01 9.670003910536016309e-03
-9.943688988123480232e-01 1.055671309943228831e-01 9.277806922502183570e-03
-9.941723999195402062e-01 1.074355335165619874e-01 8.879704108660839423e-03
-9.939813715259742111e-01 1.092208506462300638e-01 8.476001906458845853e-03
-9.937963754725946952e-01 1.109220050994596390e-01 8.067009564731882770e-03
-9.936179532268739623e-01 1.125379837127103849e-01 7.653038910873444407e-03
-9.934466244177799776e-01 1.140678376404392069e-01 7.234404121026221865e-03
-9.932828854429620602e-01 1.155106825109837587e-01 6.811421493391085595e-03
-9.931272081514243011e-01 1.168656985432594553e-01 6.384409224718647080e-03
-9.929800386047085148e-01 1.181321306268143384e-01 5.953687190019095118e-03
-9.928417959193601705e-01 1.193092883677131788e-01 5.519576725497839752e-03
-9.927128711932033944e-01 1.203965461026330619e-01 5.082400414697556615e-03
-9.925936265176987794e-01 1.213933428834483713e-01 4.642481877801758750e-03
-9.924843940784121576e-01 1.222991824344645817e-01 4.200145564031070727e-03
-9.923854753453723587e-01 1.231136330843285304e-01 3.755716547041147713e-03
-9.922971403548499492e-01 1.238363276744993968e-01 3.309520323210717128e-03
-9.922196270838451460e-01 1.244669634460103119e-01 2.861882612689696775e-03
-9.921531409183284023e-01 1.250053019060868575e-01 2.413129163060769716e-03
-9.920978542160384661e-01 1.254511686760168832e-01 1.963585555453311714e-03
-9.920539059644040147e-01 1.258044533214872640e-01 1.513577012936210154e-03
-9.920214015339194891e-01 1.260651091664193590e-01 1.063428211005911471e-03
-9.920004125270737161e-01 1.262331530911462718e-01 6.134630899780621829e-04
-9.919909767227002018e-01 1.263086653155838790e-01 1.640046690853602337e-04
-9.919930981153908256e-01 1.262917891678554116e-01 -2.846251379192788009e-04
-9.920067470493916240e-01 1.261827308386361812e-01 -7.321057058564054820e-04
-9.920318604461783041e-01 1.259817591212938626e-01 -1.178117880111790097e-03
-9.920683421246917488e-01 1.256892051377106745e-01 -1.622344157724332249e-03
-9.921160632129976120e-01 1.253054620494888916e-01 -2.064468867762927345e-03
-9.921748626499252710e-01 1.248309847540606254e-01 -2.504178351177715946e-03
-9.922445477750302389e-01 1.242662895650495092e-01 -2.941161140301738405e-03
-9.923248950050191919e-01 1.236119538760653419e-01 -3.375108138167655196e-03
-9.924156505945767037e-01 1.228686158069549339e-01 -3.805712797790974065e-03
-9.925165314793299443e-01 1.220369738313845653e-01 -4.232671301556233459e-03
-9.926272261984964151e-01 1.211177863844917213e-01 -4.655682740825941787e-03
-9.927473958945643995e-01 1.201118714492183243e-01 -5.074449295873872251e-03
-9.928766753871699491e-01 1.190201061198239152e-01 -5.488676416224710572e-03
-9.930146743181491598e-01 1.178434261409778416e-01 -5.898073001461145645e-03
-9.931609783645657386e-01 1.165828254207429832e-01 -6.302351582537468223e-03
-9.933151505163385631e-01 1.152393555156928512e-01 -6.701228503615696934e-03
-9.934767324149236245e-01 1.138141250863476256e-01 -7.094424104416403691e-03
-9.936452457493426538e-01 1.123082993210747504e-01 -7.481662903051841673e-03
-9.938201937056895252e-01 1.107230993265756330e-01 -7.862673779283952183e-03
-9.940010624660978733e-01 1.090598014830725659e-01 -8.237190158124404332e-03
-9.941873227530045876e-01 1.073197367623190540e-01 -8.604950193668288103e-03
-9.943784314144117342e-01 1.055042900065826794e-01 -8.965696953027502830e-03
-9.945738330457171150e-01 1.036148991667923125e-01 -9.319178600204536256e-03
-9.947729616435674327e-01 1.016530544981008588e-01 -9.665148579722306760e-03
-9.949752422870765667e-01 9.962029771119038091e-02 -1.000336579980130522e-02
-9.951800928416539849e-01 9.751822107773845671e-02 -1.033359481485147773e-02
-9.953869256805983889e-01 9.534846648857213391e-02 -1.065560600702348919e-02
-9.955951494195369733e-01 9.311272446315861651e-02 -1.096917576654214167e-02
-9.958041706587268393e-01 9.081273310921918196e-02 -1.127408667052417178e-02
-9.960133957281834816e-01 8.845027703140373454e-02 -1.157012765996342368e-02
-9.962222324305662902e-01 8.602718618812772722e-02 -1.185709421454870724e-02
-9.964300917767271448e-01 8.354533469584901617e-02 -1.213478852496363905e-02
-9.966363897088222901e-01 8.100663958024957589e-02 -1.240301966230353790e-02
-9.968405488058961206e-01 7.841305947398377607e-02 -1.266160374423213816e-02
-9.970419999668692634e-01 7.576659326086090940e-02 -1.291036409749062724e-02
-9.972401840659053107e-01 7.306927866654285009e-02 -1.314913141636337227e-02
-9.974345535751883984e-01 7.032319079605708900e-02 -1.337774391669874219e-02
-9.976245741502187681e-01 6.753044061864955927e-02 -1.359604748507981832e-02
-9.978097261728257061e-01 6.469317340072933131e-02 -1.380389582273843820e-02
-9.979895062472080580e-01 6.181356708788666304e-02 -1.400115058380710549e-02
-9.981634286444386328e-01 5.889383063719563077e-02 -1.418768150750671954e-02
-9.983310266910139230e-01 5.593620230124155684e-02 -1.436336654387397258e-02
-9.984918540971924328e-01 5.294294786553937343e-02 -1.452809197264049064e-02
-9.986454862210427663e-01 4.991635884123129391e-02 -1.468175251488642447e-02
-9.987915212643178053e-01 4.685875061516841383e-02 -1.482425143710413423e-02
-9.989295813964819137e-01 4.377246055969038346e-02 -1.495550064732280304e-02
-9.990593138034434828e-01 4.065984610461802901e-02 -1.507542078296220806e-02
-9.991803916577860489e-01 3.752328277416489694e-02 -1.518394129010334874e-02
-9.992925150075436802e-01 3.436516219165342001e-02 -1.528100049388506770e-02
-9.993954115808343364e-01 3.118789005508887033e-02 -1.536654565975912809e-02
-9.994888375039417960e-01 2.799388408679816254e-02 -1.544053304536120892e-02
-9.995725779307251813e-01 2.478557196047960487e-02 -1.550292794278189216e-02
-9.996464475815337591e-01 2.156538920913353766e-02 -1.555370471104970155e-02
-9.997102911901091238e-01 1.833577711745081745e-02 -1.559284679866747292e-02
-9.997639838572704996e-01 1.509918060232623427e-02 -1.562034675607360847e-02
-9.998074313104953204e-01 1.185804608523612080e-02 -1.563620623793091427e-02
-9.998405700688289821e-01 8.614819360273445747e-03 -1.564043599517748323e-02
-9.998633675128817400e-01 5.371943461669010864e-03 -1.563305585680636531e-02
-9.998758218599951286e-01 2.131856534643983281e-03 -1.561409470137324791e-02
-9.998779620449834704e-01 -1.103010286563428123e-03 -1.558359041826395432e-02
-9.998698475071784442e-01 -4.330234989675454949e-03 -1.554158985878592927e-02
-9.998515678848223232e-01 -7.547406780574577624e-03 -1.548814877717995427e-02
-9.998232426181687948e-01 -1.075212816100195624e-02 -1.542333176167979408e-02
-9.997850204629555870e-01 -1.394201698410675594e-02 -1.534721215577819486e-02
-9.997370789162131066e-01 -1.711470848429189409e-02 -1.525987196988744937e-02
-9.996796235566600686e-01 -2.026785727791151001e-02 -1.516140178361136820e-02
-9.996128873022184225e-01 -2.339913933150102737e-02 -1.505190063887287474e-02
-9.996171971425416025e-01 -2.505653176303418439e-02 -1.173172137227810469e-02
-9.996258655928664805e-01 -2.602582660283654994e-02 -8.413625462851169814e-03
-9.996408849022454524e-01 -2.630769445988609401e-02 -5.100036945368650182e-03
-9.996628467062028678e-01 -2.590329508370280143e-02 -1.793374632897673862e-03
-9.996909491842939088e-01 -2.481427606810615930e-02 1.503944954333970036e-03
-9.997230092237489041e-01 -2.304277695459339831e-02 4.789504733380147393e-03
-9.997554795940284400e-01 -2.059143861119965002e-02 8.060884362660628022e-03
-9.997834711606972125e-01 -1.746341769719798528e-02 1.131565779019606116e-02
-9.998007801877885070e-01 -1.366240595928417713e-02 1.455139112800129045e-02
-9.997999207947581013e-01 -9.192654041140873450e-03 1.776564093144333834e-02
-9.997721626462591216e-01 -4.058999425730851381e-03 2.095595295844327258e-02
-9.997075739594181165e-01 1.733101931343442384e-03 2.411986147871807151e-02
-9.995950699132657435e-01 8.177540778131629079e-03 2.725488919778837685e-02
-9.994224665377754446e-01 1.526751710956123984e-02 3.035854785419087043e-02
-9.991765401450333206e-01 2.299550068831357139e-02 3.342833954120556783e-02
-9.988430923419738816e-01 3.135319020361374692e-02 3.646175879642250817e-02
-9.984070206326263186e-01 4.033147177300546588e-02 3.945629549362584393e-02
-9.978523945778472459e-01 4.992037753129696664e-02 4.240943856177870064e-02
-9.971625374322125035e-01 6.010904508326756629e-02 4.531868054538160800e-02
-9.963201131214565187e-01 7.088567862134202702e-02 4.818152300920609116e-02
-9.955831347143554444e-01 8.079773146715377163e-02 4.781166011904227492e-02
-9.947563558372030101e-01 9.062182431924833970e-02 4.740763478392042568e-02
-9.938428770728132688e-01 1.003502253139946232e-01 4.696992977107281031e-02
-9.928460403009168322e-01 1.099753784691998859e-01 4.649906121428655503e-02
-9.917694154727145772e-01 1.194899146303493587e-01 4.599557707443220622e-02
-9.906167866977267922e-01 1.288866614910434694e-01 4.546005552501464209e-02
-9.893921377239579540e-01 1.381586526548122806e-01 4.489310327356408475e-02
-9.880996368939685137e-01 1.472991357133166257e-01 4.429535382989706338e-02
-9.867436216602467614e-01 1.563015793237813034e-01 4.366746573238534240e-02
-9.853285827433299060e-01 1.651596792762630161e-01 4.301012074337727531e-02
-9.838591480154600388e-01 1.738673635489546010e-01 4.232402202482439535e-02
-9.823400661912156107e-01 1.824187963570928772e-01 4.160989230498132740e-02
-9.807761904045786405e-01 1.908083812081042274e-01 4.086847204677442752e-02
-9.791724617493270388e-01 1.990307629823252766e-01 4.010051762808108239e-02
-9.775338928565455721e-01 2.070808290649270578e-01 3.930679954373422769e-02
-9.758655515794794066e-01 2.149537095605016934e-01 3.848810063857318470e-02
-9.741725448519820141e-01 2.226447766271053286e-01 3.764521438031072365e-02
-9.724600027824912285e-01 2.301496429713622560e-01 3.677894318038570087e-02
-9.707330630408806948e-01 2.374641595505009861e-01 3.589009677032899831e-02
-9.689968555907317871e-01 2.445844125309030170e-01 3.497949064049671319e-02
-9.672564878146299172e-01 2.515067195558935986e-01 3.404794454732657655e-02
-9.655170300750607337e-01 2.582276253780935726e-01 3.309628109455954592e-02
-9.637835017484361888e-01 2.647438969136923226e-01 3.212532439314635252e-02
-9.620608577647621340e-01 2.710525177775073291e-01 3.113589880383512906e-02
-9.603539756805320460e-01 2.771506823586871171e-01 3.012882776571848206e-02
-9.586676433076339876e-01 2.830357894974168675e-01 2.910493271331191650e-02
-9.570065469164366068e-01 2.887054358230246587e-01 2.806503208404627359e-02
-9.553752600268113904e-01 2.941574088134970566e-01 2.700994041738943169e-02
-9.537782327966881635e-01 2.993896796356250722e-01 2.594046754617107542e-02
-9.522197820138486035e-01 3.044003958238524765e-01 2.485741788007235498e-02
-9.507040816930700800e-01 3.091878738544237559e-01 2.376158978066259669e-02
-9.492351542774474238e-01 3.137505916696639585e-01 2.265377502681997779e-02
-9.478168624397638187e-01 3.180871812052034620e-01 2.153475836886394393e-02
-9.464529014771547732e-01 3.221964209707232629e-01 2.040531716925503627e-02
-9.451467922900170793e-01 3.260772287323724372e-01 1.926622112728337485e-02
-9.439018749341607784e-01 3.297286543424327032e-01 1.811823208477015071e-02
-9.427213027335743512e-01 3.331498727591049036e-01 1.696210390944698568e-02
-9.416080369398729388e-01 3.363401772964971226e-01 1.579858245235496797e-02
-9.405648419235093094e-01 3.392989731420281152e-01 1.462840557531765867e-02
-9.395942808811371671e-01 3.420257711755491092e-01 1.345230324428905826e-02
-9.386987120431140585e-01 3.445201821215473914e-01 1.227099768415694861e-02
-9.378802853649912397e-01 3.467819110628491130e-01 1.108520359039244854e-02
-9.371409396869532227e-01 3.488107523412993238e-01 9.895628392776455520e-03
-9.364824003455085588e-01 3.506065848679758012e-01 8.702972566300974655e-03
-9.359061772222851960e-01 3.521693678626051094e-01 7.507929984236374685e-03
-9.354135632155189395e-01 3.534991370389959364e-01 6.311188308272637146e-03
-9.350056331207239335e-01 3.545960012504986714e-01 5.113429410581892334e-03
-9.346832429080780269e-01 3.554601396067412766e-01 3.915329822609381165e-03
-9.344470293852145115e-01 3.560917990701835678e-01 2.717561205378953276e-03
-9.342974102353708288e-01 3.564912925383778020e-01 1.520790836095888216e-03
-9.342345844221739970e-01 3.566589974152191700e-01 3.256821058430830942e-04
-9.342585329537239636e-01 3.565953546719182743e-01 -8.671049768046007987e-04
-9.343690200000440704e-01 3.563008683959240086e-01 -2.056913281379626687e-03
-9.345655943593850212e-01 3.557761058235682783e-01 -3.243088055409069134e-03
-9.348475912702671753e-01 3.550216978497910403e-01 -4.424976433593319838e-03
-9.352141345675124562e-01 3.540383400059320396e-01 -5.601926961195403780e-03
-9.356641391818222298e-01 3.528267938942420412e-01 -6.773289136462764745e-03
-9.361963139836918524e-01 3.513878890654689724e-01 -7.938412976792773995e-03
-9.368091649735876825e-01 3.497225253236121989e-01 -9.096648613229205843e-03
-9.375009988213345302e-01 3.478316754397092203e-01 -1.024734591773905634e-02
-9.382699267585548064e-01 3.457163882543256017e-01 -1.138985416756690613e-02
-9.391138688287449243e-01 3.433777921462598526e-01 -1.252352175079691002e-02
-9.400305585001547115e-01 3.408170988428554926e-01 -1.364769591706976697e-02
-9.410175476470417077e-01 3.380356075452347620e-01 -1.476172257720295353e-02
-9.420722119050852772e-01 3.350347093397391118e-01 -1.586494615524630322e-02
-9.431917564067575643e-01 3.318158918648876909e-01 -1.695670949627094137e-02
-9.443732219022480390e-01 3.283807442012544597e-01 -1.803635383293693273e-02
-9.456134912711161578e-01 3.247309619498299216e-01 -1.910321881361310564e-02
-9.469092964291995207e-01 3.208683524626829708e-01 -2.015664259453078810e-02
-9.482572256344212747e-01 3.167948401880902320e-01 -2.119596199814136744e-02
-9.496537311940242976e-01 3.125124720907654918e-01 -2.222051273951521771e-02
-9.510951375744074454e-01 3.080234231064187811e-01 -2.322962972226686254e-02
-9.525776499131526354e-01 3.033300015886207790e-01 -2.422264740511812647e-02
-9.540973629310149917e-01 2.984346547048603582e-01 -2.519890023981844612e-02
-9.556502702396124649e-01 2.933399737377827554e-01 -2.615772318072964384e-02
-9.572322740383019113e-01 2.880486992469012408e-01 -2.709845226595302553e-02
-9.588391951912796918e-01 2.825637260456048128e-01 -2.802042526943060094e-02
-9.604667836733168373e-01 2.768881079480619567e-01 -2.892298242299168667e-02
-9.621107293697435114e-01 2.710250622406597532e-01 -2.980546720684315934e-02
-9.637666732133637337e-01 2.649779738329410828e-01 -3.066722720651878648e-02
-9.654302186379303263e-01 2.587503990436242907e-01 -3.150761503381328821e-02
-9.670969433246697777e-01 2.523460689782263677e-01 -3.232598930873348264e-02
-9.687624112151512756e-01 2.457688924560735289e-01 -3.312171569900548146e-02
-9.704221847605727369e-01 2.390229584460838441e-01 -3.389416801318770323e-02
-9.720718373743248986e-01 2.321125379726520777e-01 -3.464272934295851980e-02
-9.737069660515353942e-01 2.250420854552603878e-01 -3.536679324967922228e-02
-9.753232041162173127e-01 2.178162394480808728e-01 -3.606576498988259272e-02
-9.769162340537002054e-01 2.104398227488234741e-01 -3.673906277390927289e-02
-9.784818003832416178e-01 2.029178418494063108e-01 -3.738611905151385112e-02
-9.800157225231440616e-01 1.952554857046733816e-01 -3.800638181789439685e-02
-9.815139075983786432e-01 1.874581237993386273e-01 -3.859931593326884625e-02
-9.829723631386804161e-01 1.795313034975743183e-01 -3.916440444883324823e-02
-9.843872096133674532e-01 1.714807466641578015e-01 -3.970114993169573253e-02
-9.857546927477814913e-01 1.633123455508134481e-01 -4.020907578118965153e-02
-9.870711955652879954e-01 1.550321579462992649e-01 -4.068772752883453858e-02
-9.883332500982284774e-01 1.466464015938515053e-01 -4.113667411413680225e-02
-9.895375487111190971e-01 1.381614478847705552e-01 -4.155550912840718508e-02
-9.906809549797530590e-01 1.295838148421613600e-01 -4.194385201882068481e-02
-9.917605140707028699e-01 1.209201594140816849e-01 -4.230134924505873917e-02
-9.927734625670443513e-01 1.121772691005498562e-01 -4.262767538105378951e-02
-9.937172376879350733e-01 1.033620529439664704e-01 -4.292253415460305088e-02
-9.945894858519767068e-01 9.448153191745892188e-02 -4.318565941793058721e-02
-9.953880705370582449e-01 8.554282875040880585e-02 -4.341681604265311412e-02
-9.961110793926033491e-01 7.655315723491798452e-02 -4.361580073304291427e-02
-9.967568305638031534e-01 6.751981106115792497e-02 -4.378244275197765850e-02
-9.973238781914793849e-01 5.845015223338050070e-02 -4.391660455451770750e-02
-9.978110170556557801e-01 4.935159912180206443e-02 -4.401818232465171815e-02
-9.982172863356756354e-01 4.023161420856434523e-02 -4.408710641139582803e-02
-9.985419724647506268e-01 3.109769158849080145e-02 -4.412334166111393091e-02
-9.987846110621035889e-01 2.195734428736403204e-02 -4.412688764364001287e-02
-9.989449879313295755e-01 1.281809146192450927e-02 -4.409777877052103306e-02
-9.990231391191841670e-01 3.687445546715246991e-03 -4.403608430445267452e-02
-9.990193500346621347e-01 -5.427100586740229993e-03 -4.394190825974304132e-02
-9.989341536338909311e-01 -1.451808639314234282e-02 -4.381538919440269853e-02
-9.987683276819747658e-01 -2.357809627448417128e-02 -4.365669989521572814e-02
-9.985228911084305103e-01 -3.259977199578538432e-02 -4.346604695788771483e-02
-9.981990994781932969e-01 -4.157582483414794944e-02 -4.324367026508525030e-02
-9.977984396052926863e-01 -5.049904740215872129e-02 -4.298984236587036212e-02
-9.973226233411500719e-01 -5.936232508951616582e-02 -4.270486776068539020e-02
-9.967735805739842414e-01 -6.815864707005922507e-02 -4.238908209665302740e-02
-9.963930447520530365e-01 -7.543968340127872596e-02 -3.885564058069248400e-02
-9.960078647301763288e-01 -8.198666702413161256e-02 -3.530617500375949486e-02
-9.956324801487733689e-01 -8.779712630755281966e-02 -3.174326965533196682e-02
-9.952797616230174560e-01 -9.286917244113943037e-02 -2.816946801996601801e-02
-9.949609796289644592e-01 -9.720144467522343068e-02 -2.458727577894162866e-02
-9.946857793728518526e-01 -1.007930618914781862e-01 -2.099916453557104309e-02
-9.944621613328491483e-01 -1.036435809379512851e-01 -1.740757615937610359e-02
-9.942964671956207034e-01 -1.057529620804195519e-01 -1.381492764142568976e-02
-9.941933709502450700e-01 -1.071215418416369553e-01 -1.022361635102363685e-02
-9.941558749478607293e-01 -1.077500134213938421e-01 -6.636025582553789319e-03
-9.941853107853997340e-01 -1.076394148131868816e-01 -3.054530280541971343e-03
-9.942813449244444213e-01 -1.067911246574644452e-01 5.184971691767023029e-04
-9.944419890101130477e-01 -1.052068657965430781e-01 4.080681193933016412e-03
-9.946636149084778777e-01 -1.028887164220310263e-01 7.629637445208711788e-03
-9.949409745328818833e-01 -9.983912863159040418e-02 1.116296747559819037e-02
-9.952672245782098193e-01 -9.606095413780367520e-02 1.467825378926779049e-02
-9.956339563262757153e-01 -9.155747679753693802e-02 1.817305537089745904e-02
-9.960312307236321994e-01 -8.633245155537393190e-02 2.164490379490011801e-02
-9.964476189639600578e-01 -8.039014931942695119e-02 2.509130001279286787e-02
-9.968702488294869379e-01 -7.373540721227625494e-02 2.850971191185157003e-02
-9.972847900387269426e-01 -6.781726238719258670e-02 2.870319561548614201e-02
-9.976671169024697861e-01 -6.185915005589393001e-02 2.887518608308364473e-02
-9.980163060307971623e-01 -5.586569771085764247e-02 2.902556954180661453e-02
-9.983315354918008699e-01 -4.984156776785050175e-02 2.915425082858361799e-02
-9.986120871367338836e-01 -4.379145230111355924e-02 2.926115360599538043e-02
-9.988573485835380295e-01 -3.772006766251718990e-02 2.934622054333127852e-02
-9.990668148506681723e-01 -3.163214900258558282e-02 2.940941346169829301e-02
-9.992400896346370631e-01 -2.553244471195944762e-02 2.945071344225358087e-02
-9.993768862262577546e-01 -1.942571080240850651e-02 2.947012089682802399e-02
-9.994770280621565473e-01 -1.331670524691612630e-02 2.946765560041008855e-02
-9.995404489097503564e-01 -7.210182298633767764e-03 2.944335668516522009e-02
-9.995671926855216327e-01 -1.110886808640495008e-03 2.939728259587433279e-02
-9.995574129080654346e-01 4.976451437558686991e-03 2.932951100688373919e-02
-9.995113717890167226e-01 1.104712334500187153e-02 2.924013870086674544e-02
-9.994294389665777656e-01 1.709644607618992368e-02 2.912928140990201503e-02
-9.993120898879472858e-01 2.311976854085118563e-02 2.899707361957437265e-02
-9.991599038484860751e-01 2.911247678998667848e-02 2.884366833699803997e-02
-9.989735616969351861e-01 3.506999929629692897e-02 2.866923682384907648e-02
-9.987538432174154490e-01 4.098781210387518470e-02 2.847396829567142018e-02
-9.985016242002766607e-01 4.686144383094589805e-02 2.825806958888803233e-02
-9.982178732151170131e-01 5.268648051042346819e-02 2.802176479710411644e-02
-9.979036481004546211e-01 5.845857025415474029e-02 2.776529487843192728e-02
-9.975600921855954928e-01 6.417342772787990035e-02 2.748891723569545087e-02
-9.971884302611961903e-01 6.982683842518895567e-02 2.719290527148729431e-02
-9.967899643158691925e-01 7.541466273005456578e-02 2.687754792014891009e-02
-9.963660690569073886e-01 8.093283975887391457e-02 2.654314915882810891e-02
-9.959181872338241925e-01 8.637739097434204982e-02 2.619002749983443887e-02
-9.954478247839038119e-01 9.174442356489394268e-02 2.581851546656321189e-02
-9.949565458193372347e-01 9.703013358488130069e-02 2.542895905529260134e-02
-9.944459674757875067e-01 1.022308088520805652e-01 2.502171718517549534e-02
-9.939177546423771936e-01 1.073428316005503730e-01 2.459716113874887283e-02
-9.933736145931323369e-01 1.123626808882579597e-01 2.415567399526877615e-02
-9.928152915398502643e-01 1.172869347602650825e-01 2.369765005914898845e-02
-9.922445611261885290e-01 1.221122721695947211e-01 2.322349428573687591e-02
-9.916632248825074658e-01 1.268354746591813520e-01 2.273362170660134934e-02
-9.910731046606404693e-01 1.314534278095311204e-01 2.222845685643628014e-02
-9.904760370673284520e-01 1.359631224578771447e-01 2.170843320359890777e-02
-9.898738679145354658e-01 1.403616556957008876e-01 2.117399258620786609e-02
-9.892684467042787144e-01 1.446462316525001235e-01 2.062558465562035898e-02
-9.886616211649605912e-01 1.488141620746087079e-01 2.006366632899384342e-02
-9.880552318554890467e-01 1.528628667087127413e-01 1.948870125251558547e-02
-9.874511068527305202e-01 1.567898735004559230e-01 1.890115927675451238e-02
-9.868510565370592902e-01 1.605928186191825924e-01 1.830151594545531557e-02
-9.862568684899563065e-01 1.642694463204287247e-01 1.769025199895571734e-02
-9.856703025167818932e-01 1.678176086582374993e-01 1.706785289326534505e-02
-9.850930858070009455e-01 1.712352650597482318e-01 1.643480833569994221e-02
-9.845269082432905883e-01 1.745204817747844084e-01 1.579161183781866221e-02
-9.839734178701078360e-01 1.776714312133513274e-01 1.513876028626600853e-02
-9.834342165314504669e-01 1.806863911840476122e-01 1.447675353197453406e-02
-9.829108556867125479e-01 1.835637440464000236e-01 1.380609399804069541e-02
-9.824048324127185872e-01 1.863019757900509776e-01 1.312728630644506740e-02
-9.819175855992274826e-01 1.888996750535659741e-01 1.244083692365028845e-02
-9.814504923444253848e-01 1.913555320953883587e-01 1.174725382497643182e-02
-9.810048645561887382e-01 1.936683377291540942e-01 1.104704617752456236e-02
-9.805819457641867798e-01 1.958369822351958833e-01 1.034072404129577141e-02
-9.801829081472185345e-01 1.978604542596166804e-01 9.628798088035468716e-03
-9.798088497795353069e-01 1.997378397118037274e-01 8.911779337221675812e-03
-9.794607920992981498e-01 2.014683206706887886e-01 8.190178908511950781e-03
-9.791396776017455839e-01 2.030511743094457200e-01 7.464507789866740156e-03
-9.788463677591180412e-01 2.044857718476547348e-01 6.735276620477740478e-03
-9.785816411688835759e-01 2.057715775392612856e-01 6.002995487548516002e-03
-9.783461919313493071e-01 2.069081477039197425e-01 5.268173735901393769e-03
-9.781406282573087418e-01 2.078951298085435773e-01 4.531319789319684065e-03
-9.779654713059782178e-01 2.087322616050892032e-01 3.792940982477747015e-03
-9.778211542531016764e-01 2.094193703297841103e-01 3.053543402263346040e-03
-9.777080215887595793e-01 2.099563719681774854e-01 2.313631737257237052e-03
-9.776263286440949329e-01 2.103432705895459665e-01 1.573709134103985254e-03
-9.775762413458681799e-01 2.105801577533341351e-01 8.342770594856094941e-04
-9.775578361974678332e-01 2.106672119894526796e-01 9.583516639577222170e-05
-9.775711004847340568e-01 2.106046983534012873e-01 -6.411188365932164518e-04
-9.776159327046929359e-01 2.103929680563316196e-01 -1.376089314375415935e-03
-9.776921432150452729e-01 2.100324581693234771e-01 -2.108582833962001357e-03
-9.777994551020080527e-01 2.095236914003169582e-01 -2.838108294012236209e-03
-9.779375052638565879e-01 2.088672759413302826e-01 -3.564177056492038014e-03
-9.781058457072685508e-01 2.080639053827992579e-01 -4.286303081672622646e-03
-9.783039450533139725e-01 2.071143586911048107e-01 -5.004003067639309875e-03
-9.785311902496733882e-01 2.060195002446134072e-01 -5.716796595430838866e-03
-9.787868884853934137e-01 2.047802799228432558e-01 -6.424206280872768633e-03
-9.790702693042027116e-01 2.033977332426931128e-01 -7.125757934104949565e-03
-9.793804869121096601e-01 2.018729815350305823e-01 -7.820980727732974522e-03
-9.797166226746870654e-01 2.002072321543394151e-01 -8.509407374457253481e-03
-9.800776877991141944e-01 1.984017787135708699e-01 -9.190574314951247339e-03
-9.804626261956916888e-01 1.964580013358374622e-01 -9.864021916672818108e-03
-9.808703175131741059e-01 1.943773669141314886e-01 -1.052929468420000896e-02
-9.812995803418724794e-01 1.921614293698468146e-01 -1.118594148158524870e-02
-9.817491755780668461e-01 1.898118299005354115e-01 -1.183351576712049318e-02
-9.822178099428436893e-01 1.873302972070411687e-01 -1.247157584080061353e-02
-9.827041396480236113e-01 1.847186476899249363e-01 -1.309968510466393704e-02
-9.832067742013858025e-01 1.819787856049303876e-01 -1.371741233607782356e-02
-9.837242803429209204e-01 1.791127031671396197e-01 -1.432433197392405343e-02
-9.842551861033599359e-01 1.761224805934340498e-01 -1.492002441752424656e-02
-9.847979849757317883e-01 1.730102860729111347e-01 -1.550407633803015627e-02
-9.853511401902079747e-01 1.697783756550108325e-01 -1.607608100188814143e-02
-9.859130890819925996e-01 1.664290930452796968e-01 -1.663563860587213838e-02
-9.864822475415213621e-01 1.629648692989440761e-01 -1.718235662306565742e-02
-9.870570145357477898e-01 1.593882224027781958e-01 -1.771585015906158508e-02
-9.876357766888168577e-01 1.557017567361366484e-01 -1.823574231753942107e-02
-9.882169129099706018e-01 1.519081624024727073e-01 -1.874166457427402233e-02
-9.887987990560925811e-01 1.480102144231839056e-01 -1.923325715852847520e-02
-9.893798126158882544e-01 1.440107717862111336e-01 -1.971016944068725019e-02
-9.899583374023228632e-01 1.399127763424649062e-01 -2.017206032489511983e-02
-9.905327682395969058e-01 1.357192515438599145e-01 -2.061859864538294340e-02
-9.911015156306416385e-01 1.314333010175030569e-01 -2.104946356508433092e-02
-9.916630103908690153e-01 1.270581069713951905e-01 -2.146434497507780995e-02
-9.922157082337089706e-01 1.225969284278714544e-01 -2.186294389332832724e-02
-9.927580942933289521e-01 1.180530992819100317e-01 -2.224497286115001068e-02
-9.932886875698482276e-01 1.134300261823830702e-01 -2.261015633577001527e-02
-9.938060452823435087e-01 1.087311862352970809e-01 -2.295823107734111176e-02
-9.943087671149970497e-01 1.039601245290691506e-01 -2.328894652872909310e-02
-9.947954993418582914e-01 9.912045148290149488e-02 -2.360206518639037035e-02
-9.952649388158906207e-01 9.421584002034430472e-02 -2.389736296065547022e-02
-9.957158368082442701e-01 8.925002257116729232e-02 -2.417462952374591426e-02
-9.961470026840445469e-01 8.422678790568664808e-02 -2.443366864387502488e-02
-9.965573074014115740e-01 7.914997780670864069e-02 -2.467429850381775563e-02
-9.969456868209259914e-01 7.402348358524578342e-02 -2.489635200238046742e-02
-9.973111448133347157e-01 6.885124244712893804e-02 -2.509967703725853039e-02
-9.976527561539395572e-01 6.363723371857116229e-02 -2.528413676783745553e-02
-9.979696691928332530e-01 5.838547493962874257e-02 -2.544960985657144376e-02
-9.982611082909399469e-01 5.310001783534526454e-02 -2.559599068766149968e-02
-9.985263760126686927e-01 4.778494417514779491e-02 -2.572318956185280434e-02
-9.987648550669052661e-01 4.244436153178491461e-02 -2.583113286627735511e-02
-9.989760099890364620e-01 3.708239895174749584e-02 -2.591976321838216843e-02
-9.991593885577185752e-01 3.170320254968980733e-02 -2.598903958310468110e-02
-9.993146229411644654e-01 2.631093103986605064e-02 -2.603893736258472077e-02
-9.994414305688197331e-01 2.090975121801089825e-02 -2.606944845783526477e-02
-9.995396147254271835e-01 1.550383340741951985e-02 -2.608058130193143670e-02
-9.996090648656231759e-01 1.009734688321936580e-02 -2.607236086441755765e-02
-9.996497566483766306e-01 4.694455288971348741e-03 -2.604482862677462776e-02
-9.996617516917446489e-01 -7.006879402094426043e-04 -2.599804252893410730e-02
-9.996451970495890960e-01 -6.083944133863780288e-03 -2.593207688696737984e-02
-9.996003244130526877e-01 -1.145119390771227180e-02 -2.584702228222239898e-02
-9.995274490407334289e-01 -1.679834163670039515e-02 -2.574298542231905074e-02
-9.994269684226105843e-01 -2.212131986608445802e-02 -2.562008897455121670e-02
-9.992993606838550535e-01 -2.741609364747697383e-02 -2.547847137237564674e-02
-9.991451827357011872e-01 -3.267866478725066359e-02 -2.531828659579445778e-02
-9.989650681815513966e-01 -3.790507599525873295e-02 -2.513970392655838840e-02
-9.987597249874277106e-01 -4.309141492246020000e-02 -2.494290767923107791e-02
-9.985299329267713908e-01 -4.823381807673689931e-02 -2.472809690925976966e-02
-9.982765408104125049e-01 -5.332847460694785380e-02 -2.449548509929418486e-02
-9.980004635132867508e-01 -5.837162994607950767e-02 -2.424529982508239964e-02
-9.978650070844401476e-01 -6.191475807931161313e-02 -2.078454349410431209e-02
-9.977517885438688117e-01 -6.474101048486904930e-02 -1.731984049039205636e-02
-9.976668568318790564e-01 -6.685002839351436577e-02 -1.385363956656564602e-02
-9.976147206523208189e-01 -6.824190567777431438e-02 -1.038837324966300664e-02
-9.975983432850181742e-01 -6.891717109102889205e-02 -6.926461956518463470e-03
-9.976191424459470714e-01 -6.887677709081188593e-02 -3.470318279483246022e-03
-9.976769951183107610e-01 -6.812209529333797253e-02 -2.235134150338144443e-05
-9.977702473172668229e-01 -6.665491853407469469e-02 3.415028880221195485e-03
-9.978957287905551032e-01 -6.447746943756844928e-02 6.839407361947817676e-03
-9.980487726953630734e-01 -6.159241532859610624e-02 1.024836007098405520e-02
-9.982232403271594778e-01 -5.800288924595871365e-02 1.363945032960403245e-02
-9.984115510076924105e-01 -5.371251674982711888e-02 1.701022559900075906e-02
-9.986047172656745685e-01 -4.872544814353838016e-02 2.035821477355790471e-02
-9.987923854637312804e-01 -4.304639566128053152e-02 2.368092607154325888e-02
-9.989628820378902985e-01 -3.668067510447223928e-02 2.697584560333446055e-02
-9.991032655202753965e-01 -2.963425134226804758e-02 3.024043669242329826e-02
-9.991993845108642081e-01 -2.191378702608087758e-02 3.347214001764677038e-02
-9.992359417494551810e-01 -1.352669380505701867e-02 3.666837463730474034e-02
-9.991965644137991154e-01 -4.481185269974504934e-03 3.982653994699963951e-02
-9.990638807338129146e-01 5.213669201868317837e-03 4.294401861314195434e-02
-9.988196029647511409e-01 1.554789057733900123e-02 4.601818051309559954e-02
-9.984446167042571041e-01 2.651053719232211725e-02 4.904638770090445632e-02
-9.979190764697116744e-01 3.808965362281796496e-02 5.202600040448907698e-02
-9.972225073739019452e-01 5.027222237785222703e-02 5.495438404620999612e-02
-9.963339126497156029e-01 6.304411940174294016e-02 5.782891726387622000e-02
-9.952318866796154850e-01 7.639007437231773445e-02 6.064700089378975700e-02
-9.938947330846821249e-01 9.029363676645203729e-02 6.340606786145513984e-02
-9.923005873229536755e-01 1.047371486336461516e-01 6.610359390938219670e-02
-9.904275431398640306e-01 1.197017249713485387e-01 6.873710907524438474e-02
-9.882537821072571171e-01 1.351672425317398951e-01 7.130420981783046341e-02
-9.857577053844285286e-01 1.511123378084531510e-01 7.380257167307910371e-02
-9.829180667377436231e-01 1.675144148533723176e-01 7.622996230836871778e-02
-9.797141057675237130e-01 1.843496634588428496e-01 7.858425483051291460e-02
-9.761256802149643752e-01 2.015930881104448236e-01 8.086344119195057467e-02
-9.721333961606567486e-01 2.192185479715433316e-01 8.306564553076882518e-02
-9.677187348824051183e-01 2.371988080052555292e-01 8.518913727378359113e-02
-9.628641751157599460e-01 2.555056011748604861e-01 8.723234382821090649e-02
-9.575533094578931870e-01 2.741097014930569120e-01 8.919386268672760409e-02
