1.000000000000000000e+00 0.000000000000000000e+00 0.000000000000000000e+00
9.999976386796427530e-01 8.516632898311133270e-04 -1.999328586121846239e-03
9.999900008335235180e-01 2.013834273001332848e-03 -3.992834351496278925e-03
9.999760470123977285e-01 3.485523704101991475e-03 -5.979678997131975503e-03
9.999544626575478379e-01 5.265603794751499631e-03 -7.959024924687845698e-03
9.999236624412034535e-01 7.352806170647274014e-03 -9.930035139535105942e-03
9.998817952083272065e-01 9.745719436562574195e-03 -1.189187318939388324e-02
9.998267495193281507e-01 1.244278637495734724e-02 -1.384370314372078935e-02
9.997561597931794442e-01 1.544230080703033574e-02 -1.578468961877098342e-02
9.996674130501492783e-01 1.874240414808985011e-02 -1.771399785297557081e-02
9.995576562528877274e-01 2.234108169204847283e-02 -1.963079383696267333e-02
9.994238042439381742e-01 2.623615866263715943e-02 -2.153424450220836964e-02
9.992625482768371370e-01 3.042529607156998703e-02 -2.342351797193232069e-02
9.990703651368384453e-01 3.490598642635472926e-02 -2.529778387745236154e-02
9.988435268459227023e-01 3.967554933271734419e-02 -2.715621374278375313e-02
9.985781109451434823e-01 4.473112703867093004e-02 -2.899798143981249104e-02
9.982700113455060809e-01 5.006967996909103547e-02 -3.082226371588948563e-02
9.979149497364844246e-01 5.568798230123839926e-02 -3.262824079518485132e-02
9.975084875389592654e-01 6.158261763297576130e-02 -3.441509705461057167e-02
9.970460383868189336e-01 6.774997479643604659e-02 -3.618202177456768254e-02
9.965228811187161195e-01 7.418624387059352676e-02 -3.792820996420299962e-02
9.959341732585392792e-01 8.088741244654749918e-02 -3.965286326027329250e-02
9.952749649600560744e-01 8.784926219932953639e-02 -4.135519089811477006e-02
9.945402133879459594e-01 9.506736581967302480e-02 -4.303441075260631965e-02
9.937247975040854886e-01 1.025370843584211544e-01 -4.468975044640005612e-02
9.928235332245202160e-01 1.102535650350831703e-01 -4.632044852207686803e-02
9.918311889090816180e-01 1.182117395604672799e-01 -4.792575567427219407e-02
9.907425011421294725e-01 1.264063230213151590e-01 -4.950493603721342617e-02
9.895521907594553301e-01 1.348318133724324963e-01 -5.105726852252027298e-02
9.882549790730195127e-01 1.434824915789535971e-01 -5.258204820154860348e-02
9.868456042419530005e-01 1.523524224480988232e-01 -5.407858772601244896e-02
9.853188377351823624e-01 1.614354561860925907e-01 -5.554621878010365665e-02
9.836695008281809427e-01 1.707252307118184154e-01 -5.698429355685002973e-02
9.818924810737503783e-01 1.802151747543183358e-01 -5.839218625101642163e-02
9.799827486844476798e-01 1.898985117564186975e-01 -5.976929456046461975e-02
9.779353727623300019e-01 1.997682646016144814e-01 -6.111504118755263504e-02
9.757455373101366902e-01 2.098172611759043793e-01 -6.242887533187715249e-02
9.734085569569052021e-01 2.200381407705785386e-01 -6.371027416544890187e-02
9.709198923303528073e-01 2.304233613260658065e-01 -6.495874428124423505e-02
9.682751650081869998e-01 2.409652075108952018e-01 -6.617382310600025686e-02
9.654701719808537197e-01 2.516557996236726269e-01 -6.735508026811894144e-02
9.625008995591121108e-01 2.624871032997714293e-01 -6.850211891161958611e-02
9.593635366612563997e-01 2.734509399982474331e-01 -6.961457694723027778e-02
9.560544874167904439e-01 2.845389982383724758e-01 -7.069212823193821160e-02
9.525703830258974714e-01 2.957428455492005503e-01 -7.173448366862539283e-02
9.489080928171363949e-01 3.070539410897978883e-01 -7.274139221779918341e-02
9.450647344494100821e-01 3.184636488922444886e-01 -7.371264181388378911e-02
9.410376832083789944e-01 3.299632516743112309e-01 -7.464806017906626401e-02
9.368245803520974802e-01 3.415439651638892404e-01 -7.554751552828456451e-02
9.324233404657017443e-01 3.531969528728527985e-01 -7.641091715960063313e-02
9.278321577904258266e-01 3.649133412541222810e-01 -7.723821592491236787e-02
9.230495114980266091e-01 3.766842351723053151e-01 -7.802940457671865560e-02
9.180741698877977752e-01 3.885007336154699953e-01 -7.878451798745286783e-02
9.129051934896952325e-01 4.003539455733784447e-01 -7.950363323873589627e-02
9.075419370636153005e-01 4.122350060059035703e-01 -8.018686957876028365e-02
9.019840504914995449e-01 4.241350918243903534e-01 -8.083438824689427593e-02
8.962314785656203542e-01 4.360454378084083760e-01 -8.144639216547955307e-02
8.902844596830593593e-01 4.479573523806822388e-01 -8.202312549967957778e-02
8.841435234629637652e-01 4.598622331639727889e-01 -8.256487308710851181e-02
8.778094873095827477e-01 4.717515822452994501e-01 -8.307195973982417492e-02
8.712834519502857811e-01 4.836170210751238319e-01 -8.354474942209381971e-02
8.645667959836872418e-01 4.954503049319252672e-01 -8.398364430813118342e-02
8.576611694785896134e-01 5.072433368859562419e-01 -8.438908372474894504e-02
8.505684866696561208e-01 5.189881811998268146e-01 -8.476154298456575753e-02
8.432909178004927009e-01 5.306770761078852816e-01 -8.510153211604543078e-02
8.358308801691124446e-01 5.423024459210851189e-01 -8.540959449722149155e-02
8.281910284345418427e-01 5.538569124091003992e-01 -8.568630540046970334e-02
8.203742442465810081e-01 5.653333054168122596e-01 -8.593227045612956971e-02
8.123836252634289989e-01 5.767246726778798571e-01 -8.614812404314155236e-02
8.042224736240168870e-01 5.880242887938691432e-01 -8.633452761515708618e-02
7.958942839434529626e-01 5.992256633532717647e-01 -8.649216797079394004e-02
7.874027309009731246e-01 6.103225481706571198e-01 -8.662175547684883292e-02
7.787516564902196015e-01 6.213089436320898828e-01 -8.672402225334449599e-02
7.699450570015523576e-01 6.321791041387625487e-01 -8.679972032928154335e-02
7.609870698054519433e-01 6.429275426464854393e-01 -8.684961977788824283e-02
7.518819600049272411e-01 6.535490343041882033e-01 -8.687450684001844781e-02
7.426341070232281849e-01 6.640386191998771670e-01 -8.687518204414222678e-02
7.332479911911101711e-01 6.743916042275155398e-01 -8.685245833111079894e-02
7.237281803954543902e-01 6.846035640930187016e-01 -8.680715919156160865e-02
7.140793168482414410e-01 6.946703414819446198e-01 -8.674011682346628727e-02
7.043061040317641908e-01 7.045880464154915535e-01 -8.665217031691992144e-02
6.944132938725795512e-01 7.143530548250692780e-01 -8.654416387282969081e-02
6.844056741930912846e-01 7.239620063789687920e-01 -8.641694506169107781e-02
6.742880564858712011e-01 7.334118015975138460e-01 -8.627136312814585872e-02
6.640652640519022487e-01 7.426995982955266751e-01 -8.610826734650452174e-02
6.537421205399155388e-01 7.518228073929853483e-01 -8.592850543189139989e-02
6.433234389199283809e-01 7.607790881363901692e-01 -8.573292201113993927e-02
6.328140109200168784e-01 7.695663427746080032e-01 -8.552235715703296326e-02
6.222185969513064352e-01 7.781827107338300520e-01 -8.529764498895343883e-02
6.115419165421743797e-01 7.866265623367860726e-01 -8.505961234248951564e-02
6.007886392987598079e-01 7.948964921115182491e-01 -8.480907751002808581e-02
5.899633764050952189e-01 8.029913117348516094e-01 -8.454684905387661875e-02
5.790706726725380893e-01 8.109100426552375840e-01 -8.427372469297794710e-02
5.681149991447072001e-01 8.186519084389018985e-01 -8.399049026382868210e-02
5.571007462608382754e-01 8.262163268822403372e-01 -8.369791875578221074e-02
5.460322175773808517e-01 8.336029019321874456e-01 -8.339676942051377218e-02
5.349136240447730506e-01 8.408114154548705921e-01 -8.308778695504838441e-02
5.237490788336652825e-01 8.478418188912746345e-01 -8.277170075740512833e-02
5.125425927024176431e-01 8.546942248369134854e-01 -8.244922425359302309e-02
5.012980698954784264e-01 8.613688985806512433e-01 -8.212105429440511029e-02
4.900193045602587727e-01 8.678662496358692247e-01 -8.178787062019901577e-02
4.787099776683490515e-01 8.741868232951547357e-01 -8.145033539162316316e-02
4.673736544253775937e-01 8.803312922376175242e-01 -8.110909278404795919e-02
4.560137821524767876e-01 8.863004482158379771e-01 -8.076476864329000527e-02
4.446336886211996187e-01 8.920951938473405951e-01 -8.041797020007322716e-02
4.332365808228019755e-01 8.977165345333798507e-01 -8.006928584055314491e-02
4.218255441520708526e-01 9.031655705257438660e-01 -7.971928493013812067e-02
4.104035419853211963e-01 9.084434891602333195e-01 -7.936851768777222760e-02
3.989734156317956137e-01 9.135515572734768108e-01 -7.901751510779796150e-02
3.875378846374665787e-01 9.184911138178040169e-01 -7.866678892649078825e-02
3.760995474201532796e-01 9.232635626870326906e-01 -7.831683163035084438e-02
3.646608822149073892e-01 9.278703657642299873e-01 -7.796811650324757259e-02
3.532242483087849605e-01 9.323130362008038574e-01 -7.762109770953967702e-02
3.417918875443922699e-01 9.365931319346588735e-01 -7.727621041033376492e-02
3.303659260719596369e-01 9.407122494536231949e-01 -7.693387091009851186e-02
3.189483763301481090e-01 9.446720178089229591e-01 -7.659447683091651082e-02
3.075411392363178176e-01 9.484740928821412398e-01 -7.625840731173040565e-02
2.961460065675742270e-01 9.521201519078624775e-01 -7.592602323002350939e-02
2.847646635145468230e-01 9.556118882530590941e-01 -7.559766744346536893e-02
2.733986913905381289e-01 9.589510064532312805e-01 -7.527366504914918821e-02
2.620495704793976421e-01 9.621392175043578243e-01 -7.495432365814901077e-02
2.507186830062173022e-01 9.651782344088539745e-01 -7.463993368322942301e-02
2.394073162157061008e-01 9.680697679729610705e-01 -7.433076863764795372e-02
2.281166655438740809e-01 9.708155228523049907e-01 -7.402708544309961891e-02
2.168478378694319586e-01 9.734171938417544023e-01 -7.372912474496316759e-02
2.056018548320888151e-01 9.758764624051842196e-01 -7.343711123311916222e-02
1.943796562057001909e-01 9.781949934402953684e-01 -7.315125396671967595e-02
1.831821033149774458e-01 9.803744322732589334e-01 -7.287174670139870414e-02
1.720099824852133197e-01 9.824164018776340157e-01 -7.259876821751941323e-02
1.608640085152043819e-01 9.843225003117519467e-01 -7.233248264815983486e-02
1.497448281642549672e-01 9.860942983685595520e-01 -7.207303980564171153e-02
1.386530236448276776e-01 9.877333374317646131e-01 -7.182057550550730030e-02
1.275891161130587315e-01 9.892411275320285302e-01 -7.157521188694641878e-02
1.165535691499834103e-01 9.906191455968930137e-01 -7.133705772877015072e-02
1.055467922269123504e-01 9.918688338881130884e-01 -7.110620876011852776e-02
9.456914414896655519e-02 9.929915986200874567e-01 -7.088274796517674003e-02
8.362093647131355056e-02 9.939888087531278948e-01 -7.066674588125851364e-02
7.270243688315086716e-02 9.948617949553926199e-01 -7.045826088969546486e-02
6.181387255495461586e-02 9.956118487274093765e-01 -7.025733949904801323e-02
5.095543344495069571e-02 9.962402216832454416e-01 -7.006401662022652965e-02
4.012727556117468009e-02 9.967481249825232981e-01 -6.987831583318111772e-02
2.932952417586319471e-02 9.971367289076445983e-01 -6.970024964488456820e-02
1.871853723313573331e-02 9.974042293047513663e-01 -6.953000546076591737e-02
8.128727788114131769e-03 9.975566037592382695e-01 -6.938838530716819053e-02
-2.443035919051966126e-03 9.975945897476650170e-01 -6.927530598745369750e-02
-1.299988779607884858e-02 9.975187488154129145e-01 -6.919068303968946287e-02
-2.354495883001338219e-02 9.973294677934175789e-01 -6.913443083424343494e-02
-3.408137209088489550e-02 9.970269599379973924e-01 -6.910646262322367450e-02
-4.461223778819468910e-02 9.966112659934337481e-01 -6.910669054238285924e-02
-5.514064836116565338e-02 9.960822551781912670e-01 -6.913502556602257876e-02
-6.566967358396109955e-02 9.954396260968807475e-01 -6.919137741534554797e-02
-7.620235566738287059e-02 9.946829075812584353e-01 -6.927565442062004475e-02
-8.674170433887526399e-02 9.938114594647436961e-01 -6.938776333744001157e-02
-9.729069188299431514e-02 9.928244732961123420e-01 -6.952760911728744775e-02
-1.078522481248541665e-01 9.917209729992051415e-01 -6.969509463253145687e-02
-1.184292553394362957e-01 9.904998154866729854e-01 -6.989012035593140937e-02
-1.290245430700463214e-01 9.891596912369760020e-01 -7.011258399465143676e-02
-1.396408828396326074e-01 9.876991248450603944e-01 -7.036238007873958644e-02
-1.502809827391440867e-01 9.861164755583640140e-01 -7.063939950397968293e-02
-1.609474818776080174e-01 9.844099378110481302e-01 -7.094352902898705404e-02
-1.716429446791589430e-01 9.825775417706239523e-01 -7.127465072639209420e-02
-1.823698550128518558e-01 9.806171539124396430e-01 -7.163264138793960789e-02
-1.931146139684973839e-01 9.785607748971504316e-01 -7.159299953198230981e-02
-2.038239848053199910e-01 9.763887912969847482e-01 -7.155915962114722806e-02
-2.144976578712494697e-01 9.741016816319977289e-01 -7.153090582324930780e-02
-2.251352936863376397e-01 9.716999050179392361e-01 -7.150801356295827249e-02
-2.357365211516236347e-01 9.691839034366714900e-01 -7.149024964120828662e-02
-2.463009358617531397e-01 9.665541040803435902e-01 -7.147737235344767126e-02
-2.568280985232198610e-01 9.638109217662864658e-01 -7.146913160745886617e-02
-2.673175334801647374e-01 9.609547614195481646e-01 -7.146526904149030912e-02
-2.777687273497337905e-01 9.579860206199225514e-01 -7.146551814345213083e-02
-2.881811277690553008e-01 9.549050922102410022e-01 -7.146960437193501658e-02
-2.985541422559525593e-01 9.517123669625959792e-01 -7.147724527981720588e-02
-3.088871371855548276e-01 9.484082362990442494e-01 -7.148815064122798768e-02
-3.191794368850066621e-01 9.449930950631996174e-01 -7.150202258263664568e-02
-3.294303228485033208e-01 9.414673443389725005e-01 -7.151855571883466989e-02
-3.396390330748926267e-01 9.378313943125425878e-01 -7.153743729457476275e-02
-3.498047615300843849e-01 9.340856671734658612e-01 -7.155834733262356195e-02
-3.599266577364922393e-01 9.302306000506196382e-01 -7.158095878897577369e-02
-3.700038264916991060e-01 9.262666479784767981e-01 -7.160493771596487811e-02
-3.800353277184863043e-01 9.221942868889781986e-01 -7.162994343399087249e-02
-3.900201764482930100e-01 9.180140166240394750e-01 -7.165562871256683786e-02
-3.999573429400808400e-01 9.137263639634869428e-01 -7.168163996136528437e-02
-4.098457529364609719e-01 9.093318856629704072e-01 -7.170761743192037574e-02
-4.196842880588022573e-01 9.048311714961473351e-01 -7.173319543061436321e-02
-4.294717863428743065e-01 9.002248472951774882e-01 -7.175800254354550156e-02
-4.392070429163897893e-01 8.955135779833109932e-01 -7.178166187383973329e-02
-4.488888108195935311e-01 8.906980705930971354e-01 -7.180379129193049936e-02
-4.585158019698041820e-01 8.857790772634902554e-01 -7.182400369928917949e-02
-4.680866882705430054e-01 8.807573982088826581e-01 -7.184190730604342323e-02
-4.776001028655880720e-01 8.756338846528585185e-01 -7.185710592287165854e-02
-4.870546415379661265e-01 8.704094417192352884e-01 -7.186919926750991172e-02
-4.964488642535431762e-01 8.650850312727468294e-01 -7.187778328615088141e-02
-5.057812968484959315e-01 8.596616747015262128e-01 -7.188245048995628439e-02
-5.150504328595402193e-01 8.541404556333694886e-01 -7.188279030684049942e-02
-5.242547354953629446e-01 8.485225225776027447e-01 -7.187838944861800472e-02
-5.333926397472494862e-01 8.428090914842478742e-01 -7.186883229353817348e-02
-5.424625546364205686e-01 8.370014482120731181e-01 -7.185370128415922986e-02
-5.514628655950936098e-01 8.311009508970432780e-01 -7.183257734043911602e-02
-5.603919369777676796e-01 8.251090322126386489e-01 -7.180504028784406856e-02
-5.692481146986925200e-01 8.190272015135064976e-01 -7.177066930019725122e-02
-5.780297289909365199e-01 8.128570468539346727e-01 -7.172904335690905020e-02
-5.869927164019701493e-01 8.063047188582231906e-01 -7.288520499708535383e-02
-5.960247017251891766e-01 7.995444729630926117e-01 -7.404858235433700586e-02
-6.051217735284947219e-01 7.925716347261169137e-01 -7.521864717359494357e-02
-6.142797660913867919e-01 7.853815631470845160e-01 -7.639483677251192317e-02
-6.234942534316652019e-01 7.779696627525441999e-01 -7.757655324909940031e-02
-6.327605437637566776e-01 7.703313964027445060e-01 -7.876316274639603987e-02
-6.420736744500810111e-01 7.624622988222468090e-01 -7.995399478231085544e-02
-6.514284075096765658e-01 7.543579908511021115e-01 -8.114834165315633341e-02
-6.608192257508982426e-01 7.460141944086471355e-01 -8.234545791972983086e-02
-6.702403295973211605e-01 7.374267481566864069e-01 -8.354455998510933179e-02
-6.796856346779804880e-01 7.285916238430869551e-01 -8.474482577359376823e-02
-6.891487702546889027e-01 7.195049433006298623e-01 -8.594539452043176153e-02
-6.986230785603386728e-01 7.101629960693474075e-01 -8.714536668213636317e-02
-7.081016151227491617e-01 7.005622576035498428e-01 -8.834380397727027712e-02
-7.175771501486990500e-01 6.906994080173400885e-01 -8.953972956759549684e-02
-7.270421710422183548e-01 6.805713513146636195e-01 -9.073212838940665492e-02
-7.364888861299431211e-01 6.701752350418944681e-01 -9.191994764469806067e-02
-7.459092296642922948e-01 6.595084702926703457e-01 -9.310209746154310406e-02
-7.552948681723484770e-01 6.485687519862279871e-01 -9.427745173268291257e-02
-7.646372082145563853e-01 6.373540793319322217e-01 -9.544484914082117244e-02
-7.739274056126435042e-01 6.258627763841249081e-01 -9.660309437849727565e-02
-7.831563762004722928e-01 6.140935125829414254e-01 -9.775095956965434985e-02
-7.923148081448159186e-01 6.020453231684617101e-01 -9.888718589912809387e-02
-8.013931758752863566e-01 5.897176293475951958e-01 -1.000104854552524014e-01
-8.103817556538258637e-01 5.771102580855710373e-01 -1.011195432896084961e-01
-8.192706428042955125e-01 5.642234613869522297e-01 -1.022130196966343496e-01
-8.280497706117811996e-01 5.510579349248467818e-01 -1.032895527143639497e-01
-8.367089308893235211e-01 5.376148358716019704e-01 -1.043477608459861122e-01
-8.452377961969123055e-01 5.238957997798778798e-01 -1.053862460002063656e-01
-8.536259436838475878e-01 5.099029563597483605e-01 -1.064035966465739502e-01
-8.618628805110489788e-01 4.956389439955146692e-01 -1.073983911800103080e-01
-8.699380707947085289e-01 4.811069228453730418e-01 -1.083692014867619346e-01
-8.778409639969659839e-01 4.663105863680742647e-01 -1.093145967019165804e-01
-8.855610246731948632e-01 4.512541711233700736e-01 -1.102331471464884777e-01
-8.930877634692027112e-01 4.359424646974479622e-01 -1.111234284299186248e-01
-9.004107692453574563e-01 4.203808116107960458e-01 -1.119840257016767454e-01
-9.075197421885714544e-01 4.045751170740629621e-01 -1.128135380335190258e-01
-9.144045277574265329e-01 3.885318484675189810e-01 -1.136105829118814470e-01
-9.210551512907415583e-01 3.722580344316790413e-01 -1.143738008179019799e-01
-9.274618530958127494e-01 3.557612614704916965e-01 -1.151018598706995688e-01
-9.335751997172163641e-01 3.397984376767747006e-01 -1.139050939676312380e-01
-9.393539919750094613e-01 3.239145255966240367e-01 -1.126652565015226481e-01
-9.448036057326704151e-01 3.081234998764130761e-01 -1.113824830004500471e-01
-9.499299017098711273e-01 2.924391299541599931e-01 -1.100569814006608915e-01
-9.547392088317463443e-01 2.768749534073221552e-01 -1.086890301943490150e-01
-9.592383056420289433e-01 2.614442505758633462e-01 -1.072789763273943042e-01
-9.634343999021411920e-01 2.461600206019139148e-01 -1.058272328650012722e-01
-9.673351065098279022e-01 2.310349590131924036e-01 -1.043342764446580501e-01
-9.709484238807863932e-01 2.160814369622244269e-01 -1.028006445371091315e-01
-9.742827089449086486e-01 2.013114822174852103e-01 -1.012269325370805245e-01
-9.773466509151577108e-01 1.867367619861228234e-01 -9.961379070630863031e-02
-9.801492439917313115e-01 1.723685676311022541e-01 -9.796192099200044801e-02
-9.826997591670244558e-01 1.582178013286588414e-01 -9.627207374419333163e-02
-9.850077152980281081e-01 1.442949646950682785e-01 -9.454504435559117625e-02
-9.870828496122439066e-01 1.306101493951244141e-01 -9.278166984733750289e-02
-9.889350878110361176e-01 1.171730297285509814e-01 -9.098282542385482952e-02
-9.905745139306829650e-01 1.039928571750238090e-01 -8.914942101934607288e-02
-9.920113401163449529e-01 9.107845686370028004e-02 -8.728239785783253879e-02
-9.932558764578657273e-01 7.843822591927190890e-02 -8.538272504771152183e-02
-9.943185010289117276e-01 6.608013362368751753e-02 -8.345139623077202362e-02
-9.952096302625781377e-01 5.401172332092847583e-02 -8.148942630442936041e-02
-9.959396897874098764e-01 4.224011598162521336e-02 -7.949784823464885186e-02
-9.965190858379551209e-01 3.077201533493401087e-02 -7.747770997564441819e-02
-9.969581773436468897e-01 1.961371446697520587e-02 -7.543007151098135576e-02
-9.972672487891519610e-01 8.771103778278456151e-03 -7.335600202920219970e-02
-9.974564839284800755e-01 -1.750319812920149778e-03 -7.125657724555072015e-02
-9.975359404242591932e-01 -1.194544253905364430e-02 -6.913287687980869400e-02
-9.975155254727817722e-01 -2.180952244397377573e-02 -6.698598229870092458e-02
-9.974049724648391679e-01 -3.133817715881078575e-02 -6.481697432978095197e-02
-9.972138187220980221e-01 -4.052737091663435876e-02 -6.262693125219719048e-02
-9.969513843389317120e-01 -4.937340092955200266e-02 -6.041692696826942571e-02
-9.966267521502903959e-01 -5.787288325089410407e-02 -5.818802935838900126e-02
-9.962487488374491829e-01 -6.602273824329807361e-02 -5.594129882040192042e-02
-9.958259271753738817e-01 -7.382017577090219107e-02 -5.367778699334994907e-02
-9.953665494180404805e-01 -8.126268023057992007e-02 -5.139853566423576575e-02
-9.948785718113727361e-01 -8.834799553327382649e-02 -4.910457585534928199e-02
-9.943696302175449864e-01 -9.507411014210921663e-02 -4.679692708864516271e-02
-9.938470268292520782e-01 -1.014392422691633294e-01 -4.447659682269849979e-02
-9.933177179481794683e-01 -1.074418253276138852e-01 -4.214458005688589970e-02
-9.927883027983027686e-01 -1.130804937305638358e-01 -3.980185909664258476e-02
-9.922650133418045026e-01 -1.183540691222045443e-01 -3.744940347292972926e-02
-9.917537050632856399e-01 -1.232615471211985503e-01 -3.508817000840818573e-02
-9.912598486865509262e-01 -1.278020846502898045e-01 -3.271910302225079781e-02
-9.907885227875227185e-01 -1.319749879202318232e-01 -3.034313466503232165e-02
-9.903444072667554332e-01 -1.357797011302030454e-01 -2.796118537470847903e-02
-9.899317776455349716e-01 -1.392157959409885681e-01 -2.557416444433006919e-02
-9.895545001506169669e-01 -1.422829617713746719e-01 -2.318297069182876161e-02
-9.892160275542298820e-01 -1.449809969624496486e-01 -2.078849322195409563e-02
-9.889193957380054689e-01 -1.473098008488439858e-01 -1.839161227023122097e-02
-9.886672209519363763e-01 -1.492693667703873517e-01 -1.599320011864175869e-02
-9.884616977422631123e-01 -1.508597760522095432e-01 -1.359412207260157421e-02
-9.883045975252930937e-01 -1.520811929759706693e-01 -1.119523748871540346e-02
-9.881972677875152655e-01 -1.529338607596644750e-01 -8.797400842725722897e-03
-9.881406318959298218e-01 -1.534180985582925816e-01 -6.401462827039049348e-03
-9.881351895062230328e-01 -1.535342994926442439e-01 -4.008271467204589135e-03
-9.881810175602229185e-01 -1.532829297084229159e-01 -1.618673246735889259e-03
-9.882777718679227608e-01 -1.526645284630250010e-01 7.664857702954150365e-04
-9.884246892732083678e-01 -1.516797092323795004e-01 3.146358829404264593e-03
-9.886205904062159711e-01 -1.503291618253876916e-01 5.520097399003534057e-03
-9.888638830289346870e-01 -1.486136554886424710e-01 7.886850117205945407e-03
-9.890472879083050950e-01 -1.473672686603549331e-01 8.267440460328711813e-03
-9.892376093054341402e-01 -1.460624235360613310e-01 8.644126957402279224e-03
-9.894345325905291588e-01 -1.446997024049693492e-01 9.016762566999516129e-03
-9.896377331862239446e-01 -1.432797096916048896e-01 9.385201765236318022e-03
-9.898468771083308582e-01 -1.418030718487864883e-01 9.749300598331903794e-03
-9.900616215208998261e-01 -1.402704372434220581e-01 1.010891673585096774e-02
-9.902816153047820924e-01 -1.386824760345405361e-01 1.046390952461420838e-02
-9.905064996388714960e-01 -1.370398800429716846e-01 1.081414004325844704e-02
-9.907359085931719545e-01 -1.353433626120914557e-01 1.115947115742221309e-02
-9.909694697328151891e-01 -1.335936584590561305e-01 1.149976757552741841e-02
-9.912068047321321851e-01 -1.317915235159572429e-01 1.183489590512243166e-02
-9.914475299978567913e-01 -1.299377347603404287e-01 1.216472470974670241e-02
-9.916912573005216558e-01 -1.280330900345449940e-01 1.248912456627192941e-02
-9.919375944130827127e-01 -1.260784078533369046e-01 1.280796812266971410e-02
-9.921861457557930031e-01 -1.240745271993264620e-01 1.312113015615075373e-02
-9.924365130463239648e-01 -1.220223073056827950e-01 1.342848763161578508e-02
-9.926882959541195595e-01 -1.199226274256803837e-01 1.372991976035388244e-02
-9.929410927579490620e-01 -1.177763865886382461e-01 1.402530805891922042e-02
-9.931945010056124623e-01 -1.155845033418398810e-01 1.431453640811312412e-02
-9.934481181747381040e-01 -1.133479154780519665e-01 1.459749111199416458e-02
-9.937015423336019726e-01 -1.110675797482913035e-01 1.487406095683517331e-02
-9.939543728008870538e-01 -1.087444715595231870e-01 1.514413726994246791e-02
-9.942062108032949652e-01 -1.063795846570098486e-01 1.540761397824918361e-02
-9.944566601299150710e-01 -1.039739307910645533e-01 1.566438766659155116e-02
-9.947053277822529571e-01 -1.015285393680059600e-01 1.591435763557413549e-02
-9.949518246188172599e-01 -9.904445708514707236e-02 1.615742595892756886e-02
-9.951957659931657263e-01 -9.652274754969500381e-02 1.639349754026010395e-02
-9.954367723843124960e-01 -9.396449088148003947e-02 1.662248016910247359e-02
-9.956744700184040342e-01 -9.137078329947626032e-02 1.684428457614400160e-02
-9.959084914805780286e-01 -8.874273669212062732e-02 1.705882448755673478e-02
-9.961384763159284450e-01 -8.608147817148227576e-02 1.726601667830353001e-02
-9.963640716185134805e-01 -8.338814961137983039e-02 1.746578102432556553e-02
-9.965849326073554781e-01 -8.066390716959043194e-02 1.765804055350464127e-02
-9.968007231884002950e-01 -7.790992079434057305e-02 1.784272149529590387e-02
-9.970111165014220456e-01 -7.512737371531497121e-02 1.801975332892724949e-02
-9.972157954508813482e-01 -7.231746191946590574e-02 1.818906883006268793e-02
-9.974144532197698476e-01 -6.948139361195125596e-02 1.835060411582829787e-02
-9.976067937654996554e-01 -6.662038866257463665e-02 1.850429868810118950e-02
-9.977925322969272148e-01 -6.373567803814550459e-02 1.865009547496398329e-02
-9.979713957316315165e-01 -6.082850322122090869e-02 1.878794087022978010e-02
-9.981521625384138785e-01 -5.705140457419818206e-02 2.091406003959000656e-02
-9.983319359232458723e-01 -5.294445739652536148e-02 2.302673286224406549e-02
-9.985066541458856859e-01 -4.850971751436463503e-02 2.512507199128622901e-02
-9.986719703788662361e-01 -4.374940570863685568e-02 2.720818665068451547e-02
-9.988232631646546400e-01 -3.866591532759226096e-02 2.927518278818797698e-02
-9.989556476002804386e-01 -3.326182013802429782e-02 3.132516333072467990e-02
-9.990639872547149025e-01 -2.753988235004008883e-02 3.335722854625270545e-02
-9.991429068220676335e-01 -2.150306074724550945e-02 3.537047651541581905e-02
-9.991868055110105784e-01 -1.515451885141423129e-02 3.736400371570231665e-02
-9.991898711677560385e-01 -8.497633048225462782e-03 3.933690572011071945e-02
-9.991460951264073964e-01 -1.536000598512659611e-03 4.128827801159069139e-02
-9.990492877765854152e-01 5.726552542294921846e-03 4.321721691375390861e-02
-9.988930948339292959e-01 1.328596417519410829e-02 4.512282063754013278e-02
-9.986710142944088542e-01 2.113792865862517203e-02 4.700419044268187158e-02
-9.983764140483922800e-01 2.927789013939051735e-02 4.886043191194088670e-02
-9.980025501251348352e-01 3.770103629321465422e-02 5.069065633519626024e-02
-9.975425855328349245e-01 4.640229265394442415e-02 5.249398219955248718e-02
-9.969896096536950969e-01 5.537631760904013212e-02 5.426953678071367443e-02
-9.963366581475848749e-01 6.461749813702502565e-02 5.601645782994331413e-02
-9.955767333119965867e-01 7.411994635991937808e-02 5.773389535000651024e-02
-9.948903661083002836e-01 8.303271743708516561e-02 5.743455654868555305e-02
-9.941299225295283648e-01 9.189072088023908513e-02 5.711211400649179176e-02
-9.932970801258697024e-01 1.006898260384949395e-01 5.676680858365141386e-02
-9.923936322438460245e-01 1.094259759430270540e-01 5.639889603214181396e-02
-9.914214836500988559e-01 1.180951915722215084e-01 5.600864646527392576e-02
-9.903826459391382731e-01 1.266935758587705296e-01 5.559634380159345773e-02
-9.892792327430173227e-01 1.352173174287482071e-01 5.516228518551948706e-02
-9.881134547613661390e-01 1.436626940641265171e-01 5.470678038720401537e-02
-9.868876146305768371e-01 1.520260758816296687e-01 5.423015118414530739e-02
-9.856041016511697395e-01 1.603039282222727679e-01 5.373273072712186210e-02
-9.842653863924945012e-01 1.684928142473751389e-01 5.321486289303224704e-02
-9.828740151939353575e-01 1.765893972382720778e-01 5.267690162722959979e-02
-9.814326045816910149e-01 1.845904425983592168e-01 5.211921027792855432e-02
-9.799438356200018685e-01 1.924928195574839296e-01 5.154216092523709186e-02
-9.784104482153942461e-01 2.002935025800387792e-01 5.094613370732738872e-02
-9.768352353921190279e-01 2.079895724794054990e-01 5.033151614620832992e-02
-9.752210375564777101e-01 2.155782172426372878e-01 4.969870247549926234e-02
-9.735707367671658785e-01 2.230567325704456705e-01 4.904809297253041878e-02
-9.718872510281258981e-01 2.304225221386709266e-01 4.838009329701106059e-02
-9.701735286196944141e-01 2.376730975884563946e-01 4.769511383841303770e-02
-9.684325424830663165e-01 2.448060782533139357e-01 4.699356907411591372e-02
-9.666672846722819123e-01 2.518191906321561313e-01 4.627587694025112053e-02
-9.648807608870819674e-01 2.587102676181793903e-01 4.554245821706784381e-02
-9.630759850990830984e-01 2.654772474942079241e-01 4.479373593052349972e-02
-9.612559742827997411e-01 2.721181727057522814e-01 4.403013477167785905e-02
-9.594237432620986716e-01 2.786311884235966319e-01 4.325208053534283781e-02
-9.575822996817117128e-01 2.850145409082064374e-01 4.245999957931092389e-02
-9.557346391124738050e-01 2.912665756886455570e-01 4.165431830535507030e-02
-9.538837402979890578e-01 2.973857355690090465e-01 4.083546266306217754e-02
-9.520325605494757149e-01 3.033705584756174467e-01 4.000385767743237786e-02
-9.501840312945988298e-01 3.092196751583850545e-01 3.915992700104756891e-02
-9.483410537851789668e-01 3.149318067598684268e-01 3.830409249148586381e-02
-9.465064949677663986e-01 3.205057622655284599e-01 3.743677381453464070e-02
-9.446831835202029737e-01 3.259404358487018594e-01 3.655838807363395032e-02
-9.428739060564564900e-01 3.312348041236817808e-01 3.566934946586505784e-02
-9.410814035012142753e-01 3.363879233201537144e-01 3.477006896468603364e-02
-9.393083676349610611e-01 3.413989263920300665e-01 3.386095402950815847e-02
-9.375574378095511419e-01 3.462670200734757064e-01 3.294240834210355323e-02
-9.358311978336102399e-01 3.509914818946251458e-01 3.201483156973651545e-02
-9.341321730264772194e-01 3.555716571691605044e-01 3.107861915481839599e-02
-9.324628274388166993e-01 3.600069559655568741e-01 3.013416213079879447e-02
-9.308255612375027077e-01 3.642968500734089510e-01 2.918184696392452093e-02
-9.292227082518951242e-01 3.684408699758354166e-01 2.822205542042207152e-02
-9.276565336781960047e-01 3.724386018385202890e-01 2.725516445858946341e-02
-9.261292319381917437e-01 3.762896845254951050e-01 2.628154614521890919e-02
-9.246429246883545172e-01 3.799938066512996149e-01 2.530156759571314945e-02
-9.231996589749874582e-01 3.835507036786801605e-01 2.431559093720491588e-02
-9.218014055308608734e-01 3.869601550705029092e-01 2.332397329394102561e-02
-9.204500572085936305e-01 3.902219815040709472e-01 2.232706679414967962e-02
-9.191474275458814125e-01 3.933360421555485154e-01 2.132521859757154428e-02
-9.178952494575703946e-01 3.963022320617089478e-01 2.031877094280184690e-02
-9.166951740495056233e-01 3.991204795657423143e-01 1.930806121356178767e-02
-9.155487695490568401e-01 4.017907438533837583e-01 1.829342202299280920e-02
-9.144575203472345981e-01 4.043130125851553403e-01 1.727518131504641660e-02
-9.134228261473530397e-01 4.066872996300571197e-01 1.625366248202499489e-02
-9.124460012152721955e-01 4.089136429055947874e-01 1.522918449731523564e-02
-9.115282737263618040e-01 4.109921023285952879e-01 1.420206206234494659e-02
-9.106707852044622076e-01 4.129227578808378207e-01 1.317260576678609338e-02
-9.098745900482824167e-01 4.147057077931167179e-01 1.214112226102147078e-02
-9.091406551408581782e-01 4.163410668509539558e-01 1.110791443988927429e-02
-9.084698595379049335e-01 4.178289648247943133e-01 1.007328163671878003e-02
-9.078629942311238210e-01 4.191695450271449297e-01 9.037519826671036247e-03
-9.073207619827670101e-01 4.203629629987618577e-01 8.000921838400804759e-03
-9.068437772280271147e-01 4.214093853256400402e-01 6.963777573059663946e-03
-9.064325660420921027e-01 4.223089885882298500e-01 5.926374229665087173e-03
-9.060875661689887783e-01 4.230619584439805902e-01 4.888996535866155756e-03
-9.058091271096369024e-01 4.236684888440006569e-01 3.851926983143327474e-03
-9.055975102668364363e-01 4.241287813843224730e-01 2.815446065487097610e-03
-9.054528891452182648e-01 4.244430447919685379e-01 1.779832520608418860e-03
-9.053753496045039428e-01 4.246114945457322154e-01 7.453635727422299167e-04
-9.053648901647315395e-01 4.246343526313097749e-01 -2.876848238856683122e-04
-9.054214223624214020e-01 4.245118474301519673e-01 -1.319037741848940685e-03
-9.055447711569700742e-01 4.242442137411384095e-01 -2.348421038479326338e-03
-9.057346753868700251e-01 4.238316929339190353e-01 -3.375561115894875307e-03
-9.059907882756610409e-01 4.232745332325103527e-01 -4.400184683989202643e-03
-9.063126779878198924e-01 4.225729901274809519e-01 -5.422018527262947515e-03
-9.066998282350866578e-01 4.217273269148080206e-01 -6.440789276368166782e-03
-9.071516389340128494e-01 4.207378153592357672e-01 -7.456223185225628776e-03
-9.076674269157866126e-01 4.196047364797141355e-01 -8.468045914563829615e-03
-9.082464266896560501e-01 4.183283814542442247e-01 -9.475982322717005010e-03
-9.085840205176595186e-01 4.176123477842065279e-01 -8.660554450989605899e-03
-9.088673342197918226e-01 4.170115456676537491e-01 -7.844751956139957641e-03
-9.090965961799309936e-01 4.165260783113147181e-01 -7.028902189924831137e-03
-9.092720130442846216e-01 4.161559820054473446e-01 -6.213332539270458379e-03
-9.093937696074975152e-01 4.159012262123183978e-01 -5.398370181865431994e-03
-9.094620287820963656e-01 4.157617137025116927e-01 -4.584341842659893709e-03
-9.094769316511128743e-01 4.157372807387786362e-01 -3.771573551356085206e-03
-9.094385976034875529e-01 4.158276973072024818e-01 -2.960390400974173379e-03
-9.093471245516135948e-01 4.160326673955064281e-01 -2.151116307577193975e-03
-9.092025892301448531e-01 4.163518293183912644e-01 -1.344073771240056510e-03
-9.090050475749557046e-01 4.167847560898425008e-01 -5.395836383497588495e-04
-9.087545351809099836e-01 4.173309558423977106e-01 2.620351346727760582e-04
-9.084510678368697967e-01 4.179898722934129451e-01 1.060465716134507616e-03
-9.080946421361505427e-01 4.187608852584078778e-01 1.855393632215724103e-03
-9.076852361604138553e-01 4.196433112116084163e-01 2.646506998392918111e-03
-9.072228102347766887e-01 4.206364038938354422e-01 3.433496749025849448e-03
-9.067073077517101565e-01 4.217393549679135378e-01 4.216056864987748239e-03
-9.061386560611038865e-01 4.229512947217905494e-01 4.993884599209127279e-03
-9.055167674236797026e-01 4.242712928195692679e-01 5.766680699996610746e-03
-9.048415400247563634e-01 4.256983591006526235e-01 6.534149631978621725e-03
-9.044544310503959128e-01 4.265349341311266973e-01 5.489328350837067647e-03
-9.041347908041440506e-01 4.272242098701933277e-01 4.444678303289695091e-03
-9.038829312138856320e-01 4.277663895187626131e-01 3.400480208789743303e-03
-9.036990752210308786e-01 4.281616827124262170e-01 2.357012869691340121e-03
-9.035833570144773397e-01 4.284103050639214705e-01 1.314553421129676476e-03
-9.035358223159697388e-01 4.285124778428939796e-01 2.733775820515673121e-04
-9.035564287156432339e-01 4.284684277924443174e-01 -7.662400935402149168e-04
-9.036450460568603571e-01 4.282783870816805893e-01 -1.804025966055837005e-03
-9.038014568697755324e-01 4.279425933932369253e-01 -2.839707061417742762e-03
-9.040253568533822559e-01 4.274612901444617141e-01 -3.873010824697682188e-03
-9.043163554061126597e-01 4.268347268407266526e-01 -4.903664877188552984e-03
-9.046739762053662703e-01 4.260631595590551046e-01 -5.931396777797882762e-03
-9.050976578366448644e-01 4.251468515600187459e-01 -6.955933789639253371e-03
-9.055867544732612018e-01 4.240860740255996131e-01 -7.977002652687185946e-03
-9.061405366078651991e-01 4.228811069204644890e-01 -8.994329363349895870e-03
-9.067581918372995542e-01 4.215322399738445358e-01 -1.000763896180278251e-02
-9.074388257025448601e-01 4.200397737789579033e-01 -1.101665532791347782e-02
-9.081814625857518308e-01 4.184040210066546917e-01 -1.202110098657658416e-02
-9.089850466665752027e-01 4.166253077297012997e-01 -1.302069692326282557e-02
-9.098484429402241558e-01 4.147039748538561277e-01 -1.401516241057297781e-02
-9.107704382998218495e-01 4.126403796516174838e-01 -1.500421484657163927e-02
-9.117497426858277576e-01 4.104348973942515966e-01 -1.598756960565931098e-02
-9.127849903054088276e-01 4.080879230774293043e-01 -1.696493990272337354e-02
-9.138747409247597320e-01 4.055998732355172165e-01 -1.793603667128917251e-02
-9.150174812374558542e-01 4.029711878392841506e-01 -1.890056845637124935e-02
-9.162116263119861603e-01 4.002023322714916564e-01 -1.985824132270186046e-02
-9.174555211216415262e-01 3.972937993745475072e-01 -2.080875877898889087e-02
-9.187474421599399754e-01 3.942461115641043845e-01 -2.175182171882807797e-02
-9.200855991447430826e-01 3.910598230021928856e-01 -2.268712837886488476e-02
-9.214681368141611761e-01 3.877355218231808287e-01 -2.361437431476926668e-02
-9.228931368172561545e-01 3.842738324055592902e-01 -2.453325239555178769e-02
-9.243586197024292739e-01 3.806754176822635394e-01 -2.544345281671193948e-02
-9.258625470062286089e-01 3.769409814819522087e-01 -2.634466313266895302e-02
-9.274028234451227037e-01 3.730712708933879851e-01 -2.723656830888179434e-02
-9.289772992125665541e-01 3.690670786447922125e-01 -2.811885079401826512e-02
-9.305837723834300412e-01 3.649292454897846150e-01 -2.899119061248313714e-02
-9.322199914275710597e-01 3.606586625912719390e-01 -2.985326547756197990e-02
-9.338836578340120598e-01 3.562562738944157203e-01 -3.070475092538077835e-02
-9.355724288468240113e-01 3.517230784795939424e-01 -3.154532046982162080e-02
-9.372839203134307740e-01 3.470601328860760670e-01 -3.237464577847151692e-02
-9.390157096456283048e-01 3.422685533969573868e-01 -3.319239686961521912e-02
-9.407653388931617178e-01 3.373495182757511035e-01 -3.399824233021338238e-02
-9.425303179292200406e-01 3.323042699449170190e-01 -3.479184955473510477e-02
-9.443081277467043622e-01 3.271341170965159084e-01 -3.557288500463859360e-02
-9.460962238635858279e-01 3.218404367251228027e-01 -3.634101448821609737e-02
-9.478920398351170507e-01 3.164246760731120878e-01 -3.709590346043890180e-02
-9.496929908700766365e-01 3.108883544784462050e-01 -3.783721734235618445e-02
-9.514964775476337788e-01 3.052330651151569652e-01 -3.856462185951746446e-02
-9.532998896308028103e-01 2.994604766168119658e-01 -3.927778339880311914e-02
-9.551006099718357678e-01 2.935723345734041478e-01 -3.997636938296111886e-02
-9.568960185042654221e-01 2.875704628922970962e-01 -4.066004866206121560e-02
-9.586834963156753986e-01 2.814567650141001631e-01 -4.132849192099095209e-02
-9.604604297946314206e-01 2.752332249746396453e-01 -4.198137210203121972e-02
-9.622242148445769860e-01 2.689019083045356417e-01 -4.261836484146352272e-02
-9.639722611568642963e-01 2.624649627582873457e-01 -4.323914891907695152e-02
-9.657019965344811885e-01 2.559246188652165022e-01 -4.384340671936082928e-02
-9.674108712574325253e-01 2.492831902951166134e-01 -4.443082470308954562e-02
-9.690963624801622878e-01 2.425430740320041190e-01 -4.500109388792999238e-02
-9.707559786508513922e-01 2.357067503499677141e-01 -4.555391033662965772e-02
-9.723872639419101072e-01 2.287767825857601467e-01 -4.608897565127574592e-02
-9.739878026805022238e-01 2.217558167034726357e-01 -4.660599747205292076e-02
-9.755552237674989247e-01 2.146465806473725757e-01 -4.710468997887030940e-02
-9.770872050728661717e-01 2.074518834797674793e-01 -4.758477439417777705e-02
-9.785814777951455934e-01 2.001746143015799839e-01 -4.804597948524755996e-02
-9.800358307723993079e-01 1.928177409541752818e-01 -4.848804206416092166e-02
-9.814481147317575260e-01 1.853843085018698211e-01 -4.891070748371098564e-02
-9.828162464645386898e-01 1.778774374954650295e-01 -4.931373012741264300e-02
-9.841382129138078749e-01 1.703003220180851762e-01 -4.969687389179899134e-02
-9.854120751612001072e-01 1.626562275155511716e-01 -5.005991265918137423e-02
-9.866359722998725434e-01 1.549484884144848029e-01 -5.040263075905724449e-02
-9.878081251805502783e-01 1.471805055323059386e-01 -5.072482341636659620e-02
-9.889268400178125029e-01 1.393557432842515431e-01 -5.102629718482428606e-02
-9.899905118440160967e-01 1.314777266935041045e-01 -5.130687036359189712e-02
-9.909976277985809157e-01 1.235500382114622375e-01 -5.156637339559888566e-02
-9.919467702407600562e-01 1.155763143561098494e-01 -5.180464924587895037e-02
-9.928366196744917715e-01 1.075602421773379086e-01 -5.202155375835301743e-02
-9.936659574744729495e-01 9.950555555893603188e-02 -5.221695598956548057e-02
-9.944336684032037965e-01 9.141603136779508088e-02 -5.239073851796433035e-02
-9.951387429094323833e-01 8.329548546163950684e-02 -5.254279772740885757e-02
-9.957802791991653413e-01 7.514776856733425270e-02 -5.267304406368945174e-02
-9.964038362345953859e-01 6.782365256025833788e-02 -5.078728572313429002e-02
-9.969528398279859926e-01 6.078931467163727759e-02 -4.888451135035148248e-02
-9.974332230600205795e-01 5.404810787413957124e-02 -4.696561093551053501e-02
-9.978507438293612308e-01 4.760315272611567727e-02 -4.503147677239755647e-02
-9.982109719473305498e-01 4.145734387460357773e-02 -4.308300252115721679e-02
-9.985192769130661894e-01 3.561335670561045774e-02 -4.112108236561047570e-02
-9.987808163800178107e-01 3.007365407990252731e-02 -3.914661026437949581e-02
-9.990005253214607750e-01 2.484049309429244012e-02 -3.716047929441835401e-02
-9.991831058998102977e-01 1.991593181048877115e-02 -3.516358108494906792e-02
-9.993330180419374154e-01 1.530183589593276522e-02 -3.315680533923864859e-02
-9.994544707204283673e-01 1.099988512366351784e-02 -3.114103944112587077e-02
-9.995514139387817742e-01 7.011579681094406991e-03 -2.911716814271699677e-02
-9.996275314169063009e-01 3.338246240622677607e-03 -2.708607332921863370e-02
-9.996862339719539969e-01 -1.895625179633127558e-05 -2.504863385646304702e-02
-9.997306535884936673e-01 -3.059031110623407820e-03 -2.300572545630695173e-02
-9.997636381712747822e-01 -5.781138804293445982e-03 -2.095822070474838081e-02
-9.997877469733469358e-01 -8.184592241813386237e-03 -1.890698904730760133e-02
-9.998052466920531733e-01 -1.026885248219536195e-02 -1.685289687595613664e-02
-9.998181082253969620e-01 -1.203352489279486785e-02 -1.479680765165246152e-02
-9.998280040814603309e-01 -1.347835577884961070e-02 -1.273958206635276633e-02
-9.998001537843079767e-01 -1.545465960043099392e-02 -1.268096054929697750e-02
-9.997686261053623236e-01 -1.742133142952956293e-02 -1.261714061261164782e-02
-9.997334918375192503e-01 -1.937755932262215375e-02 -1.254815776639565776e-02
-9.996948275617737467e-01 -2.132253738511816904e-02 -1.247404968704853533e-02
-9.996527154989769404e-01 -2.325546613049972802e-02 -1.239485619437221027e-02
-9.996072433525128309e-01 -2.517555283428626542e-02 -1.231061922756301885e-02
-9.995585041422068162e-01 -2.708201188257432918e-02 -1.222138282012260116e-02
-9.995065960297917496e-01 -2.897406511491449829e-02 -1.212719307371754734e-02
-9.994516221362719222e-01 -3.085094216129882425e-02 -1.202809813101879052e-02
-9.993936903515370229e-01 -3.271188077304416214e-02 -1.192414814755278149e-02
-9.993329131365925599e-01 -3.455612714736897018e-02 -1.181539526259742234e-02
-9.992694073187815551e-01 -3.638293624547381255e-02 -1.170189356915661387e-02
-9.992032938803853126e-01 -3.819157210394843321e-02 -1.158369908304799148e-02
-9.991346977410004992e-01 -3.998130813934152455e-02 -1.146086971113913396e-02
-9.990637475340966578e-01 -4.175142744574221465e-02 -1.133346521876803410e-02
-9.989905753781688214e-01 -4.350122308523580311e-02 -1.120154719638413038e-02
-9.989153166429053377e-01 -4.522999837110948385e-02 -1.106517902544653688e-02
-9.988381097107974504e-01 -4.693706714369724059e-02 -1.092442584361637270e-02
-9.987590957346238474e-01 -4.862175403876638213e-02 -1.077935450928027040e-02
-9.986784183912453816e-01 -5.028339474836152068e-02 -1.063003356544218493e-02
-9.985962236321513918e-01 -5.192133627403495294e-02 -1.047653320302062430e-02
-9.985126594312000448e-01 -5.353493717240532385e-02 -1.031892522358828466e-02
-9.984278755299976771e-01 -5.512356779299939363e-02 -1.015728300159085898e-02
-9.983420231813631140e-01 -5.668661050834424703e-02 -9.991681446081474363e-03
-9.982552548913229407e-01 -5.822345993628953026e-02 -9.822196962006842294e-03
-9.981677241600833694e-01 -5.973352315455137534e-02 -9.648907411080704169e-03
-9.980795852224224607e-01 -6.121621990748126602e-02 -9.471892072279610233e-03
-9.979909927879447862e-01 -6.267098280507434060e-02 -9.291231601995429690e-03
-9.979021017816368522e-01 -6.409725751424252826e-02 -9.107007993878283789e-03
-9.978130670851592665e-01 -6.549450294238821912e-02 -8.919304538402795732e-03
-9.977240432793045288e-01 -6.686219141332423732e-02 -8.728205782189742828e-03
-9.976351843880478798e-01 -6.819980883559513540e-02 -8.533797487114242256e-03
-9.975466436246089863e-01 -6.950685486326391160e-02 -8.336166589230673690e-03
-9.974585731399380206e-01 -7.078284304923658510e-02 -8.135401157543513395e-03
-9.973711237740321423e-01 -7.202730099120473184e-02 -7.931590352652185746e-03
-9.972844448104802861e-01 -7.323977047029356369e-02 -7.724824385296933174e-03
-9.971986837346247246e-01 -7.441980758250962835e-02 -7.515194474831581387e-03
-9.971139859957224294e-01 -7.556698286308825840e-02 -7.302792807647864176e-03
-9.970304947734749401e-01 -7.668088140384647644e-02 -7.087712495574799432e-03
-9.969483507492897800e-01 -7.776110296365168484e-02 -6.870047534275367657e-03
-9.968676918826235855e-01 -7.880726207212090939e-02 -6.649892761661503095e-03
-9.967886531927470095e-01 -7.981898812666876619e-02 -6.427343816347158567e-03
-9.967113665462600247e-01 -8.079592548302548527e-02 -6.202497096157926632e-03
-9.966359604506753733e-01 -8.173773353934842001e-02 -5.975449716714455010e-03
-9.965625598543739194e-01 -8.264408681405252532e-02 -5.746299470105616612e-03
-9.964912859532255585e-01 -8.351467501748618960e-02 -5.515144783666150671e-03
-9.964222560041554599e-01 -8.434920311757948541e-02 -5.282084678872246003e-03
-9.963555831459220968e-01 -8.514739139959180692e-02 -5.047218730367309183e-03
-9.962913762273609697e-01 -8.590897552008530669e-02 -4.810647025128964374e-03
-9.962297396433351659e-01 -8.663370655524937902e-02 -4.572470121787154500e-03
-9.961707731786174636e-01 -8.732135104369968814e-02 -4.332789010102059898e-03
-9.961145718599189181e-01 -8.797169102387318584e-02 -4.091705070609447277e-03
-9.960612258162606647e-01 -8.858452406613763486e-02 -3.849320034439973701e-03
-9.960108201478744538e-01 -8.915966329973126769e-02 -3.605735943317961607e-03
-9.959634348038016727e-01 -8.969693743464425550e-02 -3.361055109744142972e-03
-9.959191444683470618e-01 -9.019619077855001166e-02 -3.115380077365957016e-03
-9.958780184565277915e-01 -9.065728324888945588e-02 -2.868813581538082018e-03
-9.958401206186447974e-01 -9.108009038020699333e-02 -2.621458510075057834e-03
-9.958055092540886166e-01 -9.146450332683152273e-02 -2.373417864197069436e-03
-9.957742370344772054e-01 -9.181042886099036182e-02 -2.124794719669254907e-03
-9.957463509362081133e-01 -9.211778936643842675e-02 -1.875692188134232136e-03
-9.957218921824932956e-01 -9.238652282767866042e-02 -1.626213378636952788e-03
-9.957008961949307402e-01 -9.261658281484388966e-02 -1.376461359340460863e-03
-9.956833925546507702e-01 -9.280793846430350491e-02 -1.126539119430664980e-03
-9.956694049730620000e-01 -9.296057445505216676e-02 -8.765495312078422667e-04
-9.956589512722068269e-01 -9.307449098093067974e-02 -6.265953123622558258e-04
-9.956520433747220178e-01 -9.314970371872281774e-02 -3.767789884310120910e-04
-9.956486873033846274e-01 -9.318624379216468301e-02 -1.272028554330874089e-04
-9.956488831902119419e-01 -9.318415773189664408e-02 1.220310573206710345e-04
-9.956526252950661515e-01 -9.314350743138091748e-02 3.708210242458195101e-04
-9.956599020337046912e-01 -9.306437009880098865e-02 6.190656603341078380e-04
-9.956706960151993080e-01 -9.294683820495255877e-02 8.666639578379460498e-04
-9.956849840886369263e-01 -9.279101942712902895e-02 1.113515322792565498e-03
-9.957027373989986163e-01 -9.259703658899784418e-02 1.359519611378680543e-03
-9.957239214521020898e-01 -9.236502759645810745e-02 1.604577166128189373e-03
-9.957484961884787156e-01 -9.209514536946344920e-02 1.848588851975112605e-03
-9.957764160660426134e-01 -9.178755776978832215e-02 2.091456092153577521e-03
-9.958076301513989481e-01 -9.144244752471050730e-02 2.333080903944203307e-03
-9.958420822196224487e-01 -9.106001214657687137e-02 2.573365934269738163e-03
-9.958797108623285155e-01 -9.064046384821465574e-02 2.812214495140229111e-03
-9.959204496038441823e-01 -9.018402945414592808e-02 3.049530598947410714e-03
-9.959642270252764273e-01 -8.969095030755817877e-02 3.285218993607326964e-03
-9.960109668962631169e-01 -8.916148217298026923e-02 3.519185197549503860e-03
-9.960605883141799843e-01 -8.859589513460949806e-02 3.751335534550250591e-03
-9.961130058505671681e-01 -8.799447349023196974e-02 3.981577168406879620e-03
-9.961681297045273942e-01 -8.735751564067614772e-02 4.209818137448824611e-03
-9.962258658628379004e-01 -8.668533397473691948e-02 4.435967388880792880e-03
-9.962861162665080927e-01 -8.597825474950583635e-02 4.659934812952203943e-03
-9.963487789835052677e-01 -8.523661796604170560e-02 4.881631276946287942e-03
-9.964137483873611867e-01 -8.446077724031492151e-02 5.100968658981289670e-03
-9.964809153413645149e-01 -8.365109966935863062e-02 5.317859881615294090e-03
-9.965501673880340361e-01 -8.280796569255982620e-02 5.532218945245262476e-03
-9.966213889435601159e-01 -8.193176894802413346e-02 5.743960961289904660e-03
-9.966944614968946681e-01 -8.102291612394925402e-02 5.953002185145067453e-03
-9.967692638131624427e-01 -8.008182680494375927e-02 6.159260048899381675e-03
-9.968456721410585697e-01 -7.910893331322982336e-02 6.362653193796951809e-03
-9.969235604238928516e-01 -7.810468054467151200e-02 6.563101502432946814e-03
-9.970028005139337512e-01 -7.706952579957318528e-02 6.760526130667033826e-03
-9.970832623897007974e-01 -7.600393860819636138e-02 6.954849539238695290e-03
-9.971648143758481408e-01 -7.490840055094746819e-02 7.145995525067587971e-03
-9.972473233652794367e-01 -7.378340507319369745e-02 7.333889252221259189e-03
-9.973306550431287887e-01 -7.262945729466920020e-02 7.518457282531702118e-03
-9.974146741122392745e-01 -7.144707381343937125e-02 7.699627605841461754e-03
-9.974992445197699009e-01 -7.023678250439710502e-02 7.877329669859239880e-03
-9.975842296845568447e-01 -6.899912231227134374e-02 8.051494409604247407e-03
-9.976694927248557221e-01 -6.773464303913484530e-02 8.222054276417894991e-03
-9.977548966860890767e-01 -6.644390512640561963e-02 8.388943266520784009e-03
-9.978403047682248284e-01 -6.512747943134383766e-02 8.552096949092419589e-03
-9.979255805524087641e-01 -6.378594699805399670e-02 8.711452493850545264e-03
-9.980105882264782569e-01 -6.241989882301027248e-02 8.866948698106546026e-03
-9.980951928089840663e-01 -6.102993561513168214e-02 9.018526013273004890e-03
-9.981792603713498524e-01 -5.961666755044216920e-02 9.166126570799130319e-03
-9.982626582578009167e-01 -5.818071402135989445e-02 9.309694207509546307e-03
-9.983452553026992415e-01 -5.672270338066915524e-02 9.449174490321721881e-03
-9.984269220449233373e-01 -5.524327268023766779e-02 9.584514740317191805e-03
-9.985075309389387366e-01 -5.374306740455143255e-02 9.715664056141676969e-03
-9.985869565622075283e-01 -5.222274119914908225e-02 9.842573336709204215e-03
-9.986650758185946497e-01 -5.068295559404708411e-02 9.965195303185434700e-03
-9.987417681374315404e-01 -4.912437972225709021e-02 1.008348452022555554e-02
-9.988169156679091998e-01 -4.754769003350622913e-02 1.019739741644232374e-02
-9.988904034684760180e-01 -4.595357000328090941e-02 1.030689230408015321e-02
-9.989621196909285183e-01 -4.434270983732425953e-02 1.041192939787153639e-02
-9.990319557588892563e-01 -4.271580617172689859e-02 1.051247083305250317e-02
-9.990998065403770001e-01 -4.107356176875999465e-02 1.060848068251438181e-02
-9.991655705141843091e-01 -3.941668520860886621e-02 1.069992497306970075e-02
-9.992291499297891733e-01 -3.774589057717437496e-02 1.078677170081074159e-02
-9.992904509605367025e-01 -3.606189715011809405e-02 1.086899084553997683e-02
-9.993493838498417325e-01 -3.436542907333581254e-02 1.094655438425243960e-02
-9.994058630501720941e-01 -3.265721504005206222e-02 1.101943630365092956e-02
-9.994598073545881700e-01 -3.093798796473643670e-02 1.108761261167588198e-02
-9.995111400206255770e-01 -2.920848465404979333e-02 1.115106134803271407e-02
-9.995597888863230196e-01 -2.746944547503578013e-02 1.120976259370050875e-02
-9.996056864782097984e-01 -2.572161402077981218e-02 1.126369847940700275e-02
-9.996487701110833290e-01 -2.396573677376399175e-02 1.131285319305596476e-02
-9.996889819794214649e-01 -2.220256276715234026e-02 1.135721298609427415e-02
-9.997262692402889561e-01 -2.043284324424611553e-02 1.139676617880723553e-02
-9.997605840876132577e-01 -1.865733131635394920e-02 1.143150316453195488e-02
-9.997918838177212164e-01 -1.687678161932589307e-02 1.146141641277989044e-02
-9.998201308860418246e-01 -1.509194996900438054e-02 1.148650047126108589e-02
-9.998452929548995449e-01 -1.330359301584845867e-02 1.150675196680392420e-02
-9.998673429323351458e-01 -1.151246789899040661e-02 1.152216960516566809e-02
-9.998862590019108598e-01 -9.719331899986092052e-03 1.153275416973046329e-02
-9.999020246434701109e-01 -7.924942096522098398e-03 1.153850851909291042e-02
-9.999146286448407084e-01 -6.130055016343690863e-03 1.153943758352676992e-02
-9.999240651044848383e-01 -4.335426291668224158e-03 1.153554836033979930e-02
-9.999303334251172792e-01 -2.541810314348496268e-03 1.152684990811719302e-02
-9.999334382983279257e-01 -7.499598920498926329e-04 1.151335333985751587e-02
-9.999333896802631294e-01 1.039374094296073798e-03 1.149507181500651273e-02
-9.999302027584333619e-01 2.825443031501040890e-03 1.147202053039553596e-02
-9.999238979097331281e-01 4.607500913333477041e-03 1.144421671009282493e-02
-9.999145006497740518e-01 6.384804677681288690e-03 1.141167959417720319e-02
-9.999020415736462608e-01 8.156614541411356251e-03 1.137443042644515658e-02
-9.998865562882399693e-01 9.922194332678021048e-03 1.133249244106360014e-02
-9.998680853362730270e-01 1.168081182043706305e-02 1.128589084818191514e-02
-9.998466741121850854e-01 1.343173904092674273e-02 1.123465281851815552e-02
-9.998223727700723540e-01 1.517425262088298830e-02 1.117880746693550309e-02
-9.997952361238519048e-01 1.690763409726179015e-02 1.111838583502627702e-02
-9.997653235398562543e-01 1.863117023324826343e-02 1.105342087272191340e-02
-9.997326988220730515e-01 2.034415333033865597e-02 1.098394741894842368e-02
-9.996974300902563559e-01 2.204588153628881525e-02 1.091000218134788834e-02
-9.996595896511477619e-01 2.373565914873020100e-02 1.083162371508750513e-02
-9.996192538630570557e-01 2.541279691426243798e-02 1.074885240077862354e-02
-9.995765029940625324e-01 2.707661232283963340e-02 1.066173042152908715e-02
-9.995314210741026439e-01 2.872642989727620250e-02 1.057030173915296002e-02
-9.994840957412373106e-01 3.036158147770669918e-02 1.047461206956247504e-02
-9.994346180823699966e-01 3.198140650084310699e-02 1.037470885736768537e-02
-9.993830824687264247e-01 3.358525227388224621e-02 1.027064124970991817e-02
-9.993295863863960182e-01 3.517247424292523766e-02 1.016246006935563398e-02
-9.992742302622485973e-01 3.674243625578049038e-02 1.005021778707777813e-02
-9.992171172855440764e-01 3.829451081903106902e-02 9.933968493352086232e-03
-9.991583532255614575e-01 3.982807934925713250e-02 9.813767869396129023e-03
-9.990980462455749667e-01 4.134253241831355868e-02 9.689673157579131377e-03
-9.990363067135135111e-01 4.283726999257263246e-02 9.561743131230801551e-03
-9.989732470096406303e-01 4.431170166605125083e-02 9.430038063877477922e-03
-9.989089813315960020e-01 4.576524688735165991e-02 9.294619697933990607e-03
-9.988436254971433392e-01 4.719733518035413439e-02 9.155551212879583373e-03
-9.987772967449701778e-01 4.860740635860946041e-02 9.012897192946170075e-03
-9.987101135338856128e-01 4.999491073338811070e-02 8.866723594347040299e-03
-9.986421953407654817e-01 5.135930931535218763e-02 8.717097712073913762e-03
-9.985736624575908271e-01 5.270007400982489737e-02 8.564088146289989753e-03
-9.985046357879276968e-01 5.401668780564091582e-02 8.407764768346263212e-03
-9.984352366431936687e-01 5.530864495756939586e-02 8.248198686448052902e-03
-9.983655865390546058e-01 5.657545116230937310e-02 8.085462210998177121e-03
-9.982958069922935884e-01 5.781662372806511269e-02 7.919628819642783937e-03
-9.982260193184901986e-01 5.903169173771634359e-02 7.750773122045251373e-03
-9.981563444308444444e-01 6.022019620560552927e-02 7.578970824413031743e-03
-9.980869026404771693e-01 6.138169022797102664e-02 7.404298693801657748e-03
-9.980178134585313554e-01 6.251573912706134828e-02 7.226834522219473082e-03
-9.979491954003963938e-01 6.362192058897188363e-02 7.046657090555955537e-03
-9.978811657923702949e-01 6.469982479525096530e-02 6.863846132355764205e-03
-9.978138405810682565e-01 6.574905454832735696e-02 6.678482297459874782e-03
-9.977473341458807932e-01 6.676922539081626973e-02 6.490647115534391512e-03
-9.976817591147763009e-01 6.775996571876509444e-02 6.300422959506811645e-03
-9.976172261837368271e-01 6.872091688890434591e-02 6.107893008928693378e-03
-9.975538439401061552e-01 6.965173331997259742e-02 5.913141213282833465e-03
-9.974917186901228749e-01 7.055208258818745914e-02 5.716252255252220194e-03
-9.974309542909020054e-01 7.142164551693731822e-02 5.517311513967154864e-03
-9.973716519871188568e-01 7.226011626077079308e-02 5.316405028246084033e-03
-9.973139102526411559e-01 7.306720238376275545e-02 5.113619459844816542e-03
-9.972578246373446920e-01 7.384262493233702263e-02 4.909042056727933728e-03
-9.972034876193383024e-01 7.458611850262715504e-02 4.702760616375363349e-03
-9.971509884628149134e-01 7.529743130245705740e-02 4.494863449136218651e-03
-9.971004130817326949e-01 7.597632520802342915e-02 4.285439341641203437e-03
-9.970518439095228391e-01 7.662257581536194295e-02 4.074577520284033971e-03
-9.970053597750077046e-01 7.723597248667844750e-02 3.862367614781564863e-03
-9.969610357847018545e-01 7.781631839162547748e-02 3.648899621821502428e-03
-9.969189432116599692e-01 7.836343054360318805e-02 3.434263868805858752e-03
-9.968791493910211798e-01 7.887713983116215188e-02 3.218550977697566279e-03
-9.968417176223908216e-01 7.935729104458352778e-02 3.001851828976980635e-03
-9.968067070791866158e-01 7.980374289770987561e-02 2.784257525714335831e-03
-9.967741727250669648e-01 8.021636804509740815e-02 2.565859357763591950e-03
-9.967441652375462757e-01 8.059505309455759769e-02 2.346748766082521268e-03
-9.967167309388901275e-01 8.093969861515312725e-02 2.127017307183324060e-03
-9.966919117343723267e-01 8.125021914070987283e-02 1.906756617717551274e-03
-9.966697450579640183e-01 8.152654316890312058e-02 1.686058379198640631e-03
-9.966502638255113622e-01 8.176861315597259983e-02 1.465014282864939748e-03
-9.966334963954502912e-01 8.197638550711720817e-02 1.243715994685704734e-03
-9.966194665370903261e-01 8.214983056261615513e-02 1.022255120512218602e-03
-9.966081934064917602e-01 8.228893257971947595e-02 8.007231713758799965e-04
-9.965996915299460968e-01 8.239368971034641276e-02 5.792115289348613453e-04
-9.965939707950592918e-01 8.246411397462630188e-02 3.578114110707288683e-04
-9.965910364494252605e-01 8.250023123031197114e-02 1.366138376362656620e-04
-9.965908891068652187e-01 8.250208113809176513e-02 -8.429040364437798030e-05
-9.965935247611982239e-01 8.246971712282162581e-02 -3.048107911221409729e-04
-9.965989348074943965e-01 8.240320633069485312e-02 -5.248571030150677146e-04
-9.966071060707544227e-01 8.230262958236247983e-02 -7.443394510448100116e-04
-9.966180208419446185e-01 8.216808132201357251e-02 -9.631683139164619756e-04
-9.966316569213079513e-01 8.199966956242020488e-02 -1.181254570640461170e-03
-9.966479876688592032e-01 8.179751582594842196e-02 -1.398509533695124155e-03
-9.966669820619629139e-01 8.156175508153221121e-02 -1.614844982028180607e-03
-9.966886047598813025e-01 8.129253567760433286e-02 -1.830173193895424065e-03
-9.967128161751689364e-01 8.099001927097401743e-02 -2.044406979534313818e-03
-9.967395725517815830e-01 8.065438075163841591e-02 -2.257459713670038719e-03
-9.967688260497564734e-01 8.028580816351170435e-02 -2.469245367851189733e-03
-9.968005248363100979e-01 7.988450262105263600e-02 -2.679678542611804888e-03
-9.968346131831919976e-01 7.945067822176903050e-02 -2.888674499456112248e-03
-9.968710315701232449e-01 7.898456195457516371e-02 -3.096149192661849011e-03
-9.969097167941377569e-01 7.848639360397596798e-02 -3.302019300897547551e-03
