1.000000000000000000e+00 0.000000000000000000e+00 0.000000000000000000e+00
9.999991876713886230e-01 6.692841434225840552e-04 -1.084815767727288034e-03
9.999958767226020395e-01 1.897490496930206993e-03 -2.155538207348288958e-03
9.999881004308255328e-01 3.675982503962646735e-03 -3.207280477582006347e-03
9.999730696200598290e-01 5.993606698653868546e-03 -4.235266559314735703e-03
9.999472532470786712e-01 8.836748685658740027e-03 -5.234852491043343048e-03
9.999064760290140574e-01 1.218939883251847316e-02 -6.201547266141211462e-03
9.998460310368635362e-01 1.603322813594948437e-02 -7.131033345763701688e-03
9.997608048958062099e-01 2.034767474878488788e-02 -8.019186716383063310e-03
9.996454129891609863e-01 2.511004162945888393e-02 -8.862096394929535118e-03
9.994943418636160759e-01 3.029560569958974353e-02 -9.656083258839482167e-03
9.993020958844310853e-01 3.587773876859681743e-02 -1.039771805450920121e-02
9.990633450957470130e-01 4.182804031110754633e-02 -1.108383841720415354e-02
9.987730712073507044e-01 4.811648196930019133e-02 -1.171156471973050853e-02
9.984267086586082751e-01 5.471156340658713674e-02 -1.227831455729842293e-02
9.980202778048160583e-01 6.158047887130256581e-02 -1.278181567289942214e-02
9.975505074312077669e-01 6.868929355083357169e-02 -1.322011713178437159e-02
9.970149440236424354e-01 7.600312852029603161e-02 -1.359159856552270319e-02
9.964120455087982497e-01 8.348635282803709701e-02 -1.389497732554428704e-02
9.957412575145684341e-01 9.110278102521049415e-02 -1.412931341254429658e-02
9.950030705852704882e-01 9.881587424969413835e-02 -1.429401208085217048e-02
9.941990572063688081e-01 1.065889428254046950e-01 -1.438882405470042099e-02
9.933318879382728728e-01 1.143853482442309805e-01 -1.441384333489189803e-02
9.924053264159680143e-01 1.221687023645027931e-01 -1.436950261808027894e-02
9.914242034277771509e-01 1.299030616895369417e-01 -1.425656639506354267e-02
9.903943707295123078e-01 1.375531146819153339e-01 -1.407612183743495345e-02
9.893226356673565647e-01 1.450843602205115768e-01 -1.382956762199271696e-02
9.882166780628832692e-01 1.524632755120589045e-01 -1.351860087797226127e-02
9.870849511472108428e-01 1.596574720191646091e-01 -1.314520247214113341e-02
9.859365686109476945e-01 1.666358382522451775e-01 -1.271162087006316027e-02
9.847811800571392160e-01 1.733686685827481033e-01 -1.222035482768321288e-02
9.836288373031062404e-01 1.798277775574179949e-01 -1.167413517542605431e-02
9.824898540734495755e-01 1.859865995163326180e-01 -1.107590595719629319e-02
9.813746616623941765e-01 1.918202736295031574e-01 -1.042880517928536019e-02
9.802936631228189590e-01 1.973057147574635850e-01 -9.736145409799367920e-03
9.792570884671308873e-01 2.024216708012683830e-01 -9.001394448629631076e-03
9.782748532481569947e-01 2.071487674291271897e-01 -8.228156262202870885e-03
9.773564227337691035e-01 2.114695412448230061e-01 -7.420152347418501257e-03
9.765106837046921839e-01 2.153684625933186547e-01 -6.581203656537346069e-03
9.757458256984481437e-01 2.188319492797199117e-01 -5.715213180590131628e-03
9.750692333008214030e-01 2.218483725090401038e-01 -4.826149254364663077e-03
9.744873908560358622e-01 2.244080563377010284e-01 -3.918029612383293336e-03
9.741559570611051377e-01 2.258681400584790222e-01 -1.938077527842251100e-03
9.740511286487277820e-01 2.263280777605883587e-01 3.955217341989865701e-05
9.741735774234553391e-01 2.257915327044142106e-01 2.006641254572697972e-03
9.745200352151457412e-01 2.242656029947653062e-01 3.955057697536399838e-03
9.750833875697549891e-01 2.217608028643250628e-01 5.876765327190853344e-03
9.758528252055480579e-01 2.182910669484748600e-01 7.763834413978664556e-03
9.768140511870551101e-01 2.138737743994954532e-01 9.608454120643449003e-03
9.779495413858303454e-01 2.085297883984556788e-01 1.140294755453827476e-02
9.792388553311678345e-01 2.022835054960739898e-01 1.313979005341070309e-02
9.806589939859174931e-01 1.951629082848150842e-01 1.481163117319262215e-02
9.821848003044865161e-01 1.871996142071189473e-01 1.641132066519692886e-02
9.837893976468830015e-01 1.784289128699245164e-01 1.793193853220030609e-02
9.854446602525793741e-01 1.688897840902181813e-01 1.936682904405811340e-02
9.871217090525379323e-01 1.586248890604858575e-01 2.070963838059328155e-02
9.887914251605470772e-01 1.476805275081446156e-01 2.195435536024397533e-02
9.904249724896182494e-01 1.361065545294479762e-01 2.309535451575138107e-02
9.919943201460710291e-01 1.239562518926319440e-01 2.412744060180640679e-02
9.934727546265630371e-01 1.112861499986173841e-01 2.504589347279334577e-02
9.948353714435855810e-01 9.815579831583468029e-02 2.584651215974630503e-02
9.960595356881839502e-01 8.462748390850627356e-02 2.652565691140581008e-02
9.971066580632288456e-01 7.143121283472490812e-02 2.599834163083104485e-02
9.979637904464931930e-01 5.852609354057206753e-02 2.535720883147877733e-02
9.986396060346071080e-01 4.597302852551154312e-02 2.460560345327683640e-02
9.991454095349048270e-01 3.383084590503867423e-02 2.374744824160598608e-02
9.994948091083517561e-01 2.215593138896494035e-02 2.278721212717706515e-02
9.997033487475164293e-01 1.100189644485109926e-02 2.172987416649644482e-02
9.997881100135238563e-01 4.192859542320910571e-04 2.058088396740501147e-02
9.997672925423122248e-01 -9.544672801590135119e-03 1.934611955489344906e-02
9.996597829197837459e-01 -1.884627943382628790e-02 1.803184362156192572e-02
9.994847214348383524e-01 -2.744552897482779169e-02 1.664465905760485406e-02
9.992610758780091640e-01 -3.530624179981334265e-02 1.519146457179007710e-02
9.990072309994015853e-01 -4.239615809794876344e-02 1.367941110371461051e-02
9.987406015159286943e-01 -4.868700081593355794e-02 1.211585959576457969e-02
9.984772757090700779e-01 -5.415451151167497562e-02 1.050834054828917938e-02
9.982316957235415344e-01 -5.877846381119242181e-02 8.864515631180383895e-03
9.980163797029876216e-01 -6.254265916464211983e-02 7.192141476673181814e-03
9.978416899134129325e-01 -6.543490936422709237e-02 5.499035638456811065e-03
9.977156500333363986e-01 -6.744700984373419583e-02 3.793044576968519592e-03
9.976438138484412521e-01 -6.857470715953663254e-02 2.082013424868547641e-03
9.976291866870272695e-01 -6.881766329422968342e-02 3.737572039127926363e-04
9.976722000734085105e-01 -6.817941856802428591e-02 -1.323966892635241102e-03
9.977707392568385680e-01 -6.666735403267166904e-02 -3.003486567781048396e-03
9.979202224874144100e-01 -6.429265330135583434e-02 -4.657241256743022140e-03
9.981137301499916070e-01 -6.107026287802807402e-02 -6.277809124298425365e-03
9.983421811251570466e-01 -5.701884923136269628e-02 -7.857934566632741175e-03
9.985945530177030571e-01 -5.216075014909267449e-02 -9.390556487798306512e-03
9.988581421766127288e-01 -4.652191734104560439e-02 -1.086883752841496381e-02
9.991188587300545709e-01 -4.013184686172748677e-02 -1.228619431645749764e-02
9.993615511837175003e-01 -3.302349371759705915e-02 -1.363632869171670613e-02
9.995703544962182274e-01 -2.523316702480686222e-02 -1.491325973219324343e-02
9.997290549718201857e-01 -1.680040229650522215e-02 -1.611135628808018500e-02
9.998214648231402712e-01 -7.767807862084929321e-03 -1.722536961309713635e-02
9.998317988823556268e-01 1.819116958302989875e-03 -1.825046557969040029e-02
9.997450457067657004e-01 1.191219350420064625e-02 -1.918225587961795361e-02
9.995473252597623093e-01 2.246080589009834261e-02 -2.001682754967819278e-02
9.992262254734523008e-01 3.341217318110909634e-02 -2.075077012787663808e-02
9.987711103298996251e-01 4.471165012371504377e-02 -2.138119974101114137e-02
9.981733926410574220e-01 5.630305382045355106e-02 -2.190577945191328479e-02
9.974267654595910804e-01 6.812901268088536466e-02 -2.232273525323441934e-02
9.965273869995485700e-01 8.013133302714131601e-02 -2.263086718286702256e-02
9.954740150617776839e-01 9.225137792996607189e-02 -2.282955515037915148e-02
9.942680882085481731e-01 1.044304522425614501e-01 -2.291875919927499963e-02
9.929137522710413943e-01 1.166101874169691577e-01 -2.289901408033364477e-02
9.914178321523317017e-01 1.287329195516183078e-01 -2.277141816972423627e-02
9.897897502544048542e-01 1.407420542361877136e-01 -2.253761692462149385e-02
9.880413941581875914e-01 1.525824121247083831e-01 -2.219978122124510386e-02
9.861869373716906084e-01 1.642005497604645259e-01 -2.176058105868712220e-02
9.842426179909822270e-01 1.755450509658229852e-01 -2.122315523051988492e-02
9.822264809586179757e-01 1.865667850564263208e-01 -2.059107766015364979e-02
9.801580902319195765e-01 1.972191291955228132e-01 -1.986832116184959057e-02
9.780582175782385201e-01 2.074581533204687134e-01 -1.905921942537405767e-02
9.759485148967771417e-01 2.172427671992293585e-01 -1.816842802827020598e-02
9.738511769381056338e-01 2.265348302622491594e-01 -1.720088525687085354e-02
9.717886010738919778e-01 2.352992258616716792e-01 -1.616177346802185819e-02
9.697830503884207198e-01 2.435039024998720547e-01 -1.505648165160350556e-02
9.678563258529756519e-01 2.511198853151375143e-01 -1.389056976364411861e-02
9.660294527393085140e-01 2.581212616953983408e-01 -1.266973529586265176e-02
9.643223857645422115e-01 2.644851453011732301e-01 -1.139978243474154898e-02
9.627537367703673521e-01 2.701916230144525977e-01 -1.008659404648076276e-02
9.613405280540306963e-01 2.752236893962986541e-01 -8.736106607847089062e-03
9.602849217213991206e-01 2.789498694674367174e-01 -6.312567317532759466e-03
9.595643301457122964e-01 2.814627398221175025e-01 -3.877003245649132072e-03
9.591891639421008531e-01 2.827615347927082690e-01 -1.439065283810944586e-03
9.591639496457575742e-01 2.828489757840778052e-01 9.917080674672895668e-04
9.594873374870200866e-01 2.817311812688091388e-01 3.405882440379835729e-03
9.601521875716473309e-01 2.794176352843781297e-01 5.794118735085212329e-03
9.611457324499836918e-01 2.759212127097971368e-01 8.147165439484932437e-03
9.624498143401412076e-01 2.712582571368129525e-01 1.045585383640898480e-02
9.640411954367942293e-01 2.654487048343858735e-01 1.271109766426909218e-02
9.658919397047091016e-01 2.585162461748499729e-01 1.490389861353525955e-02
9.679698642564656952e-01 2.504885139907283564e-01 1.702535881273044283e-02
9.702390577985475772e-01 2.413972867141150058e-01 1.906670118644002154e-02
9.726604626742887394e-01 2.312786928739820891e-01 2.101929825759977014e-02
9.751925157380836318e-01 2.201734026537612299e-01 2.287470962225456386e-02
9.777918416938566892e-01 2.081267918063302580e-01 2.462472795449966584e-02
9.804139906830898754e-01 1.951890633461434987e-01 2.626143301247460191e-02
9.830142099038817749e-01 1.814153131376901318e-01 2.777725272588670372e-02
9.855482369987341729e-01 1.668655268061473851e-01 2.916503006700871606e-02
9.879731010017132053e-01 1.516044973142050278e-01 3.041809405791635196e-02
9.902479149344004528e-01 1.357016550499205998e-01 3.153033296560033005e-02
9.923346428358071902e-01 1.192308052879356706e-01 3.249626750217791266e-02
9.941988232454237462e-01 1.022697713149579024e-01 3.331112169692827807e-02
9.958102310494298948e-01 8.489994520716237503e-02 3.397088905439148848e-02
9.971434602315978335e-01 6.720575203762321759e-02 3.447239166778084951e-02
9.981784114812439768e-01 4.927403697988824022e-02 3.481333012299502733e-02
9.989006707872299939e-01 3.119338815469090836e-02 3.499232230225827328e-02
9.993017680211060405e-01 1.305341094280399947e-02 3.500892956735115330e-02
9.993793079631601017e-01 -5.056028316548784318e-03 3.486366925313088422e-02
9.991369700865041503e-01 -2.304556994214722321e-02 3.455801290931071607e-02
9.985843774876475010e-01 -4.082712006495649998e-02 3.409437026472338789e-02
9.977368394212505764e-01 -5.831458199602411463e-02 3.347605942376688515e-02
9.966149757460432967e-01 -7.542454183506641652e-02 3.270726430973686788e-02
9.952442350198933418e-01 -9.207689250477527065e-02 3.179298081698520712e-02
9.936543208293835416e-01 -1.081953832204537586e-01 3.073895350042911423e-02
9.918785430825894922e-01 -1.237080847178420595e-01 2.955160489999790821e-02
9.899531123648031006e-01 -1.385477641639868418e-01 2.823795975924620755e-02
9.879163960418085866e-01 -1.526521673609266827e-01 2.680556644895037283e-02
9.858081546314189092e-01 -1.659642094236015719e-01 2.526241785230608564e-02
9.836687761329575563e-01 -1.784320783983484593e-01 2.361687381859683965e-02
9.815385246216192794e-01 -1.900092591459004165e-01 2.187758706177893656e-02
9.796094202563582209e-01 -2.000118620400862524e-01 1.899102789715783474e-02
9.778876092898148853e-01 -2.085148626626331381e-01 1.604350434518355198e-02
9.764171314290247539e-01 -2.154979107526616977e-01 1.304809284548863642e-02
9.752344819162251932e-01 -2.209465232359846820e-01 1.001772445541013017e-02
9.743681208876963096e-01 -2.248516539522691648e-01 6.965171963585489213e-03
9.738381280289154507e-01 -2.272093334146121912e-01 3.903048951879912239e-03
9.736559982665181634e-01 -2.280203931480607460e-01 8.438178666471517902e-04
9.738245740787448979e-01 -2.272902840985916717e-01 -2.200196068825574763e-03
9.743381103589124903e-01 -2.250289935048374601e-01 -5.216788376487909405e-03
9.751824684052516901e-01 -2.212510595936877100e-01 -8.193859549537892140e-03
9.763354363036265138e-01 -2.159756785896709830e-01 -1.111940313699447298e-02
9.777671734937027903e-01 -2.092268938996402206e-01 -1.398150062393274141e-02
9.794407774614181106e-01 -2.010338530339281782e-01 -1.676832572729145335e-02
9.813129701112688341e-01 -1.914311139495686320e-01 -1.946816031343776704e-02
9.833349003152945800e-01 -1.804589791647323305e-01 -2.206942363723238959e-02
9.854530573407642713e-01 -1.681638333296443799e-01 -2.456071600935205018e-02
9.876102873185775843e-01 -1.545984580967776911e-01 -2.693087732931105996e-02
9.897469016935043218e-01 -1.398222972670865316e-01 -2.916906019177753842e-02
9.918018628343248100e-01 -1.239016454462490424e-01 -3.126481650591076550e-02
9.937140278883477285e-01 -1.069097349453123347e-01 -3.320819579122090415e-02
9.954013633464584565e-01 -8.958969156009251311e-02 -3.390957331700984734e-02
9.968150233996897480e-01 -7.192250684549011952e-02 -3.445300085521498662e-02
9.979334022065717846e-01 -5.399472090840468780e-02 -3.483594016789241105e-02
9.987405240701271447e-01 -3.589480614142311760e-02 -3.505676485748978471e-02
9.992263352800636600e-01 -1.771244859307218381e-02 -3.511479011930111055e-02
9.993868691991372177e-01 4.622063021012118300e-04 -3.501028893929356012e-02
9.992242798530709402e-01 1.853932445326911954e-02 -3.474449403586051671e-02
9.987467433556579399e-01 3.643015040282504557e-02 -3.431958538026388950e-02
9.979682306253470081e-01 5.404775149384649646e-02 -3.373866367371772951e-02
9.969081588068484656e-01 7.130772037242427697e-02 -3.300571067900181371e-02
9.955909323946050549e-01 8.812881926353455242e-02 -3.212553777277482592e-02
9.940453880875252946e-01 1.044335521536878669e-01 -3.110372447696443249e-02
9.923041597521468082e-01 1.201486542494356463e-01 -2.994654902505095376e-02
9.904029814517604224e-01 1.352054916600716750e-01 -2.866091320990558911e-02
9.883799472842248468e-01 1.495403679676034214e-01 -2.725426383960295740e-02
9.862747467866339601e-01 1.630947379953089638e-01 -2.573451309893816374e-02
9.841278939828922434e-01 1.758153324859865474e-01 -2.410995998619331129e-02
9.819799668798583347e-01 1.876542004013194154e-01 -2.238921478102157483e-02
9.798708724932840841e-01 1.985686780415323316e-01 -2.058112821765808662e-02
9.778391504528207712e-01 2.085212960874898713e-01 -1.869472670741019818e-02
9.757602527331156184e-01 2.181174074324310486e-01 -1.779755232650536215e-02
9.736983400786026754e-01 2.272190077767973215e-01 -1.682531863633195818e-02
9.716754184381725112e-01 2.357918520596156975e-01 -1.578319443401394323e-02
9.697132973486127794e-01 2.438047264492109734e-01 -1.467654760558982988e-02
9.678332704844734291e-01 2.512294565482291464e-01 -1.351091038893531028e-02
9.660558109673320626e-01 2.580408909904724490e-01 -1.229194687366282589e-02
9.644002857272826468e-01 2.642168646458662451e-01 -1.102542306208649167e-02
9.628846925385334821e-01 2.697381458493326445e-01 -9.717179701567350489e-03
9.615254226876830401e-01 2.745883721055468740e-01 -8.373107985861903690e-03
9.603370516006601854e-01 2.787539786059243241e-01 -6.999128115218900686e-03
9.593321591699901507e-01 2.822241236422480259e-01 -5.601170605060639546e-03
9.585211809996488919e-01 2.849906146314072353e-01 -4.185160143687268082e-03
9.579122913262045902e-01 2.870478379977036698e-01 -2.757001722491031655e-03
9.575113179827765553e-01 2.883926956136254049e-01 -1.322568699030468153e-03
9.573216894424692036e-01 2.890245498972783822e-01 1.123075951445780089e-04
9.573444137023988665e-01 2.889451790244940144e-01 1.541847123377342466e-03
9.575780885374070017e-01 2.881587430546913020e-01 2.960329729130614651e-03
9.580189424513305685e-01 2.866717611094155571e-01 4.362103480405204320e-03
9.586609054697140531e-01 2.844930990975342300e-01 5.741593204926512956e-03
9.594957087376815297e-01 2.816339668667445229e-01 7.093309622579770622e-03
9.606818660982799907e-01 2.774905174325665302e-01 9.454488731118423223e-03
9.621753738654995614e-01 2.721766523548157513e-01 1.176620486321627163e-02
9.639499142763113815e-01 2.657142190367441925e-01 1.401933543885585699e-02
9.659745801013644995e-01 2.581289220824449782e-01 1.620484545586741570e-02
9.682143691742518543e-01 2.494505332818726384e-01 1.831380331289800961e-02
9.706307459792581360e-01 2.397131107105737458e-01 2.033740518401736669e-02
9.731822663534486217e-01 2.289552125239242009e-01 2.226700837270647118e-02
9.758252598568489811e-01 2.172200903368813607e-01 2.409417370318121115e-02
9.785145625608564490e-01 2.045558469036729277e-01 2.581071661382666055e-02
9.812042909783855738e-01 1.910155432072701831e-01 2.740876621261712637e-02
9.838486457175654731e-01 1.766572410808422422e-01 2.888083115236082452e-02
9.864027313171935818e-01 1.615439691344266737e-01 3.021987080161906911e-02
9.888233767678979991e-01 1.457436020405957211e-01 3.141936984426516727e-02
9.910699395978088688e-01 1.293286460964845619e-01 3.247341415669258158e-02
9.931050752618986177e-01 1.123759273386893132e-01 3.337676560581916141e-02
9.948954530598554946e-01 9.496618221345336230e-02 3.412493330012340148e-02
9.964124000282500448e-01 7.718355473103402642e-02 3.471423882284395412e-02
9.976324552764920250e-01 5.911500796476573671e-02 3.514187308846247054e-02
9.985378190785701991e-01 4.084966147970085087e-02 3.540594269116374010e-02
9.991166836525460226e-01 2.247806957871401751e-02 3.550550395012053162e-02
9.993634358583589616e-01 4.091457936768919113e-03 3.544058328663297203e-02
9.992787258703322850e-01 -1.421906191004979753e-02 3.521218307094963612e-02
9.988694000404575446e-01 -3.236327976494196568e-02 3.482227262510897980e-02
9.981483004414917204e-01 -5.025265518384178925e-02 3.427376463194012346e-02
9.971339377351442490e-01 -6.780104757168198271e-02 3.357047774784639727e-02
9.958500478295293501e-01 -8.492539027868473145e-02 3.271708671785926448e-02
9.943250460780629352e-01 -1.015462936394911780e-01 3.171906171903106364e-02
9.925913953773763954e-01 -1.175885651320839748e-01 3.058259899146238345e-02
9.906849063450064996e-01 -1.329816384749799574e-01 2.931454504102338002e-02
9.886439887561068174e-01 -1.476599073143111118e-01 2.792231680764369062e-02
9.865088736062497254e-01 -1.615629629638702935e-01 2.641382018899472717e-02
9.843208246095486169e-01 -1.746357392555168697e-01 2.479736919940475626e-02
9.821213567441731129e-01 -1.868285707691993702e-01 2.308160784147734665e-02
9.799514777563552714e-01 -1.980971734144014451e-01 2.127543649071179585e-02
9.778509664804745372e-01 -2.084025584436588197e-01 1.938794426136063176e-02
9.758576995808206922e-01 -2.177108924518996735e-01 1.742834845537999736e-02
9.740070360154108320e-01 -2.259933167494988238e-01 1.540594181542052216e-02
9.723312662909805448e-01 -2.332257397215728167e-01 1.333004792522629774e-02
9.708591315235889363e-01 -2.393886154557237633e-01 1.120998474171176068e-02
9.696154155155345400e-01 -2.444667211066990919e-01 9.055035914422015011e-03
9.687884295264204138e-01 -2.478206832956929562e-01 5.823450106902759195e-03
9.683589290795900917e-01 -2.495482109982021246e-01 2.588350186571111537e-03
9.683351954678363072e-01 -2.496528946765811940e-01 -6.375106862040120018e-04
9.687158959211727982e-01 -2.481426636182090528e-01 -3.841519373975352692e-03
9.694902222584430573e-01 -2.450297520406339302e-01 -7.011172840241722964e-03
9.706381633337540782e-01 -2.403307834672319676e-01 -1.013405094018020314e-02
9.721309093502934484e-01 -2.340669644859753040e-01 -1.319779552760125783e-02
9.739313870756632907e-01 -2.262643739032978718e-01 -1.619009919057567276e-02
9.759949253713772199e-01 -2.169543285698531387e-01 -1.909870653073014388e-02
9.782700500513634712e-01 -2.061738028872211470e-01 -2.191143039758015540e-02
9.806994057728316561e-01 -1.939658753377818956e-01 -2.461618488066881841e-02
9.832208003688482911e-01 -1.803801724794896477e-01 -2.720103615322064239e-02
9.857683637666881937e-01 -1.654732789041608865e-01 -2.965427146169241635e-02
9.882738094999060641e-01 -1.493090808748221698e-01 -3.196448568399361256e-02
9.906677820092641973e-01 -1.319590119283329532e-01 -3.412068396252427444e-02
9.928812677238504358e-01 -1.135021708125102669e-01 -3.611239799361873337e-02
9.948470426853183168e-01 -9.402528581698460508e-02 -3.792981266864264150e-02
9.965011246513747478e-01 -7.362250485651548881e-02 -3.956389896691350078e-02
9.977841936444491466e-01 -5.239499746159253374e-02 -4.100654835308906176e-02
9.986429422421282398e-01 -3.045036288158782870e-02 -4.225070348632618128e-02
9.990313159258596976e-01 -7.901847438164105730e-03 -4.329047985261687270e-02
9.989116048007015136e-01 1.513261640630766264e-02 -4.412127301928694262e-02
9.982553511171093907e-01 3.853152764994091650e-02 -4.473984659727208574e-02
9.970440422413668902e-01 6.217106104144304313e-02 -4.514439667585547211e-02
9.952695658277987967e-01 8.592640108952985523e-02 -4.533458943571232885e-02
9.929344125632885154e-01 1.096731237238558199e-01 -4.531156979637562116e-02
9.900516214581926988e-01 1.332885807154887137e-01 -4.507794024181093623e-02
9.866444726253968955e-01 1.566532416248296034e-01 -4.463771030825807590e-02
9.827459421610317269e-01 1.796519502020800796e-01 -4.399621852270078209e-02
9.783979424829827298e-01 2.021750566348755607e-01 -4.316002976285830683e-02
9.736503787510223384e-01 2.241193934570995527e-01 -4.213681199681949818e-02
9.685600573763352150e-01 2.453890708024132061e-01 -4.093519709700307874e-02
9.631894858884777477e-01 2.658960754220552336e-01 -3.956463087613663887e-02
9.576056045049222698e-01 2.855606668807403881e-01 -3.803521765346867117e-02
9.518784887544333717e-01 3.043115730212800907e-01 -3.635756454128154930e-02
9.460800596982527066e-01 3.220859946528519813e-01 -3.454263027803311514e-02
9.402828340371880422e-01 3.388294360897068924e-01 -3.260158287233669988e-02
9.345587411156307533e-01 3.544953833998081283e-01 -3.054566961694225868e-02
9.289780279808569352e-01 3.690448559051049959e-01 -2.838610224167643567e-02
9.236082676520668278e-01 3.824458586192381881e-01 -2.613395915381532333e-02
9.185134799708422060e-01 3.946727640288262839e-01 -2.380010591152005583e-02
9.137533691430212990e-01 4.057056511098067197e-01 -2.139513432905673640e-02
9.093826775590702072e-01 4.155296279542634030e-01 -1.892931994896030271e-02
9.054506518306207896e-01 4.241341621166849762e-01 -1.641259705261453525e-02
9.020006142634016122e-01 4.315124400162798080e-01 -1.385454992353724740e-02
8.990696311949041286e-01 4.376607736741821020e-01 -1.126441872536990824e-02
8.966882687014339215e-01 4.425780699052730971e-01 -8.651118101337991126e-03
8.948804260296904234e-01 4.462653739656537999e-01 -6.023266431816715408e-03
8.936632376152545687e-01 4.487254966765905073e-01 -3.389223587518402220e-03
8.930470355845678831e-01 4.499627312609494334e-01 -7.571349732243951892e-04
8.930353660645848901e-01 4.499826635599272207e-01 1.865020342571909861e-03
8.936250543138061220e-01 4.487920769387890862e-01 4.469379584709692876e-03
8.948063155140504321e-01 4.463989510122234883e-01 7.048146432774097733e-03
8.965629099057081941e-01 4.428125512823024579e-01 9.593543432353543107e-03
8.988723426997932142e-01 4.380436048401164517e-01 1.209776861450901665e-02
9.017061107550966570e-01 4.321045553944261597e-01 1.455295817914770140e-02
9.050299992729901044e-01 4.250098890257997808e-01 1.695115697639738156e-02
9.088044326488678992e-01 4.167765202073908659e-01 1.928429837409214448e-02
9.129848840503083096e-01 4.074242257893225250e-01 2.154419492225900096e-02
9.175223482023867616e-01 3.969761128423215379e-01 2.372254100972103624e-02
9.225727770439526854e-01 3.848903397339373811e-01 2.681330169762602758e-02
9.280434123169881699e-01 3.712780968713318419e-01 2.980031495648888251e-02
9.338499712798146168e-01 3.561697099916276699e-01 3.267157221156289509e-02
9.399022353678221364e-01 3.396021926491882836e-01 3.541476231213521592e-02
9.461052611107958477e-01 3.216202525112149546e-01 3.801734887856923761e-02
9.523607528155945134e-01 3.022772227551174251e-01 4.046667769437851947e-02
9.585685905452208111e-01 2.816358715971831184e-01 4.275011296214968615e-02
9.646284977089669699e-01 2.597690430526817806e-01 4.485519994134396643e-02
9.704418225278002019e-01 2.367600843765190477e-01 4.676985010800965847e-02
9.759133973902582859e-01 2.127030205866638213e-01 4.848254359877648967e-02
9.809534304334915911e-01 1.877024441858973769e-01 4.998254242000790826e-02
9.854793754169899334e-01 1.618730986013616480e-01 5.126010682482343844e-02
9.894177199523809252e-01 1.353391466222871875e-01 5.230670649441653691e-02
9.927056291743238114e-01 1.082331296254588765e-01 5.311521780349428429e-02
9.952923825648462008e-01 8.069463877520924311e-02 5.368009857694569509e-02
9.971405461851324814e-01 5.286873461905101934e-02 5.399753239476666467e-02
9.982268309968862496e-01 2.490416542440763992e-02 5.406553566940549421e-02
9.985425998765653510e-01 -3.048553908314332456e-03 5.388402235049152833e-02
9.980940005971090656e-01 -3.083913244088688083e-02 5.345482310672532850e-02
9.969017184434825207e-01 -5.831948942325849983e-02 5.278165805603313859e-02
9.950003590269352882e-01 -8.534566278307392784e-02 5.187006440114160649e-02
9.924374880007802435e-01 -1.117795714474734969e-01 5.072728250959945839e-02
9.892723685739320816e-01 -1.374905719875869903e-01 4.936210589711435143e-02
9.855744489926717700e-01 -1.623567622040095748e-01 4.778470210066951968e-02
9.814216598455460794e-01 -1.862659985831474352e-01 4.600641247320743504e-02
9.768985848271791728e-01 -2.091166099046674054e-01 4.403953945180297258e-02
9.720945685226000110e-01 -2.308178045285313451e-01 4.189712985109610849e-02
9.671018212172323159e-01 -2.512897830139567690e-01 3.959276226094150808e-02
9.620135743240830761e-01 -2.704635799062243273e-01 3.714034576256721593e-02
9.569223315346910841e-01 -2.882806682137777909e-01 3.455393602283824556e-02
9.519182510938248853e-01 -3.046923670055876610e-01 3.184757349152562977e-02
9.470876844951030549e-01 -3.196590966626526864e-01 2.903514701835051628e-02
9.425118871260247388e-01 -3.331495278078409061e-01 2.613028481882550408e-02
9.382659075442784102e-01 -3.451396691618945911e-01 2.314627342545551303e-02
9.344176545644833354e-01 -3.556119369711019385e-01 2.009600411672590736e-02
9.310271354291596024e-01 -3.645542446989158414e-01 1.699194535160851796e-02
9.281458541287990194e-01 -3.719591468288803715e-01 1.384613896343337910e-02
9.258163563928561990e-01 -3.778230652956236502e-01 1.067021727923376032e-02
9.240719068657847757e-01 -3.821456215736992457e-01 7.475437912786782498e-03
9.229362843094081059e-01 -3.849290920526688420e-01 4.272732708187780559e-03
9.224236820913773727e-01 -3.861779991658549349e-01 1.072767159687278669e-03
9.225387034643411921e-01 -3.858988458958700907e-01 -2.113993422875747215e-03
9.232764439415431790e-01 -3.840999967640889023e-01 -5.277214717554861573e-03
9.246226561668475785e-01 -3.807917041884613107e-01 -8.406624805376072818e-03
9.265539958068681470e-01 -3.759862751013045568e-01 -1.149194972273291475e-02
9.290383499204117879e-01 -3.696983688839195481e-01 -1.452285651855385849e-02
9.320352517622875199e-01 -3.619454139352356603e-01 -1.748890698167602023e-02
9.354963878490093476e-01 -3.527481265098943441e-01 -2.037952495022965146e-02
9.393662041687886877e-01 -3.421311118391123229e-01 -2.318397979789172877e-02
9.435826185006864764e-01 -3.301235240366665602e-01 -2.589138829801131136e-02
9.480778447976747625e-01 -3.167597579991055512e-01 -2.849073658276034260e-02
9.527793334139221804e-01 -3.020801435963587078e-01 -3.097092333072842818e-02
9.576108276084864812e-01 -2.861316101287577074e-01 -3.332082462885586210e-02
9.624935323028317447e-01 -2.689682875484007418e-01 -3.552938016804532695e-02
9.673473856637440083e-01 -2.506520105723665792e-01 -3.758569956186585265e-02
9.720924179774794727e-01 -2.312526928069862375e-01 -3.947918665245023218e-02
9.766501758215287987e-01 -2.108485405669265345e-01 -4.119967872757212407e-02
9.809451831573025027e-01 -1.895260803422579576e-01 -4.273759666992198863e-02
9.849064051512917972e-01 -1.673799798610954292e-01 -4.408410125419238990e-02
9.884686758004854745e-01 -1.445126502964025617e-01 -4.523125016402111676e-02
9.916034079283542191e-01 -1.203758571454183607e-01 -4.724864334113531433e-02
9.942505741306516542e-01 -9.518758897873047520e-02 -4.904307411652888277e-02
9.963272876009625634e-01 -6.907401379782045214e-02 -5.060459520186338239e-02
9.977602896602698612e-01 -4.217044112926345012e-02 -5.192466003844799227e-02
9.984877356599979326e-01 -1.462009355444694389e-02 -5.299631747658575809e-02
9.984607325082702767e-01 1.342741981047117575e-02 -5.381437979921529363e-02
9.976445672985905233e-01 4.181788377352858854e-02 -5.437555561468918747e-02
9.960195772851661022e-01 7.039445235419553026e-02 -5.467854060530637911e-02
9.935816258989083050e-01 9.899974792594089246e-02 -5.472406107540658121e-02
9.903421666705771731e-01 1.274780055420943470e-01 -5.451486756547642420e-02
9.863278955628702604e-01 1.556771809151895891e-01 -5.405567831791160266e-02
9.815800108877762442e-01 1.834509427466428089e-01 -5.335307490559963034e-02
9.761531172694586367e-01 2.106604771907779616e-01 -5.241535467562344341e-02
9.701138247291599681e-01 2.371760435225685471e-01 -5.125234664688998326e-02
9.635391049280889186e-01 2.628782345461217473e-01 -4.987519900046634425e-02
9.565144732992089116e-01 2.876589116875882812e-01 -4.829614723359226813e-02
9.491320680422168365e-01 3.114218017380851466e-01 -4.652827238726147535e-02
9.414886949657539361e-01 3.340827585900673080e-01 -4.458525853111051929e-02
9.336839014967516226e-01 3.555697079720852583e-01 -4.248115797152740569e-02
9.258181346439021686e-01 3.758223053324715734e-01 -4.023017154518579441e-02
9.179910272391088588e-01 3.947913461676689217e-01 -3.784644999392412779e-02
9.102998453493492681e-01 4.124379740658087323e-01 -3.534392091419401999e-02
9.028381182427926976e-01 4.287327346501009218e-01 -3.273614425172238079e-02
8.956944614583468578e-01 4.436545237882986714e-01 -3.003619786724283022e-02
8.889515939375173259e-01 4.571894763602795675e-01 -2.725659340558200805e-02
8.826855422080924773e-01 4.693298380971142603e-01 -2.440922160546298361e-02
8.769650184527584269e-01 4.800728580840251669e-01 -2.150532531381118412e-02
8.718509549853332707e-01 4.894197339781564682e-01 -1.855549781752920818e-02
8.673961751014784838e-01 4.973746362762441753e-01 -1.556970366244960109e-02
8.636451792910291303e-01 5.039438324278313619e-01 -1.255731886678132167e-02
8.606340261652271062e-01 5.091349264755055115e-01 -9.527187321523640506e-03
8.583902889120172963e-01 5.129562253656382298e-01 -6.487690167353392379e-03
8.569330703950381878e-01 5.154162391750715111e-01 -3.446825011747812941e-03
8.562730629222322642e-01 5.165233192326550427e-01 -4.122919704514951648e-04
8.564126420181538135e-01 5.162854354152376368e-01 2.608416342136229190e-03
8.573459870575332875e-01 5.147100916619061772e-01 5.607923608344752078e-03
8.590592251995159412e-01 5.118043768498823365e-01 8.578879995423923169e-03
8.615305985660900445e-01 5.075751464717532802e-01 1.151387623583115770e-02
8.647306579128346549e-01 5.020293289091276590e-01 1.440536401163192495e-02
8.686224890313336555e-01 4.951743483868152884e-01 1.724558498304385595e-02
8.731619806884686197e-01 4.870186548102364843e-01 2.002651073410336227e-02
8.782981449344006153e-01 4.775723485634068566e-01 2.273979583162947030e-02
8.839735019811528760e-01 4.668478859405437720e-01 2.537674608907101309e-02
8.901245424487647107e-01 4.548608482119971264e-01 2.792830397433051365e-02
8.966822794818636311e-01 4.416307544474544211e-01 3.038505287960426016e-02
9.035729019559580744e-01 4.271818952541807102e-01 3.273724166234353444e-02
9.107185376464985715e-01 4.115441617089571902e-01 3.497483045381598321e-02
9.180381317941018748e-01 3.947538411940592074e-01 3.708755820551236371e-02
9.254484419950210761e-01 3.768543498556764515e-01 3.906503180220679411e-02
9.328651448810360014e-01 3.578968702773231425e-01 4.089683582278021146e-02
9.402040438191717753e-01 3.379408629911621054e-01 4.257266119711670960e-02
9.473823601442519227e-01 3.170544218977779938e-01 4.408245012362941445e-02
9.543200836115315333e-01 2.953144467281045293e-01 4.541655372391218554e-02
9.609413512728552931e-01 2.728066104613928733e-01 4.656589807574552931e-02
9.671758183358212246e-01 2.496251060844238978e-01 4.752215354705564831e-02
9.729599802674842035e-01 2.258721650646391965e-01 4.827790181674942310e-02
9.782384029184827412e-01 2.016573490812501590e-01 4.882679467394957645e-02
9.829648171442947335e-01 1.770966264333808105e-01 4.916369868337514687e-02
9.871030365200446077e-01 1.523112545230146664e-01 4.928482012116455757e-02
9.906276613348405924e-01 1.274264992202073510e-01 4.918780522807893879e-02
9.935388621182291713e-01 1.019098237734501616e-01 4.995033061023228249e-02
9.958295519234630078e-01 7.599398716178545898e-02 5.048303777910347762e-02
9.974667086943717065e-01 4.981378379809463242e-02 5.078260046014761858e-02
9.984298089964351863e-01 2.350712185573480828e-02 5.084734502414654106e-02
9.987112525404587826e-01 -2.786641919951871049e-03 5.067730343539383203e-02
9.983164667519207613e-01 -2.892842335171032231e-02 5.027422787138471211e-02
9.972636867718615017e-01 -5.478112698965775101e-02 4.964156630816630306e-02
9.955834199318925881e-01 -8.021129686258340885e-02 4.878440021353862288e-02
9.933176167879957941e-01 -1.050906453985176736e-01 4.770934725372363155e-02
9.905185823134813328e-01 -1.292974112538702591e-01 4.642443347601640791e-02
9.872476700860235432e-01 -1.527175065122649000e-01 4.493894067913675738e-02
9.835738087299890076e-01 -1.752454252120209666e-01 4.326323555342467125e-02
9.795719132340129365e-01 -1.967848975536519163e-01 4.140858762894989581e-02
9.753212340698182992e-01 -2.172492865401466910e-01 3.938698311148884634e-02
9.709036945550624242e-01 -2.365617354088565549e-01 3.721094134738651277e-02
9.664022620919158202e-01 -2.546550843687145904e-01 3.489333999783345019e-02
9.618993923670831059e-01 -2.714715833953894042e-01 3.244725409757055756e-02
9.574755779711626724e-01 -2.869624339015387493e-01 2.988581310682631928e-02
9.532080248318934856e-01 -3.010871959289798117e-01 2.722207892172789911e-02
9.491694719411812864e-01 -3.138130992131011321e-01 2.446894666261639414e-02
9.456558973791985290e-01 -3.245151434993738815e-01 2.061358039117173677e-02
9.426796267721661016e-01 -3.332806958212815029e-01 1.670841806683177541e-02
9.403003772782569936e-01 -3.401062248226557339e-01 1.276820197271489633e-02
9.385642607187484332e-01 -3.449922208942788893e-01 8.807142903735631911e-03
9.375034759117051308e-01 -3.479423603649771102e-01 4.839002196597776487e-03
9.371361669739612932e-01 -3.489628988526808362e-01 8.771907894367086261e-04
9.374664293822597694e-01 -3.480623066856208259e-01 -3.065121307287162374e-03
9.384844514110634028e-01 -3.452511509810982093e-01 -6.974891707623474130e-03
9.401667849000253652e-01 -3.405422212048274666e-01 -1.083909495688838501e-02
9.424767455999527588e-01 -3.339508876538164195e-01 -1.464462067547509828e-02
9.453649490844848735e-01 -3.254956751273795357e-01 -1.837818647606723199e-02
9.487699929103792229e-01 -3.151990269284742352e-01 -2.202627121137909483e-02
9.526192989139036227e-01 -3.030882272031891755e-01 -2.557507361677509999e-02
9.568301308436882868e-01 -2.891964425233379821e-01 -2.901050077265337340e-02
9.613108016180494930e-01 -2.735638367240697533e-01 -3.231818998980651864e-02
9.659620811202765944e-01 -2.562387066489751342e-01 -3.548356668600875091e-02
9.706788095053843213e-01 -2.372785810923325467e-01 -3.849193955465893963e-02
9.753517125580205560e-01 -2.167512214380361846e-01 -4.132863282677978756e-02
9.798694049987898280e-01 -1.947354609186177088e-01 -4.397915372268099837e-02
9.841205553113365756e-01 -1.713218206923489417e-01 -4.642939133696245835e-02
9.879961724287008584e-01 -1.466128456065892982e-01 -4.866584129100824663e-02
9.913919614724294727e-01 -1.207231109374631572e-01 -5.067584864186373134e-02
9.942106838443172112e-01 -9.377886364292778443e-02 -5.244785989946680604e-02
9.963644475598624206e-01 -6.591727745315589804e-02 -5.397167373002208918e-02
9.977768479573907445e-01 -3.728531976463783648e-02 -5.523867915976953674e-02
9.983848777866813906e-01 -8.038248727774428837e-03 -5.624206996265296299e-02
9.981405297989059955e-01 2.166222027699031202e-02 -5.697702449481674425e-02
9.970120244859722591e-01 5.165001999251930126e-02 -5.744084154547112603e-02
9.949846101818183852e-01 8.175703295079904398e-02 -5.763302475505702183e-02
9.920609014395483927e-01 1.118155015267115610e-01 -5.755531068572606462e-02
9.882607430769778656e-01 1.416604515076717308e-01 -5.721163853370222346e-02
9.836206098618525129e-01 1.711320334594345627e-01 -5.660806252424317730e-02
9.781925736808244620e-01 2.000776914817384289e-01 -5.575261098714533181e-02
9.720428894778888607e-01 2.283540798948252293e-01 -5.465509874446764643e-02
9.652502668098459360e-01 2.558286639349581781e-01 -5.332690155970700591e-02
9.579039045298679556e-01 2.823809592396307466e-01 -5.178070286347710716e-02
9.501013713753644341e-01 3.079033851473441108e-01 -5.003022371804914659e-02
9.419464151365656290e-01 3.323017269920502947e-01 -4.808994701584807380e-02
9.335467781304541690e-01 3.554952211772741122e-01 -4.597484629257739264e-02
9.250120877851706336e-01 3.774162927125492839e-01 -4.370012839059258386e-02
9.167408350945326356e-01 3.974459182261427248e-01 -4.028772001042110751e-02
9.087787579915230785e-01 4.156556344231237543e-01 -3.676513839160400893e-02
9.012480559124599333e-01 4.320337828281557435e-01 -3.314907747877027244e-02
8.942601476989229248e-01 4.465773010792730702e-01 -2.945519311833089821e-02
8.879147351405223265e-01 4.592898166709780128e-01 -2.569807084957256155e-02
8.822991450119097578e-01 4.701798525272326001e-01 -2.189123931322500480e-02
8.774879052188937489e-01 4.792591926573451233e-01 -1.804722334830493116e-02
8.735425099049547448e-01 4.865414442143877749e-01 -1.417763047602672508e-02
8.705113305530864931e-01 4.920408217090570524e-01 -1.029326441440701033e-02
8.684296345774830117e-01 4.957711702050671687e-01 -6.404259431571183991e-03
8.673196790049346738e-01 4.977452370791909386e-01 -2.520229639802173613e-03
8.671908540421858769e-01 4.979741962351078577e-01 1.349572320471407929e-03
8.680398591462737956e-01 4.964674242524854120e-01 5.196092417042540504e-03
8.698509022769687071e-01 4.932325244870071068e-01 9.010313100659642777e-03
8.725959209983641385e-01 4.882755922283046890e-01 1.278309661532535217e-02
8.762348317397805619e-01 4.816017112795334398e-01 1.650503829761067187e-02
8.807158205739694656e-01 4.732156693767690658e-01 2.016633434083655793e-02
8.859756950699458899e-01 4.631228764011320331e-01 2.375666846256427669e-02
8.919403218552912627e-01 4.513304651104579901e-01 2.726512187741680221e-02
8.985251781759193701e-01 4.378485489910514672e-01 3.068011089173479713e-02
9.056360476405093118e-01 4.226916057909000934e-01 3.398935624410000245e-02
9.131698901408341618e-01 4.058799484805254987e-01 3.717988795494345938e-02
9.210159133249420371e-01 3.874412381002595440e-01 4.023808885988804096e-02
9.290568677063990588e-01 3.674119856714992416e-01 4.314977913460906617e-02
9.371705793756441860e-01 3.458389837191349625e-01 4.590034294014386229e-02
9.452317233736915458e-01 3.227806027546497036e-01 4.847489681841596343e-02
9.531138273668162686e-01 2.983078851683827470e-01 5.085849767330669069e-02
9.606914798807173472e-01 2.725053692396723348e-01 5.303638614744480423e-02
9.678427008763020867e-01 2.454715801546174525e-01 5.499425905565100137e-02
9.744514160270107972e-01 2.173191335573589344e-01 5.671856240901334417e-02
9.804099610640678586e-01 1.881744104410092155e-01 5.819679463626756949e-02
9.856215304769637697e-01 1.581767798520029578e-01 5.941780807474429660e-02
9.900024771325401929e-01 1.274773671760616178e-01 6.037209584980222921e-02
9.934843672200122100e-01 9.623738943362138143e-02 6.105205104808524019e-02
9.960156991417814520e-01 6.462610335187710109e-02 6.145218572076362878e-02
9.975632057855802204e-01 3.281843504110504295e-02 6.156929875818412112e-02
9.981126766081934720e-01 9.923798649335360822e-04 6.140258400008227757e-02
9.976692580443815572e-01 -3.067372427922170075e-02 6.095367294062520314e-02
9.962572162584225621e-01 -6.200393897781435182e-02 6.022660983348682162e-02
9.939191731106654659e-01 -9.282737060214010794e-02 5.922776062423974058e-02
9.907148521883158976e-01 -1.229806135825297631e-01 5.796566063966723109e-02
9.867193947258974251e-01 -1.523098998161717677e-01 5.645080906433690149e-02
9.820213234504071576e-01 -1.806728812987506150e-01 5.469542069923206962e-02
9.767202446118974368e-01 -2.079399956864770305e-01 5.271314716327187011e-02
9.709243841410797327e-01 -2.339953887916102482e-01 5.051878049077820204e-02
9.647480531183852959e-01 -2.587373919969237490e-01 4.812795200920204353e-02
9.583091312412397311e-01 -2.820785744812378537e-01 4.555683854247499776e-02
9.517266458820641262e-01 -3.039454086153237644e-01 4.282188652573652721e-02
9.451185100481751533e-01 -3.242776010412616317e-01 3.993956272114879830e-02
9.385994665752618316e-01 -3.430271514219678242e-01 3.692613808630811761e-02
9.322792696129769130e-01 -3.601572057341350663e-01 3.379750914890757019e-02
9.262611190910271519e-01 -3.756407717366824772e-01 3.056905913820316331e-02
9.206403503009308320e-01 -3.894593615862071423e-01 2.725555923191691834e-02
9.155033695965992813e-01 -4.016016213267139534e-01 2.387110867144649762e-02
9.109268188133473609e-01 -4.120620000079746048e-01 2.042911121402863489e-02
9.069769453810450077e-01 -4.208395032734951746e-01 1.694228442932812703e-02
9.037091521145442785e-01 -4.279365680684407147e-01 1.342269768531955190e-02
9.011677000162447992e-01 -4.333580871564279846e-01 9.881834262461031138e-03
8.993855387526810130e-01 -4.371106047429287322e-01 6.330672835055102185e-03
8.983842423650933995e-01 -4.392016978667758753e-01 2.779783511325242644e-03
8.984368832742415378e-01 -4.390993734817369987e-01 -1.735899085595895772e-03
8.994893623982331832e-01 -4.368984711769267060e-01 -6.222586515867792496e-03
9.015191512489183490e-01 -4.326078048396331255e-01 -1.066849818735750299e-02
9.044870552213349901e-01 -4.262351769446336425e-01 -1.506164401414085072e-02
9.083376122520903095e-01 -4.177881513386169088e-01 -1.938963868516710085e-02
9.129995901769184519e-01 -4.072751397135451756e-01 -2.363953995761612636e-02
9.183866149514218202e-01 -3.947067714767102942e-01 -2.779771826534252824e-02
9.243979687713732574e-01 -3.800975080731538447e-01 -3.184976471071312987e-02
9.309196010483514749e-01 -3.634674528254228654e-01 -3.578044411775313516e-02
9.378253955283138987e-01 -3.448442962117598265e-01 -3.957369916020515160e-02
9.449787329961102378e-01 -3.242653247093202351e-01 -4.321271053601937612e-02
9.522343805280171214e-01 -3.017794097194317904e-01 -4.668001665192529626e-02
9.594407249135646909e-01 -2.774488828178428013e-01 -4.995769425222158083e-02
9.664423497994616419e-01 -2.513511960362299069e-01 -5.302759886816138524e-02
9.730829339129273281e-01 -2.235802626170802498e-01 -5.587166093658504917e-02
9.792084225490729210e-01 -1.942473761871772731e-01 -5.847223007290084512e-02
9.846703980774380582e-01 -1.634816158002128650e-01 -6.081245649693051147e-02
9.893295497635479219e-01 -1.314296615397694545e-01 -6.287669528333560132e-02
9.930591212822563740e-01 -9.825497035419077096e-02 -6.465091627210346747e-02
9.957481985697254068e-01 -6.413629362269357426e-02 -6.612310047237361654e-02
9.973573614639761331e-01 -2.993155494987653070e-02 -6.620120428011469493e-02
9.978122864288050398e-01 4.267846600536730206e-03 -6.597446308303873963e-02
9.971223268869652268e-01 3.826517725352168720e-02 -6.544496174738112515e-02
9.953190012122551389e-01 7.186693604707158900e-02 -6.461755417516751310e-02
9.924549886728796233e-01 1.048860038860217614e-01 -6.349974139695375996e-02
9.886025381527973055e-01 1.371445209439488555e-01 -6.210147525340097008e-02
9.838513703445110892e-01 1.684763799015465413e-01 -6.043489851104681676e-02
9.783061763658761345e-01 1.987292483486823302e-01 -5.851403526625888890e-02
9.720838297227453184e-01 2.277660638701323459e-01 -5.635444739689329796e-02
9.653104336620148551e-01 2.554659770835891464e-01 -5.397287354903632789e-02
9.581183226120542074e-01 2.817247485061903367e-01 -5.138686674510169194e-02
9.506431257559180281e-01 3.064546323023247254e-01 -4.861444532254267925e-02
9.430209845517847356e-01 3.295838020390940981e-01 -4.567376978608977955e-02
9.353859962155641750e-01 3.510553895924093393e-01 -4.258285554467348966e-02
9.278679338448018177e-01 3.708262180594613655e-01 -3.935932867315417721e-02
9.205902728250002776e-01 3.888653133043334931e-01 -3.602022902778350549e-02
9.136685339035419684e-01 4.051522774089948431e-01 -3.258186244493860989e-02
9.072089368995964742e-01 4.196756019145899130e-01 -2.905970149965821092e-02
9.013073460608814758e-01 4.324309905163273293e-01 -2.546833246976282911e-02
8.960484788055907979e-01 4.434197509803682324e-01 -2.182144476583432885e-02
8.912144880339026853e-01 4.531799892750973391e-01 -1.909867556421596113e-02
8.869262813331698636e-01 4.616223362042891631e-01 -1.633140034342835112e-02
8.832291843759211281e-01 4.687465088397212987e-01 -1.352929072029521694e-02
8.801610790951041041e-01 4.745546058720939708e-01 -1.070156573622925260e-02
8.777522479633919072e-01 4.790504987178417773e-01 -7.857034337408202659e-03
8.760252914463059204e-01 4.822393276348427849e-01 -5.004148749733924179e-03
8.749951063655444505e-01 4.841271100065327460e-01 -2.151066067626784470e-03
8.746689150414472813e-01 4.847204649949634625e-01 6.942845780241839460e-04
8.750463375617147932e-01 4.840264561714767710e-01 3.524131833388855981e-03
8.761195021909909952e-01 4.820525514466836303e-01 6.330791389501188790e-03
8.778731916510559286e-01 4.788066975582576656e-01 9.106597084761469674e-03
8.802850256354375347e-01 4.742975044466962720e-01 1.184383613001249030e-02
8.833256823566871807e-01 4.685345329689358240e-01 1.453469065106516821e-02
8.869591640480736228e-01 4.615286774921900093e-01 1.717118764551986074e-02
8.911431130478245644e-01 4.532926329198908588e-01 1.974515933944541099e-02
8.958291862814836692e-01 4.438414335992353354e-01 2.224821579387129336e-02
9.009634965303798815e-01 4.331930493494887124e-01 2.467173143823340326e-02
9.064871287449729476e-01 4.213690215730657718e-01 2.700684698442225307e-02
9.123367387598713130e-01 4.083951201484252724e-01 2.924448788830236179e-02
9.184452400454805598e-01 3.943019996753261980e-01 3.137540016536011223e-02
9.249398408703384256e-01 3.785543414874887880e-01 3.439544809431780564e-02
9.317149392701417066e-01 3.612716192346087651e-01 3.728590556099418279e-02
9.386664122569637891e-01 3.424950153681748932e-01 4.003354800982698858e-02
9.456860590729483373e-01 3.222749666960496029e-01 4.262489904959725767e-02
9.526632287200158533e-01 3.006721794696128880e-01 4.504637834520717338e-02
9.594866238176914530e-01 2.777584636988362776e-01 4.728448139782771148e-02
9.660462553749108450e-01 2.536173328973181373e-01 4.932598725195053158e-02
9.722355103621228567e-01 2.283443200661203210e-01 5.115818848568041977e-02
9.779532816211625734e-01 2.020469687452432495e-01 5.276913622426666894e-02
9.831060986996702500e-01 1.748444694281258427e-01 5.414789150016637020e-02
9.876101897370436200e-01 1.468669262490910066e-01 5.528477320662590622e-02
9.913933995833282831e-01 1.182542559567313911e-01 5.617159228826215656e-02
9.943968887266019241e-01 8.915473977293303376e-02 5.680186178831480442e-02
9.965765418422996014e-01 5.972326752309251030e-02 5.717097299297112245e-02
9.979040239436129944e-01 3.011933095859389148e-02 5.727632918805771606e-02
9.983674358161638285e-01 5.048380151296549823e-04 5.711743041965072071e-02
9.979715378055119546e-01 -2.895816944629656109e-02 5.669590501322024217e-02
9.967375308379143872e-01 -5.810980607297379363e-02 5.601548628867741852e-02
9.947024042686445355e-01 -8.679455303967008317e-02 5.508193570834560293e-02
9.919178801427516179e-01 -1.148633043919017743e-01 5.390291639528153184e-02
9.884490011784320407e-01 -1.421751768559930129e-01 5.248782335538861032e-02
9.843724239561060241e-01 -1.685990247864596059e-01 5.084757865693288054e-02
9.797744885174025642e-01 -1.940146192867593933e-01 4.899440114516435268e-02
9.747491404117361036e-01 -2.183134692832548185e-01 4.694156093878382868e-02
9.693957812135878260e-01 -2.413992809912606785e-01 4.470312897275836167e-02
9.638171191374539370e-01 -2.631880694739914817e-01 4.229373127854463982e-02
9.581170833978772672e-01 -2.836079508171900354e-01 3.972831663182186529e-02
9.523988554062945422e-01 -3.025986551215515408e-01 3.702194478040029407e-02
9.467630578517800544e-01 -3.201108087094601262e-01 3.418960083229995173e-02
9.413061302288742160e-01 -3.361050386451376326e-01 3.124603967199011956e-02
9.361189073725471044e-01 -3.505509541478475377e-01 2.820566259982192764e-02
9.312854067677851511e-01 -3.634260582043103427e-01 2.508242684870581884e-02
9.268818213311247334e-01 -3.747146392409771432e-01 2.188978728703340482e-02
9.229757073081422680e-01 -3.844066877167439111e-01 1.864066850299926290e-02
9.196253519936301579e-01 -3.924968765301409257e-01 1.534746459269690708e-02
9.168793030991745363e-01 -3.989836377136073975e-01 1.202206333217920725e-02
9.147760405862970234e-01 -4.038683614178381620e-01 8.675890977252607300e-03
9.133437723934014763e-01 -4.071547369615257650e-01 5.319973670873376359e-03
9.126003374085561726e-01 -4.088482499119575619e-01 1.965011310357893479e-03
9.125532019578195264e-01 -4.089558438436213805e-01 -1.378540299655748712e-03
9.134427859128507743e-01 -4.069275210677309462e-01 -5.692077661476269840e-03
9.152073349693931048e-01 -4.028602193944749721e-01 -9.965430183298920261e-03
9.178109992615270940e-01 -3.967642367302545714e-01 -1.418607274815133351e-02
9.212026393345387199e-01 -3.886507889386559556e-01 -1.834118550797067537e-02
9.253163793641018264e-01 -3.785329495173684333e-01 -2.241752143799536495e-02
9.300723033653144345e-01 -3.664268369416763815e-01 -2.640130259412283575e-02
9.353773244125743735e-01 -3.523530107274674972e-01 -3.027815141391321588e-02
9.411262593913239938e-01 -3.363380281774837055e-01 -3.403306284331718973e-02
9.472031410811231344e-01 -3.184161041621507149e-01 -3.765042225998027625e-02
9.534827950001327768e-01 -2.986308066332364342e-01 -4.111407302654493390e-02
9.598327001490637445e-01 -2.770367116145442399e-01 -4.440743598725807595e-02
9.661151405368724188e-01 -2.537009341258941175e-01 -4.751368129211311353e-02
9.721896384291398574e-01 -2.287044470015569819e-01 -5.041595061143809564e-02
9.779156413033019968e-01 -2.021430990396880789e-01 -5.309762516057852516e-02
9.831554136256444032e-01 -1.741282484463152758e-01 -5.554263211888291196e-02
9.877770633081506269e-01 -1.447869379264245804e-01 -5.773577918758697469e-02
9.916576129276292173e-01 -1.142615543849105769e-01 -5.966310442327767832e-02
9.946860095551298686e-01 -8.270893878303886559e-02 -6.131222637078259652e-02
9.967659563818255242e-01 -5.029893929582474749e-02 -6.267267816307073303e-02
9.978184459757620806e-01 -1.721243185912525037e-02 -6.373620888029228604e-02
9.978639792481457382e-01 1.569421979261041711e-02 -6.341445191775899048e-02
9.968546762487010549e-01 4.834099950177192517e-02 -6.280225062527536317e-02
9.948267950583763453e-01 8.054578077431423511e-02 -6.190511124511571817e-02
9.918357200562565312e-01 1.121332723748891536e-01 -6.073094707337985815e-02
9.879543424548090647e-01 1.429375302018330574e-01 -5.928987968916404200e-02
9.832710115760169289e-01 1.728040969824206630e-01 -5.759398705974511784e-02
9.778871527297284816e-01 2.015917013115152701e-01 -5.565701142902759746e-02
9.719146573787388332e-01 2.291734745948738050e-01 -5.349404124591732035e-02
9.654731535200026249e-01 2.554376721227373248e-01 -5.112118172793383292e-02
9.586872594097212152e-01 2.802879105837420282e-01 -4.855522805233804251e-02
9.516839130535802438e-01 3.036429570256847787e-01 -4.581335377185052210e-02
9.445898548199730405e-01 3.254361223176800433e-01 -4.291282506753248821e-02
9.375293228419551150e-01 3.456143249112210158e-01 -3.987074910382527870e-02
9.306220022509120726e-01 3.641368980545138800e-01 -3.670386226168974309e-02
9.239812512305171088e-01 3.809742159851808863e-01 -3.342836158982168820e-02
9.177126105821132862e-01 3.961062127583561687e-01 -3.005978058380640028e-02
9.119125897787307977e-01 4.095208622083100214e-01 -2.661290848296517936e-02
9.066677118200155983e-01 4.212126801033933554e-01 -2.310175072032004742e-02
9.020537917292001939e-01 4.311813007982660539e-01 -1.953952698552155129e-02
8.981354191442827428e-01 4.394301714461416042e-01 -1.593870254272646003e-02
8.946841556118863004e-01 4.465019609040523640e-01 -1.328188514720179438e-02
8.917980090717926300e-01 4.523098091348403682e-01 -1.059691619050187432e-02
8.895063298791733297e-01 4.568548366397924276e-01 -7.892645113879525817e-03
8.878313926861112204e-01 4.601399316855066535e-01 -5.177608648682486409e-03
8.867883365766513482e-01 4.621693848286629325e-01 -2.460078382766165209e-03
8.863851615174422882e-01 4.629486238528667252e-01 2.518859965521592394e-04
8.866227743415610041e-01 4.624840516456231732e-01 2.950380126159766504e-03
8.874950795555789362e-01 4.607829872163188289e-01 5.627597343875326459e-03
8.889891124170107295e-01 4.578537079207187777e-01 8.275772232110274393e-03
8.910852138487114216e-01 4.537055889554404975e-01 1.088712745861682152e-02
8.937572487251728148e-01 4.483493342579625285e-01 1.345382595054852616e-02
8.969728707774455856e-01 4.417972910422117150e-01 1.596793033143330612e-02
9.006938387201289808e-01 4.340638382795835026e-01 1.842137142589094639e-02
9.048763891144440130e-01 4.251658374842073318e-01 2.080592748632775074e-02
9.094716718637549935e-01 4.151231321890697101e-01 2.311321561035653213e-02
9.144262540222420910e-01 4.039590805452114020e-01 2.533469658796035431e-02
9.196826967312256018e-01 3.917011036093147047e-01 2.746169413498177753e-02
9.251802085520288710e-01 3.783812302050397758e-01 2.948542912812347067e-02
9.308553762413515065e-01 3.640366178758329685e-01 3.139706905359036793e-02
9.366429711554059567e-01 3.487100285358312735e-01 3.318779241891000459e-02
9.426476208269105594e-01 3.318565291466564759e-01 3.587310818881009333e-02
9.487734229373379069e-01 3.136135733367496625e-01 3.841478191585560864e-02
9.549228170439512109e-01 2.940372979434964229e-01 4.080026913918317899e-02
9.609969354323909529e-01 2.731933460805276992e-01 4.301710071765879606e-02
9.668972838943385995e-01 2.511574295841644267e-01 4.505304947159454593e-02
9.725275229302808855e-01 2.280156701287288090e-01 4.689631736473572066e-02
9.777953110988013563e-01 2.038646824675547364e-01 4.853573770004717541e-02
9.826141631955975786e-01 1.788113716337605408e-01 4.996098560887170248e-02
9.869052685430789174e-01 1.529724268415153521e-01 5.116278915087452833e-02
9.905992097086977477e-01 1.264735078563040682e-01 5.213313271454539377e-02
9.936375201377439792e-01 9.944813408205487038e-02 5.286544420332378591e-02
9.959740209701900548e-01 7.203630164715782436e-02 5.335475777252986912e-02
9.975758829133998251e-01 4.438286830553096751e-02 5.359784467196467700e-02
9.984243683283431370e-01 1.663575888935049998e-02 5.359330602876753724e-02
9.985152211697009283e-01 -1.105594569751865847e-02 5.334162310901493370e-02
9.978586872905650385e-01 -3.854396624621457546e-02 5.284516261618627669e-02
9.964791638212058267e-01 -6.568275749116816997e-02 5.210813677861157039e-02
9.944144926579642219e-01 -9.233134434219956999e-02 5.113652018626903967e-02
9.917149283393208448e-01 -1.183549975842125984e-01 4.993792739805476277e-02
9.884418236461206542e-01 -1.436266941828409915e-01 4.852145710772276521e-02
9.846660862775928891e-01 -1.680283198310698889e-01 4.689751001448133616e-02
9.804664663717570505e-01 -1.914515856772943114e-01 4.507758841830009078e-02
9.759277372550549945e-01 -2.137986461729032284e-01 4.307408592204203801e-02
9.711388307609849502e-01 -2.349824195873206623e-01 4.090007548946187482e-02
9.661909841861759940e-01 -2.549266260209663848e-01 3.856910353572181455e-02
9.611759491098075259e-01 -2.735655689782783284e-01 3.609499680008815270e-02
9.561843036729835710e-01 -2.908436952770641071e-01 3.349168757048363865e-02
9.513039003206528177e-01 -3.067149740630863985e-01 3.077306150291956102e-02
9.466184712285492520e-01 -3.211421390046978463e-01 2.795283090590522032e-02
9.422064043443990622e-01 -3.340958385892597859e-01 2.504443502701579616e-02
9.381396946940959714e-01 -3.455537381940810282e-01 2.206096765296727130e-02
9.344830687051248752e-01 -3.554996146978399718e-01 1.901513126159499675e-02
9.312932739865041887e-01 -3.639224802918324952e-01 1.591921606913676915e-02
9.286185233385555460e-01 -3.708157672763991441e-01 1.278510160607647383e-02
9.264980796901689519e-01 -3.761766003610792497e-01 9.624277922006214958e-03
9.249619680297257451e-01 -3.800051776246664570e-01 6.447883146950052560e-03
9.240308010010268580e-01 -3.823042760459864353e-01 3.266753900059167232e-03
9.237157064335416168e-01 -3.830788925182496141e-01 9.148491139580189335e-05
9.240183474062368951e-01 -3.823360265672252067e-01 -3.067505815089461955e-03
9.249310282426417285e-01 -3.800846066065021178e-01 -6.199909939271475677e-03
9.266593535181693042e-01 -3.757611951389269733e-01 -1.030158839574556347e-02
9.291331018648655293e-01 -3.694671439296737803e-01 -1.434806509918648207e-02
9.323018260592460527e-01 -3.612168548800043788e-01 -1.832621747279267882e-02
9.361014711025218427e-01 -3.510275739439496778e-01 -2.222257843979270550e-02
9.404551432883019313e-01 -3.389204658828876005e-01 -2.602326116246656690e-02
9.452740568906629059e-01 -3.249218580456650352e-01 -2.971391679328891713e-02
9.504586827195952159e-01 -3.090646052656300657e-01 -3.327973008290317086e-02
9.559001207073373196e-01 -2.913895196962696388e-01 -3.670545674661873647e-02
9.614817133978174057e-01 -2.719468016291317070e-01 -3.997550525814084349e-02
9.670809086072086336e-01 -2.507974007362919755e-01 -4.307406418761224043e-02
9.725713677357696874e-01 -2.280142325900594014e-01 -4.598527433165491840e-02
9.778253016616765825e-01 -2.036831736478946220e-01 -4.869344273554007674e-02
9.827159995910460522e-01 -1.779037600381801199e-01 -5.118329336641403576e-02
9.871204987689523591e-01 -1.507895221769833261e-01 -5.344024679261870359e-02
9.909223259684202256e-01 -1.224678989295223258e-01 -5.545071893003344216e-02
9.940142267694606071e-01 -9.307969172156714543e-02 -5.720242693370222037e-02
9.963007874787594975e-01 -6.277804020203672786e-02 -5.868468885306517974e-02
9.977008486522317421e-01 -3.172692569062932760e-02 -5.988870292740932494e-02
9.981496097560191849e-01 -9.923511552282354709e-05 -6.080779252646257432e-02
9.976003321873133656e-01 3.192555555144305918e-02 -6.143760382107950335e-02
9.960255626394024508e-01 6.416399543773754210e-02 -6.177624529253740449e-02
9.934178198490406508e-01 9.643146820383985407e-02 -6.182436104918742625e-02
9.897897136093188886e-01 1.285450815148637960e-01 -6.158513341541717312e-02
9.851734935016102090e-01 1.603265159986148602e-01 -6.106421411483414080e-02
9.796200536990588015e-01 1.916047160219031542e-01 -6.026958726861685739e-02
9.731974469840501962e-01 2.222183153692673940e-01 -5.921137104737751733e-02
9.659889836216507542e-01 2.520177084323946270e-01 -5.790156786106526871e-02
9.580910072687527368e-01 2.808667000872772657e-01 -5.635377522460002786e-02
9.496104496850706900e-01 3.086436929280269026e-01 -5.458287076570654539e-02
9.406622684063495887e-01 3.352423966998677729e-01 -5.260468521370683520e-02
9.313668672098132095e-01 3.605720695347028881e-01 -5.043567668557866895e-02
9.218475891935319355e-01 3.845573222120263757e-01 -4.809261830676965499e-02
9.122283580420805782e-01 4.071375339262959803e-01 -4.559230935903685333e-02
9.026315261777277943e-01 4.282659402867158849e-01 -4.295131794956875970e-02
8.931759705983087771e-01 4.479084613992567743e-01 -4.018576085573542789e-02
8.839754597000704095e-01 4.660423402368168433e-01 -3.731112390487060365e-02
8.751372984099843322e-01 4.826546597828708096e-01 -3.434212414702439431e-02
8.667612453029202024e-01 4.977408025297429539e-01 -3.129261327385763486e-02
