1.000000000000000000e+00 0.000000000000000000e+00 0.000000000000000000e+00
9.999907017274084486e-01 2.280842687005523155e-03 -3.660036857945851707e-03
9.999528609960608438e-01 6.444439403579702366e-03 -7.262846241790179777e-03
9.998641806899691842e-01 1.245627731620951341e-02 -1.079204182585061754e-02
9.996931916779693283e-01 2.027299345149823073e-02 -1.423160272123642073e-02
9.994002644609055741e-01 2.984231083424502412e-02 -1.756593435249491006e-02
9.989388161905122798e-01 4.110296836191244113e-02 -2.077994163833127642e-02
9.982566905956951064e-01 5.398467726249859405e-02 -2.385911567995740307e-02
9.972976837279192708e-01 6.840813911152318627e-02 -2.678963399437653270e-02
9.960031834108112880e-01 8.428516033484308168e-02 -2.955847310528312080e-02
9.943138851608467332e-01 1.015188957758961785e-01 -3.215353108752182915e-02
9.921715425563856217e-01 1.200042492529547894e-01 -3.456375652532889253e-02
9.895207060640841545e-01 1.396284522099168202e-01 -3.677927936611043169e-02
9.863104017002057855e-01 1.602718328681469462e-01 -3.879153840426692590e-02
9.824957000884980696e-01 1.818087781746379750e-01 -4.059339967864226267e-02
9.780391278566915592e-01 2.041088799186829839e-01 -4.217925996165810404e-02
9.729118771155222944e-01 2.270382453729677674e-01 -4.354512978457483058e-02
9.670947750134369914e-01 2.504609424809327023e-01 -4.468869108043033167e-02
9.605789838604300579e-01 2.742405407249944305e-01 -4.560932550276500935e-02
9.533664126498541114e-01 2.982417020487080350e-01 -4.630811073367524511e-02
9.454698323724337605e-01 3.223317720925674146e-01 -4.678778354353111540e-02
9.369126995730521212e-01 3.463823208469133386e-01 -4.705266990391898663e-02
9.286790929668607975e-01 3.682989686794987394e-01 -4.371589432771983558e-02
9.206144552822329574e-01 3.883920832338404461e-01 -4.025763651946549782e-02
9.128503763141548877e-01 4.066419177833736631e-01 -3.669604958502754866e-02
9.055084192771852836e-01 4.230394414806784575e-01 -3.304828354925585382e-02
8.986989004686106730e-01 4.375843533208366720e-01 -2.933040526060545425e-02
8.925199982532197041e-01 4.502831597727861568e-01 -2.555736951746493194e-02
8.870571492138230596e-01 4.611473767841734461e-01 -2.174303580850274129e-02
8.823826853816155724e-01 4.701919034022228883e-01 -1.790022431624735053e-02
8.785556661741364959e-01 4.774336017484901440e-01 -1.404080451355131827e-02
8.756218613154171937e-01 4.828901070688902952e-01 -1.017580968558054119e-02
8.736138458741656843e-01 4.865788823023095011e-01 -6.315570934861205327e-03
8.725511749643258819e-01 4.885165240908552753e-01 -2.469864582339600153e-03
8.724406130257345016e-01 4.887183212365091567e-01 1.351932713009213003e-03
8.732764004544630865e-01 4.871980620159935826e-01 5.140686388125521519e-03
8.750405482866827622e-01 4.839680831498526792e-01 8.887348873720932185e-03
8.777031593342070614e-01 4.790395502053178545e-01 1.258281156909768148e-02
8.812227813535614684e-01 4.724229564232030332e-01 1.621776827756730294e-02
8.855468042612304469e-01 4.641288240593150483e-01 1.978259431239983920e-02
8.906119188513844653e-01 4.541685890430797734e-01 2.326724533946705059e-02
8.963446586881679279e-01 4.425556458851559460e-01 2.666117987192130959e-02
9.026620495793201693e-01 4.293065252196807124e-01 2.995330912899498224e-02
9.094723920302426601e-01 4.144421711748402237e-01 3.313197766501253805e-02
9.166762010742641742e-01 3.979892800930169838e-01 3.618497771505506388e-02
9.241673246580878187e-01 3.799816562781334062e-01 3.909959954407890570e-02
9.318342561872112739e-01 3.604615348839763089e-01 4.186271919101407224e-02
9.395616488793756549e-01 3.394808173492884218e-01 4.446092385008761777e-02
9.472320293755933651e-01 3.171021615996718612e-01 4.688067373379629227e-02
9.547276959660004891e-01 2.933998682749058284e-01 4.910849765045453841e-02
9.619327733834299732e-01 2.684605061665679138e-01 5.113121777180498762e-02
9.687353822191228092e-01 2.423832254005853226e-01 5.293619726357969013e-02
9.750298676465253278e-01 2.152797159853827857e-01 5.451160273380036003e-02
9.807190204640042763e-01 1.872737821705426908e-01 5.584667196944366474e-02
9.857162146849477447e-01 1.585005192489793990e-01 5.693197633719510736e-02
9.899473811181556115e-01 1.291050982103409961e-01 5.775966666195319482e-02
9.933527364570796658e-01 9.924118385951358201e-02 5.832369148004391129e-02
9.958881928220515434e-01 6.906903220087054485e-02 5.861997735601735121e-02
9.975263834841671118e-01 3.875333144578235745e-02 5.864656245248437566e-02
9.982572561222410323e-01 8.460866333038441489e-03 5.840367668181722927e-02
9.980882043933403391e-01 -2.164190382917324101e-02 5.789376440920785544e-02
9.970437303808407092e-01 -5.139125789048368947e-02 5.712144862547135354e-02
9.951646529034557931e-01 -8.062852185221711099e-02 5.609343853674943203e-02
9.925068979347324571e-01 -1.092021866455953755e-01 5.481838538908528902e-02
9.891399258405159101e-01 -1.369697595814775848e-01 5.330669383869827277e-02
9.851448644573431723e-01 -1.637992909318515544e-01 5.157029811598367458e-02
9.806124263291425835e-01 -1.895705364016466721e-01 4.962241349539868451e-02
9.756406923392714203e-01 -2.141757366467811063e-01 4.747727412643366202e-02
9.703328426868633727e-01 -2.375200149048231901e-01 4.514986812357495854e-02
9.647949102792833243e-01 -2.595214118478549881e-01 4.265568003589952084e-02
9.591336220994260975e-01 -2.801105918883127210e-01 4.001044954412037030e-02
9.534543821037387845e-01 -2.992302667027830765e-01 3.722995361419828564e-02
9.478594359100903644e-01 -3.168343894186056442e-01 3.432981752800925296e-02
9.424462440648285755e-01 -3.328871768238145790e-01 3.132535835873930669e-02
9.373060779878995552e-01 -3.473620174862492860e-01 2.823146268483754315e-02
9.325228415110792257e-01 -3.602403213687668249e-01 2.506249873472403411e-02
9.281721117289587486e-01 -3.715103620695510700e-01 2.183226178576393173e-02
9.243203859210616935e-01 -3.811661568799679101e-01 1.855395053503991476e-02
9.210245166169614972e-01 -3.892064230667869329e-01 1.524017131937924208e-02
9.183313143429672198e-01 -3.956336416840450787e-01 1.190296647067259905e-02
9.162772969718958604e-01 -4.004532532143580958e-01 8.553862718773994067e-03
9.148885655882220691e-01 -4.036730027139631694e-01 5.203935359899057415e-03
9.150252268509072584e-01 -4.033939635866191087e-01 -1.486177634959205858e-03
9.165006708876948238e-01 -3.999508386768464985e-01 -8.118819357704622208e-03
9.192680291038652918e-01 -3.933585139710165102e-01 -1.467799548256789460e-02
9.232459835022951422e-01 -3.836270796775249625e-01 -2.114703938301347452e-02
9.283196706712076862e-01 -3.707640454573036259e-01 -2.750815468793613161e-02
9.343417875021454710e-01 -3.547773878804375003e-01 -3.374203086233785315e-02
9.411340263558127806e-01 -3.356793345796655337e-01 -3.982755344315298818e-02
9.484889897997180741e-01 -3.134907586471918917e-01 -4.574163028832047700e-02
9.561727442260274934e-01 -2.882460185457950130e-01 -5.145915407203009023e-02
9.639281644373703939e-01 -2.599980347772616329e-01 -5.695311870334987536e-02
9.714791947806621364e-01 -2.288233482963539511e-01 -6.219490282544321708e-02
9.785361047242120414e-01 -1.948268626613551546e-01 -6.715472668040674276e-02
9.848017478566848393e-01 -1.581459393331136054e-01 -7.180227927494307882e-02
9.899787457661877177e-01 -1.189535015081415459e-01 -7.610750120520735906e-02
9.937774180767461329e-01 -7.745981434715848435e-02 -8.004149540463777190e-02
9.959241764897638349e-01 -3.391265465965768305e-02 -8.357752465305365308e-02
9.961700063222470591e-01 1.140433618223556794e-02 -8.669204251611499490e-02
9.942985875896699355e-01 5.817520823722469037e-02 -8.936569527196139284e-02
9.901335723516216936e-01 1.060571204668958600e-01 -9.158422805281912771e-02
9.835445458137962449e-01 1.546874206635049376e-01 -9.333923019225906503e-02
9.744512598976663442e-01 2.036920426816760110e-01 -9.462866318915898189e-02
9.628258366817510350e-01 2.526947540386820235e-01 -9.545712937941686071e-02
9.486927847169047689e-01 3.013267064264781858e-01 -9.583585894429168250e-02
9.321268368708320873e-01 3.492357140889241207e-01 -9.578241504789444805e-02
9.132487836878055987e-01 3.960947143955899641e-01 -9.532013898825994480e-02
8.922196209560455671e-01 4.416089468405125507e-01 -9.447737657970448066e-02
8.692334376083545866e-01 4.855215090967187619e-01 -9.328654135637130806e-02
8.445095299522117349e-01 5.276170945235429954e-01 -9.178307823825321288e-02
8.182842378535405414e-01 5.677238656846540499e-01 -9.000439267980146762e-02
7.908029624486092590e-01 6.057135555279143935e-01 -8.798880563524193177e-02
7.623127533391118593e-01 6.414999985681916206e-01 -8.577458526563082331e-02
7.330557592200377393e-01 6.750363709375296617e-01 -8.339909392912460417e-02
7.032637331815685400e-01 7.063114585079925956e-01 -8.089807545217195250e-02
6.731536845629771948e-01 7.353452793143113730e-01 -7.830509457250801886e-02
6.429246822607369571e-01 7.621843664472562896e-01 -7.565112897348542920e-02
6.127557453056587944e-01 7.868969783876207380e-01 -7.296430522248349704e-02
5.828047074555736673e-01 8.095684535236554735e-01 -7.026976346631176595e-02
5.532079129033344866e-01 8.302968715373623132e-01 -6.758963184457981999e-02
5.240805875054341811e-01 8.491891320886358896e-01 -6.494308993090147641e-02
4.955177307116561680e-01 8.663575146211096589e-01 -6.234650064031424521e-02
4.675953838458977718e-01 8.819167443287668773e-01 -5.981359144956042290e-02
4.403721470045015574e-01 8.959815591365581922e-01 -5.735566799517328312e-02
4.138908365916095788e-01 9.086647507194698381e-01 -5.498184574434414329e-02
3.881801960658552986e-01 9.200756382164076985e-01 -5.269928816636863800e-02
3.632565921743781678e-01 9.303189251503283241e-01 -5.051344244931654792e-02
3.391256467504641936e-01 9.394938868036157853e-01 -4.842826616901563935e-02
3.157837694945475060e-01 9.476938356357017534e-01 -4.644644035229984758e-02
2.932195698581632204e-01 9.550058151398480577e-01 -4.456956605938088706e-02
2.714151362738634887e-01 9.615104768863701468e-01 -4.279834295036738512e-02
2.503471787455887609e-01 9.672821006633575136e-01 -4.113272932837525042e-02
2.299880365407125649e-01 9.723887230657524139e-01 -3.957208390724469005e-02
2.103065567431834648e-01 9.768923452251209172e-01 -3.811529008029546778e-02
1.912688520664942160e-01 9.808491953734680413e-01 -3.676086381158213956e-02
1.728389478872675855e-01 9.843100264548788614e-01 -3.550704647277568710e-02
1.549793292078540385e-01 9.873204329734480700e-01 -3.435188404193264405e-02
1.376513984098267085e-01 9.899211746821064972e-01 -3.329329409419543029e-02
1.208158543985256156e-01 9.921484975962030495e-01 -3.232912197255777970e-02
1.044330032029910788e-01 9.940344452004938880e-01 -3.145718744786062809e-02
8.846300939411672060e-02 9.956071546618223689e-01 -3.067532307542937542e-02
7.286609689761251729e-02 9.968911344195113822e-01 -2.998140534184504102e-02
5.785198755841178958e-02 9.978989983530566210e-01 -2.917232503697559168e-02
4.319880315631671741e-02 9.986600277838717510e-01 -2.850089982680914513e-02
2.884155205704178743e-02 9.991929239038029875e-01 -2.796346723259087244e-02
1.471638374975726450e-02 9.995120497632478118e-01 -2.755686573530471972e-02
7.605036057851729397e-04 9.996277304592137147e-01 -2.727843428350420346e-02
-1.308793198227655406e-02 9.995464855554035966e-01 -2.712600851391044204e-02
-2.688993235567427309e-02 9.992711972908068230e-01 -2.709791429194958329e-02
-4.070579441767576551e-02 9.988012176306420020e-01 -2.719295896552539546e-02
-5.459522331950512203e-02 9.981324166814723453e-01 -2.741042053225503303e-02
-6.861744612169154434e-02 9.972571744670425398e-01 -2.775003474175409546e-02
-8.283131262793137772e-02 9.961643175741132783e-01 -2.821197998444044397e-02
-9.729537742846690318e-02 9.948390017576854705e-01 -2.879685965131791384e-02
-1.120679567996801518e-01 9.932625412728449676e-01 -2.950568148037186617e-02
-1.272071534919274882e-01 9.914121855098451119e-01 -3.033983323015071454e-02
-1.427708416025213478e-01 9.892608434897670611e-01 -3.130105383601813201e-02
-1.588166026792852403e-01 9.867767569783183479e-01 -3.239139900639823738e-02
-1.754016029392948539e-01 9.839231234539036475e-01 -3.361320000307801981e-02
-1.925824000309115103e-01 9.806576709948104931e-01 -3.496901412066295151e-02
-2.104146661401180840e-01 9.769321884157896596e-01 -3.646156513694965434e-02
-2.289528124873393411e-01 9.726920157892136043e-01 -3.809367175235475050e-02
-2.478588886075353825e-01 9.680132801124737840e-01 -3.894272646454568360e-02
-2.670876705428869569e-01 9.628473300167933457e-01 -3.986815374204594892e-02
-2.866615399377154816e-01 9.571599862771660305e-01 -4.086802891738064436e-02
-3.065997817385105462e-01 9.509142289329078901e-01 -4.194014607602812583e-02
-3.269182128580988556e-01 9.440702828528046986e-01 -4.308195816548252705e-02
-3.476287740526808889e-01 9.365857446665806219e-01 -4.429051242183644488e-02
-3.687390866543373003e-01 9.284157612276521254e-01 -4.556238141058756991e-02
-3.902519774680485165e-01 9.195132705889196290e-01 -4.689359018957367509e-02
-4.121649771662791450e-01 9.098293171278161173e-01 -4.827954036323976045e-02
-4.344697999189555682e-01 8.993134528504779235e-01 -4.971493211155225689e-02
-4.571518147869144122e-01 8.879142369182642103e-01 -5.119368564411184985e-02
-4.801895225604589923e-01 8.755798449335349121e-01 -5.270886394718141132e-02
-5.035540551829009726e-01 8.622587983398646294e-01 -5.425259915044771536e-02
-5.272087185564396927e-01 8.479008222696861052e-01 -5.581602532721548909e-02
-5.511086032220565700e-01 8.324578371467498128e-01 -5.738922103471841285e-02
-5.752002909085353055e-01 8.158850851773348234e-01 -5.896116537002131508e-02
-5.994216879604092885e-01 7.981423874388253736e-01 -6.051971172201976723e-02
-6.237020188140939281e-01 7.791955205604343959e-01 -6.205158369269347246e-02
-6.479620135709917017e-01 7.590176940499065994e-01 -6.354239778473992628e-02
-6.721143228553652094e-01 7.375911003431233626e-01 -6.497671734699030088e-02
-6.960641900829747097e-01 7.149084999900171544e-01 -6.633814187266498519e-02
-7.197104055949318235e-01 6.909747945670987601e-01 -6.760943500449434485e-02
-7.429465585366796798e-01 6.658085306322732988e-01 -6.877269347632457286e-02
-7.656625907799693431e-01 6.394432701807142294e-01 -6.980955769942989719e-02
-7.877466427540125160e-01 6.119287576023868525e-01 -7.070146280454291110e-02
-8.090871642530618191e-01 5.833318110929359701e-01 -7.142992674180767554e-02
-8.295752449649040905e-01 5.537368687568822168e-01 -7.197686963248825509e-02
-8.491071008181630964e-01 5.232461269723458486e-01 -7.232495611755242193e-02
-8.675866347749602303e-01 4.919792213038381989e-01 -7.245795015792146077e-02
-8.849279760808868023e-01 4.600724182075501822e-01 -7.236106983192006070e-02
-9.010578919185595614e-01 4.276773082492399958e-01 -7.202132837107659558e-02
-9.159179613864366631e-01 3.949590172304968672e-01 -7.142784717280815932e-02
-9.294664048116783039e-01 3.620939786485055101e-01 -7.057212696821101028e-02
-9.416794720578984812e-01 3.292673370794545473e-01 -6.944826476329499232e-02
-9.525523114099571087e-01 2.966700750218146942e-01 -6.805310657076563130e-02
-9.620992647285306898e-01 2.644959732552744636e-01 -6.638632916043532561e-02
-9.703535630809723145e-01 2.329385250921263140e-01 -6.445044783878416117e-02
-9.773664276677512808e-01 2.021879269282022273e-01 -6.225075131194302003e-02
-9.832056110256948145e-01 1.724282609835885161e-01 -5.979516864803688381e-02
-9.879534407183474531e-01 1.438349716765343622e-01 -5.709407689937525537e-02
-9.917044499083046416e-01 1.165727161013203617e-01 -5.416006078595272943e-02
-9.945626948464165729e-01 9.079364357845619293e-02 -5.100763777341339039e-02
-9.966388676637606414e-01 6.663613153498557096e-02 -4.765296279535750912e-02
-9.980473139542573868e-01 4.422397741043110342e-02 -4.411352677017951057e-02
-9.989030592332277525e-01 2.366602099504255818e-02 -4.040786203916282848e-02
-9.993189377337954316e-01 5.056150281030132032e-03 -3.655526607078658091e-02
-9.994029027672387544e-01 -1.152637232066134818e-02 -3.257555244679303380e-02
-9.992555817328747647e-01 -2.601633712493723813e-02 -2.848883549556261233e-02
-9.989681224223200262e-01 -3.836184632122078414e-02 -2.431535218556312578e-02
-9.986203618673817894e-01 -4.852348343807542236e-02 -2.007532222542968495e-02
-9.982793356184541667e-01 -5.647346657427679273e-02 -1.578884488698308053e-02
-9.979981346015979193e-01 -6.219485033439506316e-02 -1.147582897878667366e-02
-9.978151087896941496e-01 -6.568083016751412317e-02 -7.155950714918694021e-03
-9.977534116962106792e-01 -6.693418972125406152e-02 -2.848632976228981581e-03
-9.978208767461754780e-01 -6.596691767230655756e-02 1.426961346327504897e-03
-9.980102152917186276e-01 -6.280000594498323652e-02 5.651929616759264301e-03
-9.982995257016150648e-01 -5.746342683838488036e-02 9.807630991149167421e-03
-9.986531028152801914e-01 -4.999627282770282427e-02 1.387569648064529426e-02
-9.990225364004836628e-01 -4.044703011860244918e-02 1.783805402623228620e-02
-9.993480854837375471e-01 -2.887394583911226734e-02 2.167697397140864318e-02
-9.996089079870191796e-01 -1.762453528418930077e-02 2.171632564224128953e-02
-9.997452391609765732e-01 -6.380058683706635661e-03 2.165510439301803619e-02
-9.997575135642562394e-01 4.806203428004911238e-03 2.149433045069337050e-02
-9.996484465543613585e-01 1.588166405732882938e-02 2.123552558157179929e-02
-9.994229479966111329e-01 2.679474807533270553e-02 2.088070000922118488e-02
-9.990879944073347563e-01 3.749519714010579596e-02 2.043233505428188740e-02
-9.986524629523201302e-01 4.793435681961181333e-02 1.989336185089627188e-02
-9.981269315379165397e-01 5.806544212215931922e-02 1.926713658564491519e-02
-9.975234499054324022e-01 6.784377836240433612e-02 1.855741277684831020e-02
-9.968552871522138314e-01 7.722701509179950852e-02 1.776831116243925146e-02
-9.961366614458877500e-01 8.617531166549502464e-02 1.690428779205959894e-02
-9.953824578707363147e-01 9.465149386458671099e-02 1.597010092348806476e-02
-9.946079403536951524e-01 1.026211818069000664e-01 1.497077730597315415e-02
-9.938284634753018487e-01 1.100528901285069694e-01 1.391157839551658733e-02
-9.930591896965189624e-01 1.169181020743469135e-01 1.279796699241823009e-02
-9.923148171477823576e-01 1.231913196782458281e-01 1.163557472283803171e-02
-9.916093226558674312e-01 1.288500926255256862e-01 1.043017070751146684e-02
-9.909557241515027926e-01 1.338750286672572010e-01 9.187631675987543642e-03
-9.903658660292440352e-01 1.382497885924617032e-01 7.913913697717203308e-03
-9.898502304417584607e-01 1.419610687675216532e-01 6.615025615669628198e-03
-9.894177769209788753e-01 1.449985741300810482e-01 5.297004187214527857e-03
-9.890758121424461091e-01 1.473549842913149666e-01 3.965890863656646760e-03
-9.888298910965019894e-01 1.490259150723032833e-01 2.627710076415233631e-03
-9.886837504069434512e-01 1.500098773962677823e-01 1.288448846238961481e-03
-9.886392740469408524e-01 1.503082349988958399e-01 -4.596250667496140467e-05
-9.886964912432240071e-01 1.499251619247422562e-01 -1.369668798470792407e-03
-9.888536059303558723e-01 1.488676002695781819e-01 -2.676907820733653853e-03
-9.891070567135820113e-01 1.471452181267326187e-01 -3.962027837004809122e-03
-9.894516059170005429e-01 1.447703672190757962e-01 -5.219504974291392166e-03
-9.898804559296455752e-01 1.417580392649909482e-01 -6.443960718428115055e-03
-9.903853907125265144e-01 1.381258197523410891e-01 -7.630179682631714130e-03
-9.909569399933230160e-01 1.338938374928037023e-01 -8.773127769992025357e-03
-9.915845633529460912e-01 1.290847081113264683e-01 -9.867970794960342559e-03
-9.922568511024645321e-01 1.237234695004100632e-01 -1.091009356835310161e-02
-9.929617385652295125e-01 1.178375072419544922e-01 -1.189511938739525737e-02
-9.936867301248455409e-01 1.114564680726906065e-01 -1.281892980941118539e-02
-9.944191291841723013e-01 1.046121596413653043e-01 -1.367768452750663978e-02
-9.951462700143018925e-01 9.733843507175909959e-02 -1.446784111151137690e-02
-9.958557473664718662e-01 8.967106119643837581e-02 -1.518617432997542566e-02
-9.965356396849006648e-01 8.164756974940665102e-02 -1.582979473130767881e-02
-9.971747218041683292e-01 7.330709128570847555e-02 -1.639616613605351936e-02
-9.977626631485548847e-01 6.469017211389858912e-02 -1.688312167923608498e-02
-9.982902076774002875e-01 5.583857506229484430e-02 -1.728887804252121282e-02
-9.987493321412662661e-01 4.679506542995592877e-02 -1.761204753101087289e-02
-9.991333796256780531e-01 3.760318397592391643e-02 -1.785164767839871394e-02
-9.994371658555472049e-01 2.830700925378743654e-02 -1.800710810607353968e-02
-9.996570563029355538e-01 1.895091198327695028e-02 -1.807827441496358961e-02
-9.997910127687579251e-01 9.579304449564104984e-03 -1.806540895136326055e-02
-9.998386087773220021e-01 2.363881212269040855e-04 -1.796918835711525456e-02
-9.998010138109671985e-01 -9.034097228929723750e-03 -1.779069788745703262e-02
-9.996809470989139745e-01 -1.818911963318978545e-02 -1.753142255353280082e-02
-9.994826023380444235e-01 -2.718659312709767462e-02 -1.719323521796306195e-02
-9.992115453429820660e-01 -3.598560512255022381e-02 -1.677838183804615177e-02
-9.988745871798430098e-01 -4.454663035929350839e-02 -1.628946410953387505e-02
-9.984796358166809771e-01 -5.283172923035066304e-02 -1.572941981230076627e-02
-9.980355297119054558e-01 -6.080472872513779936e-02 -1.510150119596822063e-02
-9.975518570518771000e-01 -6.843138471809037671e-02 -1.440925176760115070e-02
-9.970387645368157248e-01 -7.567952482937091718e-02 -1.365648185453987966e-02
-9.965067597005979882e-01 -8.251917157682127357e-02 -1.284724331345166691e-02
-9.959665107392848826e-01 -8.892264600525202900e-02 -1.198580374254314997e-02
-9.954286477228659891e-01 -9.486465240312769165e-02 -1.107662052882417425e-02
-9.949035688848441028e-01 -1.003223450833004571e-01 -1.012431502801736279e-02
-9.944012554367651635e-01 -1.052753785026250832e-01 -9.133647133127005893e-03
-9.939310980524185268e-01 -1.097059422176293042e-01 -8.109490440962166535e-03
-9.935017378221632223e-01 -1.135987823161661303e-01 -7.056808176274569078e-03
-9.931209241041144553e-01 -1.169412110279175743e-01 -5.980629982817298358e-03
-9.927953913071363434e-01 -1.197231062027898363e-01 -4.886029641634051512e-03
-9.925307562406195938e-01 -1.219369022615310050e-01 -3.778103731138008747e-03
-9.923314372660466676e-01 -1.235775740755974683e-01 -2.661951202672596661e-03
-9.922005960917171796e-01 -1.246426150335651351e-01 -1.542653810612154607e-03
-9.921401026693233982e-01 -1.251320103107659287e-01 -4.252573086921248788e-04
-9.921505232823641940e-01 -1.250482060897441516e-01 6.852466951376649101e-04
-9.922311315634059214e-01 -1.243960751943885557e-01 1.783938344087750583e-03
-9.923799418407526218e-01 -1.231828793129980809e-01 2.865986719515969429e-03
-9.925937638954270836e-01 -1.214182277074602329e-01 3.926666725375088651e-03
-9.928682779065685082e-01 -1.191140320487780735e-01 4.961375772790331366e-03
-9.931981280777122389e-01 -1.162844567939167462e-01 5.965650347395037509e-03
-9.935770331686946122e-01 -1.129458643345415958e-01 6.935182516159574088e-03
-9.939979119096497007e-01 -1.091167540122714164e-01 7.865836399907641038e-03
-9.944530210471094200e-01 -1.048176940133341839e-01 8.753664603887304288e-03
-9.949341035708904046e-01 -1.000712451317383178e-01 9.594924563129898082e-03
-9.954325444983983529e-01 -9.490187542585579172e-02 1.038609472343749070e-02
-9.959395314550262279e-01 -8.933586488799367953e-02 1.112389044425812420e-02
-9.964462171907059185e-01 -8.340119939716220121e-02 1.180527947797256269e-02
-9.969438811187001370e-01 -7.712745342663367143e-02 1.242749685267072537e-02
-9.974240869583701485e-01 -7.054566122271153927e-02 1.298805896363488567e-02
-9.978788336131615422e-01 -6.368817645016783269e-02 1.348477666355924268e-02
-9.983006965214613615e-01 -5.658852060225091907e-02 1.391576713385353666e-02
-9.986829568828118342e-01 -4.928122078701724362e-02 1.427946431973314313e-02
-9.990197163848475448e-01 -4.180163781430980968e-02 1.457462772038720100e-02
-9.993059953348104596e-01 -3.418578580615354995e-02 1.480034934218622290e-02
-9.995378124289637789e-01 -2.647014482525825163e-02 1.495605864713430398e-02
-9.997122447669022360e-01 -1.869146825032950987e-02 1.504152535974479128e-02
-9.998274671268981839e-01 -1.088658681317784815e-02 1.505686003207558528e-02
-9.998827699526355861e-01 -3.092211343437168553e-03 1.500251230740362943e-02
-9.998785559493107433e-01 4.655263663244461718e-03 1.487926686636420644e-02
-9.998163156357441350e-01 1.231995353098891410e-02 1.468823708363748044e-02
-9.996985826362827510e-01 1.986667187733768061e-02 1.443085646671410545e-02
-9.995288699097163443e-01 2.726111212522273897e-02 1.410886798925395716e-02
-9.993115884909652413e-01 3.447002027479702246e-02 1.372431146854576588e-02
-9.990519506551469586e-01 4.146135737439586577e-02 1.327950916826896831e-02
-9.987558596948458156e-01 4.820445038459521964e-02 1.277704983310873864e-02
-9.984297887241688763e-01 5.467013041000435419e-02 1.221977138004694263e-02
-9.980806510839115298e-01 6.083085756837799951e-02 1.161074248194519584e-02
-9.977156650195937448e-01 6.666083206401890449e-02 1.095324328228943801e-02
-9.973422153391636735e-01 7.213609132086255815e-02 1.025074547594201878e-02
-9.969677147326415634e-01 7.723459329962394093e-02 9.506891980007823109e-03
-9.965994673563957074e-01 8.193628636384184261e-02 8.725476402280496480e-03
-9.962445371558757978e-01 8.622316626417511620e-02 7.910422493211791140e-03
-9.959096232291398954e-01 9.007932097340348720e-02 7.065763742105205490e-03
-9.956009443265420034e-01 9.349096422281348573e-02 6.195623250524044147e-03
-9.953241343467600366e-01 9.644645866260692646e-02 5.304193987000134849e-03
-9.950841504329752674e-01 9.893632959522187520e-02 4.395719498281350397e-03
-9.948851950020467516e-01 1.009532702133836835e-01 3.474475124735501314e-03
-9.947306527598493986e-01 1.024921392182845253e-01 2.544749742189074317e-03
-9.946230434727051373e-01 1.035499516028380446e-01 1.610828030324736558e-03
-9.945639909823453806e-01 1.041258632668416173e-01 6.769732495194831848e-04
-9.945542086736399723e-01 1.042211499922268969e-01 -2.525895057874119566e-04
-9.945935013332622976e-01 1.038391811549746052e-01 -1.173689618113625717e-03
-9.946807830758076507e-01 1.029853883934649800e-01 -2.082226867340347936e-03
-9.948141107635328773e-01 1.016672292986805226e-01 -2.974187004726455870e-03
-9.949907321084699996e-01 9.989414604706130241e-02 -3.845657019353816881e-03
-9.952071474227626169e-01 9.767751876863257909e-02 -4.692840126231489009e-03
-9.954591837763065998e-01 9.503061333717628678e-02 -5.512070492062757718e-03
-9.957420801319701864e-01 9.196852319061532555e-02 -6.299827698528765244e-03
-9.960505818598729411e-01 8.850810474220090207e-02 -7.052750924672836555e-03
-9.963790428857504100e-01 8.466790592905674984e-02 -7.767652810464148808e-03
-9.967215336068843134e-01 8.046808746531336487e-02 -8.441532943807301265e-03
-9.970719526151429202e-01 7.593033642224053525e-02 -9.071590894087388363e-03
-9.974241402031102099e-01 7.107777184583896624e-02 -9.655238697717949403e-03
-9.977719915986759114e-01 6.593484224031051499e-02 -1.019011268595439341e-02
-9.981095678781050085e-01 6.052721488945927986e-02 -1.067408453321961638e-02
-9.984312025492496634e-01 5.488165715203952716e-02 -1.110527139600961909e-02
-9.987316018762431025e-01 4.902591004509933986e-02 -1.148204500860139886e-02
-9.990059371348477546e-01 4.298855461453927884e-02 -1.180303960259427611e-02
-9.992499271427039975e-01 3.679887177708793256e-02 -1.206715852290864317e-02
-9.994599095989774584e-01 3.048669649528505665e-02 -1.227357942317186361e-02
-9.996328999901086254e-01 2.408226730969197787e-02 -1.242175793816871314e-02
-9.997666370681350667e-01 1.761607239381309670e-02 -1.251142974976193929e-02
-9.998596141799682702e-01 1.111869341136809131e-02 -1.254261098476455207e-02
-9.999110960137352899e-01 4.620648537984222044e-03 -1.251559690789308052e-02
-9.999211206248571626e-01 -1.847763943198545838e-03 -1.243095889926564522e-02
-9.998904869025251330e-01 -8.256620051895703985e-03 -1.228953973297803801e-02
-9.998207279291342342e-01 -1.457652113332611604e-02 -1.209244720011946016e-02
-9.997140709636934686e-01 -2.077874016159683701e-02 -1.184104614522340886e-02
-9.995733850383787811e-01 -2.683536208738598883e-02 -1.153694900869993607e-02
-9.994021173890873522e-01 -3.271941711745623288e-02 -1.118200498847992004e-02
-9.992042201409090385e-01 -3.840500596119522658e-02 -1.077828795127492960e-02
-9.989840688337907615e-01 -4.386741624473915191e-02 -1.032808323703689191e-02
-9.987463744995216386e-01 -4.908322946977292794e-02 -9.833873509089308823e-03
-9.984960910869526973e-01 -5.403041807509101346e-02 -9.298323806883177292e-03
-9.982383200778013332e-01 -5.868843233782219948e-02 -8.724265958477426045e-03
-9.979782141413480190e-01 -6.303827702164126190e-02 -8.114682505900952872e-03
-9.977208816447298290e-01 -6.706257783572701359e-02 -7.472690288920535648e-03
-9.974712937691561088e-01 -7.074563790595821133e-02 -6.801523821945096478e-03
-9.972341958846776544e-01 -7.407348457515967877e-02 -6.104518585470541589e-03
-9.970140247110749199e-01 -7.703390693953397761e-02 -5.385094338307044697e-03
-9.968148326441996776e-01 -7.961648459231701613e-02 -4.646738540563042329e-03
-9.966402204600254278e-01 -8.181260808291351827e-02 -3.892989960720847839e-03
-9.964932794269677485e-01 -8.361549161113751572e-02 -3.127422523833575402e-03
-9.963765436647882279e-01 -8.502017846354484321e-02 -2.353629442553688885e-03
-9.962919533893609403e-01 -8.602353966491883830e-02 -1.575207658944797508e-03
-9.962408294801928799e-01 -8.662426626619719461e-02 -7.957426133099261729e-04
-9.962238596049328709e-01 -8.682285562450366145e-02 -1.879334696259387684e-05
-9.962410959349125017e-01 -8.662159195584125115e-02 7.521220607745151198e-04
-9.962919642904591866e-01 -8.602452136097960000e-02 1.513540724902209724e-03
-9.963752843664822612e-01 -8.503742144470698150e-02 2.262068861002299296e-03
-9.964893005096269185e-01 -8.366776557234698042e-02 2.994395368344796460e-03
-9.966317223499621125e-01 -8.192468173937771103e-02 3.707305088612938317e-03
-9.967997744344864186e-01 -7.981890597380358887e-02 4.397691732683001523e-03
-9.969902538684306537e-01 -7.736273014970543316e-02 5.062570459788650473e-03
-9.971995948451479741e-01 -7.456994406654145202e-02 5.699090083982984167e-03
-9.974239388380345961e-01 -7.145577164393798753e-02 6.304544872602488130e-03
-9.976592091401352835e-01 -6.803680109672456677e-02 6.876385890983066455e-03
-9.979011883705101171e-01 -6.433090898981981554e-02 7.412231837535865342e-03
-9.981455975226078969e-01 -6.035717812640579993e-02 7.909879304004418729e-03
-9.983881751101336688e-01 -5.613580929396929514e-02 8.367312387805931478e-03
-9.986247549712654603e-01 -5.168802697882005082e-02 8.782711577265863920e-03
-9.988513413232207316e-01 -4.703597925754189613e-02 9.154461826671253175e-03
-9.990641797162876925e-01 -4.220263217987744314e-02 9.481159736690659284e-03
-9.992598226191502508e-01 -3.721165906778284987e-02 9.761619757031561595e-03
-9.994351884746642822e-01 -3.208732526557802472e-02 9.994879332313072809e-03
-9.995876131955558908e-01 -2.685436898196925243e-02 1.018020291899135454e-02
-9.997148932205066618e-01 -2.153787896207421532e-02 1.031708481064076526e-02
-9.998153194198465821e-01 -1.616316981258240221e-02 1.040525072071033300e-02
-9.998877013230765831e-01 -1.075565587246048518e-02 1.044465808568894455e-02
-9.999313813337060708e-01 -5.340724572410795665e-03 1.043549506698701959e-02
-9.999462387960547094e-01 5.638974339936073804e-05 1.037817824627702314e-02
-9.999326839791456978e-01 5.410730551182565615e-03 1.027334902598781539e-02
-9.998916422399554138e-01 1.069774146814369414e-02 1.012186876355916296e-02
-9.998245288175150458e-01 1.589338522582542726e-02 9.924812684380413322e-03
-9.997332148863647960e-01 2.097425841695067447e-02 9.683462633540721939e-03
-9.996199856587191235e-01 2.591770120919367065e-02 9.399298740140034705e-03
-9.994874914660106802e-01 3.070190130704539971e-02 9.073990079555990795e-03
-9.993386928694685256e-01 3.530599154242776427e-02 8.709384428425811023e-03
-9.991768009439685461e-01 3.971014058229485610e-02 8.307497213976567860e-03
-9.990052139482198390e-01 4.389563635330095970e-02 7.870499763618917649e-03
-9.988274516368104150e-01 4.784496189586900927e-02 7.400706962410453366e-03
-9.986470884858199559e-01 5.154186346897390164e-02 6.900564425197944218e-03
-9.984676870943637317e-01 5.497141082928485439e-02 6.372635287157752196e-03
-9.982927329908896086e-01 5.812004970104944074e-02 5.819586711345187471e-03
-9.981255720171127166e-01 6.097564653384905664e-02 5.244176205075462387e-03
-9.979693513863301391e-01 6.352752571232520018e-02 4.649237828877381302e-03
-9.978269654189747540e-01 6.576649943403886645e-02 4.037668372800957105e-03
-9.977010068492826456e-01 6.768489050832200704e-02 3.412413565447039877e-03
-9.975937244755757050e-01 6.927654835050491011e-02 2.776454371638566523e-03
-9.975069877956258546e-01 7.053685845306460755e-02 2.132793425562859273e-03
-9.974422591305195374e-01 7.146274560939216980e-02 1.484441637837608657e-03
-9.974005735979283305e-01 7.205267114884729429e-02 8.344050075939094197e-04
-9.973825271511164159e-01 7.230662441575326504e-02 1.856716645715766889e-04
-9.973882727556199201e-01 7.222610869245292553e-02 -4.588008384387803028e-04
-9.974175246334068268e-01 7.181412173012423350e-02 -1.096097965591069211e-03
-9.974695703664056001e-01 7.107513101342338713e-02 -1.723360354744902677e-03
-9.975432905193659661e-01 7.001504384880946619e-02 -2.337795675330490031e-03
-9.976371853177793403e-01 6.864117233407655838e-02 -2.936690170236020206e-03
-9.977494078016001522e-01 6.696219324039949516e-02 -3.517419861956979678e-03
-9.978778027712693621e-01 6.498810281998064486e-02 -4.077461399528449493e-03
-9.980199507504390333e-01 6.273016654366345146e-02 -4.614402518268809032e-03
-9.981732161111414037e-01 6.020086377470226791e-02 -5.125952079393438464e-03
-9.983347984431463207e-01 5.741382739780759303e-02 -5.609949651427219817e-03
-9.985017862009802903e-01 5.438377844668225436e-02 -6.064374590379269757e-03
-9.986712116304665710e-01 5.112645580808146406e-02 -6.487354571161073162e-03
-9.988401059624080203e-01 4.765854112504160772e-02 -6.877173519029884489e-03
-9.990055538646639421e-01 4.399757907495570330e-02 -7.232278887192018606e-03
-9.991647461655746021e-01 4.016189325786403280e-02 -7.551288225332441692e-03
-9.993150299013405791e-01 3.617049799459450682e-02 -7.832994983923521892e-03
-9.994539547971046378e-01 3.204300640091319735e-02 -8.076373500823503734e-03
-9.995793153652533514e-01 2.779953517017608178e-02 -8.280583119956854560e-03
-9.996891878936139397e-01 2.346060656061831409e-02 -8.444971396760108176e-03
-9.997819616991397984e-01 1.904704814195338353e-02 -8.569076351498190053e-03
-9.998563641373643396e-01 1.457989090712844688e-02 -8.652627739364314105e-03
-9.999114789820302551e-01 1.008026639690486059e-02 -8.695547315271503000e-03
-9.999467579202792056e-01 5.569303515764104442e-03 -8.697948081177039534e-03
-9.999620250438148172e-01 1.068025736254150752e-03 -8.660132514366501721e-03
-9.999574743525968534e-01 -3.402750605469361672e-03 -8.582589786049657499e-03
-9.999336604219277724e-01 -7.822516227755852217e-03 -8.465991990562438466e-03
-9.998914825133318196e-01 -1.217116636068877808e-02 -8.311189416105297864e-03
-9.998321625316307637e-01 -1.642909510080535831e-02 -8.119204897971309814e-03
-9.997572173425317565e-01 -2.057728606573767938e-02 -7.891227304348071708e-03
-9.996684260646120368e-01 -2.459739880486781771e-02 -7.628604212775418579e-03
-9.995677930349119444e-01 -2.847185048350902442e-02 -7.332833842013631968e-03
-9.994575072169381569e-01 -3.218389242522934346e-02 -7.005556309286260254e-03
-9.993398988726769350e-01 -3.571768116751959654e-02 -6.648544286528687217e-03
-9.992173943556011961e-01 -3.905834375783567847e-02 -6.263693131378685573e-03
-9.990924698994428921e-01 -4.219203708793540369e-02 -5.853010569227447800e-03
-9.989676052779327131e-01 -4.510600113234868036e-02 -5.418606001802570536e-03
-9.988452381943898617e-01 -4.778860601995627705e-02 -4.962679515620000044e-03
-9.987277202279306598e-01 -5.022939292448368176e-02 -4.487510660402350970e-03
-9.986172751163800987e-01 -5.241910880905717440e-02 -3.995447063429593236e-03
-9.985159600961820425e-01 -5.434973510100191141e-02 -3.488892940999121454e-03
-9.984256309483301450e-01 -5.601451040535426057e-02 -2.970297562970156385e-03
-9.983479113183326703e-01 -5.740794738906343508e-02 -2.442143720996793870e-03
-9.982841667892859983e-01 -5.852584398288759870e-02 -1.906936245749082026e-03
-9.982354840920962813e-01 -5.936528905519901367e-02 -1.367190613397627728e-03
-9.982026557375736076e-01 -5.992466271224687613e-02 -8.254216770827164018e-04
-9.981861702533044722e-01 -6.020363137407035853e-02 -2.841325551588285044e-04
-9.981862081056023239e-01 -6.020313776557570384e-02 2.541962951833384287e-04
-9.982026432850733544e-01 -5.992538594977428468e-02 7.871177926870850721e-04
-9.982350504349793985e-01 -5.937382151636158567e-02 1.312228710483913374e-03
-9.982827173060853099e-01 -5.855310702522451699e-02 1.827179894205229350e-03
-9.983446622314248176e-01 -5.746909279254662495e-02 2.329686195616827941e-03
-9.984196562306902889e-01 -5.612878309825541923e-02 2.817536096830863465e-03
-9.985062492779286369e-01 -5.454029788875725676e-02 3.288600998757492105e-03
-9.986028001990094882e-01 -5.271283004914043002e-02 3.740844145631397680e-03
-9.987075096078953385e-01 -5.065659832494395776e-02 4.172329155354858113e-03
-9.988184552439713926e-01 -4.838279598555130651e-02 4.581228123219900986e-03
-9.989336290373100891e-01 -4.590353533934332653e-02 4.965829264493824141e-03
-9.990509752053562398e-01 -4.323178823470390231e-02 5.324544059558909519e-03
-9.991684286735439402e-01 -4.038132271030157872e-02 5.655913863962293460e-03
-9.992839531140382814e-01 -3.736663599199233771e-02 5.958615945012121079e-03
-9.993955779111658444e-01 -3.420288407119433799e-02 6.231468906583557781e-03
-9.995014333889705727e-01 -3.090580813947585437e-02 6.473437464675862313e-03
-9.995997836752787968e-01 -2.749165819503565644e-02 6.683636538058181954e-03
-9.996890566270111300e-01 -2.397711417731698477e-02 6.861334621088873223e-03
-9.997678703023250568e-01 -2.037920502473510032e-02 7.005956409484276164e-03
-9.998350555353638924e-01 -1.671522608599951276e-02 7.117084654402965928e-03
-9.998896742475573696e-01 -1.300265534645555013e-02 7.194461225619103346e-03
-9.999310332139997870e-01 -9.259068956082442889e-03 7.237987370668831112e-03
-9.999586930927105710e-01 -5.502056564289533463e-03 7.247723163523592423e-03
-9.999724726167105171e-01 -1.749136977706236377e-03 7.223886143408059408e-03
-9.999323984677133126e-01 4.263025662280090292e-03 1.082672922731584692e-02
-9.998238418114407944e-01 1.211870270266928243e-02 1.433941663283107293e-02
-9.996056912148932883e-01 2.176558466173389786e-02 1.774603934100684247e-02
-9.992294466452654733e-01 3.314223227252673099e-02 2.103117531184891739e-02
-9.986406416808147890e-01 4.617799537094303269e-02 2.417997611969429847e-02
-9.977804210782100780e-01 6.079299119710967342e-02 2.717826855443104470e-02
-9.965872412897259780e-01 7.689817983487823305e-02 3.001267007636959291e-02
-9.949986559926135010e-01 9.439557229774692138e-02 3.267071570646062906e-02
-9.929531434089072794e-01 1.131786020844447599e-01 3.514099270292798949e-02
-9.903919276903392355e-01 1.331326839913600790e-01 3.741327830189669634e-02
-9.872607434867819443e-01 1.541359748705795341e-01 3.947867496375007113e-02
-9.835114915441872663e-01 1.760603403283708401e-01 4.132973704097051004e-02
-9.791037342271463606e-01 1.987725197019091228e-01 4.296058262319843446e-02
-9.740059835069820871e-01 2.221354697945227552e-01 4.436698455364410099e-02
-9.681967402600515360e-01 2.460098566273917486e-01 4.554643525071969817e-02
-9.616652525015356723e-01 2.702556547132427545e-01 4.649818097999883215e-02
-9.544119710131485634e-01 2.947338058267999772e-01 4.722322254218190574e-02
-9.464486930715517721e-01 3.193078845266583143e-01 4.772428088243184374e-02
-9.377983978556192479e-01 3.438457161353465352e-01 4.800572777491977916e-02
-9.284947897374985493e-01 3.682208946020351648e-01 4.807348337390270759e-02
-9.195739591978878691e-01 3.903805559962806315e-01 4.457590702971003099e-02
-9.108778560397180479e-01 4.106384011712727045e-01 4.096201547600288734e-02
-9.025443884194519484e-01 4.289828492273037863e-01 3.725036793220536102e-02
-8.947000456647448141e-01 4.454128571163776251e-01 3.345832637877196175e-02
-8.874587913891296420e-01 4.599357101517408397e-01 2.960199365144259437e-02
-8.809213039441238235e-01 4.725649173213187781e-01 2.569620597374039014e-02
-8.751745114303882689e-01 4.833182713289444488e-01 2.175457303918211516e-02
-8.702913661792776034e-01 4.922161180695435179e-01 1.778955822730406491e-02
-8.663308051178342239e-01 4.992798666477900604e-01 1.381259145066568092e-02
-8.633378468693285734e-01 5.045307595256185440e-01 9.834207358773612573e-03
-8.613437829872196971e-01 5.079889130751822357e-01 5.864202051647894945e-03
-8.603664286419691054e-01 5.096726316215991481e-01 1.911801978281113534e-03
-8.604104067711109138e-01 5.095979927120257713e-01 -2.014160768527640914e-03
-8.614674486822410104e-01 5.077786974611560034e-01 -5.905072059556757888e-03
-8.635167029941043237e-01 5.042261769567752960e-01 -9.752363131821834702e-03
-8.665250533234395425e-01 4.989499434054811000e-01 -1.354734637586747087e-02
-8.704474530375825303e-01 4.919581725193473698e-01 -1.728106389382724761e-02
-8.752272924799170406e-01 4.832585011963069221e-01 -2.094415309356519733e-02
-8.807968201181428647e-01 4.728590215073233960e-01 -2.452673351313232331e-02
-8.870776438228054062e-01 4.607694481411855891e-01 -2.801831900354595159e-02
-8.931793801902808694e-01 4.488201924819956723e-01 -2.812981420875174110e-02
-8.991338193237135012e-01 4.367680921626377888e-01 -2.814721051160637075e-02
-9.049182359356441330e-01 4.246591052764651097e-01 -2.806933092952869704e-02
-9.105120685038343709e-01 4.125407559558011972e-01 -2.789541833156979067e-02
-9.158970516852542598e-01 4.004618551076686295e-01 -2.762516268120280769e-02
-9.210573129460352115e-01 3.884721922350877210e-01 -2.725872408597262986e-02
-9.259794305500741451e-01 3.766222029494732948e-01 -2.679675113819480342e-02
-9.306524509733458128e-01 3.649626173556545505e-01 -2.624039413746609081e-02
-9.350678648409161964e-01 3.535440949055291826e-01 -2.559131290460720659e-02
-9.392195415812809589e-01 3.424168515524338430e-01 -2.485167902297171286e-02
-9.431036241161349087e-01 3.316302850881389097e-01 -2.402417247156404118e-02
-9.467183860094910974e-01 3.212326044098204325e-01 -2.311197273974447547e-02
-9.500640545454531738e-01 3.112704681569205545e-01 -2.211874463031223911e-02
-9.531426041492039314e-01 3.017886376978564655e-01 -2.104861906184337175e-02
-9.559575253763354930e-01 2.928296488619510085e-01 -1.990616926853065044e-02
-9.585135753436879735e-01 2.844335061362328054e-01 -1.869638286367938246e-02
-9.608165159404238320e-01 2.766374023167511020e-01 -1.742463027988429627e-02
-9.628728464295321920e-01 2.694754658576102857e-01 -1.609663012441219648e-02
-9.646895371240559180e-01 2.629785374344649762e-01 -1.471841199330893406e-02
-9.662737707035143897e-01 2.571739765655325916e-01 -1.329627727419702317e-02
-9.681367516340535495e-01 2.499497850153084011e-01 -1.538121885691954432e-02
-9.701993894315840139e-01 2.416838181978100686e-01 -1.738750430168331876e-02
-9.724259202456347895e-01 2.324119625591064275e-01 -1.930698530077870276e-02
-9.747780755212086534e-01 2.221742689840686680e-01 -2.113172952354843911e-02
-9.772157288893320581e-01 2.110150834922765173e-01 -2.285405915141255559e-02
-9.796975811729655703e-01 1.989831433507384673e-01 -2.446659655247601303e-02
-9.821818742414860637e-01 1.861316260907569520e-01 -2.596231632686141211e-02
-9.846271227882361643e-01 1.725181400601468462e-01 -2.733460261892339122e-02
-9.869928515179712258e-01 1.582046468082029811e-01 -2.857731028411649235e-02
-9.892403238382622144e-01 1.432573077624736957e-01 -2.968482823186447198e-02
-9.913332470769246063e-01 1.277462502567941471e-01 -3.065214305661850824e-02
-9.932384386145159949e-01 1.117452509210297706e-01 -3.147490093148384849e-02
-9.949264372271583445e-01 9.533133762640506881e-02 -3.214946568395990467e-02
-9.963720444528735287e-01 7.858431445243242719e-02 -3.267297100939869220e-02
-9.975547819605826705e-01 6.158621734068136372e-02 -3.304336490790209246e-02
-9.984592527091394887e-01 4.442071105768030659e-02 -3.325944465220225660e-02
-9.990753960838580916e-01 2.717244063936949741e-02 -3.332088089943100601e-02
-9.993986300963529912e-01 9.926352485298259309e-03 -3.322822993478419251e-02
-9.994298769987912667e-01 -7.232998405753809923e-03 -3.298293346122585512e-02
-9.991754721359517033e-01 -2.422213799415661242e-02 -3.258730580416902695e-02
-9.986469593614064610e-01 -4.095934269666057226e-02 -3.204450885903972063e-02
-9.978607796985569101e-01 -5.736527294133113297e-02 -3.135851554803011781e-02
-9.968378629653238399e-01 -7.336355657189899682e-02 -3.053406294700919399e-02
-9.956031346592194575e-01 -8.888131015698734483e-02 -2.957659657458798150e-02
-9.941849524078507638e-01 -1.038495889733644650e-01 -2.849220758747103913e-02
-9.926144876602361888e-01 -1.182037594338066766e-01 -2.728756478973922567e-02
-9.909250690021625951e-01 -1.318837908488007526e-01 -2.596984343479104285e-02
-9.891515035422785429e-01 -1.448344664809562421e-01 -2.454665277927538247e-02
-9.873293922906376530e-01 -1.570055167209793712e-01 -2.302596424558184252e-02
-9.854944544240979987e-01 -1.683516797581108559e-01 -2.141604187459085484e-02
-9.836818739103108111e-01 -1.788326972400130777e-01 -1.972537651766550354e-02
-9.819256802617645219e-01 -1.884132540540968126e-01 -1.796262494220774927e-02
-9.802581733323629809e-01 -1.970628724837407142e-01 -1.613655472485999928e-02
-9.787094001627479889e-01 -2.047557715982026294e-01 -1.425599549632189898e-02
-9.773066900242496358e-01 -2.114707028489792029e-01 -1.232979679599157524e-02
-9.760742520832160762e-01 -2.171907725123297661e-01 -1.036679250537494643e-02
-9.750328385641731099e-01 -2.219032608956926500e-01 -8.375771566191705236e-03
-9.741994749661329056e-01 -2.255994471807768742e-01 -6.365454459640353981e-03
-9.735872577943990303e-01 -2.282744474771686571e-01 -4.344474732335087616e-03
-9.732052194043113724e-01 -2.299270721753348401e-01 -2.321364704899755993e-03
-9.730582588915008824e-01 -2.305597070812029081e-01 -3.045443922892855995e-04
-9.731471374711011535e-01 -2.301782211449861781e-01 1.697687399545961661e-03
-9.734685364233829352e-01 -2.287919019176375968e-01 3.677160859179437295e-03
-9.740151753984349625e-01 -2.264134182266052397e-01 5.625842879618243517e-03
-9.747759886201317059e-01 -2.230588080008414631e-01 7.535845681375356528e-03
-9.757363562648520006e-01 -2.187474877317857058e-01 9.399437249646499723e-03
-9.768783879742461984e-01 -2.135022787678608758e-01 1.120905436737576824e-02
-9.781812550633771641e-01 -2.073494445382705054e-01 1.295731887896125513e-02
-9.796215674860619949e-01 -2.003187319190217197e-01 1.463705764838461182e-02
-9.811737910108758731e-01 -1.924434093194110629e-01 1.624132648519731326e-02
-9.828106993500247412e-01 -1.837602937068860132e-01 1.776343810734107645e-02
-9.845038551887559386e-01 -1.743097587238431889e-01 1.919699399730952910e-02
-9.862241132178147796e-01 -1.641357162965959016e-01 2.053591979458340919e-02
-9.879421374199474082e-01 -1.532855647006693967e-01 2.177450366024096667e-02
-9.896289240571547463e-01 -1.418100969228827946e-01 2.290743685735166513e-02
-9.912563211078750935e-01 -1.297633643313506335e-01 2.392985562163116656e-02
-9.927975343740998992e-01 -1.172024920970432676e-01 2.483738325910951270e-02
-9.942276101766204244e-01 -1.041874444573017977e-01 2.562617130879552355e-02
-9.955238845338009179e-01 -9.078073971072338211e-02 2.629293855482459433e-02
-9.966663890150601057e-01 -7.704711670967620551e-02 2.683500666888908801e-02
-9.976382040980013022e-01 -6.305315648772143178e-02 2.725033131213991378e-02
-9.984257518419543675e-01 -4.886686443599456975e-02 2.753752762585473524e-02
-9.990190210035797547e-01 -3.455722003725194419e-02 2.769588918880838344e-02
-9.994117193239626662e-01 -2.019370249725680605e-02 2.772539971046070542e-02
-9.996013495535498450e-01 -5.845801610932498463e-03 2.762673695423131098e-02
-9.995892077774227724e-01 8.417476187149684763e-03 2.740126863358354967e-02
-9.993803046733937823e-01 2.252809644314022336e-02 2.705104028325069909e-02
-9.989832123883297665e-01 3.641947005974861123e-02 2.657875536588302084e-02
-9.984098416637743334e-01 5.002690214985169165e-02 2.598774811801724330e-02
-9.976751555971978824e-01 6.328800809690572626e-02 2.528194985691255628e-02
-9.967968279194725501e-01 7.614308986789344869e-02 2.446584965154703639e-02
-9.957948548488486651e-01 8.853546717678803524e-02 2.354445039935019329e-02
-9.946911304130442444e-01 1.004117598000102002e-01 2.252322144021050299e-02
-9.935089956012552737e-01 1.117221191117987039e-01 2.140804887897943681e-02
-9.922727718245580864e-01 1.224204086503349886e-01 2.020518477795786236e-02
-9.910072889521635009e-01 1.324643351654139489e-01 1.892119632512030344e-02
-9.897374176930676670e-01 1.418155330672364600e-01 1.756291598766505230e-02
-9.884876153593283865e-01 1.504396064395396027e-01 1.613739353103527119e-02
-9.872814931361766355e-01 1.583061337606636865e-01 1.465185062902117641e-02
-9.861414119548287394e-01 1.653886411713714200e-01 1.311363861955570573e-02
-9.846510612025033415e-01 1.738778267825827617e-01 1.513425183758581281e-02
-9.828987886214702874e-01 1.833557045734427460e-01 1.705624807955304079e-02
-9.808668965727130873e-01 1.937633922757858451e-01 1.887166809895236830e-02
-9.785380181628562379e-01 2.050374403147014746e-01 2.057323701068070401e-02
-9.758957827688610198e-01 2.171102673179743925e-01 2.215441560530460180e-02
-9.729254619219958045e-01 2.299106494624854891e-01 2.360944712765314021e-02
-9.696145785188015065e-01 2.433642617733825231e-01 2.493339817537387759e-02
-9.659534633104303047e-01 2.573942670564826063e-01 2.612219237180618200e-02
-9.619357441531745101e-01 2.719219457056142319e-01 2.717263554554084221e-02
-9.575587555547393492e-01 2.868673573381894659e-01 2.808243130506874949e-02
-9.528238585624188017e-01 3.021500232218840010e-01 2.885018612445114372e-02
-9.477366639187264630e-01 3.176896168936002018e-01 2.947540334353277586e-02
-9.423071545379891889e-01 3.334066493427253475e-01 2.995846581826812002e-02
-9.365497065950154632e-01 3.492231347030795297e-01 3.030060731459544368e-02
-9.304830117151422497e-01 3.650632226009378756e-01 3.050387310267776292e-02
-9.241299057654241977e-01 3.808537841274851621e-01 3.057107055681767410e-02
-9.175171124327194949e-01 3.965249397905583062e-01 3.050571088093601349e-02
-9.106749120206680814e-01 4.120105196654257340e-01 3.031194334394754844e-02
-9.036367476180013902e-01 4.272484481937983136e-01 2.999448361129048585e-02
-8.964387819334436180e-01 4.421810485434884419e-01 2.955853789044335031e-02
-8.891194186419593137e-01 4.567552640010278941e-01 2.900972466649066536e-02
-8.817188020624030509e-01 4.709227963930194827e-01 2.835399579034950449e-02
-8.742783084376960501e-01 4.846401638990191496e-01 2.759755860296335753e-02
-8.668400410901505593e-01 4.978686827295346062e-01 2.674680064276725028e-02
-8.594463403683381131e-01 5.105743789224205242e-01 2.580821830253584095e-02
-8.521393176890804666e-01 5.227278379117759055e-01 2.478835058814116143e-02
-8.449604212114455448e-01 5.343040005244752422e-01 2.369371889883626139e-02
-8.379500388566555324e-01 5.452819146643281822e-01 2.253077350888634325e-02
-8.311471425956917791e-01 5.556444521769656752e-01 2.130584719479182779e-02
-8.245889762380577137e-01 5.653780002903368018e-01 2.002511623024952336e-02
-8.183107874273022331e-01 5.744721366475493696e-01 1.869456876951886698e-02
-8.123456032213278721e-01 5.829192963480082090e-01 1.731998046393836907e-02
-8.067240475318816495e-01 5.907144386481731901e-01 1.590689700879809390e-02
-8.014741978271069378e-01 5.978547201012640588e-01 1.446062319954655173e-02
-7.966214778605767988e-01 6.043391799872337433e-01 1.298621798672904351e-02
-7.921885827671312219e-01 6.101684429446179170e-01 1.148849495620381071e-02
-7.881954326404383426e-01 6.153444428005778732e-01 9.972027622249964723e-03
-7.846591506553067807e-01 6.198701707322391563e-01 8.441158902792617394e-03
-7.815940618928891581e-01 6.237494501006474179e-01 6.900014144485430018e-03
-7.790117092420122402e-01 6.269867395901068674e-01 5.352517077150941230e-03
-7.769208830587617243e-01 6.295869656654473623e-01 3.802408098603041707e-03
-7.753276616447870584e-01 6.315553848274646498e-01 2.253264319002469020e-03
-7.742354600306294854e-01 6.328974756975622729e-01 7.085208258788213039e-04
-7.736450850044693794e-01 6.336188605883735780e-01 -8.285073354850158809e-04
-7.735547947924977796e-01 6.337252559074869618e-01 -2.354602938252316029e-03
-7.739603622606638922e-01 6.332224504846295510e-01 -3.866624546904523767e-03
-7.748551409570870740e-01 6.321163106965376199e-01 -5.361485097345733072e-03
-7.762301337400981938e-01 6.304128110761483272e-01 -6.836131467994846500e-03
-7.780740641303045546e-01 6.281180889222853780e-01 -8.287525401544457854e-03
-7.803734508789808011e-01 6.252385212624316235e-01 -9.712626115378219377e-03
-7.831126865529602910e-01 6.217808223558163316e-01 -1.110837491870650742e-02
-7.862741211920235562e-01 6.177521597500691408e-01 -1.247168213542926458e-02
-7.898381522928754617e-01 6.131602867174524851e-01 -1.379941661250418117e-02
-7.937833225087636002e-01 6.080136886938598551e-01 -1.508839807299954677e-02
-7.980864265205139807e-01 6.023217411255653575e-01 -1.633539254979003361e-02
-8.027226285286430674e-01 5.960948758979466300e-01 -1.753711110875701140e-02
-8.076655917333794843e-01 5.893447532825607516e-01 -1.869021203820199137e-02
-8.128876210071612762e-01 5.820844361020713897e-01 -1.979130664293985223e-02
-8.183598197213066694e-01 5.743285625870943045e-01 -2.083696873640234273e-02
-8.240522613660019591e-01 5.660935141976233265e-01 -2.182374787155294191e-02
-8.299341762040088888e-01 5.573975745185754116e-01 -2.274818629137486531e-02
-8.359741527301269848e-01 5.482610752294657663e-01 -2.360683951247763770e-02
-8.421403531804723119e-01 5.387065251078941852e-01 -2.439630038180963176e-02
-8.484007417617601687e-01 5.287587180703927636e-01 -2.511322636793414387e-02
-8.547233236684749214e-01 5.184448163956265621e-01 -2.575436976673328368e-02
-8.610763923460902358e-01 5.077944055246156330e-01 -2.631661041916518243e-02
-8.674287818654492499e-01 4.968395171974460123e-01 -2.679699045867515311e-02
-8.737501207234101841e-01 4.856146181679719120e-01 -2.719275053124461591e-02
-8.800110829054769157e-01 4.741565623337996027e-01 -2.750136686523469223e-02
-8.861836316648117329e-01 4.625045048187744756e-01 -2.772058851453330225e-02
-8.922412512145249108e-01 4.506997773333142332e-01 -2.784847406023631747e-02
-8.981591614188864092e-01 4.387857249921914282e-01 -2.788342703595842256e-02
-9.039145106215863423e-01 4.268075056622894770e-01 -2.782422934202038317e-02
-9.094865419764264214e-01 4.148118538126905896e-01 -2.767007193551404565e-02
-9.148567290512681360e-01 4.028468117117449121e-01 -2.742058212694343730e-02
-9.200088770547031336e-01 3.909614316252613686e-01 -2.707584687904319998e-02
-9.249291867730700112e-01 3.792054533826989537e-01 -2.663643158764373436e-02
-9.296062791810699721e-01 3.676289622637434751e-01 -2.610339392519167231e-02
-9.340311796727870375e-01 3.562820325909548114e-01 -2.547829244092498710e-02
-9.381972619157842308e-01 3.452143626775358576e-01 -2.476318973320013050e-02
-9.421001524193097776e-01 3.344749068635111677e-01 -2.396065013406633790e-02
-9.457375979866661231e-01 3.241115102787532343e-01 -2.307373196870875914e-02
-9.491092992498991743e-01 3.141705517066971098e-01 -2.210597456782108575e-02
-9.522167144231213909e-01 3.046965995062830834e-01 -2.106138031476706765e-02
-9.550628382245114345e-01 2.957320850071933349e-01 -1.994439209773535629e-02
-9.576519615780643147e-01 2.873169971560972646e-01 -1.875986660712988807e-02
-9.599894181936071691e-01 2.794886014943653851e-01 -1.751304396842566502e-02
-9.620813244245306484e-01 2.722811858269106322e-01 -1.620951423009379944e-02
-9.639343189122543398e-01 2.657258342329131828e-01 -1.485518123556336251e-02
-9.655553084473887937e-01 2.598502304045612332e-01 -1.345622439921967221e-02
-9.669512262193568075e-01 2.546784907070708814e-01 -1.201905888173505736e-02
-9.681288082039727350e-01 2.502310268532735860e-01 -1.055029462289182665e-02
-9.690943928714873534e-01 2.465244376928480141e-01 -9.056694644253937207e-03
-9.698537487081504427e-01 2.435714293359950433e-01 -7.545132983543061632e-03
-9.704119332563465594e-01 2.413807626625643354e-01 -6.022552571292851160e-03
-9.707731865163153895e-01 2.399572272018180297e-01 -4.495923311917844611e-03
-9.709408606406102482e-01 2.393016403905042222e-01 -2.972200588868992126e-03
-9.709173869141592972e-01 2.394108713081562201e-01 -1.458284379522073720e-03
-9.707042800702685437e-01 2.402778881255491494e-01 3.902085845648999192e-05
-9.703021790670423030e-01 2.418918286602020906e-01 1.513045380463070959e-03
-9.697109225590994086e-01 2.442380935866620417e-01 2.957292281235371183e-03
-9.689296564645724086e-01 2.472984619753494095e-01 4.365474399201205342e-03
-9.679569702645255402e-01 2.510512289110974349e-01 5.731549827529609786e-03
-9.667910579974211549e-01 2.554713649543733922e-01 7.049755837805953516e-03
-9.654298993402352647e-01 2.605306971428116292e-01 8.314640996084955715e-03
-9.638714557140224404e-01 2.661981110822152496e-01 9.521095224496770384e-03
-9.621138760271014112e-01 2.724397734448930630e-01 1.066437753774816116e-02
-9.601557064831530708e-01 2.792193738855977547e-01 1.174014116583666119e-02
-9.579960988410073375e-01 2.864983850137958754e-01 1.274445576485156578e-02
-9.556350116206755452e-01 2.942363386430527639e-01 1.367382641916627811e-02
-9.530733990049583548e-01 3.023911160955750632e-01 1.452520915229357432e-02
-9.503133825816832969e-01 3.109192498968285645e-01 1.529602269108888170e-02
-9.473584015972796868e-01 3.197762337773041308e-01 1.598415626893281635e-02
-9.442133380320291147e-01 3.289168375312492842e-01 1.658797330724613370e-02
-9.408846135403630129e-01 3.382954229888564535e-01 1.710631087962398086e-02
-9.373802561015479595e-01 3.478662571588791996e-01 1.753847493674097480e-02
-9.337099350695723388e-01 3.575838185080804643e-01 1.788423135011362602e-02
-9.298849641668900379e-01 3.674030923717889197e-01 1.814379291554869128e-02
-9.259182728054229372e-01 3.772798516394004209e-01 1.831780253918969051e-02
-9.218243469115259270e-01 3.871709191268203898e-01 1.840731290704356732e-02
-9.185108361537334121e-01 3.951094573720451142e-01 1.505442388522508675e-02
-9.158192143514437555e-01 4.014212585105169651e-01 1.167964731468086256e-02
-9.137855179139278139e-01 4.061126728586837986e-01 8.294464652289111270e-03
-9.124351676473470008e-01 4.091921696673784248e-01 4.909899198604338391e-03
-9.117829724695334370e-01 4.106698484215916545e-01 1.536596802662405607e-03
-9.118332245068760944e-01 4.105571231538456822e-01 -1.815086661624590227e-03
-9.125798747166345981e-01 4.088665802965967822e-01 -5.134995295084392522e-03
-9.140067824303039767e-01 4.056120062244826796e-01 -8.413084718493992961e-03
-9.160880364038784807e-01 4.008085766441069620e-01 -1.163933902784212472e-02
-9.187883488266447296e-01 3.944731962429160466e-01 -1.480369679687097012e-02
-9.220635270445404208e-01 3.866249733912765496e-01 -1.789598951126166598e-02
-9.258610302835023065e-01 3.772858111199279829e-01 -2.090589552973100285e-02
-9.301206202225400510e-01 3.664810920359539703e-01 -2.382291232622203367e-02
-9.347751147029625951e-01 3.542404313236828806e-01 -2.663634935581728203e-02
-9.397512530424223520e-01 3.405984686005174567e-01 -2.933534338658426791e-02
-9.449706792714134274e-01 3.255956663290429098e-01 -3.190889753508920762e-02
-9.503510461102248064e-01 3.092790799565448556e-01 -3.434594452606351545e-02
-9.558072377209224646e-01 2.917030632410581581e-01 -3.663543386758251474e-02
-9.612527033619355787e-01 2.729298716355432752e-01 -3.876644170536842904e-02
-9.666008873083531405e-01 2.530301274408490175e-01 -4.072830112093939886e-02
-9.713999214894422085e-01 2.342336150814366413e-01 -3.895020252448714443e-02
-9.756265507167881657e-01 2.162928309084126144e-01 -3.702099187973802857e-02
-9.793152725172281636e-01 1.992999227337409751e-01 -3.494915736586697019e-02
-9.825040332654934039e-01 1.833410648945921206e-01 -3.274417705584486971e-02
-9.852331217490450932e-01 1.684958070718408363e-01 -3.041641475168457148e-02
-9.875440372653861987e-01 1.548365520110516480e-01 -2.797701085181636751e-02
-9.894783642766574738e-01 1.424281579074437309e-01 -2.543777146756611915e-02
-9.910766839669943318e-01 1.313276564743309782e-01 -2.281105862575318749e-02
-9.923775504452853058e-01 1.215840739843801477e-01 -2.010968389515602542e-02
-9.934165560577120635e-01 1.132383400015212899e-01 -1.734680719662306733e-02
-9.942255065675371650e-01 1.063232671679402858e-01 -1.453584194201358940e-02
-9.948317230475840489e-01 1.008635852535861577e-01 -1.169036703647548768e-02
-9.952574833978670155e-01 9.687601362345503453e-02 -8.824045708410438796e-03
-9.955196125821749176e-01 9.436935818325965786e-02 -5.950550632823082761e-03
-9.956292270568273262e-01 9.334462153899854286e-02 -3.083494410945369739e-03
-9.955916354779172917e-01 9.379511833622627970e-02 -2.363641793479008719e-04
-9.954063946159388276e-01 9.570659130292479000e-02 2.577541044589876963e-03
-9.950675164466920020e-01 9.905732717563212053e-02 5.345171713548439209e-03
