1.000000000000000000e+00 0.000000000000000000e+00 0.000000000000000000e+00
9.999961864320418004e-01 1.243928632553848758e-03 -2.465723637365409976e-03
9.999842241336432958e-01 2.739367337783174192e-03 -4.903815916969388178e-03
9.999632009336383298e-01 4.483410367884777502e-03 -7.314089144119330366e-03
9.999320373890379088e-01 6.473124335683288696e-03 -9.696359318681754477e-03
9.998894940693532352e-01 8.705547360660998574e-03 -1.205044580639588400e-02
9.998341788392101082e-01 1.117768803176335049e-02 -1.437617104181272525e-02
9.997645541380106859e-01 1.388652420862917722e-02 -1.667336026351243228e-02
9.996789442556487382e-01 1.682900168258996687e-02 -1.894184128210978438e-02
9.995755426034580449e-01 2.000203271845249833e-02 -2.118144428141820537e-02
9.994524189796633040e-01 2.340249449772479826e-02 -2.339200165300666864e-02
9.993075268286256696e-01 2.702722748356705881e-02 -2.557334786425113568e-02
9.991387104931200858e-01 3.087303372734697543e-02 -2.772531935985232329e-02
9.989437124587694505e-01 3.493667513625284271e-02 -2.984775449666493205e-02
9.987201805895778994e-01 3.921487172096719404e-02 -3.194049351155952426e-02
9.984656753532742401e-01 4.370429984192841788e-02 -3.400337852191715610e-02
9.981776770348863570e-01 4.840159047220657373e-02 -3.603625355823862619e-02
9.978535929366351143e-01 5.330332749449212537e-02 -3.803896462823467411e-02
9.974907645618574792e-01 5.840604604914140935e-02 -4.001135981165084704e-02
9.970864747802549166e-01 6.370623094963932809e-02 -4.195328938497114302e-02
9.966379549713170194e-01 6.920031518122757297e-02 -4.386460597503772513e-02
9.961423921422983829e-01 7.488467849780433561e-02 -4.574516474052086473e-02
9.955969360166302407e-01 8.075564613152833027e-02 -4.759482358007300490e-02
9.949987060881422263e-01 8.680948762885604131e-02 -4.941344336590466901e-02
9.943447986359473800e-01 9.304241582600510097e-02 -5.120088820142741637e-02
9.936322936943206008e-01 9.945058597606891426e-02 -5.295702570152081845e-02
9.928582619713771651e-01 1.060300950392085856e-01 -5.468172729389648989e-02
9.920197717098427903e-01 1.127769811465171301e-01 -5.637486853995354180e-02
9.911138954827005687e-01 1.196872232472892678e-01 -5.803632947344568305e-02
9.901377169160157088e-01 1.267567409485389207e-01 -5.966599495521223567e-02
9.890883373307733928e-01 1.339813945546861063e-01 -6.126375504216274859e-02
9.879628822951311840e-01 1.413569853143879507e-01 -6.282950536864893853e-02
9.867585080780832962e-01 1.488792558805166477e-01 -6.436314753830808810e-02
9.854724079951697746e-01 1.565438909882919949e-01 -6.586458952441967551e-02
9.841018186365417808e-01 1.643465183555617160e-01 -6.733374607678174750e-02
9.826440259674160682e-01 1.722827098081904373e-01 -6.877053913308624200e-02
9.810963712907287970e-01 1.803479826324731750e-01 -7.017489823275269156e-02
9.794562570616237585e-01 1.885378011554332822e-01 -7.154676093116878188e-02
9.777211525432982775e-01 1.968475785528034927e-01 -7.288607321228315894e-02
9.758885992936728870e-01 2.052726788834255411e-01 -7.419278989750198450e-02
9.739562164723587490e-01 2.138084193477431671e-01 -7.546687504885521425e-02
9.719217059574670747e-01 2.224500727670105649e-01 -7.670830236442247041e-02
9.697828572619421328e-01 2.311928702787977019e-01 -7.791705556404077138e-02
9.675375522392990479e-01 2.400320042433509715e-01 -7.909312876335805598e-02
9.651837695689179375e-01 2.489626313543669422e-01 -8.023652683434706612e-02
9.627195890113786625e-01 2.579798759467643032e-01 -8.134726575045322927e-02
9.601431954247203748e-01 2.670788334930995211e-01 -8.242537291461836391e-02
9.574528825329727821e-01 2.762545742793696690e-01 -8.347088746849810892e-02
9.546470564388305213e-01 2.855021472500877122e-01 -8.448386058127545228e-02
9.517242388729275637e-01 2.948165840117044634e-01 -8.546435571656478547e-02
9.486830701728079518e-01 3.041929029826943576e-01 -8.641244887600001146e-02
9.455223119853847225e-01 3.136261136779201486e-01 -8.732822881820663519e-02
9.422408496874211670e-01 3.231112211142535551e-01 -8.821179725196963417e-02
9.388376945193572798e-01 3.326432303238532895e-01 -8.906326900252721501e-02
9.353119854286320312e-01 3.422171509609961970e-01 -8.988277215004324139e-02
9.316629906195170729e-01 3.518280019879231890e-01 -9.067044813943839210e-02
9.278901088073693293e-01 3.614708164247998345e-01 -9.142645186089080889e-02
9.239928701761286334e-01 3.711406461486077002e-01 -9.215095170045087269e-02
9.199709370388216012e-01 3.808325667255754721e-01 -9.284412956035011100e-02
9.158241042017816191e-01 3.905416822616293859e-01 -9.350618084872135138e-02
9.115522990342486143e-01 4.002631302552934756e-01 -9.413731443858461279e-02
9.071555812459669577e-01 4.099920864374995699e-01 -9.473775259609017174e-02
9.026341423763474259e-01 4.197237695828736626e-01 -9.530773087814621569e-02
8.979883049996947308e-01 4.294534462772502392e-01 -9.584749799969219386e-02
8.932185216519212823e-01 4.391764356264259428e-01 -9.635731567101034345e-02
8.883253734850585781e-01 4.488881138914958546e-01 -9.683745840559540574e-02
8.833095686567435934e-01 4.585839190365201268e-01 -9.728821329922589245e-02
8.781719404626863179e-01 4.682593551747369354e-01 -9.770987978099891780e-02
8.729134452209110773e-01 4.779099969000724091e-01 -9.810276933720334103e-02
8.675351599173127815e-01 4.875314934912898801e-01 -9.846720520901303120e-02
8.620382796227599176e-01 4.971195729767682314e-01 -9.880352206508173640e-02
8.564241146926231396e-01 5.066700460485967783e-01 -9.911206565021421500e-02
8.506940877601922857e-01 5.161788098154151960e-01 -9.939319241137342664e-02
8.448497305359744525e-01 5.256418513842103790e-01 -9.964726910236067214e-02
8.388926804253311609e-01 5.350552512620965206e-01 -9.987467236857476560e-02
8.328246769773171021e-01 5.444151865699493609e-01 -1.000757883133163578e-01
8.266475581779215709e-01 5.537179340606340761e-01 -1.002510120471556548e-01
8.203632566011869187e-01 5.629598729354493569e-01 -1.004007472219242136e-01
8.139737954318878588e-01 5.721374874533058374e-01 -1.005254055509257755e-01
8.074812843735946766e-01 5.812473693280606479e-01 -1.006254063169863544e-01
8.008879154560242242e-01 5.902862199103298124e-01 -1.007011758699800363e-01
7.941959587555927902e-01 5.992508521509977149e-01 -1.007531471154750335e-01
7.874077580430371981e-01 6.081381923445307036e-01 -1.007817589961439719e-01
7.805257263718605731e-01 6.169452816510720972e-01 -1.007874559675739218e-01
7.735523416211903536e-01 6.256692773971488375e-01 -1.007706874700950717e-01
7.664901420064135218e-01 6.343074541556471546e-01 -1.007319073982232555e-01
7.593417215706768086e-01 6.428572046065151868e-01 -1.006715735692806091e-01
7.521097256700135514e-01 6.513160401804171107e-01 -1.005901471927209828e-01
7.447968464644876274e-01 6.596815914882981913e-01 -1.004880923416432981e-01
7.374058184273298844e-01 6.679516085405127201e-01 -1.003658754279261184e-01
7.299394138835892942e-01 6.761239607598227286e-01 -1.002239646823628316e-01
7.224004385893345592e-01 6.841966367931860971e-01 -1.000628296411168600e-01
7.147917273619210921e-01 6.921677441278194509e-01 -9.988294063975346193e-02
7.071161397712956154e-01 7.000355085175424819e-01 -9.968476831603752253e-02
6.993765559017416367e-01 7.077982732258845111e-01 -9.946878312261657473e-02
6.915758721928826347e-01 7.154544980928601028e-01 -9.923545485063590965e-02
6.837169973681590518e-01 7.230027584326987888e-01 -9.898525216525796977e-02
6.758028484583837869e-01 7.304417437701454796e-01 -9.871864215398194753e-02
6.678363469273613795e-01 7.377702564232302418e-01 -9.843608988858289222e-02
6.598204149059344603e-01 7.449872099406431580e-01 -9.813805800141142677e-02
6.517579715401987661e-01 7.520916274020389425e-01 -9.782500627671796012e-02
6.436519294590098417e-01 7.590826395897438683e-01 -9.749739125758775937e-02
6.355051913652918216e-01 7.659594830404371502e-01 -9.715566586899683499e-02
6.273206467550560550e-01 7.727214979854413190e-01 -9.680027905742295824e-02
6.191011687674471409e-01 7.793681261882763334e-01 -9.643167544737271668e-02
6.108496111685568497e-01 7.858989086881145170e-01 -9.605029501511291867e-02
6.025688054711875186e-01 7.923134834577205687e-01 -9.565657277982524131e-02
5.942615581922056078e-01 7.986115829843750680e-01 -9.525093851233516762e-02
5.859306482486060785e-01 8.047930317821603285e-01 -9.483381646150139399e-02
5.775788244929086490e-01 8.108577438438421270e-01 -9.440562509828982762e-02
5.692088033880340348e-01 8.168057200404050811e-01 -9.396677687749720176e-02
5.608232668213547489e-01 8.226370454761050555e-01 -9.351767801703304850e-02
5.524248600571926016e-01 8.283518868066784835e-01 -9.305872829461643569e-02
5.440161898266330232e-01 8.339504895281122376e-01 -9.259032086169390052e-02
5.355998225531531931e-01 8.394331752431209992e-01 -9.211284207433932669e-02
5.271782827122160064e-01 8.448003389122072937e-01 -9.162667134085361598e-02
5.187540513226588379e-01 8.500524460958978068e-01 -9.113218098574275838e-02
5.103295645674148506e-01 8.551900301944542759e-01 -9.062973612971712833e-02
5.019072125408358120e-01 8.602136896910558272e-01 -9.011969458532230470e-02
4.934893381196452378e-01 8.651240854041423178e-01 -8.960240676778248592e-02
4.850782359543335809e-01 8.699219377542946052e-01 -8.907821562061192522e-02
4.766761515776167801e-01 8.746080240507119186e-01 -8.854745655552681560e-02
4.682852806264134471e-01 8.791831758020325349e-01 -8.801045740617072233e-02
4.599077681736507550e-01 8.836482760559258853e-01 -8.746753839514982698e-02
4.515457081660897432e-01 8.880042567715722424e-01 -8.691901211386070247e-02
4.432011429642604972e-01 8.922520962288358337e-01 -8.636518351458212506e-02
4.348760629805191180e-01 8.963928164776314711e-01 -8.580634991429440805e-02
4.265724064111786062e-01 9.004274808306845790e-01 -8.524280100968335827e-02
4.182920590586255427e-01 9.043571914025931857e-01 -8.467481890278298617e-02
4.100368542393109106e-01 9.081830866978122252e-01 -8.410267813670938009e-02
4.018085727734953538e-01 9.119063392499056064e-01 -8.352664574093898731e-02
3.936089430526383826e-01 9.155281533141419459e-01 -8.294698128558732064e-02
3.854396411803425182e-01 9.190497626152520638e-01 -8.236393694414848032e-02
3.773022911827980108e-01 9.224724281519171010e-01 -8.177775756416180708e-02
3.691984652847217219e-01 9.257974360593174135e-01 -8.118868074527990641e-02
3.611296842468408319e-01 9.290260955308470292e-01 -8.059693692422072175e-02
3.530974177610398113e-01 9.321597367998788464e-01 -8.000274946609695070e-02
3.451030848993659750e-01 9.351997091822623620e-01 -7.940633476162703430e-02
3.371480546131728762e-01 9.381473791800405415e-01 -7.880790232974425880e-02
3.292336462787721074e-01 9.410041286466895860e-01 -7.820765492513355455e-02
3.213611302860618912e-01 9.437713530140121598e-01 -7.760578865023945450e-02
3.135317286667024250e-01 9.464504595806544351e-01 -7.700249307130284382e-02
3.057466157585159716e-01 9.490428658620670976e-01 -7.639795133799941185e-02
2.980069189028992094e-01 9.515499980015894588e-01 -7.579234030626773311e-02
2.903137191721492094e-01 9.539732892422084776e-01 -7.518583066393084990e-02
2.826680521237204258e-01 9.563141784584235916e-01 -7.457858705873092464e-02
2.750709085785462693e-01 9.585741087475403432e-01 -7.397076822841280874e-02
2.675232354206786844e-01 9.607545260796157560e-01 -7.336252713250841773e-02
2.600259364156157216e-01 9.628568780051875997e-01 -7.275401108549003903e-02
2.525798730448083895e-01 9.648826124198394139e-01 -7.214536189097675578e-02
2.451858653539537025e-01 9.668331763845787741e-01 -7.153671597669442050e-02
2.378446928128002125e-01 9.687100150009426702e-01 -7.092820452990508673e-02
2.305570951843070593e-01 9.705145703396860224e-01 -7.031995363303791824e-02
2.233237734011125908e-01 9.722482804218602892e-01 -6.971208439926869505e-02
2.161453904473808196e-01 9.739125782510469342e-01 -6.910471310781024501e-02
2.090225722442044520e-01 9.755088908954732130e-01 -6.849795133869102104e-02
2.019559085368509699e-01 9.770386386187095429e-01 -6.789190610681339333e-02
1.949459537822434974e-01 9.785032340576228505e-01 -6.728667999509733988e-02
1.879932280351706009e-01 9.799040814462429694e-01 -6.668237128652883261e-02
1.810982178318187585e-01 9.812425758841846202e-01 -6.607907409494566398e-02
1.742613770693171860e-01 9.825201026482608402e-01 -6.547687849440604613e-02
1.674831278800784917e-01 9.837380365459181819e-01 -6.487587064699790185e-02
1.611213469385730790e-01 9.848610992675855824e-01 -6.394159821428746504e-02
1.548428699924730145e-01 9.859265934560319522e-01 -6.302728939576894562e-02
1.486463175839242146e-01 9.869365775996372658e-01 -6.213264320883878089e-02
1.425303047831045222e-01 9.878930353159124378e-01 -6.125736108828298832e-02
1.364934429274529681e-01 9.887978776148498294e-01 -6.040114704170188031e-02
1.305343412426123728e-01 9.896529451171408587e-01 -5.956370779146315242e-02
1.246516083512615447e-01 9.904600102259338845e-01 -5.874475290391752841e-02
1.188438536757623759e-01 9.912207792510652204e-01 -5.794399490658137808e-02
1.131096887403013201e-01 9.919368944849268344e-01 -5.716114939396143430e-02
1.074477283779634307e-01 9.926099362293498984e-01 -5.639593512266795339e-02
1.018565918479416715e-01 9.932414247730759760e-01 -5.564807409643451191e-02
9.633490386785455162e-02 9.938328223195628253e-01 -5.491729164163495353e-02
9.088129556592149105e-02 9.943855348650318948e-01 -5.420331647386127799e-02
8.549440535752851622e-02 9.949009140268046947e-01 -5.350588075610011873e-02
8.017287975050667315e-02 9.953802588221066783e-01 -5.282472014902000329e-02
7.491537408324186464e-02 9.958248173976295137e-01 -5.215957385385720096e-02
6.972055319953844588e-02 9.962357887102463172e-01 -5.151018464836401578e-02
6.458709206396913427e-02 9.966143241593656832e-01 -5.087629891626060941e-02
5.951367632126126905e-02 9.969615291714883920e-01 -5.025766667060917875e-02
5.449900280309346451e-02 9.972784647376039535e-01 -4.965404157150805214e-02
4.954177998550786388e-02 9.975661489041238728e-01 -4.906518093848283996e-02
4.464072839998101810e-02 9.978255582181013716e-01 -4.849084575793194407e-02
3.979458100104077412e-02 9.980576291275353729e-01 -4.793080068596495408e-02
3.500208349316758644e-02 9.982632593375918573e-01 -4.738481404695434746e-02
3.026199461957600895e-02 9.984433091236112334e-01 -4.685265782810347363e-02
2.557308641533561147e-02 9.985986026017953376e-01 -4.633410767031728716e-02
2.093414442716031582e-02 9.987299289584892215e-01 -4.582894285564648867e-02
1.634396790207052336e-02 9.988380436389904249e-01 -4.533694629156043154e-02
1.180136994701373211e-02 9.989236694968297581e-01 -4.485790449228983789e-02
7.305177661416028222e-03 9.989874979044767178e-01 -4.439160755746655168e-02
2.854232244528956061e-03 9.990301898264271063e-01 -4.393784914827439381e-02
-1.552610920666457409e-03 9.990523768556331952e-01 -4.349642646131269413e-02
-5.916482205334563406e-03 9.990546622142336686e-01 -4.306714020036222362e-02
-1.023849769286782480e-02 9.990376217195400255e-01 -4.264979454623185617e-02
-1.451975915569481829e-02 9.990018047162264603e-01 -4.224419712485361772e-02
-1.876135404941485507e-02 9.989477349756663571e-01 -4.185015897378349670e-02
-2.296435552294027321e-02 9.988759115633454311e-01 -4.146749450725577962e-02
-2.712982244340316623e-02 9.987868096752725577e-01 -4.109602147992934273e-02
-3.125879943465502409e-02 9.986808814442957871e-01 -4.073556094945582351e-02
-3.535231692825577948e-02 9.985585567172180488e-01 -4.038593723799106111e-02
-3.941139122591337529e-02 9.984202438035907345e-01 -4.004697789276361747e-02
-4.343702457239580900e-02 9.982663301970504666e-01 -3.971851364580659266e-02
-4.743020523799568872e-02 9.980971832700442636e-01 -3.940037837295203016e-02
-5.139190760968186111e-02 9.979131509427757729e-01 -3.909240905218054618e-02
-5.532309229012460222e-02 9.977145623271840291e-01 -3.879444572141253766e-02
-5.922470620382974671e-02 9.975017283467501050e-01 -3.850633143582133516e-02
-6.309768270966339965e-02 9.972749423329096974e-01 -3.822791222474321987e-02
-6.694294171909270785e-02 9.970344805988294867e-01 -3.795903704825371455e-02
-7.076138981950942652e-02 9.967806029912884558e-01 -3.769955775347477722e-02
-7.455392040204193715e-02 9.965135534213853674e-01 -3.744932903067260677e-02
-7.832141379329840558e-02 9.962335603747771717e-01 -3.720820836920152308e-02
-8.206473739051828309e-02 9.959408374021317956e-01 -3.697605601334504749e-02
-8.578474579964230629e-02 9.956355835904640017e-01 -3.675273491810137488e-02
-8.948228097584186302e-02 9.953179840160014669e-01 -3.653811070495683461e-02
-9.315817236607791541e-02 9.949882101792130173e-01 -3.633205161768720409e-02
-9.681323705328692686e-02 9.946464204226108663e-01 -3.613442847822371379e-02
-1.004482799018172057e-01 9.942927603319238195e-01 -3.594511464261723049e-02
-1.040640937037632385e-01 9.939273631212186544e-01 -3.576398595713133066e-02
-1.076614593258687497e-01 9.935503500025314461e-01 -3.559092071449219269e-02
-1.112411458566905237e-01 9.931618305405542912e-01 -3.542579961032066987e-02
-1.148039107537353193e-01 9.927619029929052319e-01 -3.526850569976946320e-02
-1.183504999903014221e-01 9.923506546364949665e-01 -3.511892435438600246e-02
-1.218816482017740788e-01 9.919281620804866195e-01 -3.497694321921966665e-02
-1.253980788311409578e-01 9.914944915663322922e-01 -3.484245217018971941e-02
-1.289005042735096307e-01 9.910496992553516904e-01 -3.471534327172872553e-02
-1.323896260194237784e-01 9.905938315043072429e-01 -3.459551073471425764e-02
-1.358661347967888844e-01 9.901269251294144702e-01 -3.448285087470014110e-02
-1.393307107112309595e-01 9.896490076592122653e-01 -3.437726207045697230e-02
-1.427840233847245399e-01 9.891600975767057546e-01 -3.427864472283009140e-02
-1.462267320923371361e-01 9.886602045511808656e-01 -3.418690121392198300e-02
-1.496594858969485520e-01 9.881493296600774023e-01 -3.410193586660471843e-02
-1.530829237818131239e-01 9.876274656012956621e-01 -3.402365490436694284e-02
-1.564976747808427271e-01 9.870945968962991923e-01 -3.395196641149871020e-02
-1.599043581064971131e-01 9.865507000843658503e-01 -3.388678029361663624e-02
-1.633035832751761340e-01 9.859957439083284481e-01 -3.382800823853068101e-02
-1.666959502300165430e-01 9.854296894921343863e-01 -3.377556367745311594e-02
-1.700820494610030820e-01 9.848524905105456861e-01 -3.372936174654941194e-02
-1.734624621223102847e-01 9.842640933512887269e-01 -3.368931924882992424e-02
-1.768377601467978344e-01 9.836644372699556715e-01 -3.365535461638067410e-02
-1.802085063575880608e-01 9.830534545379484568e-01 -3.362738787293076403e-02
-1.835752545766599908e-01 9.824310705837496771e-01 -3.360534059675343577e-02
-1.869385497303989729e-01 9.817972041277936990e-01 -3.358913588389717680e-02
-1.902989279520463928e-01 9.811517673112059024e-01 -3.357869831174281616e-02
-1.936569166809977427e-01 9.804946658186679542e-01 -3.357395390288203663e-02
-1.970130347589021669e-01 9.798257989956611347e-01 -3.357483008931230056e-02
-2.003677925225199608e-01 9.791450599603320759e-01 -3.358125567694287411e-02
-2.037216918932986676e-01 9.784523357102179464e-01 -3.359316081040618351e-02
-2.070752264636313011e-01 9.777475072240624510e-01 -3.361047693816845289e-02
-2.104288815797639156e-01 9.770304495589471339e-01 -3.363313677793328821e-02
-2.137831344213223239e-01 9.763010319429571426e-01 -3.366107428233162252e-02
-2.171384540774309035e-01 9.755591178635938387e-01 -3.369422460489119447e-02
-2.204953016193988424e-01 9.748045651521428656e-01 -3.373252406627853806e-02
-2.238541301699514818e-01 9.740372260641996238e-01 -3.377591012080624622e-02
-2.272153849689874106e-01 9.732569473565498841e-01 -3.382432132319820178e-02
-2.305795034358431306e-01 9.724635703605987169e-01 -3.387769729560525384e-02
-2.339469152280500563e-01 9.716569310525363656e-01 -3.393597869486379703e-02
-2.373180422965702197e-01 9.708368601204254711e-01 -3.399910717998957249e-02
-2.406932989374986342e-01 9.700031830283899481e-01 -3.406702537989893254e-02
-2.440730918402226612e-01 9.691557200780825942e-01 -3.413967686134986024e-02
-2.474578201320296877e-01 9.682942864676051808e-01 -3.421700609709490970e-02
-2.508478754191567073e-01 9.674186923480497802e-01 -3.429895843423833024e-02
-2.542436418242766116e-01 9.665287428778297496e-01 -3.438548006278954738e-02
-2.576454960204171973e-01 9.656242382749633535e-01 -3.447651798440530546e-02
-2.610538072613112215e-01 9.647049738674720043e-01 -3.457201998131276960e-02
-2.644689374081765076e-01 9.637707401420514408e-01 -3.467193458540599599e-02
-2.678912409529267680e-01 9.628213227911732730e-01 -3.477621104750818620e-02
-2.713210650378154454e-01 9.618565027587697713e-01 -3.488479930679237728e-02
-2.747587494715157397e-01 9.608760562846558884e-01 -3.499764996035320541e-02
-2.782046267416419805e-01 9.598797549478377267e-01 -3.511471423292254063e-02
-2.816590220237186748e-01 9.588673657088571112e-01 -3.523594394672206059e-02
-2.851222531866045018e-01 9.578386509513193703e-01 -3.536129149144578987e-02
-2.885946307943810796e-01 9.567933685227496543e-01 -3.549070979436599188e-02
-2.920764581047162745e-01 9.557312717749234521e-01 -3.562415229055591187e-02
-2.955680310637150976e-01 9.546521096038140808e-01 -3.576157289322307031e-02
-2.990696382972709011e-01 9.535556264893000344e-01 -3.590292596414705606e-02
-3.025815610989330273e-01 9.524415625347735226e-01 -3.604816628421602526e-02
-3.061040734143068431e-01 9.513096535067916415e-01 -3.619724902405634798e-02
-3.096374418220055880e-01 9.501596308749096220e-01 -3.635012971475005961e-02
-3.131819255111736311e-01 9.489912218518365972e-01 -3.650676421863519039e-02
-3.167377762556040088e-01 9.478041494340523343e-01 -3.666710870018421997e-02
-3.203052383844735562e-01 9.465981324430243760e-01 -3.683111959695627852e-02
-3.238845487497222786e-01 9.453728855671637010e-01 -3.699875359061904900e-02
-3.274759366901045521e-01 9.441281194046573511e-01 -3.716996757803668616e-02
-3.310796239919431283e-01 9.428635405073158005e-01 -3.734471864242035199e-02
-3.346958248466173624e-01 9.415788514255735153e-01 -3.752296402453847435e-02
-3.383247458048216916e-01 9.402737507547805906e-01 -3.770466109398411952e-02
-3.419665857276307230e-01 9.389479331829228004e-01 -3.788976732049733481e-02
-3.456215357344112893e-01 9.376010895399091716e-01 -3.807824024534078172e-02
-3.492897791476239910e-01 9.362329068485639727e-01 -3.827003745272729296e-02
-3.529714914345589705e-01 9.348430683774622274e-01 -3.846511654129865926e-02
-3.566668401460549864e-01 9.334312536957464213e-01 -3.866343509565521586e-02
-3.603759848522521958e-01 9.319971387300629573e-01 -3.886495065793645065e-02
-3.640990770754335415e-01 9.305403958237572493e-01 -3.906962069945331406e-02
-3.678362602200120346e-01 9.290606937984654534e-01 -3.927740259237343101e-02
-3.715876694997250484e-01 9.275576980182419495e-01 -3.948825358146099834e-02
-3.753534318621005728e-01 9.260310704563614603e-01 -3.970213075587370605e-02
-3.791336659102629292e-01 9.244804697649343650e-01 -3.991899102101960362e-02
-3.829284818221508901e-01 9.229055513474742067e-01 -4.013879107047747113e-02
-3.867379812672233630e-01 9.213059674345563943e-01 -4.036148735798480991e-02
-3.905622573207336301e-01 9.196813671627063203e-01 -4.058703606949828208e-02
-3.944013943756556340e-01 9.180313966566556738e-01 -4.081539309533207399e-02
-3.982554680523517354e-01 9.163556991151050601e-01 -4.104651400238028269e-02
-4.021245451060749265e-01 9.146539149001310376e-01 -4.128035400643021574e-02
-4.060086833324034195e-01 9.129256816303746858e-01 -4.151686794457412621e-02
-4.099079314707105293e-01 9.111706342781483725e-01 -4.175601024772766096e-02
-4.138223291057773756e-01 9.093884052705971666e-01 -4.199773491326411201e-02
-4.177519065676615906e-01 9.075786245950503428e-01 -4.224199547777420655e-02
-4.216966848299396053e-01 9.057409199086964291e-01 -4.248874498996212112e-02
-4.256566754064466385e-01 9.038749166527156875e-01 -4.273793598368902380e-02
-4.296318802466427278e-01 9.019802381710019246e-01 -4.298952045117641896e-02
-4.336222916297401420e-01 9.000565058336031932e-01 -4.324344981638234692e-02
-4.376278920577320042e-01 8.981033391650106168e-01 -4.349967490856428143e-02
-4.416486541474689553e-01 8.961203559774222338e-01 -4.375814593604358121e-02
-4.456845405219361789e-01 8.941071725091056521e-01 -4.401881246018706645e-02
-4.497355037008892165e-01 8.920634035679828600e-01 -4.428162336962227635e-02
-4.538014859910135534e-01 8.899886626805556533e-01 -4.454652685470386619e-02
-4.578824193757792260e-01 8.878825622462898082e-01 -4.481347038224949009e-02
-4.619782254051680304e-01 8.857447136975704627e-01 -4.508240067056444589e-02
-4.660888150854575751e-01 8.835747276653396209e-01 -4.535326366477528820e-02
-4.702140887692533022e-01 8.813722141505223595e-01 -4.562600451249360090e-02
-4.743539360459654852e-01 8.791367827013439884e-01 -4.590056753983200177e-02
-4.785082356329362629e-01 8.768680425966367542e-01 -4.617689622779543729e-02
-4.826768552674272628e-01 8.745656030352290111e-01 -4.645493318907183145e-02
-4.868596515996859719e-01 8.722290733315062328e-01 -4.673462014524699254e-02
-4.910564700873158994e-01 8.698580631172261324e-01 -4.701589790446975697e-02
-4.952671448911817875e-01 8.674521825496662730e-01 -4.729870633959425141e-02
-4.994914987730887379e-01 8.650110425261743341e-01 -4.758298436682709132e-02
-5.037293429954807777e-01 8.625342549051865371e-01 -4.786866992490832612e-02
-5.079804772234102206e-01 8.600214327337719622e-01 -4.815569995485579485e-02
-5.122446894290380026e-01 8.574721904817532714e-01 -4.844401038030363149e-02
-5.165217557989290054e-01 8.548861442824460255e-01 -4.873353608846636015e-02
-5.208114406444159794e-01 8.522629121800521235e-01 -4.902421091176112355e-02
-5.251134963153090141e-01 8.496021143837321210e-01 -4.931596761012128904e-02
-5.294276631172364356e-01 8.469033735283745257e-01 -4.960873785403566855e-02
-5.337536692329077903e-01 8.441663149420679524e-01 -4.990245220834831769e-02
-5.380912306475951201e-01 8.413905669202748072e-01 -5.019704011685472561e-02
-5.424400510791355101e-01 8.385757610066922885e-01 -5.049242988773093577e-02
-5.467998219127627735e-01 8.357215322807769464e-01 -5.078854867983295662e-02
-5.511702221410813562e-01 8.328275196518979406e-01 -5.108532248990435565e-02
-5.555509183095005410e-01 8.298933661600702560e-01 -5.138267614073078332e-02
-5.599415644674511361e-01 8.269187192832097022e-01 -5.168053327028056254e-02
-5.643418021257117223e-01 8.239032312508359768e-01 -5.197881632187119350e-02
-5.687512602201753031e-01 8.208465593641387503e-01 -5.227744653540205427e-02
-5.731695550823898699e-01 8.177483663223066301e-01 -5.257634393969401465e-02
-5.775962904172100565e-01 8.146083205550059825e-01 -5.287542734597708294e-02
-5.820310572878990563e-01 8.114260965608806053e-01 -5.317461434256745556e-02
-5.864734341090228620e-01 8.082013752519291439e-01 -5.347382129077569990e-02
-5.909229866474784432e-01 8.049338443036013757e-01 -5.377296332208778007e-02
-5.953792680320006969e-01 8.016231985104377289e-01 -5.407195433666094758e-02
-5.998418187714910088e-01 7.982691401470622949e-01 -5.437070700317625516e-02
-6.043101667825117040e-01 7.948713793343198386e-01 -5.466913276008961847e-02
-6.087838274262875604e-01 7.914296344103332048e-01 -5.496714181832299678e-02
-6.132623035555559987e-01 7.879436323062384284e-01 -5.526464316543700656e-02
-6.177450855716031253e-01 7.844131089263370882e-01 -5.556154457132597702e-02
-6.222316514918198038e-01 7.808378095323887935e-01 -5.585775259547590132e-02
-6.267214670281091582e-01 7.772174891317474854e-01 -5.615317259582514042e-02
-6.312139856764699131e-01 7.735519128690265811e-01 -5.644770873926707039e-02
-6.357086488180753170e-01 7.698408564209604510e-01 -5.674126401383296214e-02
-6.402048858321598424e-01 7.660841063941103979e-01 -5.703374024259249414e-02
-6.447021142210194178e-01 7.622814607250437691e-01 -5.732503809930818844e-02
-6.491997397474204012e-01 7.584327290825972900e-01 -5.761505712587886713e-02
-6.536971565847042864e-01 7.545377332718162799e-01 -5.790369575160585203e-02
-6.581937474798638110e-01 7.505963076391415356e-01 -5.819085131431420144e-02
-6.626888839298545886e-01 7.466082994783985738e-01 -5.847642008335963981e-02
-6.671819263713932857e-01 7.425735694371243811e-01 -5.876029728455006707e-02
-6.716722243844799323e-01 7.384919919227481699e-01 -5.904237712700869528e-02
-6.761591169098674081e-01 7.343634555081246518e-01 -5.932255283200374429e-02
-6.806419324806828319e-01 7.301878633359013548e-01 -5.960071666376746263e-02
-6.851199894683928093e-01 7.259651335211824152e-01 -5.987675996232500603e-02
-6.895925963432808503e-01 7.216951995519350627e-01 -6.015057317835106193e-02
-6.940590519495908328e-01 7.173780106865697004e-01 -6.042204591006959669e-02
-6.985186457954666306e-01 7.130135323481054943e-01 -6.069106694220929160e-02
-7.029706583577981505e-01 7.086017465143209515e-01 -6.095752428702436165e-02
-7.074143614020602655e-01 7.041426521032738695e-01 -6.122130522738730013e-02
-7.118490183172084818e-01 6.996362653535587173e-01 -6.148229636195694237e-02
-7.162738844656697523e-01 6.950826201986610720e-01 -6.174038365242198040e-02
-7.206882075484410954e-01 6.904817686347516359e-01 -6.199545247281638277e-02
-7.250912279852815834e-01 6.858337810812563662e-01 -6.224738766089975978e-02
-7.294821793099556251e-01 6.811387467335245915e-01 -6.249607357159189108e-02
-7.338602885804579312e-01 6.763967739069122187e-01 -6.274139413244674002e-02
-7.382247768041175773e-01 6.716079903715875821e-01 -6.298323290114740680e-02
-7.425748593774524897e-01 6.667725436773606074e-01 -6.322147312499927507e-02
-7.469097465406101533e-01 6.618906014678336280e-01 -6.345599780239448429e-02
-7.512286438462014715e-01 6.569623517831665316e-01 -6.368668974621659318e-02
-7.555307526422997411e-01 6.519880033507472472e-01 -6.391343164914985164e-02
-7.598152705693448361e-01 6.469677858630600298e-01 -6.413610615085310607e-02
-7.640813920706578388e-01 6.419019502420434398e-01 -6.435459590695392917e-02
-7.683283089162374901e-01 6.367907688892330276e-01 -6.456878365981381929e-02
-7.725552107394750845e-01 6.316345359209900590e-01 -6.477855231101081745e-02
-7.767612855863884613e-01 6.264335673881225031e-01 -6.498378499548128351e-02
-7.809457204769426619e-01 6.211882014792138307e-01 -6.518436515725781200e-02
-7.851077019779866273e-01 6.158987987069849401e-01 -6.538017662673561992e-02
-7.892464167873025627e-01 6.105657420770271848e-01 -6.557110369939510297e-02
-7.933610523282275118e-01 6.051894372382584653e-01 -6.575703121590358025e-02
-7.974507973542729333e-01 5.997703126144703356e-01 -6.593784464351470920e-02
-8.015148425631325457e-01 5.943088195163526155e-01 -6.611343015867934825e-02
-8.055523812194342881e-01 5.888054322334017598e-01 -6.628367473077724503e-02
-8.095626097855604941e-01 5.832606481051418879e-01 -6.644846620687464012e-02
-8.135447285598236267e-01 5.776749875711106874e-01 -6.660769339740821304e-02
-8.174979423212572760e-01 5.720489941990901661e-01 -6.676124616269198120e-02
-8.214214609802467093e-01 5.663832346910886439e-01 -6.690901550013941823e-02
-8.253145002341952807e-01 5.606782988666119127e-01 -6.705089363208932562e-02
-8.291762822273945899e-01 5.549347996227929070e-01 -6.718677409412007751e-02
-8.330060362142350794e-01 5.491533728709832030e-01 -6.731655182373337543e-02
-8.368029992248720017e-01 5.433346774494459686e-01 -6.744012324928520818e-02
-8.405664167324332636e-01 5.374793950118271768e-01 -6.755738637903861699e-02
-8.442955433208335636e-01 5.315882298911207560e-01 -6.766824089020982702e-02
-8.479896433522391419e-01 5.256619089388858690e-01 -6.777258821787672527e-02
-8.516479916332060363e-01 5.197011813395154833e-01 -6.787033164361608306e-02
-8.552698740784981934e-01 5.137068183993990234e-01 -6.796137638373390966e-02
-8.588545883715764662e-01 5.076796133108700815e-01 -6.804562967695126918e-02
-8.624014446207365348e-01 5.016203808908721307e-01 -6.812300087140651939e-02
-8.659097660098615812e-01 4.955299572943279718e-01 -6.819340151083351509e-02
-8.693788894427488811e-01 4.894091997022430029e-01 -6.825674541977434784e-02
-8.728081661799621527e-01 4.832589859846247449e-01 -6.831294878768483236e-02
-8.761969624671583912e-01 4.770802143383504057e-01 -6.836193025179032601e-02
-8.795446601538372544e-01 4.708738029001649505e-01 -6.840361097854984196e-02
-8.828506573014626158e-01 4.646406893350442102e-01 -6.843791474358679183e-02
-8.861143687799100110e-01 4.583818304002088007e-01 -6.846476800994540091e-02
-8.893352268512018099e-01 4.520982014851264719e-01 -6.848410000453315771e-02
-8.925126817395011569e-01 4.457907961278925191e-01 -6.849584279261118624e-02
-8.956462021863491607e-01 4.394606255084291258e-01 -6.849993135019626089e-02
-8.987352759901444665e-01 4.331087179189961334e-01 -6.849630363424069612e-02
-9.017794105288836626e-01 4.267361182125562480e-01 -6.848490065045875763e-02
-9.047781332652024000e-01 4.203438872295879314e-01 -6.846566651867157238e-02
-9.077309922327794212e-01 4.139331012039876301e-01 -6.843854853554579010e-02
-9.106375565031940011e-01 4.075048511487524006e-01 -6.840349723460496800e-02
-9.134974166323561739e-01 4.010602422221795638e-01 -6.836046644339704992e-02
-9.163101850856607555e-01 3.946003930753665956e-01 -6.830941333770552959e-02
-9.190754966410501492e-01 3.881264351818373703e-01 -6.825029849269687032e-02
-9.217930087692102203e-01 3.816395121501645615e-01 -6.818308593090188774e-02
-9.244624019901591661e-01 3.751407790204970283e-01 -6.810774316693431196e-02
-9.270833802055344908e-01 3.686314015459403182e-01 -6.802424124885537993e-02
-9.296556710059246109e-01 3.621125554597745544e-01 -6.793255479609953962e-02
-9.321790259526382405e-01 3.555854257295277265e-01 -6.783266203388260696e-02
-9.346532208333523384e-01 3.490512057989542671e-01 -6.772454482402019693e-02
-9.370780558911286917e-01 3.425110968189977734e-01 -6.760818869209127280e-02
-9.394533560263407246e-01 3.359663068688431564e-01 -6.748358285088833231e-02
-9.417789709711036350e-01 3.294180501681873707e-01 -6.735072022010343828e-02
-9.440547754358561416e-01 3.228675462818782482e-01 -6.720959744220612875e-02
-9.460704103989027169e-01 3.174332981636066031e-01 -6.470611450629218386e-02
-9.479664897837534188e-01 3.122317209497458834e-01 -6.221646218055415511e-02
-9.497475658054875813e-01 3.072630284959083635e-01 -5.974105848919696038e-02
-9.514180033876299403e-01 3.025272713493452614e-01 -5.728031459739824777e-02
-9.529819803585953819e-01 2.980243438052181393e-01 -5.483463457866316615e-02
-9.544434879862822019e-01 2.937539907173479237e-01 -5.240441521606243463e-02
-9.558063318345692005e-01 2.897158140598391496e-01 -4.999004583537625113e-02
-9.570741329256819974e-01 2.859092792370905856e-01 -4.759190816813485547e-02
-9.582503291926548483e-01 2.823337211407750957e-01 -4.521037624252827181e-02
-9.593381772064117907e-01 2.789883499533975519e-01 -4.284581630015147496e-02
-9.603407541623243393e-01 2.758722566990170488e-01 -4.049858673655684638e-02
-9.612609601114678881e-01 2.729844185426490433e-01 -3.816903806360127244e-02
-9.621015204221888828e-01 2.703237038407392268e-01 -3.585751289160093308e-02
-9.628649884580038343e-01 2.678888769459281116e-01 -3.356434592934064848e-02
-9.635537484582793466e-01 2.656786027700961395e-01 -3.128986400002685409e-02
-9.641700186085783164e-01 2.636914511104005432e-01 -2.903438607132213453e-02
-9.647158542880061027e-01 2.619259007436817166e-01 -2.679822329765473021e-02
-9.651931514813369972e-01 2.603803432952307984e-01 -2.458167907305733313e-02
-9.656036503441538521e-01 2.590530868884727833e-01 -2.238504909285531433e-02
-9.659489389096791445e-01 2.579423595826303983e-01 -2.020862142259464631e-02
-9.664912505647161867e-01 2.558844528964513421e-01 -2.044042993444699502e-02
-9.670351258131634209e-01 2.538029932786275977e-01 -2.066658837499419504e-02
-9.675802743509572812e-01 2.516985162867400594e-01 -2.088711122345014021e-02
-9.681264094019387256e-01 2.495715574216804677e-01 -2.110201351624321070e-02
-9.686732478459181284e-01 2.474226520912532479e-01 -2.131131084896391997e-02
-9.692205103426808632e-01 2.452523355710496955e-01 -2.151501937833611919e-02
-9.697679214519183688e-01 2.430611429626263198e-01 -2.171315582419436688e-02
-9.703152097490713723e-01 2.408496091490228974e-01 -2.190573747145040107e-02
-9.708621079370717277e-01 2.386182687476606223e-01 -2.209278217203200848e-02
-9.714083529539715434e-01 2.363676560606641497e-01 -2.227430834677804339e-02
-9.719536860764473873e-01 2.340983050226555506e-01 -2.245033498727366447e-02
-9.724978530191702442e-01 2.318107491460716374e-01 -2.262088165761030542e-02
-9.730406040300323411e-01 2.295055214640601693e-01 -2.278596849605536018e-02
-9.735816939812220738e-01 2.271831544710132544e-01 -2.294561621661692433e-02
-9.741208824561421453e-01 2.248441800608004248e-01 -2.309984611048948588e-02
-9.746579338321649244e-01 2.224891294627663607e-01 -2.324868004736682647e-02
-9.751926173592224689e-01 2.201185331755616814e-01 -2.339214047660896981e-02
-9.757247072342289940e-01 2.177329208988779685e-01 -2.353025042825041685e-02
-9.762539826713356739e-01 2.153328214631611837e-01 -2.366303351383745868e-02
-9.767802279680201094e-01 2.129187627573801145e-01 -2.379051392708285417e-02
-9.771026639141026093e-01 2.116794881874002610e-01 -2.149837926869417951e-02
-9.773683530535843822e-01 2.106689418417960480e-01 -1.922761746396553853e-02
-9.775786318909366335e-01 2.098850888491280431e-01 -1.697851148115771952e-02
-9.777346772665679309e-01 2.093258246549581647e-01 -1.475133649538395812e-02
-9.778375110242658597e-01 2.089889777752888256e-01 -1.254636003524389580e-02
-9.778880047759347383e-01 2.088723123391643677e-01 -1.036384212813796710e-02
-9.778868847540742593e-01 2.089735304316002462e-01 -8.204035442878737303e-03
-9.778347367429156556e-01 2.092902742482248002e-01 -6.067185428318717412e-03
-9.777320110795785224e-01 2.098201280731876728e-01 -3.953530446817394087e-03
-9.775790277170244291e-01 2.105606200920129567e-01 -1.863301901473135222e-03
-9.773759813409682584e-01 2.115092240511536603e-01 2.032756438519801347e-04
-9.771229465332634812e-01 2.126633607760406441e-01 2.245984352584840145e-03
-9.768198829746012057e-01 2.140203995594144315e-01 4.264613012341573507e-03
-9.764666406796557174e-01 2.155776594316848871e-01 6.258956941346524583e-03
-9.760629652580746773e-01 2.173324103249825168e-01 8.228817904943706157e-03
-9.756085031949448538e-01 2.192818741424486517e-01 1.017400404267901695e-02
-9.751028071445732026e-01 2.214232257441612617e-01 1.209432980633803889e-02
-9.745453412316014141e-01 2.237535938609091779e-01 1.398961590923301739e-02
-9.739354863536270335e-01 2.262700619468137886e-01 1.585968928694374280e-02
-9.732725454796324893e-01 2.289696689815526320e-01 1.770438306963077052e-02
-9.728807979020763774e-01 2.306719434574019678e-01 1.712921053650516556e-02
-9.724994407042816258e-01 2.323159476434056292e-01 1.655719118135102336e-02
-9.721286920434566436e-01 2.339020730000855586e-01 1.598839054979681734e-02
-9.717687561771626292e-01 2.354307155014860320e-01 1.542287254092370927e-02
-9.714198236601759850e-01 2.369022754100381656e-01 1.486069942792585599e-02
-9.710820715461100372e-01 2.383171570596627487e-01 1.430193187917627728e-02
-9.707556635934634359e-01 2.396757686470055160e-01 1.374662897964915205e-02
-9.704407504757756042e-01 2.409785220306895070e-01 1.319484825265107228e-02
-9.701374699955764846e-01 2.422258325384610278e-01 1.264664568181539557e-02
-9.698459473018302690e-01 2.434181187820968761e-01 1.210207573331547291e-02
-9.695662951105800120e-01 2.445558024799336372e-01 1.156119137825416254e-02
-9.692986139285122427e-01 2.456393082868728039e-01 1.102404411518867131e-02
-9.690429922791681250e-01 2.466690636317089569e-01 1.049068399275140083e-02
-9.687995069315398222e-01 2.476454985616227400e-01 9.961159632329094279e-03
-9.685682231307970458e-01 2.485690455936752086e-01 9.435518250764201448e-03
-9.683491948309009834e-01 2.494401395731353777e-01 8.913805683043965478e-03
-9.681424649288702389e-01 2.502592175384684703e-01 8.396066404944340852e-03
-9.679480655004735201e-01 2.510267185928091171e-01 7.882343555597406612e-03
-9.677660180371313592e-01 2.517430837817400402e-01 7.372678959952500867e-03
-9.675963336838195872e-01 2.524087559771946987e-01 6.867113151102831846e-03
-9.674390134777737238e-01 2.530241797672989068e-01 6.365685392450820372e-03
-9.672940485878038785e-01 2.535898013519661820e-01 5.868433699686929211e-03
-9.671614205540360887e-01 2.541060684440582529e-01 5.375394862558184952e-03
-9.670411015279044564e-01 2.545734301759225993e-01 4.886604466404033571e-03
-9.669330545122269971e-01 2.549923370111167875e-01 4.402096913438574219e-03
-9.668372336012036605e-01 2.553632406611303085e-01 3.921905443759607889e-03
-9.667535842201839813e-01 2.556865940069131260e-01 3.446062156066265116e-03
-9.666820433650574751e-01 2.559628510250215871e-01 2.974598028068312170e-03
-9.666225398411278924e-01 2.561924667181915138e-01 2.507542936571518881e-03
-9.665749945013369926e-01 2.563758970501508472e-01 2.044925677224724604e-03
-9.665393204837126051e-01 2.565135988844834958e-01 1.586773983915470455e-03
-9.665154234479179651e-01 2.566060299273582035e-01 1.133114547802251430e-03
-9.665032018107895251e-01 2.566536486739380285e-01 6.839730359726156660e-04
-9.665025469807521086e-01 2.566569143582872470e-01 2.393741097174521804e-04
-9.665133435910077120e-01 2.566162869065941599e-01 -2.006585575870834816e-04
-9.665354697313988108e-01 2.565322268935319450e-01 -6.361022629974981716e-04
-9.665687971788524679e-01 2.564051955015799744e-01 -1.066935256927205181e-03
-9.666131916263149826e-01 2.562356544831321803e-01 -1.493136726482545938e-03
-9.666685129100921481e-01 2.560240661252208283e-01 -1.914686779215083378e-03
-9.667346152355145161e-01 2.557708932166874449e-01 -2.331566427293733142e-03
-9.668113474008510622e-01 2.554765990176349755e-01 -2.743757572099390744e-03
-9.668985530193977551e-01 2.551416472309990247e-01 -3.151242989243848575e-03
-9.669960707396718647e-01 2.547665019760786964e-01 -3.554006314013957810e-03
-9.671037344636465027e-01 2.543516277638711576e-01 -3.952032027241183555e-03
-9.672213735629623388e-01 2.538974894740576027e-01 -4.345305441595925453e-03
-9.673488130930578688e-01 2.534045523334911287e-01 -4.733812688305240497e-03
-9.674858740051602846e-01 2.528732818960418016e-01 -5.117540704291873369e-03
-9.676323733560850959e-01 2.523041440236565291e-01 -5.496477219731839108e-03
-9.677881245157913259e-01 2.516976048684962386e-01 -5.870610746027129893e-03
-9.679529373726454278e-01 2.510541308560161888e-01 -6.239930564189503578e-03
-9.681266185363464061e-01 2.503741886688585772e-01 -6.604426713630719668e-03
-9.683089715384689544e-01 2.496582452314318468e-01 -6.964089981354006434e-03
-9.684997970305813109e-01 2.489067676950537933e-01 -7.318911891541020689e-03
-9.686988929798990844e-01 2.481202234235400927e-01 -7.668884695528044824e-03
-9.689060548624357505e-01 2.472990799791238981e-01 -8.014001362164676484e-03
-9.691210758536137337e-01 2.464438051085962866e-01 -8.354255568547819602e-03
-9.693437470163011049e-01 2.455548667295610887e-01 -8.689641691123349207e-03
-9.695738574862401427e-01 2.446327329167019560e-01 -9.020154797147411294e-03
-9.698111946548360063e-01 2.436778718879637484e-01 -9.345790636498955625e-03
-9.700555443492749896e-01 2.426907519905538990e-01 -9.666545633834740248e-03
-9.703066910099426012e-01 2.416718416866742991e-01 -9.982416881077696078e-03
-9.705644178651139375e-01 2.406216095388975240e-01 -1.029340213022926845e-02
-9.708285071028879276e-01 2.395405241951060471e-01 -1.059949978649605239e-02
-9.710987400403415792e-01 2.384290543729165879e-01 -1.090070890172077124e-02
-9.713748972898774703e-01 2.372876688435160974e-01 -1.119702916810743666e-02
-9.716567589227412816e-01 2.361168364148401311e-01 -1.148846091223028852e-02
-9.719441046296865006e-01 2.349170259140276884e-01 -1.177500508931594858e-02
-9.722367138787639806e-01 2.336887061690915979e-01 -1.205666327778802741e-02
-9.725343660702149284e-01 2.324323459897464639e-01 -1.233343767406328700e-02
-9.728368406884471131e-01 2.311484141473410525e-01 -1.260533108758833155e-02
-9.731439174510753132e-01 2.298373793538451282e-01 -1.287234693610570489e-02
-9.734553764550056831e-01 2.284997102398451940e-01 -1.313448924113814337e-02
-9.737709983195480534e-01 2.271358753315070866e-01 -1.339176262367971874e-02
-9.740905643265372893e-01 2.257463430264673165e-01 -1.364417230008251047e-02
-9.744138565574482769e-01 2.243315815686186265e-01 -1.389172407812743794e-02
-9.747406580274886601e-01 2.228920590217591535e-01 -1.413442435326786595e-02
-9.750707528166542293e-01 2.214282432420779934e-01 -1.437228010503459157e-02
-9.754039261977333064e-01 2.199406018494536319e-01 -1.460529889359085329e-02
-9.757399647612464699e-01 2.184296021975452029e-01 -1.483348885642603310e-02
-9.760786565373092971e-01 2.168957113426601413e-01 -1.505685870517677050e-02
-9.764197911144065767e-01 2.153393960113849370e-01 -1.527541772256430126e-02
-9.767631597550673339e-01 2.137611225669691917e-01 -1.548917575943687536e-02
-9.771085555084295660e-01 2.121613569744564831e-01 -1.569814323190625929e-02
-9.774557733196874709e-01 2.105405647645586242e-01 -1.590233111856739073e-02
-9.778046101364111786e-01 2.088992109962730381e-01 -1.610175095779043525e-02
-9.781548650117327659e-01 2.072377602182462197e-01 -1.629641484507457147e-02
-9.785063392043916730e-01 2.055566764288888904e-01 -1.648633543045305988e-02
-9.788588362756343031e-01 2.038564230352517270e-01 -1.667152591593924066e-02
-9.792121621829638078e-01 2.021374628106730464e-01 -1.685200005300335063e-02
-9.795661253707353966e-01 2.004002578512127652e-01 -1.702777214007020895e-02
-9.799205368575966135e-01 1.986452695308896510e-01 -1.719885702002800845e-02
-9.802752103207698076e-01 1.968729584557412093e-01 -1.736527007773869258e-02
-9.806299621771773500e-01 1.950837844167283286e-01 -1.752702723754061623e-02
-9.809846116614104883e-01 1.932782063415089957e-01 -1.768414496073440062e-02
-9.813389809005440556e-01 1.914566822451079231e-01 -1.783664024304314200e-02
-9.816928949857995912e-01 1.896196691795108968e-01 -1.798453061203840117e-02
-9.820461820410626430e-01 1.877676231822150987e-01 -1.812783412452364032e-02
-9.823986732882590278e-01 1.859009992237683484e-01 -1.826656936386705440e-02
-9.827502031095974866e-01 1.840202511543324593e-01 -1.840075543727598753e-02
-9.831006091066869512e-01 1.821258316493077622e-01 -1.853041197300546103e-02
-9.834497321565378591e-01 1.802181921540572662e-01 -1.865555911749356560e-02
-9.837974164644590624e-01 1.782977828277711452e-01 -1.877621753241680291e-02
-9.841435096138617666e-01 1.763650524865132130e-01 -1.889240839165873612e-02
-9.844878626129849319e-01 1.744204485454931841e-01 -1.900415337818564185e-02
-9.848303299385570142e-01 1.724644169606092126e-01 -1.911147468082312686e-02
-9.851707695764099215e-01 1.704974021693071162e-01 -1.921439499092798125e-02
-9.855090430590640604e-01 1.685198470308035545e-01 -1.931293749894992182e-02
-9.858450155003032345e-01 1.665321927657213985e-01 -1.940712589087809081e-02
-9.861785556267599340e-01 1.645348788951869756e-01 -1.949698434456757085e-02
-9.865095358065337772e-01 1.625283431794394828e-01 -1.958253752594148189e-02
-9.868378320748660837e-01 1.605130215560034990e-01 -1.966381058506452492e-02
-9.871633241568967820e-01 1.584893480774767771e-01 -1.974082915208416611e-02
-9.874858954875286310e-01 1.564577548489855252e-01 -1.981361933303600956e-02
-9.878054332284282868e-01 1.544186719653604101e-01 -1.988220770551018743e-02
-9.881218282821928600e-01 1.523725274480866587e-01 -1.994662131417592604e-02
-9.884349753037130482e-01 1.503197471820819642e-01 -2.000688766616180378e-02
-9.887447727087648186e-01 1.482607548523563468e-01 -2.006303472628946649e-02
-9.890511226798643918e-01 1.461959718806082331e-01 -2.011509091215896508e-02
-9.893539311694208305e-01 1.441258173618109040e-01 -2.016308508908412275e-02
-9.896531079002225395e-01 1.420507080008436840e-01 -2.020704656487668643e-02
-9.899485663632970889e-01 1.399710580492220524e-01 -2.024700508447832212e-02
-9.902402238131817747e-01 1.378872792419806315e-01 -2.028299082443981924e-02
-9.905280012606469953e-01 1.357997807347628150e-01 -2.031503438724713978e-02
-9.908118234629138543e-01 1.337089690411704668e-01 -2.034316679549429824e-02
-9.910916189114087338e-01 1.316152479704266187e-01 -2.036741948590329102e-02
-9.913673198171003564e-01 1.295190185654035431e-01 -2.038782430319163036e-02
-9.916388620934641907e-01 1.274206790410684631e-01 -2.040441349378826347e-02
-9.919061853371210491e-01 1.253206247233976667e-01 -2.041721969939897310e-02
-9.921692328061986199e-01 1.232192479888099129e-01 -2.042627595042262323e-02
-9.924279513964642252e-01 1.211169382041688558e-01 -2.043161565921984557e-02
-9.926822916152795440e-01 1.190140816674032515e-01 -2.043327261323600944e-02
-9.929322075534284808e-01 1.169110615487930910e-01 -2.043128096798063967e-02
-9.931776568548698059e-01 1.148082578329686493e-01 -2.042567523986556915e-02
-9.934186006844685224e-01 1.127060472616684961e-01 -2.041649029890445569e-02
-9.936550036937594754e-01 1.106048032773013362e-01 -2.040376136127642834e-02
-9.938868339847984901e-01 1.085048959673555191e-01 -2.038752398175690955e-02
-9.941140630721561067e-01 1.064066920096988500e-01 -2.036781404601881174e-02
-9.943366658431109784e-01 1.043105546188100863e-01 -2.034466776280755007e-02
-9.945546205160994413e-01 1.022168434929821290e-01 -2.031812165599347977e-02
-9.947679085974797664e-01 1.001259147625358642e-01 -2.028821255650553948e-02
-9.949765148366687129e-01 9.803812093908198522e-02 -2.025497759415007329e-02
-9.951804271797097812e-01 9.595381086586693420e-02 -2.021845418931894969e-02
-9.953796367213321172e-01 9.387332966923749022e-02 -2.017868004459126910e-02
-9.955741376555599098e-01 9.179701871125736656e-02 -2.013569313623307655e-02
-9.957639272249327878e-01 8.972521554350733342e-02 -2.008953170559963156e-02
-9.959490056683971693e-01 8.765825386209925851e-02 -2.004023425044492226e-02
-9.961293761679297365e-01 8.559646346393263994e-02 -1.998783951614324303e-02
-9.963050447939530985e-01 8.354017020422088713e-02 -1.993238648682770647e-02
-9.964760204496060370e-01 8.148969595531284360e-02 -1.987391437645072076e-02
-9.966423148139276211e-01 7.944535856683376807e-02 -1.981246261977151132e-02
-9.968039422840182517e-01 7.740747182716802011e-02 -1.974807086327587044e-02
-9.969609199162369206e-01 7.537634542630455847e-02 -1.968077895603335264e-02
-9.971132673664968582e-01 7.335228492006441725e-02 -1.961062694049725205e-02
-9.972610068297201869e-01 7.133559169572795122e-02 -1.953765504325266286e-02
-9.974041629785117546e-01 6.932656293907793477e-02 -1.946190366571807703e-02
-9.975427629011126562e-01 6.732549160287307211e-02 -1.938341337480588636e-02
-9.976768360386941703e-01 6.533266637676501953e-02 -1.930222489354729495e-02
-9.978064141220507333e-01 6.334837165867014674e-02 -1.921837909168707531e-02
-9.979315311077520123e-01 6.137288752760600152e-02 -1.913191697625365659e-02
-9.980522231138125866e-01 5.940648971800085304e-02 -1.904287968211003379e-02
-9.981685283549373011e-01 5.744944959548298896e-02 -1.895130846249092060e-02
-9.982804870774004691e-01 5.550203413415509546e-02 -1.885724467953167269e-02
-9.983881414936154330e-01 5.356450589535759199e-02 -1.876072979479432093e-02
-9.984915357164514393e-01 5.163712300792312748e-02 -1.866180535979618943e-02
-9.985907156933528928e-01 4.972013914992322314e-02 -1.856051300654638914e-02
-9.986857291403167247e-01 4.781380353190650689e-02 -1.845689443809554395e-02
-9.987766254757813877e-01 4.591836088162658258e-02 -1.835099141910398815e-02
-9.988634557544808779e-01 4.403405143025630047e-02 -1.824284576643362896e-02
-9.989462726013165206e-01 4.216111090008380080e-02 -1.813249933976861239e-02
-9.990251301452973687e-01 4.029977049368442532e-02 -1.801999403226986138e-02
-9.991000839536010592e-01 3.845025688456125967e-02 -1.790537176126845084e-02
-9.991711909658027579e-01 3.661279220924599370e-02 -1.778867445900273944e-02
-9.992385094283228186e-01 3.478759406085039918e-02 -1.766994406340406318e-02
-9.993020988291388962e-01 3.297487548405770436e-02 -1.754922250893568500e-02
-9.993620198328103665e-01 3.117484497154195469e-02 -1.742655171748967377e-02
-9.994183342158592387e-01 2.938770646180237367e-02 -1.730197358934617083e-02
-9.994711048025521904e-01 2.761365933839871056e-02 -1.717552999419950585e-02
-9.995203954011272485e-01 2.585289843057253859e-02 -1.704726276225540862e-02
-9.995662707405058578e-01 2.410561401523850580e-02 -1.691721367540355639e-02
-9.996087964075320853e-01 2.237199182032860792e-02 -1.678542445846948825e-02
-9.996480387847777038e-01 2.065221302947170545e-02 -1.665193677054983140e-02
-9.996840649889515706e-01 1.894645428798959197e-02 -1.651679219643469032e-02
-9.997169428099503818e-01 1.725488771019022954e-02 -1.638003223812085907e-02
-9.997467406505861076e-01 1.557768088793788121e-02 -1.624169830641944770e-02
-9.997735274670251915e-01 1.391499690047927514e-02 -1.610183171266135055e-02
-9.997973727099717101e-01 1.226699432550417378e-02 -1.596047366050385233e-02
-9.998183462666274668e-01 1.063382725141815560e-02 -1.581766523784154665e-02
-9.998365184034585518e-01 9.015645290804777043e-03 -1.567344740882461659e-02
-9.998519597097984546e-01 7.412593595053759178e-03 -1.552786100598733433e-02
-9.998647410423150417e-01 5.824812870131360586e-03 -1.538094672248957982e-02
-9.998749334703683767e-01 4.252439393468581720e-03 -1.523274510447397007e-02
-9.998826082222845857e-01 2.695605031942477098e-03 -1.508329654354110400e-02
-9.998878366325703038e-01 1.154437260925431996e-03 -1.493264126934525267e-02
-9.998906900900896844e-01 -3.709408156230636043e-04 -1.478081934231270482e-02
-9.998912399872262879e-01 -1.880410444047918772e-03 -1.462787064648483903e-02
-9.998895576700489451e-01 -3.373857198899259981e-03 -1.447383488248785155e-02
-9.998857143895018007e-01 -4.851170959868835592e-03 -1.431875156063093339e-02
-9.998797812536351914e-01 -6.312245887788455780e-03 -1.416265999413455698e-02
-9.998718291808940117e-01 -7.756980399717075536e-03 -1.400559929249039527e-02
-9.998619288544792205e-01 -9.185277143143251097e-03 -1.384760835495425953e-02
-9.998932710330857843e-01 -9.353273986395245487e-03 -1.122342128309587565e-02
-9.999199839303294368e-01 -9.253240259066730991e-03 -8.625873235547240614e-03
-9.999421691783074717e-01 -8.887945908912385853e-03 -6.055175869535371971e-03
-9.999597196451091019e-01 -8.260186351044149569e-03 -3.511534942059803613e-03
-9.999723267470018717e-01 -7.372782005614557030e-03 -9.951508064787229803e-04
-9.999794877706762453e-01 -6.228578145208642225e-03 1.493781117041400024e-03
-9.999805132016481579e-01 -4.830445028807592647e-03 3.955069898723909821e-03
-9.999745340556749351e-01 -3.181278299333677260e-03 6.388528685372206993e-03
-9.999605092106990112e-01 -1.283999621968395701e-03 8.793974316734447239e-03
-9.999372327373974301e-01 8.584424593490939774e-04 1.117122697306741769e-02
-9.999033412268846233e-01 3.243071469591141294e-03 1.352010985477108441e-02
-9.998573211144938799e-01 5.866881776553532421e-03 1.584044889481616217e-02
-9.997975159988559124e-01 8.726837212786756406e-03 1.813207250454180325e-02
-9.997221339556978670e-01 1.181986956700009639e-02 2.039481135325895908e-02
-9.996292548459110305e-01 1.514287696604528326e-02 2.262849818195683538e-02
-9.995168376174849989e-01 1.869272216821662655e-02 2.483296765127510769e-02
-9.993827276008775407e-01 2.246623078821179814e-02 2.700805622377277365e-02
-9.992246637972956869e-01 2.646018947368166882e-02 2.915360208039582263e-02
-9.990402861592021511e-01 3.067134405285833892e-02 3.126944507091998504e-02
-9.988271428621399162e-01 3.509639767228733831e-02 3.335542669802166876e-02
-9.987155692428777432e-01 3.849022015451424028e-02 3.295022977053818636e-02
-9.985941296138239887e-01 4.184143501526758208e-02 3.254322593049542578e-02
-9.984632529934520662e-01 4.514984539984508854e-02 3.213451134064000680e-02
-9.983233650230994849e-01 4.841526707971263027e-02 3.172418161712674961e-02
-9.981748877243915574e-01 5.163752831206297467e-02 3.131233179882391554e-02
-9.980182392647471978e-01 5.481646969469839564e-02 3.089905631762824428e-02
-9.978538337310229878e-01 5.795194401653365468e-02 3.048444896979559532e-02
-9.976820809113398081e-01 6.104381610401293096e-02 3.006860288829138125e-02
-9.975033860851242329e-01 6.409196266373096140e-02 2.965161051616327370e-02
-9.973181498213853358e-01 6.709627212154481435e-02 2.923356358093708723e-02
-9.971267677852361233e-01 7.005664445845857791e-02 2.881455307003515098e-02
-9.969296305526581525e-01 7.297299104355847721e-02 2.839466920721499602e-02
-9.967271234334961205e-01 7.584523446427123006e-02 2.797400143002472597e-02
-9.965196263026607770e-01 7.867330835421286472e-02 2.755263836827005069e-02
-9.963075134395075194e-01 8.145715721888975580e-02 2.713066782348660944e-02
-9.960911533753485925e-01 8.419673625950771512e-02 2.670817674940996131e-02
-9.958709087490482670e-01 8.689201119513861871e-02 2.628525123343434383e-02
-9.956471361706418222e-01 8.954295808348795849e-02 2.586197647905021796e-02
-9.954201860929100532e-01 9.214956314049961572e-02 2.543843678924943147e-02
-9.951904026908341416e-01 9.471182255902774183e-02 2.501471555088583335e-02
-9.949581237488482888e-01 9.722974232679824913e-02 2.459089521997821076e-02
-9.947236805558000716e-01 9.970333804387555843e-02 2.416705730794141763e-02
-9.944873978075216003e-01 1.021326347398426870e-01 2.374328236873077952e-02
-9.942495935169091137e-01 1.045176666908955443e-01 2.331964998688400292e-02
-9.940105789314030993e-01 1.068584772370446967e-01 2.289623876644407766e-02
-9.937706584577542523e-01 1.091551185996103707e-01 2.247312632074596056e-02
-9.935301295939567012e-01 1.114076516991887866e-01 2.205038926304923180e-02
-9.932892828682250430e-01 1.136161459742603824e-01 2.162810319799826977e-02
-9.930484017848871803e-01 1.157806792006026847e-01 2.120634271389100142e-02
-9.928077627770610647e-01 1.179013373116630514e-01 2.078518137573681299e-02
-9.925676351659807883e-01 1.199782142200388341e-01 2.036469171908376549e-02
-9.923282811268326897e-01 1.220114116402049170e-01 1.994494524459491241e-02
-9.920899556609601433e-01 1.240010389126210560e-01 1.952601241335315957e-02
-9.918529065742935913e-01 1.259472128293438742e-01 1.910796264287385748e-02
-9.916173744618591579e-01 1.278500574612611851e-01 1.869086430380410488e-02
-9.913835926982180746e-01 1.297097039870586666e-01 1.827478471728751289e-02
-9.911517874336864820e-01 1.315262905240218994e-01 1.785979015297307904e-02
-9.909221775961853940e-01 1.332999619607698472e-01 1.744594582764672636e-02
-9.906949748985677262e-01 1.350308697920081791e-01 1.703331590446396926e-02
-9.904703838512701752e-01 1.367191719553850493e-01 1.662196349276219218e-02
-9.900344365916577960e-01 1.395849469362053508e-01 1.865100300855502061e-02
-9.895572076579638443e-01 1.426534213599749135e-01 2.065277542667393745e-02
-9.890373865409670673e-01 1.459214338130510047e-01 2.262711181115337894e-02
-9.884735797679131686e-01 1.493857795168386515e-01 2.457384817060353013e-02
-9.878643171363024056e-01 1.530432101973014103e-01 2.649282544920854646e-02
-9.872080579257865862e-01 1.568904339463107200e-01 2.838388953719325758e-02
-9.865031970835949071e-01 1.609241150877611659e-01 3.024689130037885171e-02
-9.857480713788182580e-01 1.651408740608988068e-01 3.208168662835688550e-02
-9.849409655207665981e-01 1.695372873328049312e-01 3.388813650072341338e-02
-9.840801182364810051e-01 1.741098873514470569e-01 3.566610707073160358e-02
-9.831637283023371143e-01 1.788551625501557940e-01 3.741546976564143201e-02
-9.821899605245153486e-01 1.837695574138091814e-01 3.913610140296977513e-02
-9.811569516629488064e-01 1.888494726164074711e-01 4.082788432177297810e-02
-9.800628162931879217e-01 1.940912652391020010e-01 4.249070652802724307e-02
-9.789056526004505931e-01 1.994912490771026670e-01 4.412446185311001690e-02
-9.776835480999560568e-01 2.050456950432312797e-01 4.572905012432820077e-02
-9.763945852774801315e-01 2.107508316752132738e-01 4.730437734638633096e-02
-9.750368471439148088e-01 2.166028457531108675e-01 4.885035589264051514e-02
-9.736084226974757172e-01 2.225978830325971158e-01 5.036690470494151889e-02
-9.721074122870748679e-01 2.287320490990547572e-01 5.185394950083339893e-02
-9.709436274754209562e-01 2.338260914625230336e-01 5.092970257183242894e-02
-9.697751347933168953e-01 2.388211121913579038e-01 5.000667652073746000e-02
-9.686033567583233195e-01 2.437174558798174684e-01 4.908505235762745250e-02
-9.674296797353261201e-01 2.485154929062666496e-01 4.816500744746778778e-02
-9.662554537712112479e-01 2.532156182481558049e-01 4.724671547314051451e-02
-9.650819924741219635e-01 2.578182503147845583e-01 4.633034640517595670e-02
-9.639105729357065888e-01 2.623238297992241397e-01 4.541606647794153850e-02
-9.627424356947440476e-01 2.667328185506624982e-01 4.450403817204105078e-02
-9.615787847405224964e-01 2.710456984683299875e-01 4.359442020267573215e-02
-9.604207875543362416e-01 2.752629704180595271e-01 4.268736751371751681e-02
-9.592695751874640298e-01 2.793851531724326764e-01 4.178303127724444094e-02
-9.581262423739949075e-01 2.834127823753651021e-01 4.088155889828857387e-02
-9.569918476768728421e-01 2.873464095318890021e-01 3.998309402454784667e-02
-9.558674136655441744e-01 2.911866010237969538e-01 3.908777656081474650e-02
-9.547539271236058500e-01 2.949339371517233355e-01 3.819574268787706561e-02
-9.536523392848719194e-01 2.985890112041525435e-01 3.730712488564845442e-02
-9.525635660962989970e-01 3.021524285537614540e-01 3.642205196028985847e-02
-9.514884885062347974e-01 3.056248057814243690e-01 3.554064907508638210e-02
