1.000000000000000000e+00 0.000000000000000000e+00 0.000000000000000000e+00
9.999971184783461586e-01 1.168408249839141032e-03 -2.097177002821554604e-03
9.999863183160979663e-01 3.173822481892166550e-03 -4.158222044117885173e-03
9.999629812269408280e-01 5.998619557006572983e-03 -6.168806909288074292e-03
9.999208044843603815e-01 9.619443114085883192e-03 -8.115006418745305053e-03
9.998520534530789261e-01 1.400736336106912436e-02 -9.983395245085355599e-03
9.997478664942318627e-01 1.912807379050979542e-02 -1.176114314435501400e-02
9.995986027811425423e-01 2.494212697193472217e-02 -1.343610805755249271e-02
9.993942222384543106e-01 3.140521139411309864e-02 -1.499692632544005928e-02
9.991246857759011890e-01 3.846847082809611018e-02 -1.643309905278510924e-02
9.987803632751075522e-01 4.607886686930545705e-02 -1.773507347607893372e-02
9.983524364447660115e-01 5.417958423097962717e-02 -1.889431804931807068e-02
9.978332837187892101e-01 6.271047706110749465e-02 -1.990338988085652364e-02
9.972168348528993587e-01 7.160855311853686622e-02 -2.075599314229913464e-02
9.964988837799779731e-01 8.080849116287872058e-02 -2.144702713491588100e-02
9.956773495958587405e-01 9.024318548605768375e-02 -2.197262284178456981e-02
9.947524772263628412e-01 9.984431023981642228e-02 -2.233016701084128766e-02
9.937269713136145377e-01 1.095428951845383997e-01 -2.251831309575864221e-02
9.926060590768622793e-01 1.192699037770442450e-01 -2.253697871370278008e-02
9.913974802576436263e-01 1.289568041843209556e-01 -2.238732964328193908e-02
9.901114046499752686e-01 1.385361238869290690e-01 -2.207175076161231250e-02
9.887602800401523728e-01 1.479419790229206111e-01 -2.159380468466723726e-02
9.873586155395317476e-01 1.571105704956472504e-01 -2.095817920892037445e-02
9.859227072007763493e-01 1.659806400766468126e-01 -2.017062493597656866e-02
9.844703143939961265e-01 1.744938812066360034e-01 -1.923788468022073414e-02
9.830202966356224037e-01 1.825953008471334627e-01 -1.816761640188028701e-02
9.815922213843552013e-01 1.902335304676530947e-01 -1.696831146878320651e-02
9.802059537428094993e-01 1.973610859726866729e-01 -1.564921002923240836e-02
9.788812390493745186e-01 2.039345779880609999e-01 -1.422021518047756478e-02
9.776372890487319278e-01 2.099148753578631565e-01 -1.269180745121170455e-02
9.764923817409399964e-01 2.152672258863518873e-01 -1.107496089470752683e-02
9.754634841853340177e-01 2.199613392474544515e-01 -9.381061826339600479e-03
9.745659065367466845e-01 2.239714375500729271e-01 -7.621830951276554501e-03
9.738129944756688250e-01 2.272762792818909527e-01 -5.809249331267755251e-03
9.732158660129101024e-01 2.298591622666108780e-01 -3.955488349218695687e-03
9.727831974462082254e-01 2.317079108838000223e-01 -2.072843560777236707e-03
9.725210620537483308e-01 2.328148521536204663e-01 -1.736720856300210183e-04
9.724328239494623993e-01 2.331767844271954992e-01 1.729667002467470726e-03
9.725190884088344978e-01 2.327949414006003082e-01 3.624869971324060861e-03
9.727777089046610870e-01 2.316749530440241067e-01 5.499744184319210055e-03
9.732038500663604541e-01 2.298268038669267210e-01 7.342263116382111328e-03
9.737901047869135240e-01 2.272647877841478814e-01 9.140621409146877652e-03
9.747561034608245301e-01 2.228977123012565731e-01 1.292877937859979350e-02
9.760172816744272506e-01 2.170577612731004191e-01 1.661930208334243958e-02
9.775395743452854891e-01 2.097827652335300108e-01 2.018865685123362105e-02
9.792821567755596313e-01 2.011190184427768535e-01 2.361378658615191639e-02
9.811984916127353129e-01 1.911214807977271724e-01 2.687222065225225789e-02
9.832375294546902289e-01 1.798539548986277103e-01 2.994221025739598335e-02
9.853450408328244814e-01 1.673892030695126321e-01 3.280288834219106248e-02
9.874650519693790596e-01 1.538089690663413389e-01 3.543445210337841517e-02
9.895413511346379254e-01 1.392038713485279078e-01 3.781836439545875617e-02
9.915190270700816599e-01 1.236731391897752663e-01 3.993756847575671148e-02
9.933459963190934827e-01 1.073241694729897694e-01 4.177670900765974304e-02
9.949744729723625225e-01 9.027189049389965081e-02 4.332235103646364660e-02
9.963623328147630520e-01 7.263792905436787517e-02 4.456318791237647708e-02
9.974743245814868819e-01 5.454958795943386229e-02 4.549022894173813947e-02
9.982830842617129719e-01 3.613865201133610594e-02 4.609695794992576395e-02
9.987699141878144671e-01 1.754005091501388905e-02 4.637945494123556917e-02
9.989252968407921207e-01 -1.109583630688384254e-03 4.633647459457614082e-02
9.987491234766665560e-01 -1.967342270406479895e-02 4.596947734083201703e-02
9.982506292179079699e-01 -3.801595890353325763e-02 4.528261108640849186e-02
9.974480383969522856e-01 -5.600449030396663364e-02 4.428264410505328152e-02
9.963679358573379607e-01 -7.351052313321382314e-02 4.297885203008407901e-02
9.950443908061678000e-01 -9.041105186422201956e-02 4.138286406038760301e-02
9.935178689711521294e-01 -1.065896830701324183e-01 3.950847528830484651e-02
9.918339757254992506e-01 -1.219375788503262864e-01 3.737143334669502936e-02
9.900420772058176055e-01 -1.363542061292733198e-01 3.498920828543304606e-02
9.881938482011033420e-01 -1.497478888444510881e-01 3.238075470573961723e-02
9.863417948973139948e-01 -1.620361702047202479e-01 2.956627473490821417e-02
9.845377977686070592e-01 -1.731460011562896972e-01 2.656698948665482327e-02
9.828317154873414951e-01 -1.830137784360218456e-01 2.340492532624991601e-02
9.812700852181648337e-01 -1.915852607969535659e-01 2.010271966496810642e-02
9.798949486052325186e-01 -1.988153950142783899e-01 1.668344927021212648e-02
9.787428266404980537e-01 -2.046680841398102191e-01 1.317048231505782777e-02
9.778438608056508885e-01 -2.091159293197064339e-01 9.587353709269604701e-03
9.772211326826785172e-01 -2.121399735712290457e-01 5.957661739874916054e-03
9.768901697729915901e-01 -2.137294715380050891e-01 2.304982769689875328e-03
9.768586415754951791e-01 -2.138817037485688521e-01 -1.347200256417619563e-03
9.771262469673658302e-01 -2.126018476363312759e-01 -4.975560435978132467e-03
9.776847914438245857e-01 -2.099029108797567378e-01 -8.556985965842646771e-03
9.785184505889362727e-01 -2.058057258145758739e-01 -1.206864096912510509e-02
9.796042140315114333e-01 -2.003389970651491270e-01 -1.548803314531846907e-02
9.810920496600461504e-01 -1.924151405549420768e-01 -2.085227499173956250e-02
9.828811570565662015e-01 -1.823896806637893830e-01 -2.605100077477722278e-02
9.848986638549193096e-01 -1.703248071961829813e-01 -3.105008212781250332e-02
9.870606777091055495e-01 -1.562960962684432353e-01 -3.581594098824772421e-02
9.892746911897306594e-01 -1.403932474828723520e-01 -4.031577889255652525e-02
9.914423017962101792e-01 -1.227206982287836479e-01 -4.451787480243465239e-02
9.934621919024236858e-01 -1.033980163223092025e-01 -4.839194681229304351e-02
9.952332953413393080e-01 -8.255997752404839463e-02 -5.190956746654291909e-02
9.966580590525250249e-01 -6.035624717817085483e-02 -5.504461701552335745e-02
9.976456918676261942e-01 -3.695060524926495338e-02 -5.777375421219992091e-02
9.981152803679307350e-01 -1.251968062693403078e-02 -6.007688067005841071e-02
9.979986459682684830e-01 1.274880783930782552e-02 -6.193757280243861879e-02
9.972428196654158361e-01 3.865827183826693603e-02 -6.334345528021474714e-02
9.958120221795287996e-01 6.500586983288253462e-02 -6.428649194964006219e-02
9.936890574663278519e-01 9.158542256566065687e-02 -6.476317420601651609e-02
9.908760556519623508e-01 1.181905071322790213e-01 -6.477459265249603526e-02
9.873945351937508663e-01 1.446175936405018070e-01 -6.432638500392012793e-02
9.832847905785881970e-01 1.706690837476500799e-01 -6.342856097845860075e-02
9.786046478233657586e-01 1.961561166574646298e-01 -6.209521262883611198e-02
9.734276621802359086e-01 2.209010246903953534e-01 -6.034412548801784681e-02
9.678408580095306801e-01 2.447393454562090676e-01 -5.819631143612603863e-02
9.619421278424247213e-01 2.675213282792728298e-01 -5.567548791150171705e-02
9.558374153352953151e-01 2.891129057627546683e-01 -5.280752978765550915e-02
9.496378053121397045e-01 3.093961341437400092e-01 -4.961991994658655758e-02
9.434566345357400241e-01 3.282691356898490009e-01 -4.614122252522340206e-02
9.374067210687510032e-01 3.456456007863320523e-01 -4.240059936995940054e-02
9.315977902878180839e-01 3.614539253340904867e-01 -3.842738585905558502e-02
9.261341540682310747e-01 3.756360702101247950e-01 -3.425073741231604574e-02
9.211126784344476626e-01 3.881462341273800298e-01 -2.989935312754269867e-02
9.166210557560359184e-01 3.989494300955530037e-01 -2.540127840761424727e-02
9.127363815542934855e-01 4.080200499733027120e-01 -2.078378441243241767e-02
9.095240238601451921e-01 4.153404925781109536e-01 -1.607331882398314177e-02
9.070367650533187609e-01 4.208999196935873655e-01 -1.129551979512244571e-02
9.053141920588052560e-01 4.246931921233472185e-01 -6.475283035686669846e-03
9.043823102379764389e-01 4.267200254821206240e-01 -1.636870697180432647e-03
9.042533586591946504e-01 4.269843932219211102e-01 3.195950050447331561e-03
9.049258089309465403e-01 4.254941927512593258e-01 7.999751202540962558e-03
9.063845356502606698e-01 4.222611795039421523e-01 1.275128333037898326e-02
9.086011529802545672e-01 4.173011633953135902e-01 1.742732243094597885e-02
9.115345181689730181e-01 4.106344521399124536e-01 2.200453593948859671e-02
9.155031700404506756e-01 4.013082342369226896e-01 2.838455257632646264e-02
9.203293992136499790e-01 3.896107502077829632e-01 3.460206375118768385e-02
9.259015492219270227e-01 3.755743546386134946e-01 4.062358229759521072e-02
9.320897687876295024e-01 3.592414579413047426e-01 4.641440060312785471e-02
9.387482865115891473e-01 3.406671398272943518e-01 5.193864346226845230e-02
9.457181894275211720e-01 3.199218341445432823e-01 5.715946758210610490e-02
9.528307321952551590e-01 2.970939179180778211e-01 6.203941490349017956e-02
9.599111735272931600e-01 2.722920222419731862e-01 6.654091894416148956e-02
9.667830971306474730e-01 2.456468763351473683e-01 7.062695393116506792e-02
9.732731285512082886e-01 2.173125018798678365e-01 7.426180602714962942e-02
9.792159107978331001e-01 1.874665953860658318e-01 7.741193523681376421e-02
9.844591556889824568e-01 1.563099731668189385e-01 8.004688664374166873e-02
9.888685504355080313e-01 1.240650060854206482e-01 8.214020167978262899e-02
9.923322759495647460e-01 9.097303676885666601e-02 8.367027537854092312e-02
9.947648896666834162e-01 5.729084536808503464e-02 8.462110502037384352e-02
9.961103442404681818e-01 2.328630414615624755e-02 8.498287983780221377e-02
9.963439545358840910e-01 -1.076657191009194880e-02 8.475237054035503204e-02
9.954731860273612343e-01 -4.459291959232663388e-02 8.393309070438487174e-02
9.935372122143608653e-01 -7.792237830841580726e-02 8.253521830833862594e-02
9.906052690695688057e-01 -1.104942042013170311e-01 8.057528317518909688e-02
9.867739119721633534e-01 -1.420618764201538320e-01 7.807564291159543868e-02
9.821633466685297797e-01 -1.723969696645477057e-01 7.506378431002617979e-02
9.769130539495897159e-01 -2.012921299159317057e-01 7.157149768684055446e-02
9.711769540582722016e-01 -2.285630629528199176e-01 6.763397742370018395e-02
9.651183605617871253e-01 -2.540495195964888042e-01 6.328890287589669650e-02
9.589049566644406442e-01 -2.776153301226303993e-01 5.857555023792908322e-02
9.527039940601440549e-01 -2.991475970667818451e-01 5.353397881497645033e-02
9.466778710932798324e-01 -3.185551971614019040e-01 4.820432561216283357e-02
9.409801991898010254e-01 -3.357667681318254882e-01 4.262623145736491037e-02
9.357524196821206397e-01 -3.507283653566782844e-01 3.683841113641736498e-02
9.311209916072604731e-01 -3.634009692680811865e-01 3.087837012076814422e-02
9.271951377270547523e-01 -3.737580099668605937e-01 2.478226198814722017e-02
9.240651123949258361e-01 -3.817830542116033565e-01 1.858487386120118504e-02
9.218009412174272832e-01 -3.874677747819087470e-01 1.231972214961206749e-02
9.204515780017867854e-01 -3.908102956864191180e-01 6.019237427261295986e-03
9.200444278521295871e-01 -3.918139805008976073e-01 -2.849848491558301319e-04
9.205851946998382385e-01 -3.904867062361298546e-01 -6.561892160769825996e-03
9.220580250768457553e-01 -3.868406418477460251e-01 -1.278066598225708478e-02
9.244259355808128742e-01 -3.808925286230033791e-01 -1.891042051094870072e-02
9.276315273004467343e-01 -3.726644387489234655e-01 -2.491993278558915503e-02
9.319247392449405698e-01 -3.611711606483254955e-01 -3.273711018623012836e-02
9.371024685321805991e-01 -3.467139889561200450e-01 -4.035378970927178122e-02
9.430071453072478294e-01 -3.293323012953469631e-01 -4.772657253438666869e-02
9.494552653837899925e-01 -3.090802970416843265e-01 -5.481011451478660229e-02
9.562410603355147032e-01 -2.860311701891407599e-01 -6.155727770668609211e-02
9.631410523567938142e-01 -2.602813099184000944e-01 -6.791953321348793982e-02
9.699195310524744151e-01 -2.319542161053315954e-01 -7.384762402805532255e-02
9.763349223708421842e-01 -2.012037915047730774e-01 -7.929247986474120824e-02
9.821469353769397559e-01 -1.682166685121012362e-01 -8.420635634874469588e-02
9.871242777045619032e-01 -1.332132534560976911e-01 -8.854414974439374364e-02
9.910526359365738891e-01 -9.644723023148171759e-02 -9.226481776659423151e-02
9.937425359385291257e-01 -5.820335861695541402e-02 -9.533281959305636710e-02
9.950366441282243457e-01 -1.879352632879120744e-02 -9.771947681897093230e-02
9.948160559183175655e-01 2.144884265829165304e-02 -9.940415426947619981e-02
9.930051498847304314e-01 6.217577322952879543e-02 -1.003751669000069874e-01
9.895746667908418281e-01 1.030327338570299345e-01 -1.006303366799167626e-01
9.845427949678915436e-01 1.436671561560083632e-01 -1.001771499595413423e-01
9.779741940501344155e-01 1.837369408288654915e-01 -9.903249843132579111e-02
9.699770489423990005e-01 2.229184131775168443e-01 -9.722202140340301113e-02
9.606983946732836621e-01 2.609132478512153908e-01 -9.477909933627393091e-02
9.503180720090168565e-01 2.974539850948630937e-01 -9.174357451444603573e-02
9.390417502182722975e-01 3.323078942405017222e-01 -8.816029153035381816e-02
9.270934813119783291e-01 3.652790859475477658e-01 -8.407755669430409806e-02
9.147082311597133364e-01 3.962089143187117468e-01 -7.954561191715542323e-02
9.021247752022608646e-01 4.249748283245382008e-01 -7.461520676353788906e-02
8.895792622228989588e-01 4.514879190411167365e-01 -6.933633483272236275e-02
8.772996524257580253e-01 4.756894610420689951e-01 -6.375718028364540935e-02
8.655011385639456156e-01 4.975467642534863733e-01 -5.792329986450651252e-02
8.543825710953986130e-01 5.170486420310942410e-01 -5.187704735319215860e-02
8.441238369042383116e-01 5.342007697616676376e-01 -4.565723223796593067e-02
8.348840891210158599e-01 5.490211641422404476e-01 -3.929899339541691183e-02
8.268006931890248268e-01 5.615359639888183318e-01 -3.283386144782469290e-02
8.199887396478459101e-01 5.717756450260512713e-01 -2.628997994217968301e-02
8.145409740325613157e-01 5.797717578425292118e-01 -1.969245475930129358e-02
8.105280052870533769e-01 5.855542424937990598e-01 -1.306380240523355961e-02
8.079986727796328871e-01 5.891493459775880570e-01 -6.424470254654743306e-03
8.069804755014644559e-01 5.905781496795652341e-01 2.065952918491953741e-04
8.074799930792494473e-01 5.898557017523851087e-01 6.811353962398881967e-03
8.094832552388251390e-01 5.869907425981906179e-01 1.337206897052981014e-02
8.129560432423176275e-01 5.819860082719219285e-01 1.987071385044410221e-02
8.183354812521849153e-01 5.740578493175698682e-01 2.801280486027231398e-02
8.254016706154349015e-01 5.633936544464765994e-01 3.605230882313195662e-02
8.340296391841444112e-01 5.499653233432834076e-01 4.396370314616085406e-02
8.440644122737521737e-01 5.337421315745907169e-01 5.171765424809430384e-02
8.553212948190893616e-01 5.146954755175938701e-01 5.928043630689674992e-02
8.675866541458395753e-01 4.928043866529911998e-01 6.661354791840892742e-02
8.806194495184633819e-01 4.680616765371908294e-01 7.367357117161128788e-02
8.941537557448404616e-01 4.404805071237530845e-01 8.041231716787156092e-02
9.079025041989241540e-01 4.101011041984349292e-01 8.677729682225122920e-02
9.215626100771671103e-01 3.769972522355219402e-01 9.271254449369945028e-02
9.348215661545749011e-01 3.412821382076990928e-01 9.815980372503310680e-02
9.473654614147224429e-01 3.031130638361834162e-01 1.030600591612221562e-01
9.588882340952451511e-01 2.626945356166400236e-01 1.073553678389229521e-01
9.691018060638389997e-01 2.202792832604590634e-01 1.109909092477805448e-01
9.777465886258435157e-01 1.761668584799299941e-01 1.139171409965478582e-01
9.846017228786735354e-01 1.306996273853263113e-01 1.160919206701847700e-01
9.894943451268203294e-01 8.425618032866205587e-02 1.174824397590474162e-01
9.923071696034273526e-01 3.724242075318603962e-02 1.180668166253315415e-01
9.929837668906287274e-01 -9.919171409740454304e-03 1.178352144948939112e-01
9.915310833565097459e-01 -5.680141058945627208e-02 1.167903866559188708e-01
9.880189762697004774e-01 -1.029845934539095620e-01 1.149476005055707212e-01
9.825768004658016475e-01 -1.480681514220185679e-01 1.123339483126197108e-01
9.753873385296270015e-01 -1.916809771364468562e-01 1.089871076854273813e-01
9.666785814873679605e-01 -2.334897823487686042e-01 1.049536611019432769e-01
9.567140133059570672e-01 -2.732050546478733688e-01 1.002871155820651422e-01
9.457821156438529497e-01 -3.105844193506769324e-01 9.504577759012802773e-02
9.341857896555735286e-01 -3.454334464572777486e-01 8.929063462122067973e-02
9.222323024894425458e-01 -3.776041419443597613e-01 8.308337646643759733e-02
9.102242292145181768e-01 -4.069915086940311122e-01 7.648466049164179270e-02
8.984517011851897994e-01 -4.335286472862049933e-01 6.955269168263873703e-02
8.871861124618667382e-01 -4.571808933511749551e-01 6.234215460128084835e-02
8.766752948576707061e-01 -4.779394663756659778e-01 5.490350454238260292e-02
8.671400607740401556e-01 -4.958150490040429959e-01 4.728260141428332342e-02
8.587719359321909218e-01 -5.108316409407233083e-01 3.952065309506613833e-02
8.517318607681523268e-01 -5.230209507849261641e-01 3.165442498864983606e-02
8.461496254243828785e-01 -5.324175126229939714e-01 2.371666818099426449e-02
8.421238129201391587e-01 -5.390546484715957876e-01 1.573671853066828386e-02
8.397220518280473778e-01 -5.429613458324269448e-01 7.741221681707127766e-03
8.389814178399929157e-01 -5.441600820449242759e-01 -2.450570505072632160e-04
8.399088682838146136e-01 -5.426656021497724414e-01 -8.198374851941839583e-03
8.429755271458160282e-01 -5.376551303487111522e-01 -1.786899662471110733e-02
8.479642096283495079e-01 -5.293421361518118040e-01 -2.745335490015201468e-02
8.547631044136344558e-01 -5.177034379558268506e-01 -3.692258054191190075e-02
8.632185294348854177e-01 -5.027080318168944961e-01 -4.624397251635410655e-02
8.731351339944740664e-01 -4.843224200312495342e-01 -5.537997462269570598e-02
8.842765740221045778e-01 -4.625172376030178834e-01 -6.428739115692860828e-02
8.963670130727111607e-01 -4.372750168000043569e-01 -7.291691007316208895e-02
9.090938309409873908e-01 -4.085988376425846447e-01 -8.121300485501155297e-02
9.221119144877298890e-01 -3.765214965069476616e-01 -8.911428285197900423e-02
9.350498501499235893e-01 -3.411146955867449537e-01 -9.655433539660501774e-02
9.475182255927414587e-01 -3.024976292730023886e-01 -1.034631212895033847e-01
9.591200757307644098e-01 -2.608442426723868168e-01 -1.097688792183343642e-01
9.694632820434758713e-01 -2.163883898246594661e-01 -1.154005174534122741e-01
9.781744722924082813e-01 -1.694261517113706261e-01 -1.202903745326921736e-01
9.849137021265551573e-01 -1.203147070301672505e-01 -1.243771892595761236e-01
9.893889727873115270e-01 -6.946738798896620604e-02 -1.276090710959745800e-01
9.913694960364375364e-01 -1.734488506514023087e-02 -1.299462326623881947e-01
9.906965980554158779e-01 3.555704734666176314e-02 -1.313632429526347956e-01
9.872912806225757620e-01 8.872264283089514869e-02 -1.318505877571226059e-01
9.811577267067387309e-01 1.416328629176316911e-01 -1.314153818858898315e-01
9.723824163753502781e-01 1.937825477338980251e-01 -1.300811592066459799e-01
9.611289513872754986e-01 2.446966508706514276e-01 -1.278867592993890856e-01
9.476291047177383131e-01 2.939443510351276712e-01 -1.248844191394161973e-01
9.321709495937665624e-01 3.411500974886288451e-01 -1.211372508322362263e-01
9.150851342258043974e-01 3.860010073317912127e-01 -1.167163320009672600e-01
8.967304329840661836e-01 4.282504280071494085e-01 -1.116976496536801616e-01
8.774796303203289405e-01 4.677178466090676223e-01 -1.061591229585574087e-01
8.577066110535023213e-01 5.042856209514693377e-01 -1.001778918961561821e-01
8.377752831849855086e-01 5.378931988641725281e-01 -9.382800650982575652e-02
8.180306923826360377e-01 5.685295767272818823e-01 -8.717859507425777810e-02
7.987924387608336119e-01 5.962247384973555775e-01 -8.029253707016292818e-02
7.803503025112654701e-01 6.210407361712314556e-01 -7.322562391792372671e-02
7.629618379086482438e-01 6.430629494337457563e-01 -6.602615967230240912e-02
7.468516063355680190e-01 6.623919219739378139e-01 -5.873493554812782291e-02
7.322116812673824526e-01 6.791360350809334534e-01 -5.138550473987423678e-02
7.192030603052947946e-01 6.934051593500146771e-01 -4.400468508695338371e-02
7.079576488358094721e-01 7.053053298945193283e-01 -3.661322402910905521e-02
6.985805252503146656e-01 7.149344214352888471e-01 -2.922657050463001172e-02
6.911522496500163149e-01 7.223787555157962226e-01 -2.185570993984417565e-02
6.857310300188249608e-01 7.277105493093753985e-01 -1.450802977559393150e-02
6.829520146422449756e-01 7.304407033838830055e-01 -5.753153065661946799e-03
6.826244730538363337e-01 7.307634427650669950e-01 2.965766788637623844e-03
6.847423913320819233e-01 7.286921700591691975e-01 1.165147624642334616e-02
6.892764035567263692e-01 7.242139703591723432e-01 2.030626439776304568e-02
6.961734203751837047e-01 7.172905700029827969e-01 2.893074916885891162e-02
7.053555074461991259e-01 7.078600422826049066e-01 3.752268105643562224e-02
7.167181067093515434e-01 6.958393234601557564e-01 4.607576715329252115e-02
7.301277399299233029e-01 6.811276350500596877e-01 5.457852646976710242e-02
7.454193880154741381e-01 6.636109278434395575e-01 6.301319894280936473e-02
7.623938017287484881e-01 6.431674642209199710e-01 7.135474461976661076e-02
7.808150677083544045e-01 6.196746318294704681e-01 7.956998549013652444e-02
8.004088229920462982e-01 5.930170274499360072e-01 8.761695892535588392e-02
8.208615724563683713e-01 5.630957596561582124e-01 9.544456654617160252e-02
8.418216035401592245e-01 5.298387903356571726e-01 1.029926126297227573e-01
8.629019945594944563e-01 4.932119712221639807e-01 1.101923282501732076e-01
8.836861584256749946e-01 4.532302429909947916e-01 1.169674672532947796e-01
9.037362360289842300e-01 4.099682716940138971e-01 1.232360343418201915e-01
9.226044431712495664e-01 3.635696310775184403e-01 1.289126619125837703e-01
9.398471846684757214e-01 3.142535382284690204e-01 1.339115914772197324e-01
9.550414000052303010e-01 2.623181545858190855e-01 1.381501419845928003e-01
9.678022379448595336e-01 2.081396077295565028e-01 1.415524699486309101e-01
9.778008316133001143e-01 1.521661858137130507e-01 1.440533575207147976e-01
9.847807279830718130e-01 9.490759143712695911e-02 1.456017188655730765e-01
9.885714769937651303e-01 3.691966691270714279e-02 1.461635053315389621e-01
9.890980424022469686e-01 -2.121445939272693232e-02 1.457237237729643864e-01
9.863850572842500775e-01 -7.890539871796989346e-02 1.442873596646016554e-01
9.805554666956840526e-01 -1.355790026650295355e-01 1.418791077285746494e-01
9.718236963620908719e-01 -1.906965775583529532e-01 1.385419402243498188e-01
9.604840589054661759e-01 -2.437722249479030712e-01 1.343346654380130345e-01
9.468955633083773193e-01 -2.943860981344315064e-01 1.293287260830747187e-01
9.314645624706390237e-01 -3.421928712638848125e-01 1.236045451196225997e-01
9.146267327925995394e-01 -3.869252609534540310e-01 1.172477395893108398e-01
8.968297462137124754e-01 -4.283929323608576811e-01 1.103454951870621731e-01
8.785177189267263653e-01 -4.664774969128632209e-01 1.029833360809546128e-01
8.601181678932027230e-01 -5.011245350405094667e-01 9.524244997626751807e-02
8.420318412233019911e-01 -5.323336540623070379e-01 8.719765142972790706e-02
8.246254629172922179e-01 -5.601475432717391012e-01 7.891599791591551172e-02
8.082271782588421605e-01 -5.846408532462241681e-01 7.045601990505440115e-02
7.931243154431905085e-01 -6.059095450338179978e-01 6.186749079245318361e-02
7.795629882431658331e-01 -6.240611626333443240e-01 5.319164412135934938e-02
7.684166468633811808e-01 -6.385134445873053011e-01 4.285527570657486629e-02
7.595775792626686673e-01 -6.496035148279691862e-01 3.251632157186069849e-02
7.531802299625017794e-01 -6.574399339945975473e-01 2.219035172650724030e-02
7.493158731001078321e-01 -6.621061428571055618e-01 1.188766593293815940e-02
7.480352347227398058e-01 -6.636571552030895438e-01 1.615048595358360706e-03
7.493502812466367180e-01 -6.621177777406895837e-01 -8.622459054594777336e-03
7.532350552524632592e-01 -6.574822519214846839e-01 -1.881979256159255556e-02
7.596255330686033647e-01 -6.497152675725835769e-01 -2.897011998065542049e-02
7.684185671393934935e-01 -6.387543561918227475e-01 -3.906313596914163383e-02
7.794700651119731427e-01 -6.245137231467725591e-01 -4.908341676612442556e-02
7.925926510691654325e-01 -6.068896132835486235e-01 -5.900887080921344424e-02
8.075531541687989145e-01 -5.857673136022326643e-01 -6.880933698162355894e-02
8.240703740625325846e-01 -5.610298692880273386e-01 -7.844540322606712024e-02
8.418136735467832699e-01 -5.325685155194539444e-01 -8.786754008533341487e-02
8.604030332918219948e-01 -5.002946994168772088e-01 -9.701566306777052728e-02
8.794112509624353313e-01 -4.641533818357829744e-01 -1.058192498010154942e-01
8.983689520678463936e-01 -4.241370741813559886e-01 -1.141981369621748871e-01
9.167729752838230661e-01 -3.802998008736446778e-01 -1.220641019488461210e-01
9.340984783075537701e-01 -3.327699191821374414e-01 -1.293232902602265977e-01
9.498147725320208457e-01 -2.817605258164269100e-01 -1.358794795956361767e-01
9.634437326877673957e-01 -2.286637806324928746e-01 -1.396044322366280788e-01
9.744582689799651254e-01 -1.736026960551392828e-01 -1.424554315710691299e-01
9.825744913798654112e-01 -1.170610457822514189e-01 -1.443760919614510418e-01
9.875888073136549483e-01 -5.957454909032315615e-02 -1.453258482684900710e-01
9.893889495151956259e-01 -1.713505879314909663e-03 -1.452823170548012965e-01
9.879602484128405804e-01 5.593729200802187440e-02 -1.442426480951836953e-01
9.833864859511997070e-01 1.127997932298827610e-01 -1.422237249472640686e-01
9.758452340922584289e-01 1.683233290300753526e-01 -1.392611943803818142e-01
9.655981637210863111e-01 2.220030108114097733e-01 -1.354074289450829804e-01
9.529773107143565403e-01 2.733945269038707271e-01 -1.307286341166112587e-01
9.383686274463178822e-01 3.221244388014786741e-01 -1.253013846461289438e-01
9.221942885849495619e-01 3.678956065827322930e-01 -1.192089051914241027e-01
9.048951607673426656e-01 4.104878851560864184e-01 -1.125373982189504657e-01
8.869146243111343253e-01 4.497546530147401578e-01 -1.053726756056008601e-01
8.686846115516572153e-01 4.856160181984295887e-01 -9.779728211705646101e-02
8.506143662141297801e-01 5.180496797042757340e-01 -8.988822296112938814e-02
8.330820881493701258e-01 5.470804219258449397e-01 -8.171533598893077066e-02
8.164293470775810801e-01 5.727691178105080994e-01 -7.334029020619728390e-02
8.009579472214857221e-01 5.952019530134353698e-01 -6.481615020045577991e-02
7.869288041305835257e-01 6.144803958057029059e-01 -5.618742133266413363e-02
7.738873246875691558e-01 6.314165587824202008e-01 -4.910865030334951586e-02
7.622890065513213687e-01 6.458754373179032005e-01 -4.195841409380567100e-02
7.522716448826367586e-01 6.579354726170936196e-01 -3.476208969162276896e-02
7.439467104070108805e-01 6.676712812449469014e-01 -2.754029894679889748e-02
7.374008082654800456e-01 6.751501193650519816e-01 -2.030960176712643186e-02
7.326971567307445365e-01 6.804291448198159786e-01 -1.308325157754975689e-02
7.298769420882026404e-01 6.835534259829125769e-01 -5.871986472641709670e-03
7.289604450076451192e-01 6.845546422731790814e-01 1.315163647223221467e-03
7.299478698639516594e-01 6.834504262769841576e-01 8.470068203191821743e-03
7.328198414316789977e-01 6.802443084672809004e-01 1.558469575906260007e-02
7.375375636330070428e-01 6.749262396931076102e-01 2.265033088649886714e-02
7.440426634041085174e-01 6.674736813832958804e-01 2.965681606570259865e-02
7.522567701915051641e-01 6.578532664153635690e-01 3.659182787999231551e-02
7.620809088433315726e-01 6.460230426264310655e-01 4.344019948836305017e-02
7.733948110347128591e-01 6.319353138405046089e-01 5.018330529354157049e-02
7.860562775147912351e-01 6.155400879893672128e-01 5.679852850500275580e-02
7.999007491761321864e-01 5.967891265359067665e-01 6.325883742701886303e-02
8.147412670070462992e-01 5.756405625147693605e-01 6.953250111176363657e-02
8.303690161219593469e-01 5.520640154188279913e-01 7.558297865595133003e-02
8.465546530725479579e-01 5.260460804779828470e-01 8.136901787523075080e-02
8.633653986291396354e-01 4.967267688531471492e-01 8.867296879212413496e-02
8.804871709105696054e-01 4.643246279124592646e-01 9.563047063416793558e-02
8.975681199583537273e-01 4.288721583019017847e-01 1.021780998325086953e-01
9.142390808022130555e-01 3.904478432797476306e-01 1.082479816535233674e-01
9.301224112578184711e-01 3.491834038092384573e-01 1.137695506879985996e-01
9.448428192045531526e-01 3.052692890523855951e-01 1.186717645788100267e-01
9.580398276024406634e-01 2.589577068436033636e-01 1.228856907274335220e-01
9.693812784960131879e-01 2.105625870385161025e-01 1.263473340545026302e-01
9.785770520870520350e-01 1.604560565666788841e-01 1.290005267843840342e-01
9.853920146843453409e-01 1.090612822889920341e-01 1.307996674293986361e-01
9.896571486488483504e-01 5.684188042716329520e-02 1.317120839188260228e-01
9.912778849335686093e-01 4.288455139362004620e-03 1.317198108274361679e-01
9.902388602235162596e-01 -4.809684200909596086e-02 1.308206141474997086e-01
9.866046362975945394e-01 -9.981660137971652691e-02 1.290281648314767216e-01
9.805163055629447788e-01 -1.503940583770891071e-01 1.263713451577385682e-01
9.721843047717269037e-01 -1.993874240360171690e-01 1.228927572878937141e-01
9.618781071250195325e-01 -2.464016498231951513e-01 1.186465780828370453e-01
9.499137107461982366e-01 -2.910969353907651991e-01 1.136959575677646134e-01
9.366399597198011850e-01 -3.331936462536808641e-01 1.081101841840243910e-01
9.224247190466697832e-01 -3.724736655073570546e-01 1.019618373993876059e-01
9.076417966662080339e-01 -4.087785101383019648e-01 9.532412156782552048e-02
8.926592995036772837e-01 -4.420047649910434640e-01 8.826853166519979532e-02
8.778298676077394003e-01 -4.720975125896243463e-01 8.086295046511016160e-02
8.634829891246226241e-01 -4.990424693849185300e-01 7.317022599358738444e-02
8.499193882235367425e-01 -5.228574961570013890e-01 6.524723388250440459e-02
8.374073154799103191e-01 -5.435840563137596115e-01 5.714439517429040216e-02
8.261804616745695995e-01 -5.612790754407569471e-01 4.890559743075946486e-02
8.164371586987875240e-01 -5.760075299335813970e-01 4.056845497781735171e-02
8.083405169639923393e-01 -5.878359774802378590e-01 3.216484087745718340e-02
8.020191667143902192e-01 -5.968271470371374621e-01 2.372162631553014628e-02
7.975683102909632005e-01 -6.030356348246733722e-01 1.526157005418267085e-02
7.950508446344309865e-01 -6.065047056862740149e-01 6.804309243413068919e-03
7.944983713624872435e-01 -6.072641730745885758e-01 -1.632588508529918617e-03
7.959119711875098924e-01 -6.053293215373103386e-01 -1.003254458133723617e-02
7.992626778505856899e-01 -6.007008377461608983e-01 -1.837888783101471191e-02
8.044916431996876893e-01 -5.933657245459094121e-01 -2.665379688768452354e-02
8.115100394249815663e-01 -5.832991820090557278e-01 -3.483729086457974106e-02
8.201987968509963922e-01 -5.704674451254454492e-01 -4.290629533402088441e-02
8.304083257071467328e-01 -5.548315649346491352e-01 -5.083381466284004474e-02
8.419584166116776958e-01 -5.363521045234359574e-01 -5.858824730569274497e-02
8.546385543663151951e-01 -5.149946900761981361e-01 -6.613288641686436431e-02
8.682089086944440037e-01 -4.907363081294782714e-01 -7.342565283632776496e-02
8.824022778223137298e-01 -4.635721734402354355e-01 -8.041910953339571899e-02
8.969272492784481354e-01 -4.335229104170897352e-01 -8.706080418267923837e-02
9.114727998859036839e-01 -4.006417015321708242e-01 -9.329397797947930338e-02
9.257144780760866443e-01 -3.650209692582500609e-01 -9.905866272794193461e-02
9.393221943317092704e-01 -3.267980883832300454e-01 -1.042931641060006881e-01
9.519694934145068732e-01 -2.861595900130458614e-01 -1.089358975210722169e-01
9.633440060507133529e-01 -2.433433340314369031e-01 -1.129275064087501557e-01
9.731585967994188513e-01 -1.986382063067399228e-01 -1.162131551785096223e-01
9.811625643063998092e-01 -1.523810456728462992e-01 -1.187448556658642351e-01
9.871521384311695568e-01 -1.049507173442385255e-01 -1.204836629476534055e-01
9.909794817593474692e-01 -5.675950447747513117e-02 -1.214015692395738755e-01
9.925594579635118597e-01 -8.242256720263956005e-03 -1.214829369883337479e-01
9.918735793418128610e-01 4.015602474313460790e-02 -1.207253448388791311e-01
9.889707766537945144e-01 8.799331027461311516e-02 -1.191397699288179596e-01
9.839649163096000350e-01 1.348434363272036363e-01 -1.167500906040993547e-01
9.770292827994184748e-01 1.803078622991970692e-01 -1.135919565973057543e-01
9.683885054532447301e-01 2.240255120766697083e-01 -1.097111299134114898e-01
9.583086022545984628e-01 2.656801355753140026e-01 -1.051614414781301549e-01
9.465347616448740453e-01 3.060591229203451502e-01 -1.019803189196377691e-01
9.336064716583203360e-01 3.445812312116788845e-01 -9.819849225194887676e-02
9.197863514675869157e-01 3.810266500460796624e-01 -9.387202620219019245e-02
9.053507082870323464e-01 4.152213013434690181e-01 -8.905924266984070747e-02
8.905806437575681800e-01 4.470354329770308000e-01 -8.381889504403683411e-02
8.757540746806664611e-01 4.763804968391407990e-01 -7.820855626781764158e-02
8.611389444796848647e-01 5.032047188283041983e-01 -7.228328159829792987e-02
8.469877635903841906e-01 5.274877897652459069e-01 -6.609457803130550091e-02
8.335334941080051463e-01 5.492350863641342062e-01 -5.968968660762144496e-02
8.209866959062925851e-01 5.684717820092208829e-01 -5.311116329348480880e-02
8.095337820706318688e-01 5.852371408169170230e-01 -4.639672965135725746e-02
7.993361903429460069e-01 5.995792165691663511e-01 -3.957935594266016183e-02
7.905302607985236207e-01 6.115501093521767961e-01 -3.268753582407092628e-02
7.832276130106813339e-01 6.212018729842172515e-01 -2.574571225091126445e-02
7.775158329776379329e-01 6.285831186877199883e-01 -1.877481732663217537e-02
7.734593060307806134e-01 6.337363258357846529e-01 -1.179289346205613861e-02
7.711000627123439921e-01 6.366958482436146927e-01 -4.815768345117970445e-03
7.704585372266486987e-01 6.374865926155217632e-01 2.142238887497212307e-03
7.715341706324674309e-01 6.361233420827541174e-01 9.067598774784121907e-03
7.743058224479637541e-01 6.326106997508492702e-01 1.594685545359407833e-02
7.792520624197566415e-01 6.262352240951056803e-01 2.440853831527640960e-02
7.861556373909810436e-01 6.171578520828807646e-01 3.279653509178473425e-02
7.949083055193890690e-01 6.053365317773894416e-01 4.109242268301954715e-02
8.053710693782039076e-01 5.907196140099797432e-01 4.927374754582735522e-02
8.173734513761777842e-01 5.732503569172122670e-01 5.731317830798698942e-02
8.307130081936078270e-01 5.528723994195325897e-01 6.517781647562254088e-02
8.451553663399551386e-01 5.295361510476701561e-01 7.282871403174905056e-02
8.604350918863417075e-01 5.032059833735117449e-01 8.022065304676836983e-02
8.762577186391483641e-01 4.738680245568014926e-01 8.730224516317043604e-02
8.923032414388121225e-01 4.415382572827751262e-01 9.401640581548117992e-02
9.082313258843061066e-01 4.062705103752451419e-01 1.003012472144585582e-01
9.236883857524675889e-01 3.681638295153905061e-01 1.060914138835227505e-01
9.383165326795241956e-01 3.273686313575799867e-01 1.113198543737682622e-01
9.517642148440785821e-01 2.840910092749632243e-01 1.159199838314227543e-01
9.636981475794994534e-01 2.385945885993798199e-01 1.198281475444387401e-01
9.738159241309890524e-01 1.911994394962547306e-01 1.229862507816853606e-01
9.818585119562830421e-01 1.422777504899447321e-01 1.253443821417815629e-01
9.876217244359414282e-01 9.224623380708918408e-02 1.268632337903514429e-01
9.909657401362746976e-01 4.155554707313982576e-02 1.275161188948865931e-01
9.918218393909098429e-01 -9.322667628517730676e-03 1.272904080113171632e-01
9.901957390637265988e-01 -5.991025580589741384e-02 1.261882517488878697e-01
9.861672073259657445e-01 -1.097374834292174361e-01 1.242265217251487391e-01
9.798859889617420604e-01 -1.583573252368563056e-01 1.214359766519404887e-01
9.715644156936205089e-01 -2.053580817481105714e-01 1.178597342125476399e-01
9.614673639078830103e-01 -2.503734964050777778e-01 1.135511912642670346e-01
9.499004145837210977e-01 -2.930898268982949917e-01 1.085715764509165016e-01
9.371971473469807856e-01 -3.332496446795549794e-01 1.029873363151920657e-01
9.237064642373323808e-01 -3.706524454182468231e-01 9.686754886024211142e-02
9.097807093843619519e-01 -4.051524106757778410e-01 9.028153156412144220e-02
8.957651603444771737e-01 -4.366538421598677999e-01 8.329677091068873884e-02
8.819892508227153982e-01 -4.651048861276604884e-01 7.597725510425470952e-02
8.687596746802430658e-01 -4.904901830522143680e-01 6.838224752657799665e-02
8.563553409903075231e-01 -5.128230328422825890e-01 6.056550063295987330e-02
8.450240128948295348e-01 -5.321375797067368074e-01 5.257488117141104894e-02
8.349803732371339215e-01 -5.484814141657448072e-01 4.445235863540032695e-02
8.264052143909271786e-01 -5.619088804343901344e-01 3.623429897238124309e-02
8.194454410052763871e-01 -5.724752782293112130e-01 2.795200305346592917e-02
8.142145933910142075e-01 -5.802320665836444569e-01 1.963243213619365879e-02
8.107936370090265132e-01 -5.852231165690533476e-01 1.129906839684206160e-02
8.092318123899336912e-01 -5.874820195169289105e-01 2.972865711717455686e-03
8.100896337478750153e-01 -5.862639762264274523e-01 -7.030270284297118755e-03
8.131673005688296874e-01 -5.817822958643479314e-01 -1.698215841757915595e-02
8.184009809690349080e-01 -5.740194340060557066e-01 -2.686298739837045951e-02
8.256847849554705965e-01 -5.629400550545277104e-01 -3.665013191254219704e-02
8.348701788874804963e-01 -5.484948976356094352e-01 -4.631674214255716848e-02
8.457653147726927889e-01 -5.306261464143815498e-01 -5.583048373329412700e-02
8.581345971687329710e-01 -5.092742828095996321e-01 -6.515248967922972201e-02
8.716988874566012901e-01 -4.843863330438675785e-01 -7.423659705306723255e-02
8.861368031336100959e-01 -4.559253424392589182e-01 -8.302895117001811431e-02
9.010875958564291688e-01 -4.238807793512035516e-01 -9.146806433096862921e-02
9.161560708926471674e-01 -3.882794165817408105e-01 -9.948541191421166052e-02
9.309199268329074739e-01 -3.491960669276312212e-01 -1.070066315648998539e-01
9.449397360183501293e-01 -3.067633866132262743e-01 -1.139533587380345270e-01
9.577715501224918215e-01 -2.611798382731321810e-01 -1.202456830264103105e-01
9.689818127519136404e-01 -2.127148612632994984e-01 -1.258051467600257434e-01
9.781639206428032196e-01 -1.617103665176815586e-01 -1.305581363490332658e-01
9.849554437220884306e-01 -1.085778791260834930e-01 -1.344394476480844647e-01
9.890547511846990991e-01 -5.379099542353159291e-02 -1.373957518291694102e-01
9.902356564453264065e-01 2.126725475795641918e-03 -1.393886607666969535e-01
9.883587353195258940e-01 5.861781115474019865e-02 -1.403971007671393767e-01
9.833782073543708702e-01 1.151097655735124903e-01 -1.404187545175693552e-01
9.753436797773565869e-01 1.710353353867930248e-01 -1.394704191166701857e-01
9.643965787123089939e-01 2.258525098369935091e-01 -1.375872405735137360e-01
9.507616477990616932e-01 2.790626507857456029e-01 -1.348209040545045589e-01
9.347343876104362570e-01 3.302254001447981757e-01 -1.312369647314277910e-01
9.166656626157715371e-01 3.789694240569099204e-01 -1.269115798044234411e-01
8.969448704074877154e-01 4.249985489435158525e-01 -1.219279384682487449e-01
8.759830445877260230e-01 4.680933383410437187e-01 -1.163726820157242464e-01
8.541970780582780476e-01 5.081085775631231094e-01 -1.103325673218316927e-01
8.319959610856154653e-01 5.449674276101129644e-01 -1.038915650586726552e-01
8.097695900725867535e-01 5.786531629616780137e-01 -9.712851229882200899e-02
7.878803740950521828e-01 6.091994297369009992e-01 -9.011536953452589649e-02
7.666575874287784309e-01 6.366798795636643415e-01 -8.291607320420804617e-02
7.463942095069199256e-01 6.611978870120626128e-01 -7.558593127284889135e-02
7.273458641085039922e-01 6.828768806249314594e-01 -6.817148235213298102e-02
7.097314097159582724e-01 7.018516388960660546e-01 -6.071072670518619374e-02
6.937347283868963155e-01 7.182607433219643234e-01 -5.323363716961933972e-02
6.795072942483378897e-01 7.322402520593670472e-01 -4.576286594352634018e-02
6.671711589198812131e-01 7.439185634099275690e-01 -3.831457590738466396e-02
6.568220568084566224e-01 7.534123767257260296e-01 -3.089933990679272213e-02
6.491591962915898018e-01 7.603297599048892685e-01 -2.216281563074533334e-02
6.439941322404167945e-01 7.649117825489111233e-01 -1.348043030830793285e-02
6.413587150190713793e-01 7.672259925504221201e-01 -4.845321658253990901e-03
6.412638969836164105e-01 7.673113758868534973e-01 3.751148608800269901e-03
6.437009482812687811e-01 7.651781211746995215e-01 1.231819348077345042e-02
6.486417692987981320e-01 7.608079506140918991e-01 2.086442648225603561e-02
6.560383182735565200e-01 7.541550015913286442e-01 2.939670144804152480e-02
6.658211996922394071e-01 7.451472947057502516e-01 3.791895482936463030e-02
6.778974894741445212e-01 7.336888714907996434e-01 4.643104417799960582e-02
6.921479106352351751e-01 7.196627259253601805e-01 5.492758475924725686e-02
7.084235213880207827e-01 7.029346843222011865e-01 6.339679785322438477e-02
7.265421383337584693e-01 6.833584033283096604e-01 7.181939914746209019e-02
7.462847903521870885e-01 6.607816491063507325e-01 8.016757333455092061e-02
7.673925807745786143e-01 6.350539846484898332e-01 8.840410070490677119e-02
7.895644191665484035e-01 6.060359186876720372e-01 9.648172148250018509e-02
8.124561573442929951e-01 5.736094522892543068e-01 1.043428412141429035e-01
8.356817096824508129e-01 5.376897953002915953e-01 1.119196919433360776e-01
8.588167335958000193e-01 4.982378188803171515e-01 1.191350645350071069e-01
8.814053688870406855e-01 4.552725772587637998e-01 1.259037123890557608e-01
9.029703642512330042e-01 4.088829994777694044e-01 1.321344916025962712e-01
9.230266454988688141e-01 3.592376609757990114e-01 1.377332452800758278e-01
9.410980107322979293e-01 3.065914453543022167e-01 1.426063618169148284e-01
9.567362047291658733e-01 2.512879487941186429e-01 1.466648454242164834e-01
9.695411861867527792e-01 1.937567007304457078e-01 1.498286443040131033e-01
9.791810357938255382e-01 1.345046840868533433e-01 1.520309044750754457e-01
9.854097450057776042e-01 7.410220633339745233e-02 1.532217733456597009e-01
9.880811445575732321e-01 1.316382550643444005e-02 1.533713815851429629e-01
9.871575103513323679e-01 -4.767433380255835934e-02 1.524716915338343581e-01
9.827119014202544411e-01 -1.077790486884200871e-01 1.505370108537281149e-01
9.749239642546971840e-01 -1.665441733001936098e-01 1.476031151985081613e-01
9.640696639739771978e-01 -2.234124854942308169e-01 1.437250786916639267e-01
9.505060479462046352e-01 -2.778934939863266229e-01 1.389740487589850026e-01
9.346526042040332882e-01 -3.295760360413464984e-01 1.334332995227610896e-01
9.169709837610533487e-01 -3.781351447593280790e-01 1.271939424165422217e-01
8.979448072221450916e-01 -4.233333044445549698e-01 1.203506627657775913e-01
8.780610164117578220e-01 -4.650167429804640817e-01 1.129977962939325564e-01
8.577938372363956843e-01 -5.031077697303133478e-01 1.052259760815572459e-01
8.375919755587361015e-01 -5.375943377416592117e-01 9.711948652399168824e-02
8.178692474773530119e-01 -5.685180086049659298e-01 8.875437207043122834e-02
7.989985001770005812e-01 -5.959613696532481963e-01 8.019727587224548260e-02
7.813084343460572345e-01 -6.200357476441131777e-01 7.150493222511322688e-02
7.650827962071341526e-01 -6.408698287374315905e-01 6.272420730498569352e-02
7.505613529298177378e-01 -6.585995689188780533e-01 5.389257225961480852e-02
7.379420780487864207e-01 -6.733595861727177390e-01 4.503889658750502567e-02
7.273840303513240402e-01 -6.852760774096577912e-01 3.618446290553901934e-02
7.190104900286332645e-01 -6.944612015299300722e-01 2.734412219016604112e-02
7.129120039852614443e-01 -7.010088109206067397e-01 1.852752785578819922e-02
7.091490776244200323e-01 -7.049913897845170307e-01 9.740405147758283630e-03
7.077543274861241018e-01 -7.064580606107810912e-01 9.858277529455009708e-04
7.087339758889779073e-01 -7.054335418420748516e-01 -7.734514538731503477e-03
7.120686259670890861e-01 -7.019179734222878997e-01 -1.641906517850365982e-02
7.177133056313005355e-01 -6.958875666147665839e-01 -2.506517102002209230e-02
7.255968153012879451e-01 -6.872960753735080086e-01 -3.366787663215434212e-02
7.356204602118963098e-01 -6.760771242446733664e-01 -4.221874922859121526e-02
7.476562967442926810e-01 -6.621474579580437503e-01 -5.070474720304125882e-02
7.615450756420865108e-01 -6.454111959218994388e-01 -5.910715485601489294e-02
7.770941236281427855e-01 -6.257651756604486470e-01 -6.740061804605061713e-02
7.940754670732255160e-01 -6.031054473594090748e-01 -7.555232932624958431e-02
8.122245623098007794e-01 -5.773349317974547645e-01 -8.352142527053300902e-02
8.312400488497616591e-01 -5.483721719167599096e-01 -9.125867116382552213e-02
8.510856971670686111e-01 -5.153161365618007528e-01 -1.005118556478424019e-01
8.713466061211038172e-01 -4.783094137191837847e-01 -1.094323210610748942e-01
8.915348928172852627e-01 -4.373290660521758078e-01 -1.179367679031847610e-01
9.111257382772880442e-01 -3.924169383973506453e-01 -1.259329960300888396e-01
9.295698771024655249e-01 -3.436935848306086894e-01 -1.333224500585948880e-01
9.463102047692925067e-01 -2.913697113335108613e-01 -1.400036786431300417e-01
9.608020661967396903e-01 -2.357536378751041717e-01 -1.458766064467559020e-01
9.725362245142983308e-01 -1.772533643766465994e-01 -1.508473988383484676e-01
9.810629496689018403e-01 -1.163721467420595346e-01 -1.548335814846993896e-01
9.860152224405578369e-01 -5.369705772815193401e-02 -1.577689834817273540e-01
9.871288346064669428e-01 1.011922887935157167e-02 -1.596080277939711800e-01
9.842572670828274584e-01 7.438234457928737109e-02 -1.603289150343137626e-01
9.773796729831735197e-01 1.383839574442709830e-01 -1.599353420255938962e-01
9.666010325476769305e-01 2.014309101440735494e-01 -1.584565547026938193e-01
9.521444593031200831e-01 2.628731405602106608e-01 -1.559457296613193100e-01
9.343365538149485117e-01 3.221279480873079359e-01 -1.524768743153056827e-01
9.135874540166391000e-01 3.786987070677859668e-01 -1.481405962115501240e-01
8.903676937147673165e-01 4.321869009742552170e-01 -1.430391908241103460e-01
8.651841003869683577e-01 4.822971996005179784e-01 -1.372815228114742381e-01
8.385567643537844562e-01 5.288360728501949604e-01 -1.309781335107150224e-01
8.109986782801468230e-01 5.717050149048038543e-01 -1.242369153598058135e-01
7.829990922278412535e-01 6.108897866334219717e-01 -1.171595761646986450e-01
7.550110658245193784e-01 6.464471751350365780e-01 -1.098389962457392843e-01
7.274432103711203634e-01 6.784906630581204467e-01 -1.023574775864253411e-01
7.006552486152607395e-01 7.071761639248526077e-01 -9.478580655593413229e-02
6.749567924678944175e-01 7.326886818039857197e-01 -8.718300357493176389e-02
6.506086370448086464e-01 7.552304511331946468e-01 -7.959661167617880506e-02
6.278258660537968661e-01 7.750108440330077952e-01 -7.206337553214191283e-02
6.067821268107254085e-01 7.922381185848847984e-01 -6.461017639451852035e-02
5.876145333360549561e-01 8.071129279793064493e-01 -5.725511019660815826e-02
5.704287693631585610e-01 8.198234129139241322e-01 -5.000862077319888355e-02
5.553040731848032374e-01 8.305416484978291880e-01 -4.287462425140255856e-02
5.422978832364577784e-01 8.394212007481399729e-01 -3.585158207395462704e-02
5.314500026028676771e-01 8.465955556214426192e-01 -2.893349786933456166e-02
5.227862013631764393e-01 8.521772062328883957e-01 -2.211082729667455254e-02
5.163212192480186591e-01 8.562572144996632995e-01 -1.537130035785001445e-02
5.120611600202000790e-01 8.589050970532637885e-01 -8.700663009804130571e-03
5.100052862699165912e-01 8.601689188606902459e-01 -2.083349821832191674e-03
5.101472318563248232e-01 8.600755099510749568e-01 4.496897534341815286e-03
5.124756516863901989e-01 8.586307503451203749e-01 1.105644953043185760e-02
5.174523474291986558e-01 8.555077176918034487e-01 1.870606458463268396e-02
5.249238456747018500e-01 8.507403755018374536e-01 2.638317644054236077e-02
5.348599946425330875e-01 8.442521713539695716e-01 3.410802020509232091e-02
5.472202137810849853e-01 8.359395316676969667e-01 4.189789181448632521e-02
5.619504427781637501e-01 8.256726435752800297e-01 4.976623004274419171e-02
5.789793198191502954e-01 8.132966558196927931e-01 5.772161041514815155e-02
5.982136336256439479e-01 7.986335076647855802e-01 6.576664454086007805e-02
6.195331366149530172e-01 7.814846350607057568e-01 7.389679026976558873e-02
6.427848703089722449e-01 7.616348356891917692e-01 8.209909406649332220e-02
6.677772412740942132e-01 7.388575913008313956e-01 9.035090760004155230e-02
6.942741963611016587e-01 7.129221362896287495e-01 9.861864579291582111e-02
7.219899756329445362e-01 6.836025124596051272e-01 1.068566826005195591e-01
7.505850596644900730e-01 6.506887468255764251e-01 1.150065114115580711e-01
7.796640561787383517e-01 6.140001187847035080e-01 1.229963252292375908e-01
8.087763611981529932e-01 5.734002374705311489e-01 1.307411917708382054e-01
8.374204455171530004e-01 5.288133334266604813e-01 1.381440025618172751e-01
8.650525175595250582e-01 4.802408027678272684e-01 1.450973543403124566e-01
8.911000620581178699e-01 4.277766717453974077e-01 1.514864678748041871e-01
9.149803309866718637e-01 3.716203441520787853e-01 1.571931594994371018e-01
9.361232811553675814e-01 3.120848396209283115e-01 1.621007569408823012e-01
9.539977684105610534e-01 2.495988146262470009e-01 1.660997054101289450e-01
9.681391254608254782e-01 1.847010421386662826e-01 1.690934646290664090e-01
9.781757084624509435e-01 1.180267193295825995e-01 1.710041821754260116e-01
9.838517421351955505e-01 5.028590966626240999e-02 1.717775742613987799e-01
9.850439339850659559e-01 -1.776453663262002325e-02 1.713864751727790792e-01
9.817698976438262726e-01 -8.535329717264021621e-02 1.698326380068126140e-01
9.741873548930714000e-01 -1.517281930982712912e-01 1.671465674720568617e-01
9.625842132057075284e-01 -2.161879673415449399e-01 1.633854057612699751e-01
9.473607238804154784e-01 -2.781093726286255063e-01 1.586291287188745791e-01
9.290058036256148011e-01 -3.369674260159262746e-01 1.529754966652716319e-01
9.080701012396302785e-01 -3.923476599730584824e-01 1.465343106797452055e-01
8.851384598301401674e-01 -4.439502333660635958e-01 1.394215400253244197e-01
8.608041116675184679e-01 -4.915866695472035919e-01 1.317538199239347563e-01
8.356463660883031164e-01 -5.351706323972783563e-01 1.236436963778224790e-01
8.102128580518569434e-01 -5.747044822566931277e-01 1.151958475501604073e-01
7.850067510882455801e-01 -6.102633920184116212e-01 1.065043681525520147e-01
7.604787298058712786e-01 -6.419786177503563618e-01 9.765108487920504121e-02
7.370232223781888470e-01 -6.700211966138005515e-01 8.870478753075153322e-02
7.149780684785612683e-01 -6.945869719059781788e-01 7.972121337657525619e-02
6.946267695901948702e-01 -7.158834860700633573e-01 7.074360654761704947e-02
6.769155117244813891e-01 -7.335790066969404277e-01 6.039377955509926676e-02
6.617126394313483928e-01 -7.480795973423138845e-01 5.013464404080514303e-02
6.491723056595640751e-01 -7.595905916360529142e-01 3.997049508816280516e-02
6.394085628751448036e-01 -7.682857707168936345e-01 2.989748841698639317e-02
6.325013310229409269e-01 -7.743035827167171758e-01 1.990549219631746261e-02
6.285012065270940695e-01 -7.777447141574843625e-01 9.979856053392518328e-03
6.274329680970053280e-01 -7.786707052487643610e-01 1.030961394192266012e-04
6.292977060258230226e-01 -7.771033846470875028e-01 -9.743488310166848604e-03
6.340735502943548596e-01 -7.730249894804509525e-01 -1.957824158196201994e-02
6.417150082184123194e-01 -7.663789283295768806e-01 -2.941759189144540348e-02
6.521509538337723066e-01 -7.570712353571121822e-01 -3.927447758409034761e-02
6.652813476984065222e-01 -7.449728504250306971e-01 -4.915673777004304912e-02
6.809728158087484662e-01 -7.299229395893713779e-01 -5.906545821893019466e-02
6.990532874596828705e-01 -7.117335375048238211e-01 -6.899328154811433522e-02
7.193059899628779785e-01 -6.901958395576914818e-01 -7.892271541523729339e-02
7.414632258240175799e-01 -6.650884846556210928e-01 -8.882450361508910375e-02
7.652005125801926155e-01 -6.361881333544355810e-01 -9.865616178472369491e-02
7.901318362485801883e-01 -6.032825416043035016e-01 -1.083608193619012977e-01
8.158069345292793262e-01 -5.661861395699459010e-01 -1.178665478076705575e-01
8.417116509104970445e-01 -5.247578354586995841e-01 -1.270863844910208595e-01
8.670737671403762059e-01 -4.797991128263015548e-01 -1.340751675447625635e-01
8.912656759110415550e-01 -4.311557596424601679e-01 -1.405364156018905075e-01
9.137538033569515550e-01 -3.789877101712595397e-01 -1.463646261297525675e-01
9.340103054558481777e-01 -3.235532454901430266e-01 -1.514541898576128587e-01
9.515350001305400429e-01 -2.652126104892252867e-01 -1.557040851433492135e-01
9.658790110972820253e-01 -2.044255571114013681e-01 -1.590229360881440235e-01
9.766682604557758163e-01 -1.417420851978488106e-01 -1.613340368016712989e-01
9.836246515246380717e-01 -7.778634973305709188e-02 -1.625798815420035071e-01
9.865827745528226167e-01 -1.323452521042543795e-02 -1.627257388000379335e-01
9.855002951289602020e-01 5.121177473649200784e-02 -1.617618773113729813e-01
9.804608264144240026e-01 1.148542890195870525e-01 -1.597041887930092385e-01
9.716689441087823509e-01 1.770265504537658074e-01 -1.565931351303435082e-01
9.594379238266702581e-01 2.371194667862260019e-01 -1.524911440954100639e-01
9.441715940908550486e-01 2.946019513360253472e-01 -1.474787512080613372e-01
9.263422625494975859e-01 3.490352090337247581e-01 -1.416499058456443250e-01
9.064669098029696226e-01 4.000801103020711347e-01 -1.351069104515420227e-01
8.850837527263883953e-01 4.474978862260827750e-01 -1.279554423477290703e-01
8.627309223959531703e-01 4.911450254956011841e-01 -1.203000320780930055e-01
8.399284853994231081e-01 5.309636715302238352e-01 -1.122402627189328927e-01
8.171644739301791027e-01 5.669689908319586191e-01 -1.038678351675327016e-01
7.941221004570598874e-01 5.999811363000595588e-01 -9.691673868677952441e-02
7.715429871411434437e-01 6.298147284354893571e-01 -8.974934957450210471e-02
7.497506080608981049e-01 6.565666597734157728e-01 -8.242790171730969562e-02
7.290295727582533081e-01 6.803603289648880725e-01 -7.500541553381183391e-02
7.096254858850686853e-01 7.013359029189030203e-01 -6.752574505815457651e-02
6.917463415186082543e-01 7.196417347807236853e-01 -6.002397085420091427e-02
6.755649788604471961e-01 7.354270693335955844e-01 -5.252704235172850344e-02
6.612221775743409857e-01 7.488360454540743394e-01 -4.505458491430772150e-02
6.488300393876677008e-01 7.600029206111958979e-01 -3.761980230553980953e-02
6.384753753373405560e-01 7.690483912427243940e-01 -3.023042154582385524e-02
6.302228868157099262e-01 7.760768590622577623e-01 -2.288964262816855708e-02
6.241179885992302889e-01 7.811744902783573918e-01 -1.559706911875487038e-02
6.201891713718356014e-01 7.844079261785145141e-01 -8.349606809336451024e-03
6.184498399168837368e-01 7.858235244321971624e-01 -1.142326205967170334e-03
6.188995924340545685e-01 7.854470368858859075e-01 6.030709150025052694e-03
6.215249283310803063e-01 7.832836587576679221e-01 1.317564250912475407e-02
6.262993886543665178e-01 7.793184140762202672e-01 2.029804380197344424e-02
6.331831474435913876e-01 7.735168716427490709e-01 2.740214120166234099e-02
6.421220860387506502e-01 7.658262137338369691e-01 3.449005731506411820e-02
6.530463978803257019e-01 7.561767052538497236e-01 4.156104588861991855e-02
6.663416982812231382e-01 7.439666676388340116e-01 5.002465522156586408e-02
6.818008296924552569e-01 7.291963181384635284e-01 5.848491872065188224e-02
6.992701054706867980e-01 7.117175419891627053e-01 6.692972459737528412e-02
7.185617159354855676e-01 6.913705427941605475e-01 7.533898429626391391e-02
7.394498268847007338e-01 6.679903764492622908e-01 8.368358983109738802e-02
7.616671480073340383e-01 6.414149786906080397e-01 9.192452654411684132e-02
7.849024616582011005e-01 6.114947456946127069e-01 1.000122345150082637e-01
8.087996817877103339e-01 5.781035981339719410e-01 1.078863306162873154e-01
8.329590612950413808e-01 5.411512797117994378e-01 1.154758151703999675e-01
8.569411596562986899e-01 5.005964165955499867e-01 1.226998871988257828e-01
8.802740956612397083e-01 4.564596111877958773e-01 1.294694749065005979e-01
9.024644206109764255e-01 4.088355934965606231e-01 1.356895486827079944e-01
9.230116451290634183e-01 3.579032514732111703e-01 1.412622203633012163e-01
9.414260478229109497e-01 3.039322632183295569e-01 1.460905469450594074e-01
9.572489235614790593e-01 2.472851135850762661e-01 1.500828573108032027e-01
9.700739590069914486e-01 1.884135346066488914e-01 1.531573208727371183e-01
9.795680408653304472e-01 1.278488703410994853e-01 1.552463960534512244e-01
9.854896005868213349e-01 6.618649426089440180e-02 1.563007539167701188e-01
9.877026512010523840e-01 4.065116002481848623e-03 1.562922836513788993e-01
9.861850069390045714e-01 -5.785751612037998148e-02 1.552158582606790183e-01
9.810297635987467180e-01 -1.189305088951712192e-01 1.530896641989180351e-01
9.724398668157651082e-01 -1.785350768736836125e-01 1.499540585650268876e-01
9.607163753790199934e-01 -2.361070085477695868e-01 1.458690839015890917e-01
9.462416984397130637e-01 -2.911545942827766797e-01 1.409109140389736281e-01
9.294595374342622396e-01 -3.432708761811092968e-01 1.351676010433349728e-01
9.108534379826981331e-01 -3.921397880035330519e-01 1.287345308704091751e-01
8.909257583422772742e-01 -4.375364293649963154e-01 1.217099747465696657e-01
8.701785461099772467e-01 -4.793222598157275693e-01 1.141910567302497348e-01
8.490973711031595261e-01 -5.174363461799115216e-01 1.062703639642943176e-01
8.281386820547126382e-01 -5.518839392780470199e-01 9.803332449646071090e-02
8.077208147424597140e-01 -5.827236211052440051e-01 8.955638459202316937e-02
7.882184293652761964e-01 -6.100541007039984587e-01 8.090594383301868975e-02
7.699599166149486695e-01 -6.340015029210749331e-01 7.213795651839660650e-02
7.532271825618215289e-01 -6.547077395818748924e-01 6.329808142765809553e-02
7.382571844095294766e-01 -6.723203150367755843e-01 5.442225508303415171e-02
7.252446176602292960e-01 -6.869837204384552365e-01 4.553757093603551243e-02
7.143452251786868157e-01 -6.988324233073911484e-01 3.666336300111025515e-02
7.056792886992312441e-01 -7.079853610753169546e-01 2.781241270782584124e-02
6.993349576950916857e-01 -7.145417935687545796e-01 1.899221862410762490e-02
6.953711591765155964e-01 -7.185783512457430966e-01 1.020628785625614030e-02
6.944058886298425382e-01 -7.195835797996863459e-01 -5.235032156589158880e-06
6.962406355233297095e-01 -7.177362637815766222e-01 -1.018338898288548289e-02
7.008473451866296111e-01 -7.130214492101389911e-01 -2.033424101728876360e-02
7.081655176376867589e-01 -7.053890774385013218e-01 -3.046177463169892977e-02
7.181005037990665363e-01 -6.947561614570244570e-01 -4.056617001878844164e-02
7.305207525374010080e-01 -6.810101911955224185e-01 -5.064210119458125575e-02
7.452542237913634127e-01 -6.640139383313790056e-01 -6.067706664879528311e-02
7.620842791376800651e-01 -6.436118680594153929e-01 -7.064979033992643820e-02
7.807454742048594021e-01 -6.196383682389052794e-01 -8.052875539924937709e-02
8.009198036013497335e-01 -5.919279624678704943e-01 -9.027096223798886099e-02
8.222340775869998453e-01 -5.603275696208395162e-01 -9.982103302882580631e-02
8.442592209498981370e-01 -5.247106972622065379e-01 -1.091108112293716209e-01
8.665123495511930507e-01 -4.849932060239768861e-01 -1.180596215594898329e-01
8.884624623216856865e-01 -4.411499651462558180e-01 -1.265753547503733756e-01
9.095404473477910479e-01 -3.932313633284775234e-01 -1.345565141295845812e-01
9.291538083567323358e-01 -3.413782941016640926e-01 -1.418953009193566206e-01
9.467060608324073812e-01 -2.858339733458417076e-01 -1.484817195482561192e-01
9.616201478058820085e-01 -2.269508536171400137e-01 -1.542085581531024985e-01
