1.000000000000000000e+00 0.000000000000000000e+00 0.000000000000000000e+00
9.998110262889685629e-01 7.289848021945785281e-03 -1.802138525303960404e-02
9.992168162182218927e-01 1.644334643588353170e-02 -3.599127195322243677e-02
9.981691718618663778e-01 2.744967031114987910e-02 -5.389639871702527063e-02
9.966104601362876236e-01 4.029316042103857354e-02 -7.172206562250639517e-02
9.944740074846879496e-01 5.495261692975855761e-02 -8.945200995216794071e-02
9.916846018453786549e-01 7.140052274146932443e-02 -1.070682995087953449e-01
9.881591151411291962e-01 8.960221231483891935e-02 -1.245512465582144929e-01
9.838072589916975197e-01 1.095150049864983127e-01 -1.418793455332323650e-01
9.785324850646101025e-01 1.310873252198646866e-01 -1.590292376282798348e-01
9.722330393510377755e-01 1.542578355734470219e-01 -1.759757053048627562e-01
9.648031766163929213e-01 1.789546113999324617e-01 -1.926916994957186269e-01
9.561345372937427589e-01 2.050943891449062972e-01 -2.091484019254467863e-01
9.461176841711868013e-01 2.325819223842149619e-01 -2.253153244469302818e-01
9.346437904363503746e-01 2.613094811748630786e-01 -2.411604466222144194e-01
9.216064641116316070e-01 2.911565306436366130e-01 -2.566503919579751769e-01
9.069036868439932508e-01 3.219896237603138700e-01 -2.717506422532609545e-01
8.904398376776703206e-01 3.536625407316459913e-01 -2.864257884553393918e-01
8.721277651812066045e-01 3.860167032580173463e-01 -3.006398152835128568e-01
8.518908645235802046e-01 4.188818859464608080e-01 -3.143564157160710359e-01
8.296651102382144316e-01 4.520772395021754875e-01 -3.275393302959026531e-01
8.054009909305577253e-01 4.854126310738908212e-01 -3.401527051551258563e-01
7.882660371300075353e-01 5.135490370178903419e-01 -3.389750472368161516e-01
7.702300297620358061e-01 5.409743435418469248e-01 -3.377758164662412743e-01
7.513255922431486544e-01 5.676602544002269379e-01 -3.365586594746169946e-01
7.315859697144879714e-01 5.935803464561864029e-01 -3.353272765793419152e-01
7.110449017816615758e-01 6.187100557580225146e-01 -3.340854018129519321e-01
6.897365002582256377e-01 6.430266533523170125e-01 -3.328367834133559855e-01
6.676951327623187327e-01 6.665092116154658353e-01 -3.315851648903213600e-01
6.449553129066609714e-01 6.891385619507615079e-01 -3.303342667691258061e-01
6.215515977099133060e-01 7.108972447484703805e-01 -3.290877690979574499e-01
5.975184927442627192e-01 7.317694525418191320e-01 -3.278492947913013711e-01
5.728903654219199559e-01 7.517409673131362213e-01 -3.266223938674523986e-01
5.477013667136361175e-01 7.707990929124615143e-01 -3.254105286246658513e-01
5.219853614868029679e-01 7.889325835467837500e-01 -3.242170597874952098e-01
4.957758675503937118e-01 8.061315692828705526e-01 -3.230452336427366844e-01
4.691060033999042145e-01 8.223874794816788958e-01 -3.218981701732337997e-01
4.420084445682990193e-01 8.376929650488782464e-01 -3.207788521876996923e-01
4.145153884092758756e-01 8.520418203453942185e-01 -3.196901154357565389e-01
3.866585270672482921e-01 8.654289055553792132e-01 -3.186346396896197475e-01
3.584690283244331699e-01 8.778500702578597714e-01 -3.176149407672853586e-01
3.299775239592824816e-01 8.893020788936696341e-01 -3.166333634667072294e-01
2.935004823172376875e-01 9.009828419370948804e-01 -3.195112303890700334e-01
2.565671722801827759e-01 9.114035313290065332e-01 -3.217404701789048915e-01
2.192950467441059925e-01 9.205279903771466099e-01 -3.233232781786802845e-01
1.818034829328341040e-01 9.283321314636332477e-01 -3.242637626385880822e-01
1.442125770526406503e-01 9.348039716576783675e-01 -3.245678776028479984e-01
1.066419566424950810e-01 9.399435022514790461e-01 -3.242433422445101243e-01
6.920963391957825339e-02 9.437623996317534569e-01 -3.232995486543844277e-01
3.203092136853375599e-02 9.462835883575474449e-01 -3.217474601598483974e-01
-4.782571751432242169e-03 9.475406702533899495e-01 -3.195995022594577128e-01
-4.112384627655476382e-02 9.475772356729651458e-01 -3.168694482165631543e-01
-7.689131090943997215e-02 9.464460748013167057e-01 -3.135723012678190424e-01
-1.119894617695811612e-01 9.442083079330868545e-01 -3.097241752794385738e-01
-1.463294379567248171e-01 9.409324541084193028e-01 -3.053421755342253796e-01
-1.798294506015045147e-01 9.366934573490235394e-01 -3.004442811642474842e-01
-2.124150859091596399e-01 9.315716890759043745e-01 -2.950492305651673530e-01
-2.440194854468693275e-01 9.256519441828224837e-01 -2.891764109452974463e-01
-2.745834093267561782e-01 9.190224467698254740e-01 -2.828457529808365845e-01
-3.040551899586792506e-01 9.117738797970978970e-01 -2.760776313726795994e-01
-3.323905856722713104e-01 9.039984509881991981e-01 -2.688927719327642296e-01
-3.595525447359937954e-01 8.957890052764341249e-01 -2.613121656711755447e-01
-3.833290776701346880e-01 8.858104446293715295e-01 -2.615314449921203876e-01
-4.068550540596659881e-01 8.751798829591092010e-01 -2.617807475061175171e-01
-4.301151768407298626e-01 8.639018581140344155e-01 -2.620582692970096494e-01
-4.530939612578184783e-01 8.519812211377502109e-01 -2.623621226519208260e-01
-4.757757348831965771e-01 8.394231695722917941e-01 -2.626903400913505049e-01
-4.981446408203241139e-01 8.262332813810675525e-01 -2.630408786668647636e-01
-5.201846441727181469e-01 8.124175492377375685e-01 -2.634116245367191245e-01
-5.418795418428029587e-01 7.979824149164009839e-01 -2.638003978283022799e-01
-5.632129757068737863e-01 7.829348035084285895e-01 -2.642049577945477790e-01
-5.841684491923236910e-01 7.672821571822651121e-01 -2.646230082694223662e-01
-6.047293472617696342e-01 7.510324681947794234e-01 -2.650522034252780768e-01
-6.248789597857050682e-01 7.341943108564964460e-01 -2.654901538322569365e-01
-6.446005082608876613e-01 7.167768721485634487e-01 -2.659344328170846206e-01
-6.638771758059609507e-01 6.987899806868294039e-01 -2.663825831155007817e-01
-6.826921403389613063e-01 6.802441337281971423e-01 -2.668321238092785097e-01
-7.010286108135839189e-01 6.611505219166846636e-01 -2.672805575353113250e-01
-7.188698663626064134e-01 6.415210514716134238e-01 -2.677253779506355014e-01
-7.361992981679726933e-01 6.213683635282334361e-01 -2.681640774335444788e-01
-7.530004538480449261e-01 6.007058503520530390e-01 -2.685941549971900821e-01
-7.692570841237776902e-01 5.795476681623011883e-01 -2.690131243883025491e-01
-7.864787994837275642e-01 5.627692959139649620e-01 -2.544441763013313151e-01
-8.021852480902553761e-01 5.468616470522623674e-01 -2.396689117017958837e-01
-8.164365324260467460e-01 5.319180199678333887e-01 -2.247100985076993518e-01
-8.292918204912366198e-01 5.180224148504852799e-01 -2.095897741483374876e-01
-8.408084144340396415e-01 5.052497910858375629e-01 -1.943293020248789693e-01
-8.510409214261213107e-01 4.936663527229107062e-01 -1.789494362174003095e-01
-8.600405265866809534e-01 4.833298474755598484e-01 -1.634703931616665051e-01
-8.678543668282775458e-01 4.742898664698673716e-01 -1.479119289847735941e-01
-8.745250038713643370e-01 4.665881337603864920e-01 -1.322934211555922002e-01
-8.800899943098994260e-01 4.602587764782282154e-01 -1.166339530740741204e-01
-8.845815544607150693e-01 4.553285683194548406e-01 -1.009524001934853088e-01
-8.880263177462499602e-01 4.518171409158701635e-01 -8.526751624242606686e-02
-8.904451824947064997e-01 4.497371594399087735e-01 -6.959801809040649934e-02
-8.918532482448199294e-01 4.490944605720544325e-01 -5.396266778351987980e-02
-8.922598388662755786e-01 4.498881526957321797e-01 -3.838035026761273116e-02
-8.916686110051645908e-01 4.521106798734428334e-01 -2.287014531795239503e-02
-8.900777464930061944e-01 4.557478527898609078e-01 -7.451392209806289788e-03
-8.874802273774670125e-01 4.607788514104075306e-01 7.856254303047253973e-03
-8.838641921070694574e-01 4.671762055809393077e-01 2.303277808149274686e-02
-8.792133711006212549e-01 4.749057611641288035e-01 3.805776706785184149e-02
-8.735075994314591696e-01 4.839266405439007768e-01 5.291039132276156159e-02
-8.667234036419214638e-01 4.941912073986308163e-01 6.756939469261175057e-02
-8.588346587696499279e-01 5.056450465096727909e-01 8.201310099911714169e-02
-8.498133105205717408e-01 5.182269699935903029e-01 9.621943543970988555e-02
-8.396301561824496273e-01 5.318690616819243822e-01 1.101659616506581452e-01
-8.282556763698508684e-01 5.464967713797943549e-01 1.238299346158206610e-01
-8.156609080721590743e-01 5.620290703760290052e-01 1.371883693061678178e-01
-8.018183478001655873e-01 5.783786788216689345e-01 1.502181246139515924e-01
-7.867028719654024504e-01 5.954523744197625090e-01 1.628960018079135263e-01
-7.702926600614071750e-01 6.131513902704933683e-01 1.751988563912114105e-01
-7.525701048362335444e-01 6.313719077019770420e-01 1.871037219024262732e-01
-7.335226925423247168e-01 6.500056475183270122e-01 1.985879438738800407e-01
-7.131438356129193856e-01 6.689405603638101105e-01 2.096293218630319311e-01
-6.914336398254881111e-01 6.880616139076373150e-01 2.202062572144706243e-01
-6.683995882410203038e-01 7.072516713911838337e-01 2.302979040038698189e-01
-6.440571250030828754e-01 7.263924528589261742e-01 2.398843204717360511e-01
-6.184301234683182713e-01 7.453655672402530463e-01 2.489466181822531099e-01
-5.915512251184875669e-01 7.640536004933008440e-01 2.574671061466834443e-01
-5.634620382411846817e-01 7.823412423965312446e-01 2.654294272340584349e-01
-5.342131883991798613e-01 8.001164324044199860e-01 2.728186843531697492e-01
-5.038642161451920565e-01 8.172715033811766006e-01 2.796215541244460590e-01
-4.724833211626149887e-01 8.337043010796646447e-01 2.858263860599895012e-01
-4.401469558865274134e-01 8.493192570022161103e-01 2.914232856236503855e-01
-4.069392755340061063e-01 8.640283927936127650e-01 2.964041799369003249e-01
-3.729514551950450785e-01 8.777522355666168563e-01 3.007628653151669940e-01
-3.382808880567017562e-01 8.904206255040781892e-01 3.044950362472121363e-01
-3.030302818181362379e-01 9.019733996425596256e-01 3.075982958512457621e-01
-2.673066727886106442e-01 9.123609388154834132e-01 3.100721482410075946e-01
-2.312203789570005108e-01 9.215445681912941556e-01 3.119179736000709524e-01
-1.948839144240435139e-01 9.294968055413678210e-01 3.131389870826085664e-01
-1.584108879749678289e-01 9.362014551640038817e-01 3.137401829261052266e-01
-1.219149082511711835e-01 9.416535491271906810e-01 3.137282653712967773e-01
-8.550851699717948451e-02 9.458591410358631046e-01 3.131115681352115154e-01
-4.930217028212455915e-02 9.488349607573114408e-01 3.118999642755701518e-01
-1.340328551394354833e-02 9.506079413510656329e-01 3.101047683223059348e-01
2.208463041479850203e-02 9.512146317718677135e-01 3.077386325398110412e-01
5.706275927370595136e-02 9.507005106979699027e-01 3.048154391282508757e-01
9.143764628863902677e-02 9.491192180604377526e-01 3.013501900812651235e-01
1.251217649227000517e-01 9.465317215160895525e-01 2.973588962982265937e-01
1.580339679192539204e-01 9.430054352432428733e-01 2.928584674094438789e-01
1.861199998188015070e-01 9.379037038801276704e-01 2.927388866464054606e-01
2.140362461631152569e-01 9.319528090553054200e-01 2.926645090425160078e-01
2.417617407080395187e-01 9.251576233853145981e-01 2.926340725948365362e-01
2.692754646986744715e-01 9.175233045520806430e-01 2.926461643815373992e-01
2.965563233036599411e-01 9.090553221873324263e-01 2.926992246553055677e-01
3.235831253378104733e-01 8.997594880215530333e-01 2.927915512854719626e-01
3.503345665676604326e-01 8.896419889955097249e-01 2.929213045618173084e-01
3.767892168740333281e-01 8.787094230085836788e-01 2.930865123737783073e-01
4.029255115234666729e-01 8.669688369547601248e-01 2.932850757790567697e-01
4.287217467760175982e-01 8.544277666743974597e-01 2.935147749754113411e-01
4.541560800304828005e-01 8.410942784279670237e-01 2.937732756886596297e-01
4.792065346792412917e-01 8.269770114770957914e-01 2.940581359886282886e-01
5.038510098136557147e-01 8.120852213387442786e-01 2.943668135429482469e-01
5.280672948871759642e-01 7.964288232605450935e-01 2.946966733162014740e-01
5.518330894069415349e-01 7.800184354495859340e-01 2.950449957189886230e-01
5.751260276858128906e-01 7.628654215736468958e-01 2.954089852080206691e-01
5.979237086454556316e-01 7.449819320435159264e-01 2.957857793343594000e-01
6.202037306175161024e-01 7.263809435779502444e-01 2.961724582324805066e-01
6.419437310442902556e-01 7.070762965495591690e-01 2.965660545379429913e-01
6.631214309329017675e-01 6.870827296107929749e-01 2.969635637161794905e-01
6.837146838682538474e-01 6.664159111047353035e-01 2.973619547793281970e-01
7.037015293403616756e-01 6.450924667758998199e-01 2.977581813621869578e-01
7.230602500916407660e-01 6.231300033120397153e-01 2.981491931223620440e-01
7.417694331399310448e-01 6.005471272693682083e-01 2.985319474235975656e-01
7.598080340841369962e-01 5.773634589607455903e-01 2.989034212552099112e-01
7.771554442520924866e-01 5.535996409194122725e-01 2.992606233346136735e-01
7.937915602053708941e-01 5.292773405897482908e-01 2.996006063342268044e-01
8.096968550740536452e-01 5.044192469412013269e-01 2.999204791686935212e-01
8.248524511567438822e-01 4.790490607517304267e-01 3.002174192734781699e-01
8.392401931881632304e-01 4.531914783625084486e-01 3.004886848015765333e-01
8.528427216492677765e-01 4.268721687657411334e-01 3.007316266614688538e-01
8.656435454736903790e-01 4.001177439516980239e-01 3.009437003166044455e-01
8.776271134901085791e-01 3.729557225086933547e-01 3.011224772647547732e-01
8.887788839334287427e-01 3.454144865399725872e-01 3.012656561145784506e-01
8.990853913589147428e-01 3.175232320333284397e-01 3.013710731767742512e-01
9.085343103029229761e-01 2.893119128917733818e-01 3.014367124883064464e-01
9.171145150519144362e-01 2.608111789056581364e-01 3.014607151903988536e-01
9.248161349079555560e-01 2.320523080171278674e-01 3.014413881843194254e-01
9.316306043738594722e-01 2.030671332956065500e-01 3.013772119934036153e-01
9.375507077241851395e-01 1.738879651069668575e-01 3.012668477652564181e-01
9.468314439572632635e-01 1.515119710797420416e-01 2.838210816948495419e-01
9.550079491278916644e-01 1.306345751503762975e-01 2.662601951793751587e-01
9.621886256017500028e-01 1.113187980469999283e-01 2.485985524469020991e-01
9.684751668371189837e-01 9.361916372689586818e-02 2.308492352733491904e-01
9.739618582758989840e-01 7.758263053274072618e-02 2.130241766676250759e-01
9.787349869468021657e-01 6.324946314015578164e-02 1.951343033017768347e-01
9.828723465845835561e-01 5.065403300279693738e-02 1.771896856362925599e-01
9.864428260773021595e-01 3.982553713895808228e-02 1.591996947300045040e-01
9.895060703571684213e-01 3.078862695927447879e-02 1.411731647475073792e-01
9.921122043920987954e-01 2.356394043918081521e-02 1.231185601809059449e-01
9.943016126649851794e-01 1.816853233238602261e-02 1.050441467836972648e-01
9.961047684025361448e-01 1.461619835026707614e-02 8.695816516989514355e-02
9.975421087964714273e-01 1.291769034980755695e-02 6.886900595908085343e-02
9.986239545103797743e-01 1.308082063640693578e-02 5.078538524681332211e-02
9.993504738493413919e-01 1.511045455660910836e-02 3.271651904978833264e-02
9.997116940479723324e-01 1.900839168895652326e-02 1.467229521769029127e-02
9.996875641629167086e-01 2.477313719654888544e-02 -3.336558878196962952e-03
9.992480759885402630e-01 3.239956633629171440e-02 -2.129831477109123128e-02
9.983534511919618382e-01 4.187848677437851219e-02 -3.920008954541476243e-02
9.969544044184821541e-01 5.319610527247234377e-02 -5.702770302834780924e-02
9.966338519491190207e-01 5.907904660143458581e-02 -5.683925069130411206e-02
9.962804413659915870e-01 6.493987547390467352e-02 -5.664065449447851924e-02
9.958946050299332109e-01 7.077737017267368702e-02 -5.643198170666309521e-02
9.954767984308613427e-01 7.659032193194414972e-02 -5.621330257934362140e-02
9.950274996742216604e-01 8.237753552660806444e-02 -5.598469028504198669e-02
9.945472089468938570e-01 8.813782984161556977e-02 -5.574622085317536280e-02
9.940364479634955508e-01 9.387003842074008453e-02 -5.549797310355798763e-02
9.934957593940495491e-01 9.957300999409589293e-02 -5.524002857767481428e-02
9.929257062740012296e-01 1.052456089838150199e-01 -5.497247146785947530e-02
9.923268713975943456e-01 1.108867159873420244e-01 -5.469538854451180127e-02
9.916998566956293226e-01 1.164952282378579063e-01 -5.440886908149245721e-02
9.910452825986453274e-01 1.220700600413971715e-01 -5.411300477983439078e-02
9.903637873865763774e-01 1.276101431902755268e-01 -5.380788968991227078e-02
9.896560265259429778e-01 1.331144273524991206e-01 -5.349362013221246881e-02
9.889226719956458744e-01 1.385818804368794954e-01 -5.317029461684698310e-02
9.881644116024321800e-01 1.440114889336319426e-01 -5.283801376195513405e-02
9.873819482871049047e-01 1.494022582302878543e-01 -5.249688021113706887e-02
9.865759994225444807e-01 1.547532129028039438e-01 -5.214699855006289797e-02
9.857472961046068738e-01 1.600633969818029689e-01 -5.178847522240062617e-02
9.848965824369554367e-01 1.653318741939319714e-01 -5.142141844520521643e-02
9.816977036652597688e-01 1.776216461896808207e-01 -6.870400060886362736e-02
9.777097450739363760e-01 1.916084411498101547e-01 -8.584830449786190476e-02
9.728682477076623369e-01 2.072502225334285630e-01 -1.028338037137877803e-01
9.671027465798981426e-01 2.244971246963785583e-01 -1.196385960317024044e-01
9.603376807346271082e-01 2.432908660778597132e-01 -1.362393867047184126e-01
9.524934273728344891e-01 2.635641868646548258e-01 -1.526114981680407323e-01
9.434874604017722266e-01 2.852403357132275996e-01 -1.687289079648190970e-01
9.332356303705436895e-01 3.082326316485417550e-01 -1.845643163282687238e-01
9.216535587495232607e-01 3.324441282027341682e-01 -2.000892443625215678e-01
9.086581349827177467e-01 3.577674070429582298e-01 -2.152741631711967696e-01
8.941690998263784884e-01 3.840845276095647409e-01 -2.300886535965326607e-01
8.781106933659474922e-01 4.112671575076620734e-01 -2.445015954686856618e-01
8.604133410032107632e-01 4.391769054662278959e-01 -2.584813844470155164e-01
8.410153458904973123e-01 4.676658745479277401e-01 -2.719961736919946360e-01
8.198645520494360905e-01 4.965774479709476608e-01 -2.850141367726183317e-01
7.969199390492189838e-01 5.257473134761400102e-01 -2.975037474287603456e-01
7.721531069253865232e-01 5.550047248029825742e-01 -3.094340711116441711e-01
7.455496092551685550e-01 5.841739907709332380e-01 -3.207750626586022280e-01
7.171100931749164742e-01 6.130761740174600627e-01 -3.314978640570455659e-01
6.868512077579614905e-01 6.415309729996335752e-01 -3.415750960469361996e-01
6.642755036529210955e-01 6.655228128990816616e-01 -3.403197876441330094e-01
6.409636393589761560e-01 6.886221108476527908e-01 -3.390653602590136817e-01
6.169524386001619121e-01 7.108096670304625553e-01 -3.378156638937472311e-01
5.922787160240179372e-01 7.320680661144453039e-01 -3.365744881722029236e-01
5.669791822353392741e-01 7.523816114984192005e-01 -3.353455449517917519e-01
5.410903580324738504e-01 7.717362540948327077e-01 -3.341324519576799879e-01
5.146484980692362932e-01 7.901195167163903577e-01 -3.329387174781767156e-01
4.876895240504673934e-01 8.075204151255902518e-01 -3.317677261463315430e-01
4.602489674611064396e-01 8.239293767785267342e-01 -3.306227258200967190e-01
4.323619217282574922e-01 8.393381582576143751e-01 -3.295068155619333417e-01
4.040630036237721212e-01 8.537397623426833393e-01 -3.284229347085647066e-01
3.753863236317374619e-01 8.671283556176676566e-01 -3.273738530127541790e-01
3.463654649311331268e-01 8.794991874522851694e-01 -3.263621618315348805e-01
3.170334705787895557e-01 8.908485111360274766e-01 -3.253902663292407293e-01
2.874228384214604359e-01 9.011735078766772711e-01 -3.244603786589521088e-01
2.575655232179925869e-01 9.104722143085548502e-01 -3.235745120825251897e-01
2.274929454128067907e-01 9.187434540877380540e-01 -3.227344759871538793e-01
1.972360059696751933e-01 9.259867740834386574e-01 -3.219418717553333420e-01
1.668251066495297363e-01 9.322023856072382264e-01 -3.211980894450587320e-01
1.362901750971552695e-01 9.373911110555559478e-01 -3.205043052380026070e-01
1.056606940885062573e-01 9.415543362759508650e-01 -3.198614796151539319e-01
7.496573428243567816e-02 9.446939689049679290e-01 -3.192703562218635049e-01
4.423398981727195978e-02 9.468124028644102630e-01 -3.187314613873054037e-01
1.349381609339631721e-02 9.479124891442544110e-01 -3.182451042669196539e-01
-1.722673091271149926e-02 9.479975129439484061e-01 -3.178113775803297902e-01
-4.789985444998740016e-02 9.470711771894818609e-01 -3.174301589214219566e-01
-7.849797654653242751e-02 9.451375923913034605e-01 -3.171011126216168874e-01
-1.089936979393390654e-01 9.422012727577420144e-01 -3.168236921517591509e-01
-1.393597589884151000e-01 9.382671384299084982e-01 -3.165971430523858987e-01
-1.695690021661392932e-01 9.333405236569604080e-01 -3.164205063863247958e-01
-1.995943366928840390e-01 9.274271906849373970e-01 -3.162926227115118172e-01
-2.294087058679154523e-01 9.205333490880077685e-01 -3.162121365755301006e-01
-2.589850576202634147e-01 9.126656802277911540e-01 -3.161775015365672625e-01
-2.882963187775228198e-01 9.038313664844037643e-01 -3.161869857181914822e-01
-3.173153735212482784e-01 8.940381248619987398e-01 -3.162386779074912169e-01
-3.460150464655496472e-01 8.832942445319198477e-01 -3.163304942076390347e-01
-3.743680907604892139e-01 8.716086278382717545e-01 -3.164601852567764939e-01
-4.023471815837176280e-01 8.589908342539458452e-01 -3.166253440252202456e-01
-4.299249153422760594e-01 8.454511267401935148e-01 -3.168234142023250710e-01
-4.570738148614739704e-01 8.310005199300624090e-01 -3.170516991828729592e-01
-4.837663407891028555e-01 8.156508295258196872e-01 -3.173073716605737671e-01
-5.099749093908991782e-01 7.994147222733632985e-01 -3.175874838331543826e-01
-5.356719168571310030e-01 7.823057658531086256e-01 -3.178889782195852831e-01
-5.608297701805382562e-01 7.643384780075174190e-01 -3.182086990852689423e-01
-5.854209246027923808e-01 7.455283742109320988e-01 -3.185434044655275354e-01
-6.094179275604427737e-01 7.258920131783279661e-01 -3.188897787715316290e-01
-6.327934689923919720e-01 7.054470395066410049e-01 -3.192444459559741210e-01
-6.555204377998106180e-01 6.842122227460882833e-01 -3.196039832084007215e-01
-6.775719841767110507e-01 6.622074922099567829e-01 -3.199649351422613752e-01
-6.989215874559082664e-01 6.394539668502078333e-01 -3.203238284275651826e-01
-7.195431290416940406e-01 6.159739795533684115e-01 -3.206771868146368054e-01
-7.394109699282123138e-01 5.917910952468762309e-01 -3.210215464860336487e-01
-7.585000322323369737e-01 5.669301222505107596e-01 -3.213534716653489998e-01
-7.767858841029626760e-01 5.414171163608184623e-01 -3.216695704035648640e-01
-7.942448273062339137e-01 5.152793772184025567e-01 -3.219665104560045510e-01
-8.108539867295821990e-01 4.885454365782880837e-01 -3.222410351559460429e-01
-8.265914009977484156e-01 4.612450381817844725e-01 -3.224899791847694597e-01
-8.414361133524224101e-01 4.334091090136556468e-01 -3.227102841332965544e-01
-8.553682619148600397e-01 4.050697218200641769e-01 -3.228990137448953246e-01
-8.683691684288610269e-01 3.762600488595944093e-01 -3.230533687281185729e-01
-8.838599343048043622e-01 3.532142713734619521e-01 -3.066454145557034883e-01
-8.978369841968162346e-01 3.313049347160469393e-01 -2.900446595325762988e-01
-9.104011508385624341e-01 3.106321138987941377e-01 -2.732719308398709468e-01
-9.216504437416412898e-01 2.912849137631633445e-01 -2.563467803772827569e-01
-9.316789226946874392e-01 2.733421923388907326e-01 -2.392875752174351001e-01
-9.405757075094282049e-01 2.568732918415310706e-01 -2.221115997462702052e-01
-9.484241159183471881e-01 2.419387572504450856e-01 -2.048351681960920156e-01
-9.553009209359647480e-01 2.285910250370208063e-01 -1.874737462832554158e-01
-9.612757188940223019e-01 2.168750671128197305e-01 -1.700420806623123005e-01
-9.664103996785842199e-01 2.068289774166621464e-01 -1.525543349003808669e-01
-9.707587113653768363e-01 1.984844907526451263e-01 -1.350242306573741780e-01
-9.743659124030152885e-01 1.918674255353199354e-01 -1.174651927275543045e-01
-9.772685056699483841e-01 1.869980440120610765e-01 -9.989049655418803797e-02
-9.794940500707702835e-01 1.838913253424817318e-01 -8.231341677104490884e-02
-9.810610467839723237e-01 1.825571486526400000e-01 -6.474737525212034828e-02
-9.819788987703931271e-01 1.830003848828988533e-01 -4.720608706532299081e-02
-9.822479436438065203e-01 1.852208979484223084e-01 -2.970370262914170251e-02
-9.818595614355865031e-01 1.892134574642447276e-01 -1.225494426701019546e-02
-9.807963600957573247e-01 1.949675670819299433e-01 5.124764752888963382e-03
-9.790324427023399112e-01 2.024672143640824651e-01 2.241918070796442355e-02
-9.765337612369356934e-01 2.116905500984556932e-01 3.961113154921860197e-02
-9.732585623626935911e-01 2.226095070244994978e-01 5.668242284593308367e-02
-9.691579308469621123e-01 2.351893700960287770e-01 7.361375976698972257e-02
-9.641764360432159009e-01 2.493883126009069917e-01 9.038468731824081392e-02
-9.582528861291111921e-01 2.651569146496771112e-01 1.069735510021222746e-01
-9.513211935434696676e-01 2.824376826573570809e-01 1.233574799488825480e-01
-9.433113532431104398e-01 3.011645903838273131e-01 1.395123943784706000e-01
-9.341505329994994611e-01 3.212626637580638378e-01 1.554130389802243772e-01
-9.237642719898371269e-01 3.426476329650953723e-01 1.710330434387115905e-01
-9.120777804533536370e-01 3.652256759880849746e-01 1.863450108867427124e-01
-8.990173292627569035e-01 3.888932778357949704e-01 2.013206345335655234e-01
-8.845117140229009634e-01 4.135372289199717444e-01 2.159308421056389538e-01
-8.684937739126104006e-01 4.390347843684421214e-01 2.301459670629223409e-01
-8.509019411263540889e-01 4.652540033887364590e-01 2.439359448348260573e-01
-8.316817926756474577e-01 4.920542840966464215e-01 2.572705315818226146e-01
-8.107875727219382433e-01 5.192871045098589322e-01 2.701195422608133612e-01
-7.881836507870316755e-01 5.467969747554498605e-01 2.824531040876013810e-01
-7.638458793687720183e-01 5.744225990944545890e-01 2.942419208826662080e-01
-7.377628138965002247e-01 6.019982393361371642e-01 3.054575432906572741e-01
-7.099367587644336286e-01 6.293552638691617407e-01 3.160726395103621300e-01
-6.894530599051398312e-01 6.523310779096668233e-01 3.148313929663215660e-01
-6.683233836874866718e-01 6.745416881589625380e-01 3.135881514591720709e-01
-6.465780361837758505e-01 6.959718411909697755e-01 3.123462859498924438e-01
-6.242472577052090577e-01 7.166077280919447290e-01 3.111091258879689070e-01
-6.013611462782773032e-01 7.364369313101406522e-01 3.098799458624191261e-01
-5.779495879879111842e-01 7.554483671160381331e-01 3.086619530180001458e-01
-5.540421943704978425e-01 7.736322244336691911e-01 3.074582752634658633e-01
-5.296682469614917288e-01 7.909799007943252303e-01 3.062719502889674761e-01
-5.048566490285156805e-01 8.074839361470795840e-01 3.051059154006134921e-01
-4.796358844521650400e-01 8.231379452370377603e-01 3.039629981719047525e-01
-4.540339836536235740e-01 8.379365492330222986e-01 3.028459079042978286e-01
-4.280784964109523028e-01 8.518753072524842818e-01 3.017572278825679799e-01
-4.017964713546682831e-01 8.649506483937396961e-01 3.006994084049601224e-01
-3.752144418879986842e-01 8.771598048450498508e-01 2.996747605633411360e-01
-3.483584182378794969e-01 8.885007465974300578e-01 2.986854507446858875e-01
-3.212538853091774782e-01 8.989721182441352543e-01 2.977334958222180306e-01
-2.939258059864764960e-01 9.085731783052075627e-01 2.968207590023522191e-01
-2.663986295047539032e-01 9.173037414708752335e-01 2.959489462921982561e-01
-2.386963044920019372e-01 9.251641241134604954e-01 2.951196035517389404e-01
-2.108422962729137318e-01 9.321550933742059897e-01 2.943341140948256829e-01
-1.762881493006564493e-01 9.389880758570637864e-01 2.953371705631240851e-01
-1.416586232618279317e-01 9.447019339244319136e-01 2.957553932413641840e-01
-1.070568819113749404e-01 9.492956439001777325e-01 2.955956125229480258e-01
-7.258478297917383970e-02 9.527778226061635047e-01 2.948661239269349532e-01
-3.834202508350015304e-02 9.551663860962948949e-01 2.935766071347810091e-01
-4.425354252705709923e-03 9.564881036455032959e-01 2.917380387603648040e-01
2.907215797258635298e-02 9.567780587123060343e-01 2.893626003973404082e-01
6.206175516738240278e-02 9.560790299034286344e-01 2.864635834397511460e-01
9.445954808266640579e-02 9.544408058360644986e-01 2.830552920959915064e-01
1.261869732552723944e-01 9.519194482249628830e-01 2.791529459184037831e-01
1.571711556436297119e-01 9.485765175412858019e-01 2.747725830566951633e-01
1.873451750012199157e-01 9.444782752351550403e-01 2.699309653182331292e-01
2.166482377549353855e-01 9.396948758314045413e-01 2.646454859868393461e-01
2.450257579873456881e-01 9.342995612526558968e-01 2.589340812180022655e-01
2.724293526999270743e-01 9.283678685536072006e-01 2.528151456957972720e-01
2.988167578410387271e-01 9.219768609244295421e-01 2.463074531078542351e-01
3.241516726119336167e-01 9.152043903967692628e-01 2.394300818713991086e-01
3.484035403206843795e-01 9.081283992167019647e-01 2.322023464270620008e-01
3.715472745504204144e-01 9.008262653833936096e-01 2.246437343086409300e-01
3.935629396642632560e-01 8.933741964321260109e-01 2.167738490967707210e-01
4.132491694705077712e-01 8.843603818607806977e-01 2.170990163563337183e-01
4.327630851082222563e-01 8.748901031524676242e-01 2.174478409759449671e-01
4.520959611292646452e-01 8.649648937382643510e-01 2.178190039880043838e-01
4.712388709134147091e-01 8.545864320605575104e-01 2.182111377575194078e-01
4.901826856460350657e-01 8.437565631677809153e-01 2.186228276352266409e-01
5.089180748863515458e-01 8.324773206657671842e-01 2.190526137398459416e-01
5.274355087709543533e-01 8.207509489270937708e-01 2.194989928773688204e-01
5.457252618924246512e-01 8.085799254542802572e-01 2.199604206047718891e-01
5.637774188876256698e-01 7.959669832872343642e-01 2.204353134449247020e-01
5.815818817641416061e-01 7.829151333400284907e-01 2.209220512587273255e-01
5.991283789865706755e-01 7.694276865469963367e-01 2.214189797796661807e-01
6.164064763368836131e-01 7.555082756933620969e-01 2.219244133150169995e-01
6.334055895548305060e-01 7.411608768012499793e-01 2.224366376168530612e-01
6.501149987554384335e-01 7.263898299380582291e-01 2.229539129248383489e-01
6.665238646110055454e-01 7.111998593109318811e-01 2.234744771815024011e-01
6.826212462747009990e-01 6.955960925085217239e-01 2.239965494193139617e-01
6.983961210119707941e-01 6.795840787494830115e-01 2.245183333173995099e-01
7.138374054944919278e-01 6.631698059963418990e-01 2.250380209242021645e-01
7.289339786994827319e-01 6.463597167935341004e-01 2.255537965407552470e-01
7.436747063448564399e-01 6.291607226896914762e-01 2.260638407575671360e-01
7.586206894960043634e-01 6.160229255905377288e-01 2.121568944107124211e-01
7.721603025583966273e-01 6.037649583790211105e-01 1.980820154358303165e-01
7.843383060446769139e-01 5.924598203902488036e-01 1.838611571069405093e-01
7.951980329929656532e-01 5.821723376433360908e-01 1.695157794335263035e-01
8.047807200257452998e-01 5.729593276529165724e-01 1.550668991063457181e-01
8.131249265040619845e-01 5.648697803171721654e-01 1.405351442754230185e-01
8.202660419478402520e-01 5.579450454227850020e-01 1.259408129447163183e-01
8.262358812467056612e-01 5.522190187861798494e-01 1.113039337438402610e-01
8.310623667121059821e-01 5.477183205699008850e-01 9.664432781837724307e-02
8.347692956855188307e-01 5.444624608483256134e-01 8.198167056774174899e-02
8.373761921825423338e-01 5.424639890273982301e-01 6.733555195451913777e-02
8.388982408818552727e-01 5.417286252306724448e-01 5.272553411316773658e-02
8.393463016253092102e-01 5.422553732323410758e-01 3.817120500066048527e-02
8.387270024464225093e-01 5.440366159313064776e-01 2.369222685894451993e-02
8.370429089575719406e-01 5.470581957025372200e-01 9.308378301031962343e-03
8.342927676731222153e-01 5.512994832155966307e-01 -4.960411108841638467e-03
8.304718205030355849e-01 5.567334394562045707e-01 -1.909403483326330489e-02
8.255721872011165807e-01 5.633266767038461742e-01 -3.307219285243598317e-02
8.195833119823617841e-01 5.710395250835891279e-01 -4.687438550269035914e-02
8.124924698306317250e-01 5.798261119985773648e-01 -6.047991835539845429e-02
8.089435597548090273e-01 5.848634098869736064e-01 -5.954211212938612802e-02
8.054202758886267466e-01 5.898000609762716895e-01 -5.860223092396090599e-02
8.019242870961484915e-01 5.946367493181953234e-01 -5.766045728443416202e-02
7.984572213930108964e-01 5.993741780714190170e-01 -5.671696813562107642e-02
7.950206659871735804e-01 6.040130678631279171e-01 -5.577193479873616966e-02
7.916161673688868472e-01 6.085541551850989217e-01 -5.482552301530019961e-02
7.882452314472075949e-01 6.129981908254595879e-01 -5.387789297771949926e-02
7.849093237304148873e-01 6.173459383371346920e-01 -5.292919936620209265e-02
7.816098695477047276e-01 6.215981725438484151e-01 -5.197959139167883380e-02
7.783482543095789907e-01 6.257556780844144573e-01 -5.102921284440276734e-02
7.751258238043796656e-01 6.298192479959168200e-01 -5.007820214790543317e-02
7.719438845284686268e-01 6.337896823362632048e-01 -4.912669241799510339e-02
7.688037040475975692e-01 6.376677868464726284e-01 -4.817481152648873249e-02
7.657065113870696882e-01 6.414543716529519379e-01 -4.722268216937677843e-02
7.626534974483474283e-01 6.451502500099106641e-01 -4.627042193912789952e-02
7.596458154498243465e-01 6.487562370819657254e-01 -4.531814340084875520e-02
7.566845813895364259e-01 6.522731487668962380e-01 -4.436595417202268687e-02
7.537708745276577860e-01 6.557018005584238640e-01 -4.341395700555993747e-02
7.509057378866873522e-01 6.590430064488147499e-01 -4.246224987590128258e-02
7.480901787673043257e-01 6.622975778710259442e-01 -4.151092606792605721e-02
7.408565807326626951e-01 6.695066414559165402e-01 -5.378233518309936956e-02
7.325303303092005613e-01 6.775430749163334765e-01 -6.583960947828267074e-02
7.231082841382745485e-01 6.863548429285502017e-01 -7.766336365917198004e-02
7.125876519336254988e-01 6.958852160079715965e-01 -8.923432779912532364e-02
7.009665036947173578e-01 7.060730554790602964e-01 -1.005333955755116776e-01
6.882442855552569627e-01 7.168531379863537500e-01 -1.115416800771202865e-01
6.744223356519707391e-01 7.281565222548858074e-01 -1.222405765825416019e-01
6.595043910111344498e-01 7.399109598665258858e-01 -1.326118315456296382e-01
6.434970762019556201e-01 7.520413507228744798e-01 -1.426376168706794401e-01
6.264103644260864412e-01 7.644702426425102892e-01 -1.523006084215662026e-01
6.082580018270824507e-01 7.771183732245718900e-01 -1.615840675904377799e-01
5.890578861328723548e-01 7.899052507420736280e-01 -1.704719246569262048e-01
5.688323913015099764e-01 8.027497694522540694e-01 -1.789488626019676010e-01
5.476086306303399320e-01 8.155708533763564860e-01 -1.870004000041282921e-01
5.254186518063402866e-01 8.282881213578081603e-01 -1.946129716427852652e-01
5.022995586057290573e-01 8.408225651053485850e-01 -2.017740054624380941e-01
4.782935553686921137e-01 8.530972310127492575e-01 -2.084719946154661441e-01
4.534479119454244422e-01 8.650378958603780477e-01 -2.146965633951794794e-01
4.278148484892731473e-01 8.765737260793191599e-01 -2.204385259942459596e-01
4.014513412116244018e-01 8.876379101197604538e-01 -2.256899371716280800e-01
3.744188519567799300e-01 8.981682536245206849e-01 -2.304441340792448001e-01
3.467829861469572394e-01 9.081077275665584425e-01 -2.346957686822143674e-01
3.186130852319967177e-01 9.174049602545101267e-01 -2.384408303978438615e-01
2.899817612031032610e-01 9.260146651194136602e-01 -2.416766587724785698e-01
2.609643819487173499e-01 9.338979974347725310e-01 -2.444019462060184888e-01
2.316385172052998764e-01 9.410228345480101675e-01 -2.466167309158595888e-01
2.020833555582196572e-01 9.473639757643277370e-01 -2.483223805003642037e-01
1.723791033608586820e-01 9.529032596698430169e-01 -2.495215666126507081e-01
1.426063765578188536e-01 9.576295983537752576e-01 -2.502182313853961726e-01
1.128455962264103413e-01 9.615389296344106773e-01 -2.504175463543304447e-01
8.317639820573796694e-02 9.646340899590696294e-01 -2.501258647110300437e-01
5.367706649035039468e-02 9.669246120882708517e-01 -2.493506677743023425e-01
2.442399915893716730e-02 9.684264529499686525e-01 -2.481005066045405827e-01
-4.508785472947716977e-03 9.691616581308161171e-01 -2.463849396983075757e-01
-3.305009600093783417e-02 9.691579703367653176e-01 -2.442144676930179670e-01
-6.113196320723141702e-02 9.684483897931867036e-01 -2.416004659862972526e-01
-8.868997963566878362e-02 9.670706949623933957e-01 -2.385551161340142834e-01
-1.156635809870871917e-01 9.650669321396745381e-01 -2.350913368378359236e-01
-1.419962681680641270e-01 9.624828824606843636e-01 -2.312227152701413213e-01
-1.676357700697745090e-01 9.593675146324046610e-01 -2.269634394138409783e-01
-1.925341483007088073e-01 9.557724313106592540e-01 -2.223282320194485961e-01
-2.166478461257581034e-01 9.517513165163182798e-01 -2.173322867037765782e-01
-2.399376847591077333e-01 9.473593908387289986e-01 -2.119912066357055036e-01
-2.623688109098630816e-01 9.426528804479133994e-01 -2.063209461761571217e-01
-2.839106000832383736e-01 9.376885051554290085e-01 -2.003377557629353045e-01
-3.045365205972723754e-01 9.325229899546686463e-01 -1.940581302574803935e-01
-3.242239635903933492e-01 9.272126036595847998e-01 -1.874987609005628886e-01
-3.429540444771632668e-01 9.218127274682861305e-01 -1.806764909580705902e-01
-3.607113813692177651e-01 9.163774555233068497e-01 -1.736082750767044547e-01
-3.774838559286534667e-01 9.109592288387950987e-01 -1.663111423128412758e-01
-3.932623619758618405e-01 9.056085033281240371e-01 -1.588021627461974061e-01
-4.080405469474809310e-01 9.003734521018537107e-01 -1.510984175433167376e-01
-4.218145510070345772e-01 8.952997017207394714e-01 -1.432169722943375523e-01
-4.345827482646751339e-01 8.904301016838941374e-01 -1.351748534099704024e-01
-4.463454941760410244e-01 8.858045261079907640e-01 -1.269890273341271469e-01
-4.571048827751921784e-01 8.814597063070658267e-01 -1.186763823011608987e-01
-4.668645169631677194e-01 8.774290928097217002e-01 -1.102537123451863554e-01
-4.756292946307630887e-01 8.737427452455162058e-01 -1.017377032524306307e-01
-4.834052129490793992e-01 8.704272484880939409e-01 -9.314492013599620646e-02
-4.901991927203144805e-01 8.675056534513454487e-01 -8.449179630577749456e-02
-4.976923668954141844e-01 8.631661033090721746e-01 -8.512788607164623045e-02
-5.052039264684327069e-01 8.587272871659948903e-01 -8.577068211387475771e-02
-5.127329988608995137e-01 8.541877005004206991e-01 -8.641999273277736759e-02
-5.202786523829734389e-01 8.495458382867411284e-01 -8.707561928258748807e-02
-5.278398951931455585e-01 8.448001967023156533e-01 -8.773735602160100122e-02
-5.354156742888253051e-01 8.399492749092628552e-01 -8.840498996645146379e-02
-5.430048745317677117e-01 8.349915769120649367e-01 -8.907830075104750112e-02
-5.506063177124641550e-01 8.299256134917277761e-01 -8.975706049072425252e-02
-5.582187616577839462e-01 8.247499042170615136e-01 -9.044103365218218726e-02
-5.658408993863129899e-01 8.194629795334514855e-01 -9.112997692980748243e-02
-5.734713583159917194e-01 8.140633829292848178e-01 -9.182363912898819369e-02
-5.811086995288016199e-01 8.085496731799696191e-01 -9.252176105706021170e-02
-5.887514170973943139e-01 8.029204266692484548e-01 -9.322407542253520474e-02
-5.963979374786874121e-01 7.971742397872483288e-01 -9.393030674328048391e-02
-6.040466189795790086e-01 7.913097314044398312e-01 -9.464017126433656169e-02
-6.116957513000410573e-01 7.853255454203886821e-01 -9.535337688607320450e-02
-6.193435551589568933e-01 7.792203533858795828e-01 -9.606962310339757505e-02
-6.269881820081508739e-01 7.729928571966716566e-01 -9.678860095673948172e-02
-6.346277138401311690e-01 7.666417918568102507e-01 -9.750999299554784228e-02
-6.422601630951205731e-01 7.601659283090675956e-01 -9.823347325503942185e-02
-6.498834726729850741e-01 7.535640763297221101e-01 -9.895870724694547094e-02
-6.574955160556855693e-01 7.468350874845048892e-01 -9.968535196500365181e-02
-6.650940975458716764e-01 7.399778581421512236e-01 -1.004130559059416283e-01
-6.726769526272068367e-01 7.329913325415906566e-01 -1.011414591066944341e-01
-6.802417484519579505e-01 7.258745059083947515e-01 -1.018701931985905029e-01
-6.877860844613027380e-01 7.186264276156770769e-01 -1.025988814792298670e-01
-6.953074931436964423e-01 7.112462043842077142e-01 -1.033271390027637737e-01
-7.028034409365020441e-01 7.037330035160657138e-01 -1.040545726892658923e-01
-7.102713292759148533e-01 6.960860561557110637e-01 -1.047807814538627286e-01
-7.177084958000121695e-01 6.883046605719100874e-01 -1.055053563562638047e-01
-7.251122157095200027e-01 6.803881854535037688e-01 -1.062278807713004369e-01
-7.324797032906175120e-01 6.723360732115648553e-01 -1.069479305810459996e-01
-7.398081136037926164e-01 6.641478432800486109e-01 -1.076650743890495976e-01
-7.470945443424192867e-01 6.558230954066123219e-01 -1.083788737571692445e-01
-7.543360378643430009e-01 6.473615129248565525e-01 -1.090888834654401146e-01
-7.615295833993456220e-01 6.387628659988304758e-01 -1.097946517953575923e-01
-7.686721194349003250e-01 6.300270148302555828e-01 -1.104957208368944482e-01
-7.757605362821362593e-01 6.211539128185457059e-01 -1.111916268195054652e-01
-7.827916788233976186e-01 6.121436096633543489e-01 -1.118819004673024115e-01
-7.897623494422150170e-01 6.029962543990562418e-01 -1.125660673785065791e-01
-7.966693111359000046e-01 5.937120983502776062e-01 -1.132436484292059370e-01
-8.035092908103357301e-01 5.842914979973300449e-01 -1.139141602013588883e-01
-8.102789827558619651e-01 5.747349177401802622e-01 -1.145771154348972504e-01
-8.169750523024487121e-01 5.650429325494061850e-01 -1.152320235036877333e-01
-8.235941396516192059e-01 5.552162304924538327e-01 -1.158783909150136876e-01
-8.301328638818215033e-01 5.452556151234168036e-01 -1.165157218321380000e-01
-8.365878271231641516e-01 5.351620077245232698e-01 -1.171435186194038774e-01
-8.429556188966275121e-01 5.249364493875288140e-01 -1.177612824092237470e-01
-8.492328206120386414e-01 5.145801029232861534e-01 -1.183685136901972135e-01
-8.554160102182652992e-01 5.040942545878921432e-01 -1.189647129154884492e-01
-8.615017669982398818e-01 4.934803156140075142e-01 -1.195493811304815523e-01
-8.674866765005790903e-01 4.827398235362012624e-01 -1.201220206186201095e-01
-8.733673355987161546e-01 4.718744432994942950e-01 -1.206821355642248711e-01
-8.791403576676264375e-01 4.608859681406677899e-01 -1.212292327309721918e-01
-8.848023778673949069e-01 4.497763202323595833e-01 -1.217628221546058764e-01
-8.903500585220667229e-01 4.385475510804995869e-01 -1.222824178483476881e-01
-8.957800945814314852e-01 4.272018416662300422e-01 -1.227875385193672175e-01
-9.010892191526339579e-01 4.157415023241205487e-01 -1.232777082945710340e-01
-9.062742090877795587e-01 4.041689723492185027e-01 -1.237524574538751698e-01
-9.113318906130200014e-01 3.924868193262710525e-01 -1.242113231690344100e-01
-9.162591449839685431e-01 3.806977381753146039e-01 -1.246538502460172865e-01
-9.210529141517098672e-01 3.688045499087463930e-01 -1.250795918688387409e-01
-9.257102064231469418e-01 3.568102000959700315e-01 -1.254881103426923883e-01
-9.302281020989645599e-01 3.447177570327359386e-01 -1.258789778341636856e-01
-9.346037590721009147e-01 3.325304096133750442e-01 -1.262517771062532657e-01
-9.388344183692991507e-01 3.202514649052462525e-01 -1.266061022458977170e-01
-9.429174096180760190e-01 3.078843454258763379e-01 -1.269415593816439758e-01
-9.468501564212897792e-01 2.954325861244618268e-01 -1.272577673891126526e-01
-9.506301816214213218e-01 2.828998310706177244e-01 -1.275543585818769698e-01
-9.542551124367069093e-01 2.702898298544912370e-01 -1.278309793853870113e-01
-9.577226854513738452e-01 2.576064337036030882e-01 -1.280872909915841962e-01
-9.610307514424422104e-01 2.448535913230250605e-01 -1.283229699918788380e-01
-9.641772800258582299e-01 2.320353444667441756e-01 -1.285377089862038136e-01
-9.671603641051268463e-01 2.191558232492924752e-01 -1.287312171659108773e-01
-9.699782241061061239e-01 2.062192412079278114e-01 -1.289032208683417169e-01
-9.726292119822177451e-01 1.932298901268275360e-01 -1.290534641009842831e-01
-9.751118149750094277e-01 1.801921346358960618e-01 -1.291817090332153806e-01
-9.774246591157791375e-01 1.671104065978792907e-01 -1.292877364537334539e-01
-9.795665124548287306e-01 1.539891992985167879e-01 -1.293713461918989949e-01
-9.815362880058592365e-01 1.408330614554391957e-01 -1.294323575013250349e-01
-9.845655200178484723e-01 1.347813231831772596e-01 -1.116463293473898555e-01
-9.869937409080838941e-01 1.305221522925133215e-01 -9.384825250634183658e-02
-9.888453312056679767e-01 1.280683119838453288e-01 -7.604991794662135929e-02
-9.901351555977907504e-01 1.274281312745321193e-01 -5.826334160743126822e-02
-9.908685378236615771e-01 1.286055544039061138e-01 -4.050092046162270115e-02
-9.910413016805025288e-01 1.316000915735093257e-01 -2.277558482450264474e-02
-9.906398808281755564e-01 1.364066734557161376e-01 -5.100945094129987617e-03
-9.896415015905094537e-01 1.430154136295052059e-01 1.250856902900243997e-02
-9.880144442728360232e-01 1.514112849596563615e-01 3.003757893273330259e-02
-9.857183895806574947e-01 1.615737179432098491e-01 4.746963931350479254e-02
-9.827048574639283274e-01 1.734761312088305141e-01 6.478713455575425828e-02
-9.789177460529184804e-01 1.870854066579816788e-01 8.197119168033864534e-02
-9.742939782228879908e-01 2.023613241489238268e-01 9.900161230927370659e-02
-9.687642626573872429e-01 2.192559730907336912e-01 1.158568260752077528e-01
-9.622539750138741077e-01 2.377131607563033044e-01 1.325138678156771999e-01
-9.546841628847198002e-01 2.576678394380981230e-01 1.489483807218573153e-01
-9.459726756665917113e-01 2.790455766330319776e-01 1.651346473485617861e-01
-9.360354172045775023e-01 3.017620941083620778e-01 1.810456500288515347e-01
-9.247877152019511326e-01 3.257229028103151292e-01 1.966531617689575573e-01
-9.121457969607947858e-01 3.508230609666795341e-01 2.119278681285394483e-01
-9.044375506846975554e-01 3.707563325709846702e-01 2.110276168312356093e-01
-8.963371940601637666e-01 3.904318663280535451e-01 2.101018528770489391e-01
-8.878550080071822004e-01 4.098404272900175171e-01 2.091518711007372966e-01
-8.790014824923947367e-01 4.289733023158633918e-01 2.081789997420140370e-01
-8.697872862851634412e-01 4.478223039354465862e-01 2.071845963380924138e-01
-8.602232369708102677e-01 4.663797721944120678e-01 2.061700436457334362e-01
-8.503202713626395459e-01 4.846385745399464096e-01 2.051367456115087418e-01
-8.400894164458900804e-01 5.025921038176126565e-01 2.040861234078534259e-01
-8.295417609776017942e-01 5.202342744587516998e-01 2.030196115512536148e-01
-8.186884278566542994e-01 5.375595169460405387e-01 2.019386541176109162e-01
-8.075405473680798973e-01 5.545627706517523015e-01 2.008447010684640543e-01
-7.961092313952929933e-01 5.712394751490686984e-01 1.997392047003481164e-01
-7.844055486832467450e-01 5.875855601014617902e-01 1.986236162281480311e-01
-7.724405012248356517e-01 6.035974338387090077e-01 1.974993825118720459e-01
-7.602250018322294078e-01 6.192719707305768262e-01 1.963679429348471617e-01
-7.477698529443435049e-01 6.346064974706482342e-01 1.952307264399361642e-01
-7.350857267114264681e-01 6.495987783832295470e-01 1.940891487290069828e-01
-7.221831463878508606e-01 6.642469998658254715e-01 1.929446096295599211e-01
-7.090724690547084430e-01 6.785497540783791415e-01 1.917984906311482329e-01
-6.957638696847959769e-01 6.925060219884153767e-01 1.906521525930194028e-01
-6.752323158910454870e-01 7.096907885344186928e-01 2.009987627485420036e-01
-6.534577434270679719e-01 7.269932772105301977e-01 2.108884847742436564e-01
-6.304563059640336808e-01 7.443062658042588486e-01 2.203025910537597387e-01
-6.062513265100707427e-01 7.615222958872236436e-01 2.292233117544153487e-01
-5.808736177114133259e-01 7.785346158055453936e-01 2.376339597297751904e-01
-5.543616855602824245e-01 7.952381569106893311e-01 2.455190496126159749e-01
-5.267618093719589334e-01 8.115305273642687833e-01 2.528644089565231790e-01
-4.981279936144101250e-01 8.273130064554434782e-01 2.596572794563589137e-01
-4.685217901397713547e-01 8.424915214753693204e-01 2.658864065038502034e-01
-4.380119924762945760e-01 8.569775888520538842e-01 2.715421156065523367e-01
-4.066742069795584724e-01 8.706892014894374032e-01 2.766163745065079449e-01
-3.745903086954044392e-01 8.835516450788474252e-01 2.811028401676781696e-01
-3.418477926383243215e-01 8.954982275346485832e-01 2.849968901464740023e-01
-3.085390337298773433e-01 9.064709075986487896e-01 2.882956382051398148e-01
-2.747604707779408018e-01 9.164208109862944651e-01 2.909979343615292646e-01
-2.406117315337567009e-01 9.253086251196445122e-01 2.931043498802768377e-01
-2.061947169868736662e-01 9.331048664016504679e-01 2.946171479904332036e-01
-1.716126636199513666e-01 9.397900170197840408e-01 2.955402413561989960e-01
-1.369692023430601480e-01 9.453545313094449121e-01 2.958791375255492295e-01
-1.023674322819933397e-01 9.497987146482653742e-01 2.956408737336172488e-01
-6.790902655062068527e-02 9.531324805907401831e-01 2.948339425431787952e-01
-3.369338565532004753e-02 9.553749944022557061e-01 2.934682098648641602e-01
1.831476639745435731e-04 9.565542132439498468e-01 2.915548269178717122e-01
3.362800047125864833e-02 9.567063349459574706e-01 2.891061376722702803e-01
6.655299917175000468e-02 9.558751685579196522e-01 2.861355832616422901e-01
9.887490957329445052e-02 9.541114406734799713e-01 2.826576047754976173e-01
1.305158829109868968e-01 9.514720518995346543e-01 2.786875457403752976e-01
1.614038056233429441e-01 9.480192978069210685e-01 2.742415554824726431e-01
1.914725528851458358e-01 9.438200682957809118e-01 2.693364944382113935e-01
2.206621479317286694e-01 9.389450385846512814e-01 2.639898423470076194e-01
2.489188310102856960e-01 9.334678640425848606e-01 2.582196101266102661e-01
2.761950433373460689e-01 9.274643898868493164e-01 2.520442560989514247e-01
3.024493327118881192e-01 9.210118854240486597e-01 2.454826071060300652e-01
3.276461884263098812e-01 9.141883110769200016e-01 2.385537849327954429e-01
3.517558138382073651e-01 9.070716249656517460e-01 2.312771383385818225e-01
3.747538454285389564e-01 8.997391343489243853e-01 2.236721808911550091e-01
3.966210273966437883e-01 8.922668958170305586e-01 2.157585346982523744e-01
4.173428508547479265e-01 8.847291668013672616e-01 2.075558800407196480e-01
4.369091665119919643e-01 8.771979097480163690e-01 1.990839108288478265e-01
4.553137794099714197e-01 8.697423492176858950e-01 1.903622957290371509e-01
4.721502881086558356e-01 8.606219129666261569e-01 1.907989091569409490e-01
4.888462948817141052e-01 8.511473779221983005e-01 1.912528075818861750e-01
5.053954773465604289e-01 8.413191701542646062e-01 1.917228749433204649e-01
5.217913263687996572e-01 8.311378380554582668e-01 1.922079635276987275e-01
5.380271472407952560e-01 8.206040682540063358e-01 1.927068949427649391e-01
5.540960618782544422e-01 8.097187016657174663e-01 1.932184611843959510e-01
5.699910120610925945e-01 7.984827496284007120e-01 1.937414258010605461e-01
5.857047637423086206e-01 7.868974100584767983e-01 1.942745251605961510e-01
6.012299124456752519e-01 7.749640835660756011e-01 1.948164698235965997e-01
6.165588897697003024e-01 7.626843894615333852e-01 1.953659460272364756e-01
6.316839710115449424e-01 7.500601815829462948e-01 1.959216172828296965e-01
6.465972839203888434e-01 7.370935638713607130e-01 1.964821260898333422e-01
6.612908185851056331e-01 7.237869056173297233e-01 1.970460957683608794e-01
6.757564384560670323e-01 7.101428562999916316e-01 1.976121324115652778e-01
6.899858924954377359e-01 6.961643599375877400e-01 1.981788269584921491e-01
7.039708284444767816e-01 6.818546688664792743e-01 1.987447573871901629e-01
7.177028071901487838e-01 6.672173568643100516e-01 1.993084910270027099e-01
7.311733182067958747e-01 6.522563315320372146e-01 1.998685869880573451e-01
7.443737960417767807e-01 6.369758458491712183e-01 2.004235987050206891e-01
7.572956378068758099e-01 6.213805088167799751e-01 2.009720765912052509e-01
7.700296026175891262e-01 6.099925909909889032e-01 1.869856809467759229e-01
7.814290789634178447e-01 5.995714533662565016e-01 1.728665998281423977e-01
7.915343957196984137e-01 5.901763246563566101e-01 1.586360628561354624e-01
8.003836150061032217e-01 5.818586352607649781e-01 1.443149039902771602e-01
8.080120169680321540e-01 5.746621866771343123e-01 1.299236150959990621e-01
8.144516704978909116e-01 5.686233247557321846e-01 1.154824022392772209e-01
8.197310893041770408e-01 5.637711099793237812e-01 1.010112434857780295e-01
8.238749723115613710e-01 5.601274794247347311e-01 8.652994696878756054e-02
8.269040270606800025e-01 5.577073965402848943e-01 7.205820798479617428e-02
8.288348745374488624e-01 5.565189863366530876e-01 5.761566387897510549e-02
8.296800336640196560e-01 5.565636550197573529e-01 4.322194549645498596e-02
8.294479834939998408e-01 5.578361944761509594e-01 2.889672400101052710e-02
8.281433009425190894e-01 5.603248733375785218e-01 1.465975190229435073e-02
8.257668716196199243e-01 5.640115175843769535e-01 5.308971880097282381e-04
8.223161709998861868e-01 5.688715847787590985e-01 -1.346983046983460039e-02
8.177856127338594128e-01 5.748742370285272463e-01 -2.732226237356694468e-02
8.121669603752261768e-01 5.819824186476565409e-01 -4.100606315007670338e-02
8.054497981563595310e-01 5.901529451793336989e-01 -5.450073348576736643e-02
7.976220556954342067e-01 5.993366109555675614e-01 -6.778562378441146952e-02
7.886705806709392030e-01 6.094783226617409566e-01 -8.083995911024458025e-02
7.836699673029989821e-01 6.160234753449618239e-01 -7.985405293142210092e-02
7.786784174126500924e-01 6.224470054821769072e-01 -7.886607140879063615e-02
7.736983271489513703e-01 6.287498640460019717e-01 -7.787629052371711214e-02
7.687320346681105754e-01 6.349330426075063816e-01 -7.688497822223970546e-02
7.637818199206245495e-01 6.409975706887642843e-01 -7.589239438398155679e-02
7.588499045393940490e-01 6.469445131629358858e-01 -7.489879080456529614e-02
7.539384518241347699e-01 6.527749677050188604e-01 -7.390441119091246958e-02
7.490495668173874355e-01 6.584900622960875305e-01 -7.290949116880972303e-02
7.441852964674320337e-01 6.640909527835247017e-01 -7.191425830212401504e-02
7.393476298734313890e-01 6.695788204994492787e-01 -7.091893212305196148e-02
7.345384986081613388e-01 6.749548699392505791e-01 -6.992372417279289765e-02
7.297597771137334099e-01 6.802203265018629263e-01 -6.892883805204179370e-02
7.250132831657783994e-01 6.853764342931457643e-01 -6.793446948070663849e-02
7.203007784016302040e-01 6.904244539934810687e-01 -6.694080636626455194e-02
7.156239689081331790e-01 6.953656607904565856e-01 -6.594802888018221065e-02
7.109845058647906724e-01 7.002013423772760481e-01 -6.495630954183877204e-02
7.063839862380709711e-01 7.049327970173201452e-01 -6.396581330940302734e-02
7.018239535227984716e-01 7.095613316750783994e-01 -6.297669767713111322e-02
6.973058985266691323e-01 7.140882602134830393e-01 -6.198911277856667540e-02
6.928312601940541660e-01 7.185149016574956526e-01 -6.100320149514151802e-02
6.835830609007510494e-01 7.263005808247783301e-01 -7.212403408286921502e-02
6.732742724123453870e-01 7.347196441573625725e-01 -8.300006834952186607e-02
6.619085059961352657e-01 7.437162655804488987e-01 -9.361335582555663226e-02
6.494907971113820233e-01 7.532311059756923166e-01 -1.039462433800197039e-01
6.360280254099001107e-01 7.632016787950468562e-01 -1.139814288174710172e-01
6.215293236646466379e-01 7.735627506715023749e-01 -1.237020210984787483e-01
6.060064678940632055e-01 7.842467767342404805e-01 -1.330916043858258180e-01
5.894742410247107989e-01 7.951843693583007244e-01 -1.421343050161909816e-01
5.719507626685799151e-01 8.063047980484714383e-01 -1.508148604121863634e-01
5.534577779952074561e-01 8.175365171066920622e-01 -1.591186888852015036e-01
5.340208992574924096e-01 8.288077166975196253e-01 -1.670319592379533591e-01
5.136697942823947871e-01 8.400468919444686877e-01 -1.745416590587490213e-01
4.924383171549185367e-01 8.511834237986298790e-01 -1.816356606082350222e-01
4.703645773900087534e-01 8.621481646556748979e-01 -1.883027832339878582e-01
4.474909450792545762e-01 8.728740210906583696e-01 -1.945328513079562782e-01
4.238639907881572300e-01 8.832965256595332049e-01 -2.003167467648732936e-01
3.995343603303808111e-01 8.933543895032579618e-01 -2.056464554238643105e-01
3.745565859190200797e-01 9.029900274985075415e-01 -2.105151063973994263e-01
3.489888365503115986e-01 9.121500479336467349e-01 -2.149170040276963956e-01
3.228926117707008880e-01 9.207856991463496676e-01 -2.188476519364702666e-01
2.963323841734742947e-01 9.288532662278690122e-01 -2.223037689251047000e-01
2.693751970292618814e-01 9.363144117580678438e-01 -2.252832966144112659e-01
2.420902243435597290e-01 9.431364555572206987e-01 -2.277853988618189773e-01
2.145483013283342177e-01 9.492925895915970136e-01 -2.298104531351050084e-01
1.868214337555356708e-01 9.547620254119072447e-01 -2.313600341521254988e-01
1.589822949178461009e-01 9.595300727962040588e-01 -2.324368902125221459e-01
1.311037189544255188e-01 9.635881495704563537e-01 -2.330449127478273208e-01
1.032581991131232557e-01 9.669337238505478771e-01 -2.331890996992484755e-01
7.551739912940663713e-02 9.695701911515031135e-01 -2.328755133968690438e-01
4.795168532649117521e-02 9.715066899101790776e-01 -2.321112336599240045e-01
2.062968630652653457e-02 9.727578599387747271e-01 -2.309043068656624342e-01
-6.382113761177275746e-03 9.733435491468188649e-01 -2.292636917450854850e-01
-3.301974320993067424e-02 9.732884745240004687e-01 -2.271992026589486624e-01
-5.922206828363074660e-02 9.726218438572760139e-01 -2.247214510885463257e-01
-8.493107291966450756e-02 9.713769449616370677e-01 -2.218417860448576584e-01
-1.100920910004937747e-01 9.695907093392988063e-01 -2.185722340586217227e-01
-1.346539901967299668e-01 9.673032571567227178e-01 -2.149254393648273309e-01
-1.585693075007693909e-01 9.645574302570592007e-01 -2.109146048398832241e-01
-1.817943374526789779e-01 9.613983196249656915e-01 -2.065534341901832105e-01
-2.042891748725113865e-01 9.578727933113793114e-01 -2.018560758285381229e-01
-2.260177146235365919e-01 9.540290303291666385e-01 -1.968370688114604028e-01
-2.469476115312863596e-01 9.499160654685550043e-01 -1.915112911468053181e-01
-2.670502040701542290e-01 9.455833493754205454e-01 -1.858939107188384565e-01
-2.863004058025630516e-01 9.410803276063459677e-01 -1.800003390172710271e-01
-3.046765688185482102e-01 9.364560417406799786e-01 -1.738461877988619342e-01
-3.221603235817507294e-01 9.317587550083927805e-01 -1.674472287553601946e-01
-3.387363996490635465e-01 9.270356042977013766e-01 -1.608193562102543106e-01
-3.543924317047807415e-01 9.223322798501067954e-01 -1.539785528192983699e-01
-3.691187552462806831e-01 9.176927334419187066e-01 -1.469408582063115309e-01
-3.829081960877095403e-01 9.131589153973179718e-01 -1.397223404264384683e-01
-3.957558576215548518e-01 9.087705403828741924e-01 -1.323390701140126913e-01
-4.076589095058563705e-01 9.045648815993531100e-01 -1.248070971414397823e-01
-4.186163811369655319e-01 9.005765927137696636e-01 -1.171424295891519002e-01
-4.286289629333471796e-01 8.968375566613850935e-01 -1.093610148046929437e-01
-4.376988181031175595e-01 8.933767602906588223e-01 -1.014787223113824410e-01
-4.458294072040641098e-01 8.902201937197729009e-01 -9.351132831376514354e-02
-4.530253274360299676e-01 8.873907732160265516e-01 -8.547450153816445184e-02
-4.592921682370415537e-01 8.849082863932147269e-01 -7.738379014208614237e-02
-4.646363843907869717e-01 8.827893585406318966e-01 -6.925460942591395164e-02
-4.690651874975855784e-01 8.810474389438830434e-01 -6.110223008422629998e-02
-4.745826978017824160e-01 8.780422829903277160e-01 -6.175139301925370444e-02
-4.801395325498256650e-01 8.749695894714472066e-01 -6.240568157650232956e-02
-4.857353063469797561e-01 8.718281003025021292e-01 -6.306502992540467811e-02
-4.913696010631334321e-01 8.686165466555050285e-01 -6.372936791164572623e-02
-4.970419649102643112e-01 8.653336495513006543e-01 -6.439862093257196773e-02
-5.027519115152015994e-01 8.619781204936382002e-01 -6.507270981199637927e-02
-5.084989189890285477e-01 8.585486621465709955e-01 -6.575155067457681690e-02
-5.142824289945621130e-01 8.550439690565080353e-01 -6.643505481995851114e-02
-5.201018458134464284e-01 8.514627284202231916e-01 -6.712312859688407407e-02
-5.259565354144984939e-01 8.478036209001069690e-01 -6.781567327748813656e-02
-5.318458245250484717e-01 8.440653214879154653e-01 -6.851258493200752808e-02
-5.377689997071243289e-01 8.402465004182401165e-01 -6.921375430415194208e-02
-5.437253064404388159e-01 8.363458241328776133e-01 -6.991906668739471253e-02
-5.497139482142472389e-01 8.323619562972371932e-01 -7.062840180245767707e-02
-5.557340856302579457e-01 8.282935588698636664e-01 -7.134163367627925634e-02
-5.617848355188898024e-01 8.241392932260963589e-01 -7.205863052276983982e-02
-5.678652700712866208e-01 8.198978213368148804e-01 -7.277925462567375048e-02
-5.739744159896129627e-01 8.155678070031426863e-01 -7.350336222387238161e-02
