1.000000000000000000e+00 0.000000000000000000e+00 0.000000000000000000e+00
9.999981558255915948e-01 9.347269176383887594e-04 -1.677742314413067926e-03
9.999912437082703054e-01 2.539063393371826256e-03 -3.326584189777257762e-03
9.999763078723267196e-01 4.798926096813501893e-03 -4.935070753859615092e-03
9.999493143226678704e-01 7.695662572825695547e-03 -6.492072565418090593e-03
9.999053122417628225e-01 1.120618683831330932e-02 -7.986862732537529722e-03
9.998386287732690114e-01 1.530314473396349531e-02 -9.409192075169131586e-03
9.997430911287549238e-01 1.995510963154896109e-02 -1.074936187336899412e-02
9.996122691367318458e-01 2.512680893529450551e-02 -1.199829364408434504e-02
9.994397307240332484e-01 3.077938149357508854e-02 -1.314759529503160482e-02
9.992193024023994230e-01 3.687066556225061797e-02 -1.418962292367890315e-02
9.989453266477675841e-01 4.335551635261210290e-02 -1.511753747140115803e-02
9.986129081201530200e-01 5.018615148553803862e-02 -1.592535541507211425e-02
9.982181409844523845e-01 5.731252189849234818e-02 -1.660799268640874085e-02
9.977583101541986910e-01 6.468270495947135712e-02 -1.716130105669434053e-02
9.972320600782905720e-01 7.224331578142494104e-02 -1.758209631185708721e-02
9.966395257015003839e-01 7.993993205151800341e-02 -1.786817766829202139e-02
9.959824214194465952e-01 8.771752713774952359e-02 -1.801833803862276651e-02
9.952640851750166329e-01 9.552090584981555443e-02 -1.803236494173333926e-02
9.944894762562365154e-01 1.032951370407031721e-01 -1.791103205385023364e-02
9.936651268011756910e-01 1.109859772572807379e-01 -1.765608160689342496e-02
9.927990484381312708e-01 1.185402798857198570e-01 -1.727019804582428930e-02
9.919005968353575842e-01 1.259063846810083431e-01 -1.675697354755710522e-02
9.909802981551971701e-01 1.330344831964043739e-01 -1.612086617034880209e-02
9.900496424614149138e-01 1.398769564047686875e-01 -1.536715153619822201e-02
9.891208499842620849e-01 1.463886816871596552e-01 -1.450186904353183669e-02
9.882066167846380589e-01 1.525273073073483976e-01 -1.353176365963438751e-02
9.873198467673026668e-01 1.582534934443643737e-01 -1.246422435080597919e-02
9.864733771749110147e-01 1.635311197703395170e-01 -1.130722017455564402e-02
9.856797046608267721e-01 1.683274603934518665e-01 -1.006923498608139692e-02
9.849507188082239351e-01 1.726133276979796016e-01 -8.759201606628321674e-03
9.842974495606111596e-01 1.763631871761613956e-01 -7.386436171372804532e-03
9.837298344827235530e-01 1.795552457401745350e-01 -5.960573227572060415e-03
9.832565111100056710e-01 1.821715162176703595e-01 -4.491501998637272876e-03
9.828846388981492543e-01 1.841978607715051564e-01 -2.989304075295216596e-03
9.826197544774976089e-01 1.856240158534031848e-01 -1.464192649365231519e-03
9.824656630733168416e-01 1.864436010202946414e-01 7.354672371268598796e-05
9.824243680907716048e-01 1.866541135357689118e-01 1.613613954397115011e-03
9.824960399977862302e-01 1.862569101774794178e-01 3.145751041080745158e-03
9.826790247811939549e-01 1.852571771080108731e-01 4.659797734258420802e-03
9.829698914103330853e-01 1.836638880771903626e-01 6.145746509427236180e-03
9.833635169245543706e-01 1.814897506439357155e-01 7.593797100126436876e-03
9.840006906335022618e-01 1.778463023354446004e-01 1.064596569203160592e-02
9.848264281742092896e-01 1.730073208410328467e-01 1.361535563276972984e-02
9.858179567921609987e-01 1.670068586899589036e-01 1.648246725173825936e-02
9.869481572035138095e-01 1.598862540559857492e-01 1.922834969996211826e-02
9.881862949852024958e-01 1.516941098843157809e-01 2.183470800922525032e-02
9.894988487887242945e-01 1.424862384052729414e-01 2.428402074391938434e-02
9.908504166615221820e-01 1.323255530387877077e-01 2.655966770919636691e-02
9.922046788431688746e-01 1.212818902109765312e-01 2.864606617161816193e-02
9.935253926904574762e-01 1.094317453293245646e-01 3.052881307440940759e-02
9.947773930890058125e-01 9.685791005730791381e-02 3.219482985077848358e-02
9.959275700610152882e-01 8.364900197704946971e-02 3.363250571693002233e-02
9.969457945062325521e-01 6.989888253478272750e-02 3.483183481733089643e-02
9.978057633110316571e-01 5.570596455883684156e-02 3.578454234413149665e-02
9.984857365661613526e-01 4.117241629221568555e-02 3.648419479074760385e-02
9.989691424042742574e-01 2.640327441989849880e-02 3.692628983747444499e-02
9.992450289658261209e-01 1.150548361091657291e-02 3.710832199361301792e-02
9.993083480875749602e-01 -3.413115726210062123e-03 3.702982100224247453e-02
9.991600612481249533e-01 -1.824482676827247907e-02 3.669236109575686744e-02
9.988070647883033892e-01 -3.288313636425636843e-02 3.609954040084982496e-02
9.982619380879019788e-01 -4.722372946926840787e-02 3.525693104795270955e-02
9.975425248434586223e-01 -6.116545292856671867e-02 3.417200175560684144e-02
9.966713634903504593e-01 -7.461120642947335901e-02 3.285401575225693066e-02
9.956749878326827119e-01 -8.746874242581625936e-02 3.131390779513390510e-02
9.945831228493520193e-01 -9.965136169096938668e-02 2.956414469410057963e-02
9.934278032914590773e-01 -1.110784965111369510e-01 2.761857411456050682e-02
9.922424440325064987e-01 -1.216761790108108476e-01 2.549226650752868875e-02
9.910608912314974317e-01 -1.313773973418055074e-01 2.320135480849170456e-02
9.899164823539381430e-01 -1.401223471429149658e-01 2.076287609074802323e-02
9.888411411599130618e-01 -1.478585895299694974e-01 1.819461869951107327e-02
9.878645311389526729e-01 -1.545411297237569703e-01 1.551497758610022489e-02
9.870132877838274643e-01 -1.601324321651552141e-01 1.274281966767835429e-02
9.863103467704241734e-01 -1.646023885804433484e-01 9.897360117800386645e-03
9.857743817361372951e-01 -1.679282549922192780e-01 6.998049603099592078e-03
9.854193620669845499e-01 -1.700945722269902316e-01 4.064471671458753238e-03
9.852542380049958970e-01 -1.710930821972020954e-01 1.116248808002012326e-03
9.852827575126619220e-01 -1.709226493112682432e-01 -1.827044861339011290e-03
9.855034166757793423e-01 -1.695891929864197512e-01 -4.745966601307370983e-03
9.859095429504396435e-01 -1.671056336109539853e-01 -7.621286392227286793e-03
9.864895082026736706e-01 -1.634918506308369601e-01 -1.043406909225928422e-02
9.872270661811934911e-01 -1.587746479219700468e-01 -1.316575978098658006e-02
9.882147658320586947e-01 -1.520750969918833739e-01 -1.745711551286407287e-02
9.893871087978151069e-01 -1.436883209513359905e-01 -2.160621686672196951e-02
9.906953925580230802e-01 -1.336714224595757783e-01 -2.558530072302451705e-02
9.920841693132579353e-01 -1.220925035969860073e-01 -2.936739753496094701e-02
9.934929038508704124e-01 -1.090308288331404418e-01 -3.292652433379801569e-02
9.948578088938867525e-01 -9.457688427461971581e-02 -3.623790887695300250e-02
9.961138133439114695e-01 -7.883228418057808273e-02 -3.927824107267417764e-02
9.971966104205600701e-01 -6.190948045625645213e-02 -4.202594499545989071e-02
9.980447250785919877e-01 -4.393123917899899311e-02 -4.446146224656383206e-02
9.986015341503204912e-01 -2.502985988249942229e-02 -4.656753532429052517e-02
9.988171693130275530e-01 -5.346127717379533378e-03 -4.832947824785510660e-02
9.986502329946469469e-01 1.497199519070354506e-02 -4.973542109063815858e-02
9.980692612398970320e-01 3.577091601720340519e-02 -5.077651543066891843e-02
9.970538755551959786e-01 5.689315582022255735e-02 -5.144708904833402568e-02
9.955955776205729357e-01 7.817923898876429079e-02 -5.174474043519419753e-02
9.936981558701020179e-01 9.946966330862588856e-02 -5.167036667500468639e-02
9.913776902989337447e-01 1.206068798701075695e-01 -5.122812179103014563e-02
9.886621601867390252e-01 1.414372103955093829e-01 -5.042530643806337337e-02
9.855906773417610900e-01 1.618126329322629176e-01 -4.927219354267164259e-02
9.822123836127041319e-01 1.815923748940550253e-01 -4.778179785937149149e-02
9.785850646289379062e-01 2.006442643609174514e-01 -4.596960015421736739e-02
9.747735411767367575e-01 2.188458052652561825e-01 -4.385323866046176439e-02
9.708479048644863552e-01 2.360849583012400721e-01 -4.145218146912053175e-02
9.668816657578985785e-01 2.522606257723972734e-01 -3.878739360632640215e-02
9.629498768481477011e-01 2.672828539181292262e-01 -3.588101177804538938e-02
9.591272942286069858e-01 2.810727795379538985e-01 -3.275603826594645357e-02
9.554866235752100811e-01 2.935623582598052006e-01 -2.943606341436029103e-02
9.520968939088728655e-01 3.046939191910181255e-01 -2.594502375491359800e-02
9.490219895964537855e-01 3.144195948641353433e-01 -2.230700026689474286e-02
9.463193619351574215e-01 3.227006765126988475e-01 -1.854605874095580781e-02
9.440389331049615640e-01 3.295069431367887991e-01 -1.468613184194078429e-02
9.422221981997715989e-01 3.348160090059371652e-01 -1.075094035605075188e-02
9.409015256855540743e-01 3.386127287007098530e-01 -6.763949323297026306e-03
9.400996530132592621e-01 3.408886920014050914e-01 -2.748353330566132881e-03
9.398293721014722157e-01 3.416418333275931807e-01 1.272915819406169116e-03
9.400933987353164989e-01 3.408761723773943708e-01 5.277166552199985192e-03
9.408844202506170262e-01 3.386016943964297865e-01 9.241917935427314268e-03
9.421853167784602912e-01 3.348343703439921049e-01 1.314487096958325343e-02
9.439695523877832395e-01 3.295963092934464655e-01 1.696388841689453267e-02
9.462017332655217050e-01 3.229160278594879752e-01 2.067699029807911620e-02
9.490749690004044448e-01 3.139874415586619838e-01 2.585755933964344749e-02
9.524650990524542449e-01 3.030796657620373757e-01 3.087037970850281879e-02
9.562871048813904595e-01 2.902440169387683899e-01 3.568499547601692440e-02
9.604448918503879495e-01 2.755429287435965380e-01 4.027090971101017491e-02
9.648334414874493170e-01 2.590511914129015603e-01 4.459775466335282046e-02
9.693412683166983124e-01 2.408571075607285616e-01 4.863554428977307637e-02
9.738531530275233994e-01 2.210634619977887572e-01 5.235500655798877578e-02
9.782531047503062460e-01 1.997882045285493957e-01 5.572798767595966291e-02
9.824274843564611004e-01 1.771647525410888491e-01 5.872791497874179506e-02
9.862681999512330488e-01 1.533418351880968256e-01 6.133030005283840458e-02
9.896758673860694966e-01 1.284828230556583906e-01 6.351325924519628241e-02
9.925628151060963411e-01 1.027645156459060793e-01 6.525802547346463978e-02
9.948558062001262581e-01 7.637539212880743722e-02 6.654942366913185747e-02
9.964983528407266311e-01 4.951336622306470869e-02 6.737628257908313822e-02
9.974525102549257616e-01 2.238312073060986715e-02 6.773175818139197391e-02
9.977000587537344645e-01 -4.806872099294316053e-03 6.761354857173551558e-02
9.972430118319945969e-01 -3.184751466840768375e-02 6.702398654149036017e-02
9.961034235510174417e-01 -5.853228896915967788e-02 6.597000367197383697e-02
9.943225061946842080e-01 -8.466035596463759860e-02 6.446296792540873177e-02
9.919591060548645922e-01 -1.100394116550576229e-01 6.251840466249766748e-02
9.890876177897595101e-01 -1.344881811753984024e-01 6.015561802676521602e-02
9.857954433228545144e-01 -1.578384597262453837e-01 5.739723509792732381e-02
9.821801178500804141e-01 -1.799366420655698628e-01 5.426869871804844425e-02
9.783462324496461360e-01 -2.006447174163383806e-01 5.079773625876333326e-02
9.744022804093636081e-01 -2.198407407726838403e-01 4.701383088578612451e-02
9.704575440208550452e-01 -2.374188219656268861e-01 4.294771935142831232e-02
9.666191222347114698e-01 -2.532886984474195247e-01 3.863093641391000810e-02
9.629891795620609818e-01 -2.673749753863404743e-01 3.409542112461337593e-02
9.596624752956560700e-01 -2.796161269776129554e-01 2.937319492739477039e-02
9.567242115980131301e-01 -2.899633562237440287e-01 2.449611621386344959e-02
9.542482209092633116e-01 -2.983794076837872344e-01 1.949571102435248421e-02
9.522954985651462811e-01 -3.048374199946125573e-01 1.440307522171075869e-02
9.509130760329940202e-01 -3.093198935778179171e-01 9.248839837479837234e-03
9.501332238118734841e-01 -3.118178350424629652e-01 4.063188453915322559e-03
9.499729704252458662e-01 -3.123301243791223314e-01 -1.124086566811670351e-03
9.504339243689403638e-01 -3.108631348935394501e-01 -6.283503508695348176e-03
9.515023884613574845e-01 -3.074306195065646952e-01 -1.138580152108589760e-02
9.531497597573659331e-01 -3.020538609319012857e-01 -1.640185678093790400e-02
9.553332119783520815e-01 -2.947620676068052337e-01 -2.130261917539404137e-02
9.579966602614539140e-01 -2.855929823371909371e-01 -2.605908294196606148e-02
9.612653598698973623e-01 -2.737304527444415214e-01 -3.225806656316515530e-02
9.649958044707278582e-01 -2.594631118734092579e-01 -3.823656792975944907e-02
9.690649126479229380e-01 -2.428602571399255949e-01 -4.395616377412617237e-02
9.733358406702323773e-01 -2.240071153733239062e-01 -4.937831225982304562e-02
9.776614676002453042e-01 -2.030067187682498830e-01 -5.446468739367816420e-02
9.818883554312295425e-01 -1.799815282217015755e-01 -5.917764506691317733e-02
9.858611182935984596e-01 -1.550746285372055222e-01 -6.348080986637671952e-02
9.894270961007899379e-01 -1.284503304099839649e-01 -6.733976183053640152e-02
9.924411883944345147e-01 -1.002940384488755221e-01 -7.072279260212234464e-02
9.947706683706881714e-01 -7.081128315196194567e-02 -7.360169190082356538e-02
9.962997702919971221e-01 -4.022586643171115195e-02 -7.595251894081755939e-02
9.969338305561532554e-01 -8.777131737954496637e-03 -7.775631032015042909e-02
9.966027673039068446e-01 2.328356403623665222e-02 -7.899967674513397320e-02
9.952637073749774910e-01 5.569703531592040679e-02 -7.967524605479131550e-02
9.929026119898741731e-01 8.820091212519920454e-02 -7.978191919385349551e-02
9.895348104543842949e-01 1.205345063927345806e-01 -7.932491831543625471e-02
9.852044188833406491e-01 1.524436425935786765e-01 -7.831562086327742422e-02
9.799826913337085221e-01 1.836851974667277343e-01 -7.677118875747564186e-02
9.739654163012990695e-01 2.140311181830451270e-01 -7.471401606708295839e-02
9.672695254798066022e-01 2.432717319606665651e-01 -7.217103033630588305e-02
9.600291189607542686e-01 2.712182172821248627e-01 -6.917289095057226056e-02
9.523911290270336005e-01 2.977041708142322274e-01 -6.575313200887472620e-02
9.445108433153602823e-01 3.225862679223231444e-01 -6.194729708657961686e-02
9.365474896781148528e-01 3.457440721712937703e-01 -5.779210950014413567e-02
9.286600535598530382e-01 3.670790958449464680e-01 -5.332471505654176602e-02
9.210034590300685275e-01 3.865132466645794795e-01 -4.858202581230226108e-02
9.137252018053043656e-01 4.039868148726973862e-01 -4.360018412715641750e-02
9.069624811232650519e-01 4.194561606523153352e-01 -3.841415720178587706e-02
9.008398406822495375e-01 4.328912566387631555e-01 -3.305746405057453929e-02
8.954672993297269068e-01 4.442732268457367240e-01 -2.756202993640909440e-02
8.909389309065880447e-01 4.535920045992959948e-01 -2.195815789424054171e-02
8.873318397629516019e-01 4.608442107201201621e-01 -1.627460309149302703e-02
8.847054733415209427e-01 4.660313313665946366e-01 -1.053873326081899812e-02
8.831012147728839468e-01 4.691582541630423542e-01 -4.776757046170614605e-03
8.825422052882475610e-01 4.702322023561237851e-01 9.859984568747160935e-04
8.830333569978174868e-01 4.692620900595353417e-01 6.724779683998998239e-03
8.845615298141370486e-01 4.662583069962051852e-01 1.241508649093019459e-02
8.870958607183975220e-01 4.612329280446850754e-01 1.803235782542999752e-02
8.905882479751893177e-01 4.542003306876731816e-01 2.355168046959510431e-02
8.949740061829941640e-01 4.451781914607688684e-01 2.894753747169181990e-02
9.004786129114759063e-01 4.334318018498652947e-01 3.570996046569178267e-02
9.069167631164573029e-01 4.191824266849011882e-01 4.228647809520336143e-02
9.141457456994179775e-01 4.024569627537326610e-01 4.864181407974522975e-02
9.220030398846360553e-01 3.832938234724821980e-01 5.473871385846580673e-02
9.303089423330843655e-01 3.617464774253889015e-01 6.053805800006067939e-02
9.388698465584865982e-01 3.378870103410853698e-01 6.599916640810632451e-02
9.474822179551227741e-01 3.118094939073453031e-01 7.108030072130652743e-02
9.559372622171479206e-01 2.836329239128453916e-01 7.573936163376715491e-02
9.640262269476638224e-01 2.535034821579290609e-01 7.993476496208755389e-02
9.715462098073275321e-01 2.215958864321715405e-01 8.362646591125603990e-02
9.783062777955123801e-01 1.881136245375936156e-01 8.677708636721237490e-02
9.841336391624782021e-01 1.532879235875233837e-01 8.935308679981507352e-02
9.888795609394370745e-01 1.173753832648448403e-01 9.132591434227320393e-02
9.924246997011697546e-01 8.065429636326740259e-02 9.267305360335574560e-02
9.946835175589906486e-01 4.341978320052509999e-02 9.337890814548448215e-02
9.956074926813861525e-01 5.977967156672966964e-03 9.343544897605303434e-02
9.951869024940155350e-01 -3.136049563742952795e-02 9.284258154476114633e-02
9.934510519556427610e-01 -6.828715985616588824e-02 9.160820329152956354e-02
9.904669286588265731e-01 -1.045024100175552251e-01 8.974794754818136988e-02
9.863363781416870646e-01 -1.397215700737042821e-01 8.728463382350466759e-02
9.811919935154914674e-01 -1.736801676305889941e-01 8.424746637503995050e-02
9.751919919707841000e-01 -2.061380952262968635e-01 8.067104006694691964e-02
9.685143992620258713e-01 -2.368825082814916549e-01 7.659422318813945141e-02
9.613508789106058883e-01 -2.657294031306416393e-01 7.205899050900485547e-02
9.539005273471743429e-01 -2.925239171300310637e-01 6.710927673838124052e-02
9.463639151513073555e-01 -3.171394765977889052e-01 6.178991187464647622e-02
9.389375960191401749e-01 -3.394759809827522234e-01 5.614568741340829339e-02
9.318092380422832166e-01 -3.594572505808776297e-01 5.022058784354356542e-02
9.251534646884720381e-01 -3.770279810600144499e-01 4.405720706805062864e-02
9.191284323100127329e-01 -3.921504442683830804e-01 3.769635571295536919e-02
9.138731217118848393e-01 -4.048011560083973892e-01 3.117685366320913781e-02
9.095052857275033320e-01 -4.149677028240478238e-01 2.453549304496252179e-02
9.061199733879909957e-01 -4.226458861728585314e-01 1.780715030745859753e-02
9.037885431756017551e-01 -4.278373075106805534e-01 1.102502179373650998e-02
9.025580811140542226e-01 -4.305474845056492805e-01 4.220954796985594559e-03
9.024511516595224991e-01 -4.307845583021541191e-01 -2.574154917935545656e-03
9.034658279504431677e-01 -4.285586248904809659e-01 -9.329928261728950498e-03
9.055759704401288301e-01 -4.238816997846636681e-01 -1.601605935955785487e-02
9.087317469071409803e-01 -4.167683034067224956e-01 -2.260189151602009366e-02
9.128604101006593252e-01 -4.072366336101702067e-01 -2.905603976997815641e-02
9.181451827044195824e-01 -3.945231174420261167e-01 -3.689172168835298804e-02
9.243824978262862313e-01 -3.788602053968177508e-01 -4.451986531604636144e-02
9.313995613157068920e-01 -3.602798370034169251e-01 -5.189782218378136830e-02
9.389975851058389722e-01 -3.388287777549059965e-01 -5.898046833967030000e-02
9.469554259256323103e-01 -3.145733133088586264e-01 -6.572037596524282765e-02
9.550341696784393486e-01 -2.876039520083443213e-01 -7.206825596235751086e-02
9.629827166576764297e-01 -2.580398057374914123e-01 -7.797368101036969423e-02
9.705443483330649102e-01 -2.260322887212217191e-01 -8.338608104645189867e-02
9.774641623295526882e-01 -1.917677665435319478e-01 -8.825598208157416080e-02
9.834971561992368327e-01 -1.554688118449292500e-01 -9.253643621522450458e-02
9.884166343131862709e-01 -1.173937848187477234e-01 -9.618456799543816105e-02
9.920225202726372649e-01 -7.783455718567414139e-02 -9.916314288249857001e-02
9.941490952331225595e-01 -3.711233308879925696e-02 -1.014420507435793151e-01
9.946716642344179959e-01 4.428322116464752933e-03 -1.029995939005105970e-01
9.935116869673128459e-01 4.642697125125497259e-02 -1.038234771276004831e-01
9.906399978833959619e-01 8.851589146155032506e-02 -1.039114164355428999e-01
9.860778759172325048e-01 1.303292244632110186e-01 -1.032713129134257557e-01
9.798958908682913194e-01 1.715120998534342411e-01 -1.019209740229166800e-01
9.722106304270908828e-01 2.117291439240781004e-01 -9.988740301049948977e-02
9.631795757585978057e-01 2.506718510369249087e-01 -9.720571258579499552e-02
9.529945237497108312e-01 2.880644102378767113e-01 -9.391774728985721743e-02
9.418740359333794832e-01 3.236677289422540404e-01 -9.007051694641207695e-02
9.300554215476634079e-01 3.572815571118254097e-01 -8.571454993624161300e-02
9.177867376508309638e-01 3.887447686850761808e-01 -8.090227028651267305e-02
9.053192222998780458e-01 4.179339853581792719e-01 -7.568648876548071669e-02
8.929004815475057866e-01 4.447608205111495683e-01 -7.011907830192766478e-02
8.807686428249661414e-01 4.691680742550371486e-01 -6.424988137737393246e-02
8.691475802311555698e-01 4.911252263693339781e-01 -5.812587454816182941e-02
8.582432222526618082e-01 5.106235587705982848e-01 -5.179059524274483989e-02
8.482408764170112914e-01 5.276712018995936004e-01 -4.528381988685094978e-02
8.393034513396249174e-01 5.422883492944744477e-01 -3.864147083099698371e-02
8.315704243520062322e-01 5.545028299425426299e-01 -3.189572238868700754e-02
8.251573899569860648e-01 5.643461752909703089e-01 -2.507527295033930986e-02
8.201560271018893955e-01 5.718502714569350109e-01 -1.820574975887365166e-02
8.166343376993629999e-01 5.770446495918309937e-01 -1.131021457472383522e-02
8.146370312279075376e-01 5.799544391987212499e-01 -4.409741227678556572e-03
8.141859574932216459e-01 5.805989898673009630e-01 2.475960809874752470e-03
8.152805193515153537e-01 5.789911548974584488e-01 9.327899776819883332e-03
8.178980277120235787e-01 5.751372236378995417e-01 1.612715256202963340e-02
8.219939913249146857e-01 5.690374858358957511e-01 2.285423245253023414e-02
8.278845448379260619e-01 5.600477100086851401e-01 3.088439084544616214e-02
8.353697828750963339e-01 5.483175270821997183e-01 3.879850308477053589e-02
8.443137966470021238e-01 5.338217633575571552e-01 4.656880212917148543e-02
8.545511987964301559e-01 5.165352579293606139e-01 5.416364080480613741e-02
8.658877525486490256e-01 4.964378088114421717e-01 6.154702209520190870e-02
8.781016064707360957e-01 4.735197980382691019e-01 6.867834439258345414e-02
8.909453693391823359e-01 4.477883250527203707e-01 7.551240410848919504e-02
9.041492482689148513e-01 4.192736095111610495e-01 8.199969502669399168e-02
9.174254351996448120e-01 3.880353506690332188e-01 8.808703563558985261e-02
9.304738579378948327e-01 3.541686597671844794e-01 9.371854134040377704e-02
9.429893110642488807e-01 3.178091263098878350e-01 9.883693754521769015e-02
9.546698526145034336e-01 2.791365526255369378e-01 1.033851827505453541e-01
9.652262039020730322e-01 2.383769071804419382e-01 1.073083399587544534e-01
9.743917377577437922e-01 1.958021161608876071e-01 1.105556030893713737e-01
9.819325055199430441e-01 1.517274388406941177e-01 1.130823571574463143e-01
9.876566583267464283e-01 1.065063500535751440e-01 1.148521315449534813e-01
9.914225847168096628e-01 6.052306707556602550e-02 1.158382992789910582e-01
9.931451284729132523e-01 1.418308328601720208e-02 1.160253848512641794e-01
9.927993711257058207e-01 -3.209772391753783205e-02 1.154098694310410622e-01
9.904216522110240728e-01 -7.790468959757441969e-02 1.140004231356223918e-01
9.861077341235437999e-01 -1.228358631224274466e-01 1.118175444102965377e-01
9.800082652483430579e-01 -1.665126279439010648e-01 1.088926397273835278e-01
9.723219203704537295e-01 -2.085887508030511150e-01 1.052666253748633374e-01
9.632867708808473539e-01 -2.487573416945915439e-01 1.009881706234523197e-01
9.531705388476260365e-01 -2.867554195137517192e-01 9.611172374231805038e-02
9.422604116771747806e-01 -3.223660038387143878e-01 9.069546770019944193e-02
9.308530440602315048e-01 -3.554178607388622790e-01 8.479934225552676619e-02
9.192452676019517988e-01 -3.857831968571885373e-01 7.848324698949807332e-02
9.077258880168365129e-01 -4.133737082719365352e-01 7.180551034242213526e-02
8.965687978462815177e-01 -4.381354460795005568e-01 6.482167770208803470e-02
8.860274889781201146e-01 -4.600429650793686487e-01 5.758364120096427785e-02
8.763309279179565259e-01 -4.790931867766122787e-01 5.013910804626708906e-02
8.676806656175809485e-01 -4.952993468996397808e-01 4.253138451851747048e-02
8.602489948767101380e-01 -5.086853241382925939e-01 3.479943958700082440e-02
8.541779397995036271e-01 -5.192805719848582191e-01 2.697820482943842635e-02
8.495788587896769828e-01 -5.271158073977155745e-01 1.909906485551289210e-02
8.465324592900811407e-01 -5.322195531924476253e-01 1.119049331789073558e-02
8.450890531430584884e-01 -5.346155873577344009e-01 3.278792454751973048e-03
8.452689210460891944e-01 -5.343213213537419959e-01 -4.611102275078236834e-03
8.470626991294623043e-01 -5.313471087270835724e-01 -1.245478748137361126e-02
8.508139683149407162e-01 -5.250204915725199539e-01 -2.166025867270698901e-02
8.563299159286265061e-01 -5.155120794253940097e-01 -3.076473285070808680e-02
8.634877110302192627e-01 -5.028021628483676508e-01 -3.973742593225354502e-02
8.721260337090700476e-01 -4.868673307750329693e-01 -4.854377192962913701e-02
8.820457040194579212e-01 -4.676857841944181970e-01 -5.714462906343964477e-02
8.930109080593388038e-01 -4.452437149718493359e-01 -6.549573177168162286e-02
9.047513298453095931e-01 -4.195425577429233721e-01 -7.354744853051844999e-02
9.169655046872716708e-01 -3.906068354948621368e-01 -8.124490406427982425e-02
9.293256811794043948e-01 -3.584922180541479375e-01 -8.852851692762458979e-02
9.414844068702320490e-01 -3.232933079992933445e-01 -9.533498755427367854e-02
9.530829326333882801e-01 -2.851505765892280997e-01 -1.015987464225143744e-01
9.637613643070873648e-01 -2.442558133731637660e-01 -1.072538370913171807e-01
9.731702875200658465e-01 -2.008554488858100839e-01 -1.122361665149764626e-01
9.809833730150541165e-01 -1.552511790056530505e-01 -1.164860094350476521e-01
9.869102647142431461e-01 -1.077974727252833526e-01 -1.199506109725961694e-01
9.907088963903789569e-01 -5.889577949044943334e-02 -1.225866992308845549e-01
9.921963095119840093e-01 -8.985548626416303697e-03 -1.243627050612727131e-01
9.912570801897254702e-01 4.146750374090188429e-02 -1.252604945706070338e-01
9.878486162067482423e-01 9.198514215329919863e-02 -1.252764533754193998e-01
9.820028436207773881e-01 1.420914021318326337e-01 -1.244218174278673428e-01
9.738241330500994053e-01 1.913273282249199903e-01 -1.227222163559801432e-01
9.634836699080715494e-01 2.392645732788790114e-01 -1.202164713342825375e-01
9.512107968473405561e-01 2.855169115062029528e-01 -1.169547591050288382e-01
9.372821033993572470e-01 3.297489623289661109e-01 -1.129963068798194997e-01
9.220091764345659247e-01 3.716817292893105362e-01 -1.084068129139971748e-01
9.057259462316061827e-01 4.110948790610884362e-01 -1.032557925719846947e-01
8.887764781403608705e-01 4.478259739885087631e-01 -9.761403215227039409e-02
8.715038961738562628e-01 4.817670939960099763e-01 -9.155129840135994845e-02
8.542409172020214436e-01 5.128594229629802603e-01 -8.513440794313525961e-02
8.373022573153208192e-01 5.410864298078980061e-01 -7.842571515082727429e-02
8.209789735968953117e-01 5.664662573743001195e-01 -7.148203530363650415e-02
8.055346436178575376e-01 5.890438620615843224e-01 -6.435398616134356542e-02
7.912031700358029829e-01 6.088833455876923040e-01 -5.708570717322561383e-02
7.781879288447932641e-01 6.260608070959350346e-01 -4.971490141328552270e-02
7.666619513512856754e-01 6.406579345491911770e-01 -4.227313974271429409e-02
7.567688329959754157e-01 6.527564593553955019e-01 -3.478636770796413036e-02
7.486240870980644946e-01 6.624335229146106618e-01 -2.727556117028635471e-02
7.423166997054715388e-01 6.697579498062451453e-01 -1.975748466822649374e-02
7.379106859738152613e-01 6.747873884280926049e-01 -1.224551542018845543e-02
7.354464938987447242e-01 6.775662632052719125e-01 -4.750504467978683594e-03
7.354026076019289926e-01 6.776190006986496650e-01 3.956020900357538721e-03
7.376215291238416016e-01 6.750964668916296096e-01 1.262528006557958604e-02
7.420678183170850151e-01 6.699880047967563534e-01 2.125056130946624544e-02
7.486783189793664306e-01 6.622624103114411742e-01 2.982343498449402733e-02
7.573613863486856612e-01 6.518700090251776658e-01 3.833259505347831608e-02
7.679956868819755034e-01 6.387456769979868998e-01 4.676275439573211734e-02
7.804287385609830485e-01 6.228128551781449973e-01 5.509361779961689104e-02
7.944754155750496372e-01 6.039886063122127391e-01 6.329896649096258820e-02
8.099166973737043085e-01 5.821897419004029572e-01 7.134589941581422068e-02
8.264989945125299498e-01 5.573400005508818422e-01 7.919428796627658862e-02
8.439344253053473466e-01 5.293781849588475863e-01 8.679651056057754999e-02
8.619024380843308686e-01 4.982670623525106701e-01 9.409753909801088501e-02
8.800531617748958979e-01 4.640027065869231637e-01 1.010354480607339178e-01
8.980128099381433637e-01 4.266238189916607415e-01 1.075424061328406067e-01
9.153913500292839567e-01 3.862204263633229329e-01 1.135461873656834625e-01
9.317924757362957555e-01 3.429412415988519758e-01 1.189722031081600628e-01
9.468256909216461459e-01 2.969989133703045958e-01 1.237460081904942361e-01
9.601200466982804382e-01 2.486724139311359272e-01 1.277961789869137277e-01
9.713388000792552157e-01 1.983059400023369501e-01 1.310574037106467804e-01
9.801940261786946662e-01 1.463039379900919201e-01 1.334735757254191246e-01
9.865991949031619468e-01 9.403546742927064439e-02 1.333406374413905471e-01
9.903291486987246817e-01 4.173656967092451847e-02 1.323124955782926382e-01
9.914114457420014626e-01 -1.009424443490673784e-02 1.303909556617934007e-01
9.899510977256027466e-01 -6.096790545737358624e-02 1.275933898739858852e-01
9.861256153274405856e-01 -1.104198743547155637e-01 1.239517543092482216e-01
9.801765601830704222e-01 -1.580232695244465912e-01 1.195108786518818134e-01
9.723983577899497632e-01 -2.033991744421815850e-01 1.143261925804355955e-01
9.631253182586506645e-01 -2.462235890807998040e-01 1.084610948540654929e-01
9.527178752504320558e-01 -2.862308417565757046e-01 1.019841852291210049e-01
9.415489936921844771e-01 -3.232136109322367723e-01 9.496656732806259271e-02
9.299915396709103055e-01 -3.570199765721043805e-01 8.747939779189708998e-02
9.184071885420173054e-01 -3.875481031499516948e-01 7.959181138620910478e-02
9.071372092668260612e-01 -4.147392453766221010e-01 7.136930155695553335e-02
8.964952384519779827e-01 -4.385697728508320958e-01 6.287258842680068516e-02
8.867619706145770664e-01 -4.590428509624853159e-01 5.415696640343235779e-02
8.781815546313941345e-01 -4.761803163335748268e-01 4.527209400493067970e-02
8.709594028851835867e-01 -4.900151686419084718e-01 3.626216957715798495e-02
8.652610847326820398e-01 -5.005849852264351307e-01 2.716642706844767802e-02
8.612119808669016496e-01 -5.079264629397898245e-01 1.801988379582064592e-02
8.588974098059568574e-01 -5.120712099168859277e-01 8.854274715623736136e-03
8.583629925388684967e-01 -5.130428498673428317e-01 -3.008872536009003784e-04
8.596150883494363404e-01 -5.108554610053123168e-01 -9.417179781904268243e-03
8.626212080116244518e-01 -5.055133461326291044e-01 -1.846611890367664405e-02
8.673103855749558777e-01 -4.970121136020089203e-01 -2.741803362822166704e-02
8.735735635886171524e-01 -4.853410342543789668e-01 -3.624101441485953756e-02
8.812641159259593238e-01 -4.704866204141362473e-01 -4.489998392246300624e-02
8.901986940187837094e-01 -4.524373438369114764e-01 -5.335594108009433789e-02
9.001586319195101771e-01 -4.311893657268701108e-01 -6.156543224401604675e-02
9.108921774763836243e-01 -4.067530913299829409e-01 -6.948030441969775539e-02
9.221178241436539524e-01 -3.791602849641179107e-01 -7.704779335293726605e-02
9.335289932050960804e-01 -3.484713933706504729e-01 -8.421099176304859546e-02
9.448002530328553084e-01 -3.147826351784906995e-01 -9.090972837271762974e-02
9.555951568914616834e-01 -2.782323357677251030e-01 -9.708186562501579242e-02
9.655756353663871305e-01 -2.390059370913038272e-01 -1.026649931721049375e-01
9.744127026454223461e-01 -1.973391094158491732e-01 -1.075984570778513727e-01
9.817980448902352553e-01 -1.535184524164437958e-01 -1.118256247369635026e-01
9.874558788386420538e-01 -1.078794057204384704e-01 -1.152962480065389816e-01
9.911543294243535529e-01 -6.080119189007336666e-02 -1.179687582593601375e-01
9.927155060354957428e-01 -1.269887222622372025e-02 -1.198123132274450109e-01
9.920234804500224213e-01 3.598712170480432293e-02 -1.208084213508890670e-01
9.890294943966814190e-01 8.480334948241324833e-02 -1.209519967638221088e-01
9.837539423400394334e-01 1.332967723932206305e-01 -1.202517451655753244e-01
9.762849588276610868e-01 1.810282485466652158e-01 -1.187298419646972553e-01
9.667737493808356009e-01 2.275851398559757266e-01 -1.164209306908872005e-01
9.554270938223500265e-01 2.725921641605257295e-01 -1.133705320318094401e-01
9.424976796700654802e-01 3.157198270485407354e-01 -1.096330031484686329e-01
9.282730619670293004e-01 3.566900303044912013e-01 -1.052692170254005549e-01
9.130640834144612139e-01 3.952787356544285036e-01 -1.003441401323663662e-01
8.971935316031578456e-01 4.313158234706495064e-01 -9.492447504360908284e-02
8.809856793680365117e-01 4.646824952313629575e-01 -8.907650733044160385e-02
8.647571786125649584e-01 4.953067080558554713e-01 -8.286425915052647584e-02
8.488095873445093975e-01 5.231571957478778900e-01 -7.634801188977563546e-02
8.334236298076344029e-01 5.482366312313148304e-01 -6.958322243614954716e-02
8.188551385832109064e-01 5.705744352528686614e-01 -6.261982602422187794e-02
8.053325149604425581e-01 5.902196539777136985e-01 -5.550189511041402068e-02
7.930554717406849141e-01 6.072342311601055531e-01 -4.826760882027870264e-02
7.821947873604756518e-01 6.216869033661127641e-01 -4.094948034602259590e-02
7.728927949258865837e-01 6.336478594753446325e-01 -3.357478874428179022e-02
7.652643463686438219e-01 6.431842343471134704e-01 -2.616616509332200108e-02
7.593980227144669914e-01 6.503564534338032166e-01 -1.874228916491732511e-02
7.558387281279367320e-01 6.546808208119562211e-01 -1.004925363765181261e-02
7.544539378064460955e-01 6.563516606428192457e-01 -1.379205884744017299e-03
7.552537618818859766e-01 6.553924224886640282e-01 7.257992217393675546e-03
7.582195342959043849e-01 6.518067059392902429e-01 1.585272732661283102e-02
7.633039949916508027e-01 6.455788703416690533e-01 2.439445221243033424e-02
7.704309750344523477e-01 6.366755844828709821e-01 3.287053700040454274e-02
7.794946689927897410e-01 6.250483263216540797e-01 4.126517179912982114e-02
7.903586319523100423e-01 6.106368579957778264e-01 4.955834367574583205e-02
8.028546920786105989e-01 5.933737039241709921e-01 5.772491860715135703e-02
8.167820225828661407e-01 5.731896452160427646e-01 6.573386830200650399e-02
8.319066660861395013e-01 5.500202076493575509e-01 7.354769149859030630e-02
8.479618440962274351e-01 5.238130602408478387e-01 8.112208790498649791e-02
8.646494065185129640e-01 4.945361561803940931e-01 8.840594833456844048e-02
8.816427707812084513e-01 4.621863404533127495e-01 9.534172443666863450e-02
8.985916565250704480e-01 4.267980264884685404e-01 1.018662332795057524e-01
9.151288305613670682e-01 3.884514211133719419e-01 1.079119338117694726e-01
9.308789329267080914e-01 3.472796722512113132e-01 1.134086827704418321e-01
9.454692609313518625e-01 3.034742507576722037e-01 1.182859374196934960e-01
9.585421571000669605e-01 2.572878810754424261e-01 1.224753243433854832e-01
9.697684035286386894e-01 2.090344251649972618e-01 1.259134426218840030e-01
9.788608043771519496e-01 1.590853100566868017e-01 1.285447235488390572e-01
9.855869803728005696e-01 1.078623646997345364e-01 1.303241361936844922e-01
9.897803421309243621e-01 5.582727057720119485e-02 1.312195166599964824e-01
9.913482785448604062e-01 3.468188969631531837e-03 1.312133143201736074e-01
9.902767975694471980e-01 -4.871554914474017506e-02 1.303035917287111156e-01
9.866311695387216529e-01 -1.002295716443597218e-01 1.285041821063433176e-01
9.805525045960379327e-01 -1.506001927184448530e-01 1.258439900739760364e-01
9.722505877674167962e-01 -1.993885700838893271e-01 1.223655053338642829e-01
9.619936372337953845e-01 -2.462023149319299276e-01 1.181226723826369895e-01
9.500958940319143009e-01 -2.907038762595596237e-01 1.131783115791313576e-01
9.369040664110658279e-01 -3.326153746022279534e-01 1.076013119542105351e-01
9.227836362395271941e-01 -3.717199119185818357e-01 1.014638133736212450e-01
9.081059077368037746e-01 -4.078596858611158171e-01 9.483856921424145547e-02
8.932364752320552936e-01 -4.409314554156540944e-01 8.779663800422476960e-02
8.785255471909506619e-01 -4.708800278186452415e-01 8.040550214173330934e-02
8.643003259842312325e-01 -4.976904683728944345e-01 7.272766182885535835e-02
8.508594353613141426e-01 -5.213796925494768031e-01 6.481970879026524579e-02
8.384692273588159050e-01 -5.419880072372604829e-01 5.673185076576976738e-02
8.273616933528435968e-01 -5.595710494933521240e-01 4.850783536537225937e-02
8.177336474440628500e-01 -5.741924475495103763e-01 4.018520997907881753e-02
8.102437968495465048e-01 -5.853021694945802489e-01 3.043835066632288866e-02
8.048243103133323473e-01 -5.931532074121439457e-01 2.066963518401279676e-02
8.015678584710183019e-01 -5.978045465450205764e-01 1.090064463225495252e-02
8.005261763247628615e-01 -5.992967973590243025e-01 1.149937659153629430e-03
8.017111830102897629e-01 -5.976503547632726621e-01 -8.565463044637892931e-03
8.050956184016282435e-01 -5.928649948231352607e-01 -1.822857130321059449e-02
8.106131670140355183e-01 -5.849208744545371097e-01 -2.782096015781095055e-02
8.181581268372865035e-01 -5.737809198591371507e-01 -3.732134128574367271e-02
8.275847657664290313e-01 -5.593946042122501794e-01 -4.670423958316724522e-02
8.387065911691287123e-01 -5.417031158802528834e-01 -5.593880897170054600e-02
8.512958369549681326e-01 -5.206458974060188538e-01 -6.498784566136485419e-02
8.650835426035033970e-01 -4.961684860607056269e-01 -7.380706606963059746e-02
8.797606518698694034e-01 -4.682315045806808018e-01 -8.234472594726577332e-02
8.949805838198194863e-01 -4.368205352655201157e-01 -9.054166197137175631e-02
9.103637114653131412e-01 -4.019564670903295611e-01 -9.833183369731549051e-02
9.255041092420585036e-01 -3.637057465901458730e-01 -1.056434289112556241e-01
9.399787886764036093e-01 -3.221898102727204227e-01 -1.124005664485079187e-01
9.533594282683299781e-01 -2.775928583920299064e-01 -1.185255865010319681e-01
9.652263277108302786e-01 -2.301670809898182513e-01 -1.239418610918304464e-01
9.751840028208021982e-01 -1.802344997294337836e-01 -1.285769919395326477e-01
9.828775270491348914e-01 -1.281847658422776981e-01 -1.323661980777977032e-01
9.880084713184401624e-01 -7.446855904936719450e-02 -1.352556426307398585e-01
9.903491519918706798e-01 -1.958664219841963622e-02 -1.372054189532604940e-01
9.897539121535792184e-01 3.592490823646567188e-02 -1.381919205437446840e-01
9.861663548577813687e-01 9.151232560550928707e-02 -1.382093611607574102e-01
9.796218054000075393e-01 1.466233037029492925e-01 -1.372702886304310865e-01
9.702447545425033626e-01 2.007261515334100854e-01 -1.354050376137407308e-01
9.582415509876727189e-01 2.533274317309570089e-01 -1.326601771526699503e-01
9.438890845193320667e-01 3.039867629021401618e-01 -1.290961101005278222e-01
9.275205565998894119e-01 3.523278258220420844e-01 -1.247840577054425137e-01
9.095096251867395010e-01 3.980450644836442398e-01 -1.198027035246980870e-01
8.902542228218928155e-01 4.409060372877754430e-01 -1.142347738964246406e-01
8.701612031637401268e-01 4.807497805460103635e-01 -1.081638019784802868e-01
8.496327166283168530e-01 5.174818466546489137e-01 -1.016712685987549297e-01
8.290549065166223919e-01 5.510668509105844937e-01 -9.483424774942181279e-02
8.087892057950601954e-01 5.815194079389017778e-01 -8.772361877179804535e-02
7.891662421469551880e-01 6.088942838770960986e-01 -8.040284977052759852e-02
7.704821491632433128e-01 6.332764662559370317e-01 -7.292731271345692656e-02
7.529969427828664408e-01 6.547716935567275964e-01 -6.534406176423022961e-02
7.369345500998437659e-01 6.734978194889139624e-01 -5.769199175444289507e-02
7.224840605005864447e-01 6.895772339830101849e-01 -5.000229078044467895e-02
7.098017916432057817e-01 7.031304361423196259e-01 -4.229910646045929173e-02
6.990138100983159797e-01 7.142707590522823224e-01 -3.460035619188175926e-02
6.902186058874244523e-01 7.231001821601750201e-01 -2.691862505660506596e-02
6.834896822421290263e-01 7.297061303505871788e-01 -1.926210874362324285e-02
6.788778805119926041e-01 7.341591447148855254e-01 -1.163557157113885403e-02
6.764133119784312420e-01 7.365113128745013338e-01 -4.041300544482464598e-03
6.761068123172124800e-01 7.367953615200285578e-01 3.519955039557525617e-03
6.779508710913653147e-01 7.350243362938613245e-01 1.104806277213066235e-02
6.819200194405493631e-01 7.311918208225846039e-01 1.854260565301561747e-02
6.879706860884847730e-01 7.252726748404304535e-01 2.600199902207641148e-02
6.960405571273676761e-01 7.172242986448829072e-01 3.342262564604016328e-02
7.060475008747041370e-01 7.069884554972903912e-01 4.079799142482222474e-02
7.178881472133014086e-01 6.944937028814645030e-01 4.811790882149743348e-02
7.314362424102631710e-01 6.796584953728158629e-01 5.536772151454753127e-02
7.465409357845673721e-01 6.623950235197226810e-01 6.252759165493548821e-02
7.630251928793607696e-01 6.426138415770353829e-01 6.957188004295632167e-02
7.806845685872654261e-01 6.202293090965272926e-01 7.646865882095039979e-02
7.992866087499185257e-01 5.951658246610833647e-01 8.317940487572367259e-02
8.185711739400103326e-01 5.673647630545911591e-01 8.965892865602317907e-02
8.385077154644595687e-01 5.361360960856147440e-01 9.727884985172710608e-02
8.587537375709441978e-01 5.016036176421809767e-01 1.045759095650849457e-01
8.789157688593245421e-01 4.637669370618506814e-01 1.114791837325977975e-01
8.985765964847103326e-01 4.226787081916993927e-01 1.179115692333554677e-01
9.173050138679623711e-01 3.784540280950507984e-01 1.237917971870488854e-01
9.346682661224374744e-01 3.312778962723237353e-01 1.290370406218248056e-01
9.502468265444161677e-01 2.814097972360275479e-01 1.335660340884622654e-01
9.636507986360929312e-01 2.291845487147766702e-01 1.373025514705424055e-01
9.745369139262791691e-01 1.750087750028834765e-01 1.401790199264874304e-01
9.826248457478253817e-01 1.193527182289808170e-01 1.421399952743929718e-01
9.877114425861986957e-01 6.273755838644298755e-02 1.431451998789616264e-01
9.896815459764199963e-01 5.718915402865835940e-03 1.431718376849752394e-01
9.885143118366966908e-01 -5.113232737633126301e-02 1.422159555986444168e-01
9.842843767327558169e-01 -1.072503931916615194e-01 1.402927108810826384e-01
9.771577406980395120e-01 -1.620945316992278007e-01 1.374355175718938726e-01
9.673827895772385554e-01 -2.151669053094538153e-01 1.336941628332727339e-01
9.552773610290470341e-01 -2.660271258732749278e-01 1.291320870431033330e-01
9.412130945719952013e-01 -3.143025469624160517e-01 1.238230935597765120e-01
9.255984556738566793e-01 -3.596939139636605720e-01 1.178477864584254603e-01
9.088617845112536564e-01 -4.019764620888286455e-01 1.112900267058715698e-01
8.914355240475221320e-01 -4.409969598682118019e-01 1.042336561071675605e-01
8.737424840467016285e-01 -4.766674776828174198e-01 9.675967554709316576e-02
8.561846587615212778e-01 -5.089568026898111386e-01 8.894399260472879432e-02
8.391347905725313749e-01 -5.378804348388788181e-01 8.085578509526872293e-02
8.229305985802219947e-01 -5.634900128816162646e-01 7.255646973670976108e-02
8.078713905170379350e-01 -5.858628710654620875e-01 6.409922328338378550e-02
7.942166523556577484e-01 -6.050922520871654386e-01 5.552897792555756828e-02
7.821861547475988941e-01 -6.212785285727436824e-01 4.688280177852215819e-02
7.719611144179490125e-01 -6.345216334023447979e-01 3.819057568960306653e-02
7.636859853531136055e-01 -6.449147791495669635e-01 2.947588572637668825e-02
7.574705138019842687e-01 -6.525394619444202515e-01 2.075706314569034094e-02
7.533917606079612028e-01 -6.574616932606738295e-01 1.204831755461245428e-02
7.514958657547318177e-01 -6.597293795353410539e-01 3.360922264708189958e-03
7.517993983272187597e-01 -6.593707678802842587e-01 -5.295577896126313008e-03
7.542901983450768233e-01 -6.563938899353035650e-01 -1.391215765502837841e-02
7.589276751988690561e-01 -6.507869589655626008e-01 -2.247911748299011997e-02
7.656425820641208357e-01 -6.425197019604301785e-01 -3.098491944429896533e-02
7.743363385547187283e-01 -6.315456335173637026e-01 -3.941506889023706911e-02
7.848800266893785071e-01 -6.178052967209185509e-01 -4.775106288962743806e-02
7.971132388350743447e-01 -6.012305031864172422e-01 -5.596943360489426561e-02
8.111732626555279158e-01 -5.811360152720257410e-01 -6.541473943787640133e-02
8.267566594036142025e-01 -5.575794090906528444e-01 -7.469174427720634557e-02
8.435576352392164523e-01 -5.304677873220789985e-01 -8.375370235543885822e-02
8.612254937352626927e-01 -4.997263573756215993e-01 -9.254443020739588910e-02
8.793667810501314408e-01 -4.653102845486305483e-01 -1.009983971547832177e-01
8.975498574902428528e-01 -4.272171782313683996e-01 -1.090414121092013744e-01
9.153123757739045629e-01 -3.854995183383749802e-01 -1.165919949917629261e-01
9.321719659369755995e-01 -3.402761144473077648e-01 -1.235634845405618187e-01
9.476401475016766884e-01 -2.917415207216100814e-01 -1.298668765643156420e-01
9.612391219270649545e-01 -2.401722539958347780e-01 -1.354143100248348108e-01
9.725206766317657792e-01 -1.859287274882973628e-01 -1.401230299480308306e-01
9.810860145926704190e-01 -1.294520512877545826e-01 -1.439195685456149953e-01
9.866049872259932130e-01 -7.125526753692412729e-02 -1.467438153915920918e-01
9.888330328647361167e-01 -1.190914881928440555e-02 -1.485526110766508812e-01
9.876241714083475731e-01 4.797668205208587694e-02 -1.493225098436149201e-01
9.829387024260987094e-01 1.077759582475086853e-01 -1.490514205877398191e-01
9.748447724856327268e-01 1.668695011226843938e-01 -1.477589466270758933e-01
9.635136398801278368e-01 2.246684684720699210e-01 -1.454853862412986698e-01
9.492091581145069012e-01 2.806351805700128543e-01 -1.422895040626964425e-01
9.322726026638920027e-01 3.342999238634551395e-01 -1.382453122610551033e-01
9.131043802889314831e-01 3.852726668008478184e-01 -1.334381891611514104e-01
8.921443333408854981e-01 4.332492486320643765e-01 -1.279607001402279787e-01
8.698522830835757613e-01 4.780122086212846844e-01 -1.219084714006280212e-01
8.466901922442058304e-01 5.194269182266276763e-01 -1.153764113409421616e-01
8.231069418909063851e-01 5.574340073300459997e-01 -1.084554925552756593e-01
7.995262918452443746e-01 5.920392234245966945e-01 -1.012302171382086780e-01
7.763381960232453860e-01 6.233018499509614951e-01 -9.377680363976453881e-02
7.538933209437171934e-01 6.513226782415553195e-01 -8.616206563442055377e-02
7.325003889554391190e-01 6.762323256735877086e-01 -7.844290409684269438e-02
7.124258381661426887e-01 6.981804657503971612e-01 -7.066630876300046549e-02
6.938952448786180893e-01 7.173263185924205754e-01 -6.286975448234889685e-02
6.770959706692659674e-01 7.338305647503914342e-01 -5.508188279107373297e-02
6.621805529461499695e-01 7.478487017387823732e-01 -4.732337184232816851e-02
6.492704353733181888e-01 7.595257627015220558e-01 -3.960791524994231733e-02
6.384597179208783002e-01 7.689922559215688347e-01 -3.194324911722511151e-02
6.298186853548654041e-01 7.763611553537480559e-01 -2.433218433641420181e-02
6.233969419261616851e-01 7.817257681231005728e-01 -1.677361686573449612e-02
6.192260364634789571e-01 7.851583176957165344e-01 -9.263501523351674871e-03
6.173215060186945102e-01 7.867091051559783610e-01 -1.795784754084861316e-03
6.176842991558397777e-01 7.864061411212073249e-01 5.636701029020866477e-03
6.207332511808970610e-01 7.838954057862684843e-01 1.408934195641259844e-02
6.263104360684507155e-01 7.792483308879696313e-01 2.252915814624022184e-02
6.343682762864881752e-01 7.724107000681161850e-01 3.096590017439258824e-02
6.448397033066814998e-01 7.633015077557763206e-01 3.940623596765326087e-02
6.576356865777913674e-01 7.518149483657003973e-01 4.785261478918104161e-02
6.726420757531315076e-01 7.378231463637064946e-01 5.630211168952453660e-02
6.897159039675607728e-01 7.211798027974998249e-01 6.474526291447985082e-02
7.086813601809355267e-01 7.017249537219086841e-01 7.316491798617180686e-02
7.293257137640724030e-01 6.792910352720364919e-01 8.153515263756978826e-02
7.513955621272778718e-01 6.537104207116806176e-01 8.982030779934285780e-02
7.745938657198679911e-01 6.248245275325559067e-01 9.797424192456449799e-02
7.985783223697303645e-01 5.924944792828341633e-01 1.059399045364461667e-01
8.229616969988760022e-01 5.566131422513870275e-01 1.136493542173330068e-01
8.473147401114706767e-01 5.171181431862896805e-01 1.210243494029668021e-01
8.711722728155670836e-01 4.740052233147766803e-01 1.279776297226145609e-01
8.940428627953876939e-01 4.273410224918051115e-01 1.344149739927310849e-01
9.154222487087662063e-01 3.772741569424634123e-01 1.402380649710182059e-01
9.348102917143223944e-01 3.240433086937135054e-01 1.453481110122630260e-01
9.517307698227774893e-01 2.679810422642050494e-01 1.496500767384812136e-01
9.657528409596402019e-01 2.095122523572600370e-01 1.530572710023969940e-01
9.765125675369143998e-01 1.491465459118337944e-01 1.554959485949755915e-01
9.837326146891829382e-01 8.746445117672096980e-02 1.569095227338774268e-01
9.872381912678237503e-01 2.509805437027345931e-02 1.572619765202698250e-01
9.869675454948598770e-01 -3.729262240135206713e-02 1.565401135661766419e-01
9.829758465480860075e-01 -9.904560299654897870e-02 1.547543989034035061e-01
9.754320061976421430e-01 -1.595230618565846581e-01 1.519382955318924200e-01
9.646087972870297511e-01 -2.181352960819319120e-01 1.481461732215135496e-01
9.508673641479008509e-01 -2.743606150962603074e-01 1.434500237412927592e-01
9.346377663435029293e-01 -3.277597615527354513e-01 1.379353333814987426e-01
9.163974718053645718e-01 -3.779841829652365592e-01 1.316965225026233421e-01
8.966497021142536550e-01 -4.247781884319332679e-01 1.248323594202853659e-01
8.759032741615619955e-01 -4.679756318874025434e-01 1.174417013413468630e-01
8.546551610701085266e-01 -5.074921862031731568e-01 1.096198258597244901e-01
8.333765068727011505e-01 -5.433144841495222144e-01 1.014555131233481622e-01
8.125023597852849555e-01 -5.754874194901669071e-01 9.302893947227108828e-02
7.924249986665942158e-01 -6.041007700855185458e-01 8.441036106091703850e-02
7.734904472575707679e-01 -6.292760824012824106e-01 7.565950728738067566e-02
7.559976053580891309e-01 -6.511544981751860028e-01 6.682556967740964360e-02
7.401993609260976159e-01 -6.698859524310787350e-01 5.794765915130944273e-02
7.263050581628940350e-01 -6.856199557001840805e-01 4.905560819402072364e-02
7.150190485818569419e-01 -6.980178600802724453e-01 3.897490178000723171e-02
7.062533131081836224e-01 -7.073679000024172270e-01 2.893320003786495342e-02
7.001083358617348207e-01 -7.137857045776146991e-01 1.893427979048216414e-02
6.966488770172510891e-01 -7.173562385636210736e-01 8.977339453668966088e-03
6.959068079843072629e-01 -7.181316412981405550e-01 -9.413069010907725714e-04
6.978828704282965534e-01 -7.161302341552689965e-01 -1.082656036374808790e-02
7.025472978238614941e-01 -7.113365878817353716e-01 -2.068289277848026075e-02
7.098393033694786469e-01 -7.037026129031374033e-01 -3.051272252897311438e-02
7.196654996873276255e-01 -6.931497070539383021e-01 -4.031480745192113357e-02
7.318973806382529368e-01 -6.795720599238076476e-01 -5.008265914041024752e-02
7.463680697023633570e-01 -6.628412643977908969e-01 -5.980299584502478394e-02
7.628686266792397142e-01 -6.428124159937306237e-01 -6.945426941526287867e-02
7.811443057649237742e-01 -6.193318795925075726e-01 -7.900532451399495948e-02
8.008912695666384751e-01 -5.922468600457480026e-01 -8.841427420699239648e-02
8.217543753360144754e-01 -5.614168167169376611e-01 -9.762770238244644627e-02
8.433267441951607379e-01 -5.267266034050069878e-01 -1.065803262626120601e-01
8.651518762156577003e-01 -4.881009916569122864e-01 -1.151952659691047043e-01
8.867290526177540322e-01 -4.455199556284254458e-01 -1.233850659188079346e-01
9.075226382733457831e-01 -3.990337848616790639e-01 -1.310535877116472681e-01
9.269756367529873309e-01 -3.487767913053523849e-01 -1.380988404879692211e-01
9.445274473219793521e-01 -2.949781505320919206e-01 -1.444167305618334340e-01
9.596352484488865908e-01 -2.379683369517703040e-01 -1.499056017305131216e-01
9.717978425409942167e-01 -1.781797467077735342e-01 -1.544713131857124999e-01
9.805802355614626764e-01 -1.161404916343705684e-01 -1.580324834147286694e-01
9.856368104962324184e-01 -5.246098689943282101e-02 -1.605254409530233461e-01
9.867308005182183761e-01 1.218622450481662844e-02 -1.619083908955483708e-01
9.837479549614794871e-01 7.709209315878645663e-02 -1.621643465047896415e-01
9.767028304885015944e-01 1.415400493259089121e-01 -1.613024905647372498e-01
9.657369607827437363e-01 2.048357781313328851e-01 -1.593578063605782802e-01
9.511091186425922883e-01 2.663350926027524546e-01 -1.563890230660327230e-01
9.331788052317444571e-01 3.254675029898443928e-01 -1.524751167254810025e-01
9.123848139047832095e-01 3.817537104084108845e-01 -1.477107600374853447e-01
8.892211066496709115e-01 4.348160861687174750e-01 -1.422011975460523436e-01
8.642122754274509377e-01 4.843820682582906101e-01 -1.360570303207475906e-01
8.378905824543675385e-01 5.302811610560549394e-01 -1.293893351188225571e-01
8.107760817119641361e-01 5.724367598962774029e-01 -1.223054384569516456e-01
7.833607388779914027e-01 6.108542980366962194e-01 -1.149055415867063501e-01
7.560968982240154901e-01 6.456072468426115041e-01 -1.072802714585255890e-01
7.293899714470765128e-01 6.768223463625863134e-01 -9.950913212977816058e-02
7.035948852014056731e-01 7.046651749865882053e-01 -9.165975931933552368e-02
6.790156272680897276e-01 7.293268526582583622e-01 -8.378783922164925735e-02
6.559071577791797392e-01 7.510123663458727616e-01 -7.593753743076214757e-02
6.344789712207538068e-01 7.699307439235713035e-01 -6.814228840916013163e-02
6.148996739416614510e-01 7.862870997586349775e-01 -6.042581332231541230e-02
5.973020512240251323e-01 8.002764345796761214e-01 -5.280325800409527148e-02
5.817882151467443919e-01 8.120789871160385420e-01 -4.528236854354499713e-02
5.684345345036156960e-01 8.218568946710738121e-01 -3.786464630571053508e-02
5.572961425145025460e-01 8.297519123155657761e-01 -3.054644533149705743e-02
5.484108935996477863e-01 8.358839549005112612e-01 -2.331999227860953594e-02
5.418026970624578720e-01 8.403502537788516413e-01 -1.617432235021636772e-02
5.374841951218370939e-01 8.432249544967023169e-01 -9.096134398816306879e-03
5.354587782857329614e-01 8.445590184109078580e-01 -2.070575157091844587e-03
5.357219457807890217e-01 8.443803276165827709e-01 4.918033072517074417e-03
5.382620257705261757e-01 8.426939274516215272e-01 1.188550441827246687e-02
5.430602722668678162e-01 8.394823738141702352e-01 1.884712321330674761e-02
5.500903555419965896e-01 8.347061837531697392e-01 2.581698174953779915e-02
5.593172628230292931e-01 8.283044176741225506e-01 3.280730540296432352e-02
5.706956282981811013e-01 8.201954504136899082e-01 3.982775078273488589e-02
5.841675181082871537e-01 8.102780164755130077e-01 4.688466602599372646e-02
5.996597091357893650e-01 7.984326414731474086e-01 5.398030727131356704e-02
6.174263042518794986e-01 7.841687746784088420e-01 6.216438974358091951e-02
6.373019139783745457e-01 7.673913393915858805e-01 7.040681069683278615e-02
6.591290656781312318e-01 7.479012975493463111e-01 7.869458355814371031e-02
6.827126964696693667e-01 7.254886334732745246e-01 8.700533757387812761e-02
7.078148367514845996e-01 6.999394315025618818e-01 9.530614470472231758e-02
7.341498867583731158e-01 6.710448113877084397e-01 1.035524960948085438e-01
7.613810768010732533e-01 6.386118284656799871e-01 1.116875478407495514e-01
7.891188144593641596e-01 6.024762813153596852e-01 1.196417809929365694e-01
8.169216963454150049e-01 5.625171372786722523e-01 1.273332375563329955e-01
8.443009647607778723e-01 5.186719912097738083e-01 1.346684956468509053e-01
8.707290842309193257e-01 4.709526369133835155e-01 1.415445251781780600e-01
8.956528680034059331e-01 4.194594965601743386e-01 1.478515138179548327e-01
9.185111849964598951e-01 3.643933844814250533e-01 1.534766682603467824e-01
9.387567375895174981e-01 3.060629559593084359e-01 1.583088811617275327e-01
9.558807739243578849e-01 2.448862857265393378e-01 1.622440208701518005e-01
9.694389805364506119e-01 1.813853878984687529e-01 1.651904697060711524e-01
9.790763177759760350e-01 1.161731333683066608e-01 1.670744337915370248e-01
9.845483407436067536e-01 4.993288007741611412e-02 1.678445007962946212e-01
9.857366880996204506e-01 -1.660792381124416572e-02 1.674749518748278043e-01
9.826569466147595522e-01 -8.270804934296215050e-02 1.659674461630858688e-01
9.754579478370949408e-01 -1.476440083363807498e-01 1.633508771004426041e-01
9.644125792020526999e-01 -2.107398998369550691e-01 1.596794185450844672e-01
9.499012019637753657e-01 -2.713929495408041181e-01 1.550289939813797313e-01
9.323895734602748453e-01 -3.290927491882461586e-01 1.494925738212349864e-01
9.124036373046028325e-01 -3.834330840333535773e-01 1.431748053132861909e-01
8.905036237021485279e-01 -4.341161785651060367e-01 1.361864965894161172e-01
8.672596326037741443e-01 -4.809500231164283157e-01 1.286394192945022052e-01
8.432303584226336080e-01 -5.238400468776476249e-01 1.206417851432751293e-01
8.189459874427389430e-01 -5.627767250819044609e-01 1.122946185182973344e-01
7.948956800792528199e-01 -5.978207633672389942e-01 1.036891159205694662e-01
7.715195291039050884e-01 -6.290873490663014822e-01 9.490497274477957546e-02
7.492045090053738310e-01 -6.567306757889889157e-01 8.600957854123808533e-02
7.282837095727429100e-01 -6.809296105577520297e-01 7.705793552722879636e-02
7.090380600016730206e-01 -7.018750424897143292e-01 6.809313767911460979e-02
6.916997654047023492e-01 -7.197591678538743931e-01 5.914725226703390626e-02
6.764567592872309243e-01 -7.347667472389226573e-01 5.024246445741410022e-02
6.634575910320809067e-01 -7.470682198409963615e-01 4.139237170727994020e-02
6.528162919995552649e-01 -7.568144708060174919e-01 3.260334280237274507e-02
6.446168811171951729e-01 -7.641330085023867458e-01 2.387588298549199461e-02
6.389172718066573609e-01 -7.691253067481106376e-01 1.520596964527474483e-02
6.362222125246773663e-01 -7.714862993682088943e-01 5.516214426320699415e-03
6.363775993410911713e-01 -7.713667815941335215e-01 -4.133276524558363724e-03
6.393743823822295447e-01 -7.687726296414449934e-01 -1.375823075824146244e-02
6.451803942935323555e-01 -7.636728278180607843e-01 -2.337342350068447733e-02
6.537392598639722996e-01 -7.560005340886090108e-01 -3.299118087608818306e-02
6.649681013408998975e-01 -7.456548902196463713e-01 -4.261986808875685429e-02
6.787541396075504885e-01 -7.325037253046214891e-01 -5.226235009834377665e-02
6.949503477324081580e-01 -7.163873670866267585e-01 -6.191442586103984569e-02
7.133703900606036541e-01 -6.971238255583388499e-01 -7.156325630275085781e-02
7.337831805978936028e-01 -6.745156387419712907e-01 -8.118583095764882185e-02
7.559075187692660958e-01 -6.483586590757086654e-01 -9.074754818244595844e-02
7.794074027483536282e-01 -6.184529955722158912e-01 -1.002010175057440056e-01
8.038887663720600818e-01 -5.846161962251651412e-01 -1.094852268427625175e-01
8.288985110139991397e-01 -5.466985442373477611e-01 -1.185252467787516611e-01
8.539267738566441723e-01 -5.046000461817055083e-01 -1.272326614575435277e-01
8.784133455119612632e-01 -4.582883213854071491e-01 -1.355069115988126183e-01
9.017589777558094877e-01 -4.078161935781624559e-01 -1.432377002209527239e-01
9.233419709352446159e-01 -3.533373993309969485e-01 -1.503085382765385891e-01
9.425398907823067107e-01 -2.951185494742383786e-01 -1.566013936077719493e-01
9.587555686214437323e-01 -2.335454092320228270e-01 -1.620022594020349704e-01
9.714457730454956197e-01 -1.691217897563139783e-01 -1.664072959727962708e-01
9.801502409750730838e-01 -1.024599157568695518e-01 -1.697290511896071830e-01
9.845182853492961961e-01 -3.426202617190506061e-02 -1.719021651360173042e-01
9.843301060049011175e-01 3.470593629683256520e-02 -1.728879456612502363e-01
9.795103071262213357e-01 1.036465773106419186e-01 -1.726772820756727611e-01
9.701319533863327349e-01 1.717663755264022818e-01 -1.712915410140737615e-01
9.564106470776120306e-01 2.383107276869886881e-01 -1.687813336779547535e-01
9.386893615330064167e-01 3.025954103576341536e-01 -1.652233107154260083e-01
9.174158742325486671e-01 3.640317223804762636e-01 -1.607153771476464710e-01
8.931153994187088774e-01 4.221435261581660825e-01 -1.553708809740764751e-01
8.663613136039944873e-01 4.765755338633674842e-01 -1.493123917057699035e-01
8.377467023434130855e-01 5.270932601514846105e-01 -1.426656500082928714e-01
8.078589350678134773e-01 5.735759055764243497e-01 -1.355541586159859369e-01
7.772587530152228474e-01 6.160039466703763900e-01 -1.280947310217296631e-01
7.464645947967681883e-01 6.544433791057967520e-01 -1.203941525426917292e-01
7.159422131297239478e-01 6.890284468268135232e-01 -1.125469655322819534e-01
6.860991310422573930e-01 7.199443858556174858e-01 -1.046342830044666994e-01
6.572831707449449112e-01 7.474113152891095346e-01 -9.672346794938767311e-02
