1.000000000000000000e+00 0.000000000000000000e+00 0.000000000000000000e+00
9.999990813940825563e-01 7.357738981716599892e-04 -1.138476052274109765e-03
9.999957595323043513e-01 1.871879236034068063e-03 -2.231039988493483880e-03
9.999888803689768180e-01 3.391424372703361750e-03 -3.276919216428884896e-03
9.999769356712622237e-01 5.277267859936177370e-03 -4.275470472929558327e-03
9.999581277879895369e-01 7.512062103968751917e-03 -5.226176437772841327e-03
9.999304322122383182e-01 1.007829564068565657e-02 -6.128642326366529405e-03
9.998916575142213770e-01 1.295833422200915429e-02 -6.982592466507168971e-03
9.998395022730118820e-01 1.613446088080064053e-02 -7.787866859305003081e-03
9.997716086864063545e-01 1.958891510884078202e-02 -8.544417720312851364e-03
9.996856125876690813e-01 2.330393124871961083e-02 -9.252305993813722887e-03
9.995791896460451964e-01 2.726177616673723311e-02 -9.911697831084776214e-03
9.994500975747278027e-01 3.144478624109850462e-02 -1.052286102220234901e-02
9.992962142153649641e-01 3.583540366857686926e-02 -1.108616137051052393e-02
9.991155714121132680e-01 4.041621206410365985e-02 -1.160205899916056348e-02
9.989063846305743510e-01 4.516997130197096533e-02 -1.207110458004924392e-02
9.986670783175430888e-01 5.007965152496262479e-02 -1.249393547694430118e-02
9.983963070361820957e-01 5.512846622907495442e-02 -1.287127179648561021e-02
9.980929724478216913e-01 6.029990431676988255e-02 -1.320391234299134534e-02
9.977562362458618495e-01 6.557776100102126471e-02 -1.349273047548060593e-02
9.973855291790066913e-01 7.094616743577182583e-02 -1.373866986795254860e-02
9.969805563300881968e-01 7.638961894571881517e-02 -1.394274017664661955e-02
9.965412988428277163e-01 8.189300172941200995e-02 -1.410601262066527722e-02
9.960680123118738072e-01 8.744161791422248864e-02 -1.422961548489386392e-02
9.955612220711934635e-01 9.302120884950619562e-02 -1.431472955653511486e-02
9.950217156322662682e-01 9.861797653487165694e-02 -1.436258350873114223e-02
9.944505325364769721e-01 1.042186030934560831e-01 -1.437444924662678938e-02
9.938489518955939683e-01 1.098102682150815801e-01 -1.435163723279896802e-02
9.932184779002830588e-01 1.153806645106519868e-01 -1.429549181021130301e-02
9.925608235793190737e-01 1.209180107367070212e-01 -1.420738654173699100e-02
9.918778930916327674e-01 1.264110628672287795e-01 -1.408871958581985225e-02
9.911717628297428417e-01 1.318491230081692833e-01 -1.394090912801797082e-02
9.904446616066722164e-01 1.372220461683377468e-01 -1.376538888800815652e-02
9.896989501893771468e-01 1.425202449178882835e-01 -1.356360372114218636e-02
9.889371004302993651e-01 1.477346919823583904e-01 -1.333700533286290985e-02
9.881616742351750915e-01 1.528569208357481168e-01 -1.308704812324050677e-02
9.873753025900141589e-01 1.578790243702676011e-01 -1.281518517761077308e-02
9.865806648535082601e-01 1.627936517329354460e-01 -1.252286441782533323e-02
9.857804685033667580e-01 1.675940034300487935e-01 -1.221152492699665096e-02
9.849774295065194529e-01 1.722738248095839475e-01 -1.188259345887746066e-02
9.841742534640764983e-01 1.768273980387818634e-01 -1.153748114119315313e-02
9.833736176626818315e-01 1.812495326995302858e-01 -1.117758038038362337e-02
9.825781541447096146e-01 1.855355551277101389e-01 -1.080426197334282551e-02
9.817904338908739481e-01 1.896812966245031984e-01 -1.041887242990180949e-02
9.810129521904730199e-01 1.936830806678585815e-01 -1.002273150801307258e-02
9.802481152568545131e-01 1.975377092510136878e-01 -9.617129961885849052e-03
9.794982281289382753e-01 2.012424484722982465e-01 -9.203327501714923808e-03
9.787654838838885096e-01 2.047950134965760283e-01 -8.782550962157277541e-03
9.780519541714003395e-01 2.081935530037554716e-01 -8.355992675355108229e-03
9.773595810666283468e-01 2.114366332339970012e-01 -7.924809043090541225e-03
9.766901702265855523e-01 2.145232217327240065e-01 -7.490119301593139295e-03
9.760453853239093869e-01 2.174526708914699402e-01 -7.053004471609332186e-03
9.754267437222262638e-01 2.202247013731204739e-01 -6.614506485583299296e-03
9.748356133489383124e-01 2.228393855023826087e-01 -6.175627483189193891e-03
9.742732107140684716e-01 2.252971306944692997e-01 -5.737329265990016684e-03
9.737406000177917242e-01 2.275986629871502021e-01 -5.300532901672266525e-03
9.732386932843907212e-01 2.297450107335972658e-01 -4.866118468109205050e-03
9.727682514565403338e-01 2.317374885059451106e-01 -4.434924927429564380e-03
9.723298863809741732e-01 2.335776812522702417e-01 -4.007750120302206592e-03
9.719240636146415646e-01 2.352674287428430377e-01 -3.585350870779272208e-03
9.715511059793433546e-01 2.368088103350723672e-01 -3.168443192259209375e-03
9.712111977924662298e-01 2.382041300805914086e-01 -2.757702585424949299e-03
9.709043897017292091e-01 2.394559021924520803e-01 -2.353764419369772359e-03
9.706306040527461487e-01 2.405668368854266548e-01 -1.957224387532752879e-03
9.703896407196105356e-01 2.415398265979652737e-01 -1.568639030516148563e-03
9.701811833305575838e-01 2.423779326004301682e-01 -1.188526318338415169e-03
9.700048058229898684e-01 2.430843719908127865e-01 -8.173662851789795323e-04
9.698599792646951379e-01 2.436625050762244449e-01 -4.556017101856238817e-04
9.697460788808937027e-01 2.441158231360153752e-01 -1.036388384341593123e-04
9.696623912297652748e-01 2.444479365603956511e-01 2.381518633542336759e-04
9.696081214722808150e-01 2.446625633568763614e-01 5.694349212265187440e-04
9.695824006854592003e-01 2.447635180156889356e-01 8.899090429397740580e-04
9.695842931715433766e-01 2.447547007245413075e-01 1.199306285358243138e-03
9.696128037190128168e-01 2.446400869225960895e-01 1.497391203785026874e-03
9.696668847747921260e-01 2.444237171833739675e-01 1.783959986288022933e-03
9.697454434904481113e-01 2.441096874163568298e-01 2.058839575689338890e-03
9.698473486085752437e-01 2.437021393773574351e-01 2.321886781528387147e-03
9.699714371589241990e-01 2.432052514781980479e-01 2.572987383982405871e-03
9.701165209371239717e-01 2.426232298868691850e-01 2.812055231434766687e-03
9.702813927420593787e-01 2.419602999100862739e-01 3.039031333121272951e-03
9.704648323510923769e-01 2.412206976510001544e-01 3.253882948057246465e-03
9.706656122153384247e-01 2.404086619357160837e-01 3.456602671252786453e-03
9.708825028601232310e-01 2.395284265032112392e-01 3.647207518058983265e-03
9.711142779785453261e-01 2.385842124541875664e-01 3.825738007352588992e-03
9.713597192087460863e-01 2.375802209553364297e-01 3.992257244159002835e-03
9.716176205880373562e-01 2.365206261964012402e-01 4.146850002231453405e-03
9.718867926794563239e-01 2.354095685982920128e-01 4.289621807045875847e-03
9.721660663685983694e-01 2.342511482713139082e-01 4.420698019634019052e-03
9.724542963307252208e-01 2.330494187233103920e-01 4.540222921659421533e-03
9.727503641701502612e-01 2.318083808181809202e-01 4.648358802139818113e-03
9.730531812357646748e-01 2.305319769858047985e-01 4.745285046232927337e-03
9.733616911182899623e-01 2.292240856848830055e-01 4.831197226528104183e-03
9.736748718364176547e-01 2.278885161205934928e-01 4.906306197321822979e-03
9.739917377204285742e-01 2.265290032192420755e-01 4.970837192398181240e-03
9.743113410031736255e-01 2.251492028622802954e-01 5.025028926884536964e-03
9.746327731294444074e-01 2.237526873821544249e-01 5.069132703805052063e-03
9.749551657957641337e-01 2.223429413224496665e-01 5.103411526009516731e-03
9.752776917334969875e-01 2.209233574647042064e-01 5.128139214209671143e-03
9.755995652489006797e-01 2.194972331240936658e-01 5.143599531908847264e-03
9.759200425343405039e-01 2.180677667159340305e-01 5.150085318061730158e-03
9.762384217653491403e-01 2.166380545946271496e-01 5.147897628348233924e-03
9.765540429985521964e-01 2.152110881662826214e-01 5.137344885987830262e-03
9.770132297634418483e-01 2.130875913433368241e-01 6.231473966826864622e-03
9.775475819710925940e-01 2.105892209200270482e-01 7.273877480336761459e-03
9.781504798971455417e-01 2.077338320555566220e-01 8.264275883784390903e-03
9.788150918411713253e-01 2.045393238066793573e-01 9.202490245527160037e-03
9.795344464347033320e-01 2.010236223252774013e-01 1.008843859805351462e-02
9.803015009976346894e-01 1.972046639307354354e-01 1.092213263581644743e-02
9.811092057701709113e-01 1.931003777540222510e-01 1.170367471782170557e-02
9.819505638752931143e-01 1.887286677111622568e-01 1.243325513199510478e-02
9.828186868926314101e-01 1.841073936229720431e-01 1.311114957659033353e-02
9.837068459494134887e-01 1.792543513548261469e-01 1.373771681322010808e-02
9.846085182582681172e-01 1.741872519041647860e-01 1.431339644640619406e-02
9.855174290555508421e-01 1.689236994139072801e-01 1.483870678575138075e-02
9.864275889178134582e-01 1.634811681364077840e-01 1.531424274884016397e-02
9.873333264582490054e-01 1.578769784146831501e-01 1.574067376567377108e-02
9.882293164294835286e-01 1.521282717850292454e-01 1.611874164873679585e-02
9.891106032839366291e-01 1.462519853375732204e-01 1.644925839657388617e-02
9.899726202680166898e-01 1.402648254986144372e-01 1.673310390292238534e-02
9.908112041514679502e-01 1.341832414206962920e-01 1.697122354789804693e-02
9.916226057179911013e-01 1.280233981832120116e-01 1.716462565236573715e-02
9.924034961675221034e-01 1.218011500180490175e-01 1.731437878134816505e-02
9.930854947749911954e-01 1.162576200286221384e-01 1.629027094746963999e-02
9.936942797789657389e-01 1.110789060876189033e-01 1.526964486508523670e-02
9.942357767920321221e-01 1.062639843878628587e-01 1.425457470048471613e-02
9.947155591235100625e-01 1.018109965415487650e-01 1.324705990959506620e-02
9.951388348078149537e-01 9.771728688808618835e-02 1.224902159949963279e-02
9.955104382312828237e-01 9.397944071553120116e-02 1.126229941707850360e-02
9.958348261022212933e-01 9.059332309435297326e-02 1.028864894057844766e-02
9.961160774802477746e-01 8.755411805674556680e-02 9.329739547335123492e-03
9.963578975583124997e-01 8.485636788866546265e-02 8.387152729088159786e-03
9.965636248738561909e-01 8.249401233456783722e-02 7.462380825281660079e-03
9.967362416139312620e-01 8.046042754586317514e-02 6.556826144350972121e-03
9.968783866724004739e-01 7.874846463297202614e-02 5.671800443178302495e-03
9.969923711150658896e-01 7.735048770718261357e-02 4.808524735569669195e-03
9.970801957103279101e-01 7.625841132208392714e-02 3.968129401678346761e-03
9.971435701882658265e-01 7.546373724502362934e-02 3.151654571692068946e-03
9.971839338994401558e-01 7.495759050678088564e-02 2.360050758733191114e-03
9.972024775558134824e-01 7.473075469248274816e-02 1.594179717718371102e-03
9.972001657495817017e-01 7.477370644882758155e-02 8.548155088188288475e-04
9.971777599610263110e-01 7.507664919206624710e-02 1.426457460927041659e-04
9.971358417834066401e-01 7.562954600812983597e-02 -5.417269862263372196e-04
9.970748361110872704e-01 7.642215174101554820e-02 -1.197783565451217324e-03
9.969950340562667712e-01 7.744404426830846233e-02 -1.825086624094304517e-03
9.968966153795701945e-01 7.868465496379824231e-02 -2.423278717756436381e-03
9.967796702401592324e-01 8.013329834682883512e-02 -2.992080378098282544e-03
9.966442200916911798e-01 8.177920091657411850e-02 -3.531288060452287322e-03
9.964902375712193505e-01 8.361152916713825156e-02 -4.040771994526233361e-03
9.963176652488033858e-01 8.561941677649706484e-02 -4.520473945726446487e-03
9.961264331260261118e-01 8.779199095907060102e-02 -4.970404893887937076e-03
9.959164747916442462e-01 9.011839796837095573e-02 -5.390642635633763682e-03
9.956877421621023183e-01 9.258782773290424872e-02 -5.781329316186112864e-03
9.954402187534855395e-01 9.518953760549531129e-02 -6.142668896203139911e-03
9.951739314495650079e-01 9.791287520359616414e-02 -6.474924559102165564e-03
9.948889607477996444e-01 1.007473003160546665e-01 -6.778416064333027402e-03
9.945854494814018176e-01 1.036824058503492269e-01 -7.053517052165638596e-03
9.942636100307724600e-01 1.067079377935049034e-01 -7.300652305732947128e-03
9.939237300516925444e-01 1.098138141598338779e-01 -7.520294976304102083e-03
9.935661767605591388e-01 1.129901428993038692e-01 -7.712963778032848848e-03
9.931913998286263645e-01 1.162272387417229436e-01 -7.879220158713937106e-03
9.927999329476198120e-01 1.195156389540107528e-01 -8.019665453367812516e-03
9.923923941382103431e-01 1.228461179905574324e-01 -8.134938027744887529e-03
9.919694848806458465e-01 1.262097010199922653e-01 -8.225710419080796768e-03
9.915319881533545265e-01 1.295976763155203271e-01 -8.292686481630987330e-03
9.910807654705543479e-01 1.330016065002552483e-01 -8.336598544656421278e-03
9.906167530138659805e-01 1.364133386435893158e-01 -8.358204590614200929e-03
9.901409569556615109e-01 1.398250132095074649e-01 -8.358285461321725632e-03
9.896544480734402738e-01 1.432290718627727000e-01 -8.337642099806970991e-03
9.891583557549656902e-01 1.466182641439956191e-01 -8.297092835429101601e-03
9.886538614932901536e-01 1.499856530296595492e-01 -8.237470719653380499e-03
9.881421919692170430e-01 1.533246193981198657e-01 -8.159620919594243876e-03
9.876246118162801402e-01 1.566288654273538250e-01 -8.064398176104478622e-03
9.871024161600535640e-01 1.598924169547354390e-01 -7.952664332791537297e-03
9.865769230196279604e-01 1.631096248332860599e-01 -7.825285941890577218e-03
9.860494656544974701e-01 1.662751653226549331e-01 -7.683131952424874372e-03
9.855213849349945265e-01 1.693840395564722989e-01 -7.527071485545683283e-03
9.849940218088747423e-01 1.724315721306593496e-01 -7.357971701373537850e-03
9.844687099307913858e-01 1.754134088597520680e-01 -7.176695761069952148e-03
9.839467685152952781e-01 1.783255137502888499e-01 -6.984100887260873310e-03
9.834294954677356149e-01 1.811641652418198856e-01 -6.781036525319308721e-03
9.829181608411067250e-01 1.839259517671271438e-01 -6.568342607402328538e-03
9.824140006605512898e-01 1.866077666838089066e-01 -6.346847920534479451e-03
9.819182111509735522e-01 1.892068026295025129e-01 -6.117368579442506761e-03
9.814319433970836171e-01 1.917205453527191517e-01 -5.880706604281324065e-03
9.809562984592554713e-01 1.941467670705751269e-01 -5.637648602853845281e-03
9.804923229628726977e-01 1.964835194036596011e-01 -5.388964556422275003e-03
9.800410051734069761e-01 1.987291259369159679e-01 -5.135406707739603380e-03
9.796032715643520072e-01 2.008821744537723497e-01 -4.877708549500365046e-03
9.791799838803487699e-01 2.029415088888754937e-01 -4.616583911021506122e-03
9.787719366934088949e-01 2.049062210427026465e-01 -4.352726140618825082e-03
9.783798554460814145e-01 2.067756420990865540e-01 -4.086807380842751893e-03
9.780043949717240892e-01 2.085493339843288441e-01 -3.819477933479154593e-03
9.776461384787402675e-01 2.102270806041339202e-01 -3.551365711005948465e-03
9.773055969827169065e-01 2.118088789921024062e-01 -3.283075771023333603e-03
9.769832091678505304e-01 2.132949304010146596e-01 -3.015189930042939948e-03
9.766793416568619879e-01 2.146856313656379245e-01 -2.748266452927007174e-03
9.763942896667662241e-01 2.159815647633341329e-01 -2.482839814210587113e-03
9.761282780263661474e-01 2.171834908963504451e-01 -2.219420527515033117e-03
9.758814625301611700e-01 2.182923386173633573e-01 -1.958495039266874242e-03
9.756539316024865904e-01 2.193091965176353075e-01 -1.700525682969620568e-03
9.754457082451032379e-01 2.202353041950450563e-01 -1.445950690334020300e-03
9.752567522411241807e-01 2.210720436172796399e-01 -1.195184255651741273e-03
9.750869625880742575e-01 2.218209305936360565e-01 -9.486166498952901434e-04
9.749361801330020949e-01 2.224836063671784270e-01 -7.066143811402348729e-04
9.748041903828926769e-01 2.230618293374364569e-01 -4.695203980315401995e-04
9.746907264641311297e-01 2.235574669224119071e-01 -2.376543331513234620e-04
9.745954722054317454e-01 2.239724875673826943e-01 -1.131278328796511820e-05
9.745180653194478460e-01 2.243089529068537091e-01 2.092303762461618583e-04
9.744581006592017980e-01 2.245690100849965509e-01 4.237236459512588806e-04
9.744151335264999991e-01 2.247548842390404145e-01 6.319375276836191897e-04
9.743886830106130992e-01 2.248688711493164460e-01 8.336641238098282947e-04
9.743782353366838844e-01 2.249133300590098195e-01 1.028716712229432598e-03
9.743832472045707016e-01 2.248906766661295797e-01 1.216929299382212872e-03
9.744031491001161616e-01 2.248033762897562460e-01 1.398156153220070754e-03
9.744373485621501407e-01 2.246539372122623723e-01 1.572271317993851171e-03
9.744852333898691432e-01 2.244449041989117766e-01 1.739168112582947009e-03
9.745461747765798988e-01 2.241788521960201563e-01 1.898758613980861551e-03
9.746195303571377755e-01 2.238583802086930030e-01 2.050973127443404993e-03
9.747046471577436311e-01 2.234861053590381508e-01 2.195759644708139557e-03
9.748008644380787846e-01 2.230646571256705291e-01 2.333083291604123345e-03
9.749075164170477592e-01 2.225966717652770044e-01 2.462925766289908187e-03
9.750239348746574386e-01 2.220847869169838285e-01 2.585284769284943666e-03
9.751494516237826371e-01 2.215316363902579411e-01 2.700173426394750394e-03
9.752834008467480276e-01 2.209398451370727934e-01 2.807619705573100727e-03
9.754251212927861348e-01 2.203120244090710778e-01 2.907665828714528673e-03
9.755739583335155674e-01 2.196507671004569173e-01 3.000367679327293948e-03
9.757292658746079539e-01 2.189586432773437952e-01 3.085794206999884891e-03
9.758904081227832705e-01 2.182381958942671007e-01 3.164026829542689219e-03
9.760567612081846312e-01 2.174919366985402225e-01 3.235158833659971481e-03
9.762277146630318203e-01 2.167223423230850154e-01 3.299294774985140656e-03
9.764026727582418852e-01 2.159318505683031353e-01 3.356549878293868961e-03
9.765810557004278580e-01 2.151228568734682156e-01 3.407049438694287596e-03
9.767623006923471518e-01 2.142977109780137834e-01 3.450928224580650325e-03
9.769458628604675843e-01 2.134587137729641593e-01 3.488329883125933575e-03
9.771312160538518921e-01 2.126081143426071796e-01 3.519406349079275131e-03
9.773178535190297778e-01 2.117481071963395467e-01 3.544317257625430925e-03
9.775052884559362054e-01 2.108808296904262358e-01 3.563229362055059767e-03
9.776930544603394946e-01 2.100083596392096075e-01 3.576315956986191296e-03
9.778807058584717549e-01 2.091327131150790830e-01 3.583756307868302907e-03
9.780678179398040184e-01 2.082558424362739025e-01 3.585735087490663203e-03
9.782539870940843985e-01 2.073796343413387144e-01 3.582441820205697208e-03
9.784388308588796157e-01 2.065059083487881808e-01 3.574070334565832441e-03
9.786219878839336195e-01 2.056364153002641082e-01 3.560818225058381536e-03
9.788031178186805681e-01 2.047728360851888418e-01 3.542886323607338708e-03
9.789819011292328899e-01 2.039167805446344128e-01 3.520478181493392859e-03
9.791580388511017530e-01 2.030697865518404366e-01 3.493799562323916287e-03
9.793312522838095724e-01 2.022333192665267676e-01 3.463057946663104097e-03
9.795012826334216216e-01 2.014087705598627265e-01 3.428462048908861512e-03
9.796678906088558403e-01 2.005974586066733012e-01 3.390221346977426511e-03
9.798308559776389703e-01 1.998006276411893045e-01 3.348545625329195190e-03
9.799899770865566628e-01 1.990194478723811555e-01 3.303644531839828365e-03
9.801450703524066110e-01 1.982550155546595749e-01 3.255727148989590557e-03
9.802959697278040840e-01 1.975083532094810690e-01 3.205001579811129521e-03
9.804425261467170083e-01 1.967804099931630135e-01 3.151674549001703182e-03
9.805846069541217513e-01 1.960720622059949070e-01 3.095951019570343608e-03
9.807220953238767747e-01 1.953841139375280533e-01 3.038033825353811217e-03
9.808548896686112295e-01 1.947172978427390844e-01 2.978123319697596142e-03
9.809829030451231446e-01 1.940722760435913408e-01 2.916417040559868973e-03
9.811060625584760997e-01 1.934496411503655033e-01 2.853109392257353709e-03
9.812243087676836284e-01 1.928499173969951686e-01 2.788391344032776966e-03
9.813375950955722793e-01 1.922735618845261563e-01 2.722450145584030031e-03
9.814458872451207183e-01 1.917209659267202770e-01 2.655469059655660331e-03
9.815491626242934808e-01 1.911924564917436842e-01 2.587627111753939765e-03
9.816474097811093147e-01 1.906882977338195395e-01 2.519098857007737776e-03
9.817406278504268169e-01 1.902086926086805907e-01 2.450054164158905774e-03
9.818288260136772694e-01 1.897537845666335821e-01 2.380658016628011808e-03
9.819120229725408766e-01 1.893236593170390114e-01 2.311070330564218497e-03
9.819902464373412299e-01 1.889183466580209581e-01 2.241445789751965109e-03
9.820635326307273205e-01 1.885378223652477425e-01 2.171933697212074122e-03
9.821319258070223546e-01 1.881820101336677820e-01 2.102677843301019138e-03
9.821954777874469800e-01 1.878507835661434033e-01 2.033816390079505078e-03
9.822542475112651106e-01 1.875439682029988175e-01 1.965481771690291354e-03
9.823083006027625297e-01 1.872613435865864706e-01 1.897800610455420639e-03
9.823577089538433338e-01 1.870026453550764911e-01 1.830893648374781702e-03
9.824025503219215860e-01 1.867675673597882224e-01 1.764875693681268627e-03
9.824429079426935107e-01 1.865557638005076457e-01 1.699855582082779879e-03
9.824788701572976235e-01 1.863668513733717780e-01 1.635936152297941563e-03
9.825105300533102382e-01 1.862004114260470411e-01 1.573214235470790515e-03
9.825379851189716129e-01 1.860559921150854168e-01 1.511780658029720451e-03
9.825613369100067995e-01 1.859331105605060153e-01 1.451720257537802809e-03
9.825806907283781699e-01 1.858312549928228807e-01 1.393111911065137223e-03
9.825961553122988246e-01 1.857498868879185749e-01 1.336028575599177435e-03
9.826078425368316438e-01 1.856884430853485146e-01 1.280537339995989256e-03
9.826158671244089593e-01 1.856463378858523305e-01 1.226699487964125418e-03
9.826203463646249192e-01 1.856229651240432765e-01 1.174570571563231204e-03
9.826213998426762686e-01 1.856177002124462239e-01 1.124200494691572540e-03
9.826191491758584640e-01 1.856299021532570870e-01 1.075633606030411719e-03
9.826137177575617887e-01 1.856589155144011405e-01 1.028908800908466536e-03
9.826052305082525473e-01 1.857040723666741888e-01 9.840596315465769892e-04
9.825938136329709360e-01 1.857646941789578843e-01 9.411144251410935016e-04
9.825795943849232605e-01 1.858400936687084615e-01 9.000964092443570130e-04
9.825627008347990188e-01 1.859295766051256849e-01 8.610238439019260274e-04
9.825432616454927714e-01 1.860324435626157236e-01 8.239101600088386077e-04
9.825214058519634586e-01 1.861479916223671427e-01 7.887641033511459589e-04
9.824972626460157787e-01 1.862755160200624815e-01 7.555898838041522373e-04
9.824709611658386521e-01 1.864143117379493675e-01 7.243873291651811708e-04
9.824426302901850816e-01 1.865636750396930388e-01 6.951520431062060924e-04
9.824123984371269103e-01 1.867229049466269941e-01 6.678755667402601478e-04
9.823803933673600497e-01 1.868913046542097778e-01 6.425455433051319035e-04
9.823467419920811627e-01 1.870681828876822883e-01 6.191458854783731154e-04
9.823115701854941983e-01 1.872528551961026577e-01 5.976569448490404906e-04
9.822750026020404812e-01 1.874446451841130235e-01 5.780556830838041006e-04
9.822371624984796989e-01 1.876428856809643775e-01 5.603158443379957108e-04
9.821981715609757746e-01 1.878469198464927103e-01 5.444081284758007675e-04
9.821581497373660374e-01 1.880561022139002336e-01 5.303003646780327139e-04
9.821172150748129770e-01 1.882697996693505627e-01 5.179576850307138908e-04
9.820754835630532975e-01 1.884873923685352060e-01 5.073426977029544746e-04
9.820330689834704252e-01 1.887082745905114267e-01 4.984156593383131046e-04
9.819900827642263907e-01 1.889318555292469060e-01 4.911346462998664392e-04
9.819466338416907858e-01 1.891575600234365884e-01 4.854557244255669306e-04
9.819028285284071567e-01 1.893848292252789389e-01 4.813331169670489692e-04
9.818587703878325357e-01 1.896131212090152451e-01 4.787193704018142095e-04
9.818145601160797042e-01 1.898419115201443186e-01 4.775655178256192428e-04
9.817702954308816787e-01 1.900706936663275060e-01 4.778212396488521591e-04
9.817260709679859199e-01 1.902989795510939275e-01 4.794350213376769119e-04
9.816819781851695570e-01 1.905262998515452333e-01 4.823543079576717301e-04
9.816381052740498214e-01 1.907522043413404922e-01 4.865256552945798510e-04
9.815945370798424552e-01 1.909762621603179611e-01 4.918948773435396051e-04
9.815513550292008782e-01 1.911980620321787616e-01 4.984071899747637580e-04
9.815086370662440274e-01 1.914172124317202461e-01 5.060073506000263826e-04
9.814664575968553573e-01 1.916333417031632902e-01 5.146397936804671634e-04
9.814248874413117329e-01 1.918460981311670699e-01 5.242487619320985223e-04
9.813839937952716364e-01 1.920551499661697081e-01 5.347784331009679260e-04
9.813438401991263493e-01 1.922601854057309767e-01 5.461730421951550883e-04
9.813044865156894669e-01 1.924609125335857429e-01 5.583769990756520373e-04
9.812659889161735594e-01 1.926570592181442165e-01 5.713350013226462746e-04
9.812283998743733804e-01 1.928483729721967299e-01 5.849921423077965137e-04
9.811917681689500403e-01 1.930346207755974375e-01 5.992940144167219381e-04
9.811561388936826944e-01 1.932155888627133944e-01 6.141868073791190369e-04
9.811215534755297618e-01 1.933910824764323855e-01 6.296174016766404756e-04
9.810880497003161560e-01 1.935609255905260395e-01 6.455334570109348474e-04
9.810556617458394690e-01 1.937249606021626547e-01 6.618834958260068173e-04
9.810244202221668486e-01 1.938830479963593589e-01 6.786169818903423035e-04
9.809943522188725451e-01 1.940350659841531267e-01 6.956843939550255186e-04
9.809654813589462341e-01 1.941809101162577655e-01 7.130372945143556357e-04
9.809378278590861200e-01 1.943204928739573900e-01 7.306283937052494848e-04
9.809114085960722873e-01 1.944537432389673304e-01 7.484116083909938752e-04
9.808862371789038859e-01 1.945806062439708883e-01 7.663421164836855875e-04
9.808623240263687482e-01 1.947010425055150928e-01 7.843764065679675922e-04
9.808396764497047116e-01 1.948150277409206321e-01 8.024723228964544038e-04
9.808182987400010377e-01 1.949225522708306069e-01 8.205891058345239110e-04
9.807981922599836588e-01 1.950236205089906916e-01 8.386874278389626781e-04
9.807793555398183205e-01 1.951182504408179863e-01 8.567294250612758665e-04
9.807617843765663590e-01 1.952064730922800917e-01 8.746787246723378064e-04
9.807454719369215201e-01 1.952883319905671933e-01 8.925004680104617208e-04
9.807304088628581162e-01 1.953638826180006394e-01 9.101613296599142099e-04
9.807165833798212606e-01 1.954331918605800855e-01 9.276295325714236121e-04
9.807039814070923622e-01 1.954963374525294229e-01 9.448748593403111023e-04
9.806925866699661709e-01 1.955534074181576321e-01 9.618686597615460146e-04
9.806823808133827702e-01 1.956044995123071839e-01 9.785838547842937944e-04
9.806733435166633539e-01 1.956497206606165051e-01 9.949949369913973617e-04
9.806654526090063939e-01 1.956891864007781201e-01 1.011077967731727201e-03
9.806586841854108005e-01 1.957230203259267554e-01 1.026810571035457163e-03
9.806530127227010007e-01 1.957513535312456754e-01 1.042171924444099985e-03
9.806484111953417404e-01 1.957743240648313343e-01 1.057142746888557142e-03
9.806448511907411847e-01 1.957920763838098266e-01 1.071705283749537808e-03
9.806423030237519933e-01 1.958047608166503806e-01 1.085843289235485353e-03
9.806407358500969229e-01 1.958125330325737323e-01 1.099542006213616438e-03
9.806401177784542789e-01 1.958155535189055885e-01 1.112788143629868170e-03
9.806404159809575249e-01 1.958139870671775640e-01 1.125569851653447943e-03
9.806415968018741269e-01 1.958080022687311572e-01 1.137876694681313463e-03
9.806436258642452497e-01 1.957977710205328625e-01 1.149699622337289244e-03
9.806464681742833589e-01 1.957834680418620299e-01 1.161030938599660845e-03
9.806500882233377681e-01 1.957652704024868406e-01 1.171864269189989202e-03
9.806544500872562686e-01 1.957433570628979713e-01 1.182194527354565091e-03
9.806595175229829708e-01 1.957179084271242209e-01 1.192017878168398319e-03
9.806652540622501357e-01 1.956891059086098839e-01 1.201331701489902117e-03
9.806716231022346575e-01 1.956571315095897989e-01 1.210134553692525069e-03
9.806785879930659533e-01 1.956221674143545641e-01 1.218426128297480380e-03
9.806861121220852295e-01 1.955843955967562497e-01 1.226207215629470651e-03
9.806941589947704152e-01 1.955439974422629179e-01 1.233479661614886574e-03
9.807026923122554862e-01 1.955011533848300953e-01 1.240246325839391029e-03
9.807116760453843396e-01 1.954560425588169614e-01 1.246511038979113617e-03
9.807210745052542533e-01 1.954088424661364343e-01 1.252278559716840699e-03
9.807308524102144043e-01 1.953597286587902548e-01 1.257554531251654784e-03
9.807409749492982387e-01 1.953088744369034513e-01 1.262345437507423089e-03
9.807514078420777048e-01 1.952564505623365365e-01 1.266658559142384670e-03
9.807621173949409021e-01 1.952026249879192099e-01 1.270501929458852600e-03
9.807730705538022509e-01 1.951475626023155829e-01 1.273884290308724626e-03
9.807842349532644999e-01 1.950914249904984188e-01 1.276815048087107584e-03
9.807955789622622156e-01 1.950343702097785681e-01 1.279304229902909632e-03
9.808070717262229454e-01 1.949765525813057232e-01 1.281362440011737849e-03
9.808186832057915749e-01 1.949181224969273596e-01 1.283000816592892116e-03
9.808303842121688376e-01 1.948592262412651155e-01 1.284230988948644684e-03
9.808421464391243738e-01 1.948000058288414382e-01 1.285065035200373381e-03
9.808539424917477323e-01 1.947405988560638457e-01 1.285515440552462228e-03
9.808657459120084798e-01 1.946811383678500318e-01 1.285595056191224253e-03
9.808775312012010250e-01 1.946217527386544799e-01 1.285317058882422172e-03
9.808892738393534261e-01 1.945625655676355426e-01 1.284694911327286925e-03
9.809009503016856701e-01 1.945036955876815743e-01 1.283742323333268839e-03
9.809125380722025778e-01 1.944452565879958850e-01 1.282473213852091103e-03
9.809240156545148137e-01 1.943873573499223240e-01 1.280901673934040173e-03
9.809353625799787091e-01 1.943301015956767908e-01 1.279041930643812306e-03
9.809465594132515953e-01 1.942735879496348683e-01 1.276908311979648705e-03
9.809575877553596834e-01 1.942179099118114260e-01 1.274515212833947668e-03
9.809684302443767434e-01 1.941631558431554938e-01 1.271877062030038041e-03
9.809790705538135036e-01 1.941094089622719399e-01 1.269008290466338120e-03
9.809894933888176904e-01 1.940567473531712162e-01 1.265923300395726484e-03
9.809996844802857385e-01 1.940052439836389975e-01 1.262636435864603231e-03
9.810096305769872016e-01 1.939549667338095473e-01 1.259161954332839494e-03
9.810193194358012292e-01 1.939059784345200654e-01 1.255513999492598480e-03
9.810287398101669165e-01 1.938583369150166935e-01 1.251706575300870527e-03
9.810378814368458933e-01 1.938120950595790259e-01 1.247753521237496624e-03
9.810467350210959614e-01 1.937673008726256418e-01 1.243668488797471973e-03
9.810552922203534809e-01 1.937239975518609547e-01 1.239464919223412466e-03
9.810635456265204279e-01 1.936822235690220106e-01 1.235156022481254763e-03
9.810714887469513812e-01 1.936420127577831718e-01 1.230754757479531926e-03
9.810791159842333631e-01 1.936033944083770941e-01 1.226273813529930217e-03
9.810864226148501288e-01 1.935663933684915461e-01 1.221725593044292821e-03
9.810934047668208313e-01 1.935310301500041408e-01 1.217122195460794420e-03
9.811000593964006589e-01 1.934973210411194411e-01 1.212475402389663224e-03
9.811063842639301535e-01 1.934652782234775326e-01 1.207796663966582799e-03
9.811123779089154784e-01 1.934349098938070166e-01 1.203097086399767092e-03
9.811180396244231217e-01 1.934062203897015386e-01 1.198387420694658340e-03
9.811233694308670872e-01 1.933792103191041278e-01 1.193678052538267240e-03
9.811283680492668413e-01 1.933538766930915642e-01 1.188978993323337686e-03
9.811330368740507346e-01 1.933302130615572045e-01 1.184299872290802942e-03
9.811373779454773958e-01 1.933082096513996651e-01 1.179649929767370362e-03
9.811413939217459301e-01 1.932878535068328074e-01 1.175038011473564714e-03
9.811450880508629790e-01 1.932691286314416612e-01 1.170472563876145955e-03
9.811484641423321440e-01 1.932520161316188256e-01 1.165961630557518173e-03
9.811515265387298346e-01 1.932364943610254404e-01 1.161512849573538867e-03
9.811542800872279368e-01 1.932225390657316411e-01 1.157133451770044844e-03
9.811567301111226991e-01 1.932101235297022379e-01 1.152830260027415052e-03
9.811588823814261229e-01 1.931992187203042666e-01 1.148609689401592759e-03
9.811607430885734837e-01 1.931897934335248812e-01 1.144477748129196478e-03
9.811623188143002716e-01 1.931818144385995528e-01 1.140440039463647354e-03
9.811636165037362911e-01 1.931752466217626085e-01 1.136501764308642899e-03
9.811646434377653270e-01 1.931700531288443323e-01 1.132667724614792176e-03
9.811654072056957832e-01 1.931661955064513381e-01 1.128942327504813383e-03
9.811659156782838176e-01 1.931636338414790266e-01 1.125329590092367547e-03
9.811661769811504952e-01 1.931623268987178454e-01 1.121833144959358351e-03
9.811661994686315946e-01 1.931622322563276983e-01 1.118456246256373460e-03
9.811659916980951524e-01 1.931633064389672028e-01 1.115201776390868389e-03
9.811655624047623814e-01 1.931655050483778446e-01 1.112072253267696069e-03
9.811649204770624966e-01 1.931687828912347638e-01 1.109069838046671192e-03
9.811640749325525324e-01 1.931730941040896432e-01 1.106196343382006468e-03
9.811630348944286872e-01 1.931783922752428606e-01 1.103453242108690200e-03
9.811618095686568397e-01 1.931846305633948824e-01 1.100841676341161434e-03
9.811604082217435518e-01 1.931917618129391501e-01 1.098362466950001531e-03
9.811588401591718744e-01 1.931997386657710036e-01 1.096016123382776222e-03
9.811571147045196062e-01 1.932085136694990379e-01 1.093802853795641881e-03
9.811552411792794359e-01 1.932180393819570297e-01 1.091722575462862740e-03
9.811532288833959559e-01 1.932282684719265620e-01 1.089774925431967988e-03
9.811510870765344228e-01 1.932391538159914934e-01 1.087959271392915407e-03
9.811488249600929246e-01 1.932506485914568251e-01 1.086274722730304993e-03
9.811464516599688324e-01 1.932627063652752886e-01 1.084720141728408478e-03
9.811439762100883089e-01 1.932752811789355818e-01 1.083294154899545718e-03
9.811414075367054233e-01 1.932883276292765851e-01 1.081995164407131014e-03
9.811387544434766461e-01 1.933018009452020236e-01 1.080821359555552254e-03
9.811360255973143873e-01 1.933156570602795055e-01 1.079770728319897960e-03
9.811332295150209104e-01 1.933298526812174678e-01 1.078841068889445452e-03
9.811303745507042873e-01 1.933443453522227240e-01 1.078030001199731290e-03
9.811274688839742852e-01 1.933590935152498247e-01 1.077334978428961436e-03
9.811245205089159649e-01 1.933740565661619393e-01 1.076753298435471819e-03
9.811215372238374366e-01 1.933891949068311800e-01 1.076282115113921670e-03
9.811185266217856693e-01 1.934044699932136457e-01 1.075918449648879472e-03
9.811154960818242454e-01 1.934198443794422628e-01 1.075659201645458437e-03
9.811124527610648460e-01 1.934352817579869654e-01 1.075501160117657388e-03
9.811094035874429187e-01 1.934507469959387826e-01 1.075441014316069494e-03
9.811063552532276466e-01 1.934662061674806144e-01 1.075475364377628980e-03
9.811033142092538961e-01 1.934816265826129478e-01 1.075600731781078349e-03
9.811002866598647065e-01 1.934969768122090095e-01 1.075813569592842410e-03
9.810972785585487799e-01 1.935122267094783188e-01 1.076110272489006316e-03
9.810942956042598695e-01 1.935273474279227968e-01 1.076487186540087083e-03
9.810913432384020805e-01 1.935423114358741370e-01 1.076940618746280963e-03
9.810884266424640954e-01 1.935570925277047827e-01 1.077466846311853077e-03
9.810855507362854500e-01 1.935716658318090977e-01 1.078062125648302384e-03
9.810827201769367623e-01 1.935860078154544306e-01 1.078722701096892188e-03
9.810799393581954853e-01 1.936000962866049335e-01 1.079444813362079444e-03
9.810772124105975323e-01 1.936139103928236349e-01 1.080224707648301790e-03
9.810745432020446799e-01 1.936274306173609849e-01 1.081058641493487429e-03
9.810719353389476538e-01 1.936406387725396749e-01 1.081942892293546359e-03
9.810693921678843576e-01 1.936535179905478354e-01 1.082873764512966427e-03
9.810669167777511523e-01 1.936660527117536335e-01 1.083847596577487259e-03
9.810645120023857579e-01 1.936782286706562051e-01 1.084860767445649989e-03
9.810621804236407950e-01 1.936900328795878590e-01 1.085909702856825178e-03
9.810599243748844289e-01 1.937014536102838469e-01 1.086990881254095223e-03
9.810577459449068005e-01 1.937124803734359413e-01 1.088100839381122382e-03
9.810556469822094838e-01 1.937231038963461993e-01 1.089236177552864275e-03
9.810536290996554332e-01 1.937333160987973479e-01 1.090393564600692852e-03
9.810516936794569931e-01 1.937431100672552531e-01 1.091569742493153465e-03
9.810498418784793229e-01 1.937524800275190473e-01 1.092761530634244914e-03
9.810480746338371416e-01 1.937614213159330467e-01 1.093965829841719341e-03
9.810463926687619240e-01 1.937699303492735337e-01 1.095179626008496721e-03
9.810447964987184521e-01 1.937780045934227868e-01 1.096399993450846398e-03
9.810432864377475193e-01 1.937856425309403274e-01 1.097624097947527428e-03
9.810418626050142477e-01 1.937928436276406818e-01 1.098849199474583168e-03
9.810405249315402587e-01 1.937996082982842150e-01 1.100072654640966768e-03
9.810392731670986022e-01 1.938059378714863945e-01 1.101291918830619131e-03
9.810381068872506827e-01 1.938118345539482090e-01 1.102504548057044436e-03
9.810370255005056439e-01 1.938173013941083267e-01 1.103708200536825980e-03
9.810360282555816713e-01 1.938223422453151379e-01 1.104900637988878980e-03
9.810351142487504505e-01 1.938269617286145774e-01 1.106079726666584807e-03
9.810342824312452414e-01 1.938311651952463743e-01 1.107243438130257060e-03
9.810335316167152486e-01 1.938349586889392129e-01 1.108389849767670065e-03
9.810328604887076365e-01 1.938383489080922895e-01 1.109517145070639064e-03
9.810322676081604243e-01 1.938413431679276711e-01 1.110623613675871656e-03
9.810317514208896084e-01 1.938439493626949450e-01 1.111707651178511910e-03
9.810313102650548567e-01 1.938461759280067087e-01 1.112767758726978780e-03
9.810309423785873451e-01 1.938480318033803107e-01 1.113802542407851164e-03
9.810306459065661899e-01 1.938495263950578418e-01 1.114810712429687659e-03
9.810304189085283788e-01 1.938506695391735701e-01 1.115791082114767985e-03
9.810302593656996528e-01 1.938514714653345183e-01 1.116742566707831699e-03
9.810301651881329077e-01 1.938519427606767154e-01 1.117664182010950349e-03
9.810301342217420117e-01 1.938520943344563263e-01 1.118555042853702818e-03
9.810301642552196055e-01 1.938519373832317538e-01 1.119414361407850261e-03
9.810302530268286691e-01 1.938514833566892803e-01 1.120241445355701871e-03
9.810303982310567550e-01 1.938507439241618224e-01 1.121035695921337744e-03
9.810305975251240040e-01 1.938497309418869552e-01 1.121796605773822588e-03
9.810308485353360641e-01 1.938484564210470329e-01 1.122523756811482027e-03
9.810311488632740273e-01 1.938469324966313745e-01 1.123216817836237332e-03
9.810314960918132821e-01 1.938451713971569845e-01 1.123875542126908343e-03
9.810318877909650626e-01 1.938431854152810885e-01 1.124499764920282655e-03
9.810323215235339234e-01 1.938409868793360413e-01 1.125089400808630116e-03
9.810327948505863649e-01 1.938385881258138377e-01 1.125644441062205285e-03
9.810333053367250589e-01 1.938360014728243985e-01 1.126164950885132597e-03
9.810338505551642330e-01 1.938332391945490618e-01 1.126651066612908113e-03
9.810344280926032168e-01 1.938303134967077901e-01 1.127102992859576290e-03
9.810350355538940414e-01 1.938272364930555547e-01 1.127520999622462407e-03
9.810356705665015387e-01 1.938240201829210252e-01 1.127905419352138745e-03
9.810363307847527192e-01 1.938206764297976392e-01 1.128256643995111368e-03
9.810370138938750983e-01 1.938172169409946022e-01 1.128575122016489294e-03
9.810377176138220801e-01 1.938136532483532015e-01 1.128861355409692445e-03
9.810384397028855119e-01 1.938099966900307114e-01 1.129115896700016736e-03
9.810391779610949659e-01 1.938062583933524430e-01 1.129339345948650840e-03
9.810399302334044114e-01 1.938024492587298031e-01 1.129532347763493498e-03
9.810406944126675022e-01 1.937985799446402535e-01 1.129695588322884121e-03
9.810414684424019205e-01 1.937946608536628701e-01 1.129829792418107640e-03
9.810422503193455546e-01 1.937907021195611201e-01 1.129935720520284376e-03
9.810430380958058416e-01 1.937867135954026987e-01 1.130014165877003688e-03
9.810438298818053848e-01 1.937827048427044063e-01 1.130065951643802148e-03
9.810446238470261759e-01 1.937786851215880790e-01 1.130091928055331971e-03
9.810454182225557540e-01 1.937746633819322495e-01 1.130092969640804574e-03
9.810462113024391861e-01 1.937706482555025811e-01 1.130069972488033717e-03
9.810470014450398679e-01 1.937666480490423115e-01 1.130023851560150918e-03
9.810477870742140283e-01 1.937626707383031666e-01 1.129955538068798480e-03
9.810485666803027138e-01 1.937587239629953717e-01 1.129865976907353485e-03
9.810493388209458043e-01 1.937548150226345578e-01 1.129756124147483082e-03
9.810501021217230555e-01 1.937509508732618846e-01 1.129626944602070285e-03
9.810508552766268320e-01 1.937471381250132907e-01 1.129479409457308410e-03
9.810515970483720816e-01 1.937433830405121959e-01 1.129314493976507237e-03
9.810523262685484358e-01 1.937396915340593995e-01 1.129133175277915926e-03
9.810530418376197659e-01 1.937360691715935557e-01 1.128936430188621142e-03
9.810537427247774112e-01 1.937325211713941397e-01 1.128725233176350101e-03
9.810544279676518542e-01 1.937290524054989804e-01 1.128500554360773378e-03
9.810550966718895038e-01 1.937256674018074942e-01 1.128263357605671429e-03
9.810557480105995820e-01 1.937223703468405056e-01 1.128014598693119919e-03
9.810563812236774428e-01 1.937191650891271766e-01 1.127755223580618896e-03
9.810569956170105410e-01 1.937160551431891531e-01 1.127486166741892238e-03
9.810575905615723791e-01 1.937130436940920630e-01 1.127208349591873448e-03
9.810581654924106498e-01 1.937101336025342513e-01 1.126922678996198279e-03
9.810587199075362363e-01 1.937073274104425258e-01 1.126630045865334093e-03
9.810592533667177317e-01 1.937046273470447721e-01 1.126331323833291726e-03
9.810597654901888065e-01 1.937020353353893498e-01 1.126027368020682869e-03
9.810602559572733083e-01 1.936995529992813769e-01 1.125719013881722012e-03
9.810607245049347558e-01 1.936971816706060390e-01 1.125407076134604190e-03
9.810611709262556657e-01 1.936949223970094447e-01 1.125092347774530373e-03
9.810615950688522657e-01 1.936927759499077473e-01 1.124775599168509463e-03
9.810619968332312535e-01 1.936907428327958591e-01 1.124457577230916208e-03
9.810623761710927093e-01 1.936888232898270057e-01 1.124139004678654510e-03
9.810627330835861581e-01 1.936870173146353069e-01 1.123820579364642183e-03
9.810630676195243316e-01 1.936853246593738809e-01 1.123502973688219860e-03
9.810633798735600708e-01 1.936837448439412135e-01 1.123186834080967247e-03
9.810636699843318098e-01 1.936822771653697317e-01 1.122872780566304971e-03
9.810639381325828579e-01 1.936809207073504624e-01 1.122561406391165296e-03
9.810641845392583660e-01 1.936796743498687412e-01 1.122253277727919361e-03
9.810644094635863066e-01 1.936785367789265189e-01 1.121948933444665529e-03
9.810646132011462406e-01 1.936775064963272286e-01 1.121648884941906692e-03
9.810647960819302016e-01 1.936765818295003161e-01 1.121353616053574320e-03
9.810649584684009161e-01 1.936757609413430892e-01 1.121063583010290486e-03
9.810651007535508006e-01 1.936750418400582097e-01 1.120779214462708142e-03
9.810652233589661764e-01 1.936744223889661498e-01 1.120500911562713952e-03
9.810653267329005889e-01 1.936739003162724904e-01 1.120229048100238132e-03
9.810654113483611161e-01 1.936734732247710478e-01 1.119963970693377319e-03
9.810654777012105532e-01 1.936731386014643730e-01 1.119705999029505092e-03
9.810655263082902477e-01 1.936728938270841083e-01 1.119455426155021747e-03
9.810655577055654719e-01 1.936727361854947427e-01 1.119212518811373925e-03
9.810655724462969962e-01 1.936726628729645849e-01 1.118977517814962516e-03
9.810655710992420842e-01 1.936726710072893543e-01 1.118750638478548196e-03
9.810655542468872392e-01 1.936727576367540393e-01 1.118532071071765433e-03
9.810655224837153687e-01 1.936729197489199250e-01 1.118321981318352561e-03
9.810654764145101403e-01 1.936731542792242688e-01 1.118120510927719195e-03
9.810654166526990849e-01 1.936734581193810256e-01 1.117927778158481992e-03
9.810653438187384445e-01 1.936738281255721839e-01 1.117743878411616050e-03
9.810652585385408742e-01 1.936742611264194169e-01 1.117568884850894369e-03
9.810651614419483302e-01 1.936747539307273058e-01 1.117402849048310153e-03
9.810650531612515879e-01 1.936753033349897513e-01 1.117245801652207073e-03
9.810649343297577207e-01 1.936759061306520813e-01 1.117097753075879706e-03
9.810648055804073175e-01 1.936765591111223039e-01 1.116958694204437785e-03
9.810646675444414377e-01 1.936772590785256487e-01 1.116828597117771509e-03
9.810645208501210801e-01 1.936780028501969564e-01 1.116707415827503276e-03
9.810643661214984990e-01 1.936787872649070319e-01 1.116595087025844387e-03
9.810642039772418110e-01 1.936796091888188520e-01 1.116491530844342063e-03
9.810640350295132261e-01 1.936804655211708803e-01 1.116396651620539613e-03
9.810638598829016788e-01 1.936813531996852966e-01 1.116310338670634854e-03
9.810636791334096385e-01 1.936822692056993367e-01 1.116232467066274100e-03
9.810634933674947655e-01 1.936832105690189654e-01 1.116162898413680660e-03
9.810633031611666333e-01 1.936841743724944109e-01 1.116101481633373577e-03
9.810631090791372966e-01 1.936851577563180327e-01 1.116048053738796526e-03
9.810629116740273714e-01 1.936861579220452434e-01 1.116002440612236853e-03
9.810627114856257380e-01 1.936871721363398191e-01 1.115964457776481757e-03
9.810625090402035342e-01 1.936881977344458439e-01 1.115933911160722986e-03
9.810623048498811061e-01 1.936892321233884273e-01 1.115910597859284120e-03
9.810620994120482496e-01 1.936902727849063588e-01 1.115894306881818005e-03
9.810618932088365218e-01 1.936913172781201120e-01 1.115884819893679788e-03
9.810616867066426217e-01 1.936923632419388919e-01 1.115881911945256931e-03
9.810614803557028418e-01 1.936934083972112197e-01 1.115885352189100854e-03
9.810612745897169251e-01 1.936944505486235257e-01 1.115894904583771908e-03
9.810610698255206596e-01 1.936954875863519943e-01 1.115910328583378944e-03
9.810608664628061026e-01 1.936965174874727413e-01 1.115931379811861560e-03
9.810606648838884336e-01 1.936975383171364584e-01 1.115957810721127921e-03
9.810604654535179936e-01 1.936985482295130456e-01 1.115989371232231110e-03
9.810602685187365113e-01 1.936995454685128404e-01 1.116025809358828095e-03
9.810600744087762948e-01 1.937005283682908530e-01 1.116066871812234360e-03
9.810598834350006126e-01 1.937014953535406980e-01 1.116112304587448846e-03
9.810596958908844867e-01 1.937024449395852999e-01 1.116161853529586264e-03
9.810595120520345658e-01 1.937033757322713101e-01 1.116215264880220017e-03
9.810593321762453023e-01 1.937042864276748433e-01 1.116272285803193579e-03
9.810591565035921002e-01 1.937051758116255795e-01 1.116332664889522824e-03
9.810589852565582136e-01 1.937060427590571177e-01 1.116396152641067722e-03
9.810588186401946187e-01 1.937068862331909891e-01 1.116462501932708427e-03
9.810586568423113052e-01 1.937077052845622982e-01 1.116531468452817586e-03
9.810585000336983219e-01 1.937084990498944559e-01 1.116602811121872535e-03
9.810583483683750217e-01 1.937092667508311661e-01 1.116676292489104374e-03
9.810582019838662848e-01 1.937100076925333259e-01 1.116751679107131452e-03
9.810580610015037228e-01 1.937107212621486663e-01 1.116828741884573354e-03
9.810579255267503074e-01 1.937114069271621275e-01 1.116907256416687462e-03
9.810577956495475371e-01 1.937120642336346288e-01 1.116987003294116773e-03
9.810576714446830326e-01 1.937126928043380603e-01 1.117067768389881253e-03
9.810575529721767829e-01 1.937132923367942960e-01 1.117149343124785319e-03
9.810574402776853775e-01 1.937138626012256393e-01 1.117231524711454187e-03
9.810573333929221151e-01 1.937144034384245261e-01 1.117314116377249962e-03
9.810572323360916558e-01 1.937149147575496499e-01 1.117396927566354989e-03
9.810571371123375517e-01 1.937153965338561656e-01 1.117479774121341680e-03
9.810570477142021018e-01 1.937158488063668027e-01 1.117562478444581809e-03
9.810569641220958648e-01 1.937162716754913527e-01 1.117644869639879525e-03
9.810568863047762767e-01 1.937166653006012207e-01 1.117726783634737705e-03
9.810568142198340391e-01 1.937170298975657567e-01 1.117808063283696508e-03
9.810567478141856146e-01 1.937173657362573909e-01 1.117888558453205162e-03
9.810566870245707172e-01 1.937176731380314265e-01 1.117968126088512678e-03
9.810566317780534673e-01 1.937179524731872660e-01 1.118046630263082970e-03
9.810565819925263220e-01 1.937182041584168957e-01 1.118123942211058037e-03
9.810565375772151153e-01 1.937184286542464884e-01 1.118199940343311957e-03
9.810564984331848759e-01 1.937186264624770893e-01 1.118274510247652554e-03
9.810564644538439794e-01 1.937187981236294099e-01 1.118347544673741227e-03
9.810564355254473012e-01 1.937189442143984752e-01 1.118418943503314252e-03
9.810564115275958175e-01 1.937190653451229538e-01 1.118488613706297317e-03
9.810563923337328740e-01 1.937191621572740274e-01 1.118556469283416965e-03
9.810563778116352385e-01 1.937192353209684637e-01 1.118622431195915668e-03
9.810563678238990448e-01 1.937192855325104157e-01 1.118686427282985498e-03
9.810563622284186325e-01 1.937193135119659737e-01 1.118748392167539683e-03
9.810563608788586132e-01 1.937193200007745475e-01 1.118808267150941125e-03
9.810563636251181663e-01 1.937193057594008561e-01 1.118866000097310008e-03
9.810563703137856750e-01 1.937192715650309649e-01 1.118921545308034773e-03
9.810563807885850363e-01 1.937192182093158688e-01 1.118974863387101840e-03
9.810563948908114229e-01 1.937191464961653675e-01 1.119025921097865570e-03
9.810564124597567215e-01 1.937190572395955657e-01 1.119074691211869926e-03
9.810564333331238673e-01 1.937189512616322995e-01 1.119121152350330099e-03
9.810564573474296335e-01 1.937188293902730452e-01 1.119165288818876241e-03
9.810564843383952072e-01 1.937186924575095837e-01 1.119207090436153242e-03
9.810565141413249979e-01 1.937185412974133936e-01 1.119246552356862462e-03
9.810565465914717898e-01 1.937183767442856308e-01 1.119283674889824361e-03
9.810565815243896814e-01 1.937181996308731946e-01 1.119318463311624965e-03
9.810566187762731483e-01 1.937180107866524059e-01 1.119350927676405387e-03
9.810566581842827816e-01 1.937178110361815475e-01 1.119381082622335644e-03
9.810566995868571505e-01 1.937176011975231538e-01 1.119408947175306408e-03
9.810567428240105636e-01 1.937173820807369662e-01 1.119434544550353475e-03
9.810567877376168422e-01 1.937171544864442208e-01 1.119457901951323008e-03
9.810568341716791041e-01 1.937169192044638222e-01 1.119479050369264145e-03
9.810568819725850043e-01 1.937166770125205162e-01 1.119498024380025363e-03
9.810569309893478751e-01 1.937164286750254760e-01 1.119514861941514746e-03
9.810569810738333230e-01 1.937161749419289980e-01 1.119529604191065201e-03
9.810570320809719469e-01 1.937159165476454725e-01 1.119542295243334401e-03
9.810570838689577355e-01 1.937156542100500478e-01 1.119552981989150155e-03
9.810571362994322531e-01 1.937153886295466809e-01 1.119561713895693032e-03
9.810571892376548364e-01 1.937151204882069100e-01 1.119568542808396794e-03
9.810572425526592477e-01 1.937148504489787371e-01 1.119573522754922692e-03
9.810572961173961160e-01 1.937145791549646223e-01 1.119576709751552834e-03
9.810573498088626110e-01 1.937143072287678125e-01 1.119578161612326149e-03
9.810574035082180178e-01 1.937140352719057823e-01 1.119577937761224648e-03
9.810574571008870981e-01 1.937137638642897064e-01 1.119576099047699461e-03
9.810575104766501298e-01 1.937134935637687128e-01 1.119572707565810081e-03
9.810575635297204000e-01 1.937132249057374467e-01 1.119567826477229884e-03
9.810576161588097088e-01 1.937129584028055573e-01 1.119561519838357076e-03
9.810576682671821036e-01 1.937126945445276083e-01 1.119553852431748363e-03
9.810577197626951795e-01 1.937124337971918853e-01 1.119544889602082415e-03
9.810577705578312768e-01 1.937121766036660753e-01 1.119534697096836139e-03
9.810578205697166876e-01 1.937119233832986787e-01 1.119523340911842031e-03
9.810578697201308707e-01 1.937116745318737121e-01 1.119510887141883819e-03
9.810579179355052304e-01 1.937114304216174254e-01 1.119497401836461355e-03
9.810579651469120144e-01 1.937111914012548120e-01 1.119482950860850763e-03
9.810580112900437744e-01 1.937109577961140805e-01 1.119467599762560871e-03
9.810580563051839453e-01 1.937107299082772849e-01 1.119451413643277439e-03
9.810581001371682097e-01 1.937105080167748072e-01 1.119434457036369785e-03
9.810581427353380901e-01 1.937102923778220853e-01 1.119416793790019857e-03
9.810581840534863263e-01 1.937100832250962246e-01 1.119398486956020610e-03
9.810582240497948137e-01 1.937098807700507186e-01 1.119379598684275105e-03
9.810582626867654366e-01 1.937096852022660298e-01 1.119360190123016739e-03
9.810582999311442398e-01 1.937094966898341708e-01 1.119340321324754266e-03
9.810583357538391613e-01 1.937093153797751766e-01 1.119320051157940551e-03
9.810583701298322135e-01 1.937091413984833310e-01 1.119299437224339881e-03
9.811960717205227001e-01 1.930007181942499928e-01 2.236465666302052575e-03
9.814076220317612398e-01 1.919065924247504717e-01 3.309021731995944425e-03
9.816887614771002690e-01 1.904425956140243514e-01 4.336362710894342380e-03
9.820348564724310503e-01 1.886246817349976068e-01 5.317991570212918760e-03
9.824409664244762030e-01 1.864689041017561777e-01 6.253515001992069125e-03
9.829019082449131917e-01 1.839913934118338201e-01 7.142639533589741074e-03
9.834123181238069167e-01 1.812083365920250100e-01 7.985167901936868554e-03
9.839667103316530605e-01 1.781359561432535599e-01 8.780995673653382849e-03
9.845595328519949341e-01 1.747904897233439614e-01 9.530108088805630193e-03
9.851852196767697523e-01 1.711881697503051247e-01 1.023257710277275696e-02
9.858382396247388213e-01 1.673452028521877633e-01 1.088855859832445032e-02
9.865131415699748274e-01 1.632777490320371228e-01 1.149828973853305597e-02
9.872045959927950864e-01 1.590019004573357819e-01 1.206208643048249478e-02
9.879074327900366770e-01 1.545336598220919955e-01 1.258034086982292611e-02
9.886166753054065337e-01 1.498889182659280950e-01 1.305351913697922785e-02
9.893275705639688056e-01 1.450834328677775287e-01 1.348215881717580202e-02
9.900356157177544469e-01 1.401328037617990407e-01 1.386686661831107274e-02
9.907365807320133166e-01 1.350524509496162928e-01 1.420831596302249075e-02
9.914265273637609122e-01 1.298575909058135858e-01 1.450724453394681805e-02
9.921018245059072260e-01 1.245632130926527248e-01 1.476445175412174383e-02
9.926882708332750438e-01 1.199090824813025535e-01 1.384998866573553152e-02
9.932138052222151403e-01 1.155806858131973591e-01 1.294046009189380418e-02
9.936829618848778134e-01 1.115763394074243964e-01 1.203765358903295668e-02
9.940999946454863734e-01 1.078936569631795267e-01 1.114328658875165558e-02
9.944688696849715015e-01 1.045295820447930957e-01 1.025900378297766105e-02
9.947932617330693672e-01 1.014804212014456947e-01 9.386374914627331617e-03
9.950765534854583150e-01 9.874187750903072602e-02 8.526892954957655812e-03
9.953218380057969883e-01 9.630908434559203035e-02 7.681972647331720798e-03
9.955319238590878417e-01 9.417663923502987700e-02 6.852949396163364806e-03
9.957093427133767438e-01 9.233863761592760178e-02 6.041078479322468942e-03
9.958563591411215832e-01 9.078870641308148248e-02 5.247534562212161253e-03
9.959749823493173615e-01 8.952003730837407303e-02 4.473411492014499509e-03
9.960669795683372296e-01 8.852541962484536398e-02 3.719722351182914305e-03
9.961338908331189845e-01 8.779727275308241152e-02 2.987399750080005443e-03
9.961770448964745173e-01 8.732767806232520635e-02 2.277296339662673690e-03
9.961975760226275955e-01 8.710841024998607074e-02 1.590185526250889906e-03
9.961964414192880923e-01 8.713096809266215881e-02 9.267623716336355691e-04
9.961744390783772163e-01 8.738660456928357134e-02 2.876446630224328404e-04
9.961322258086593440e-01 8.786635633291528524e-02 -3.266258613788029048e-04
9.960703352577702230e-01 8.856107251207481768e-02 -9.155821441918691279e-04
9.959891957362259074e-01 8.946144282541426684e-02 -1.478830309906414755e-03
9.958891476717444124e-01 9.055802499542978112e-02 -2.016048045894731910e-03
9.957704605384157803e-01 9.184127144769645146e-02 -2.526982873157964868e-03
9.956333491217361775e-01 9.330155528217323746e-02 -3.011450315682064408e-03
9.954779889971137052e-01 9.492919550256953554e-02 -3.469331976518067774e-03
9.953045311160061415e-01 9.671448148879208118e-02 -3.900573528057214336e-03
9.951131154102214049e-01 9.864769669626614890e-02 -4.305182623446254103e-03
9.949038833409790117e-01 1.007191415646031818e-01 -4.683226735677991151e-03
9.946769893349696190e-01 1.029191556168052996e-01 -5.034830930589724758e-03
9.944326110647598860e-01 1.052381387290755033e-01 -5.360175579798569408e-03
9.941709585453748499e-01 1.076665715504414034e-01 -5.659494019486604327e-03
9.938922820326551166e-01 1.101950350508818788e-01 -5.933070160908031181e-03
9.935968787219677800e-01 1.128142291765312777e-01 -6.181236058511663072e-03
9.932850982579685128e-01 1.155149905908682412e-01 -6.404369441641459548e-03
9.929573470773189747e-01 1.182883094816002956e-01 -6.602891215881551840e-03
9.926140916165079320e-01 1.211253454142388053e-01 -6.777262940236893594e-03
9.922558604261706439e-01 1.240174422151139461e-01 -6.927984286473298087e-03
9.918832452415249357e-01 1.269561418687837062e-01 -7.055590487069328919e-03
9.914969010657234127e-01 1.299331974174111615e-01 -7.160649778346316052e-03
9.910975453290613579e-01 1.329405848526754863e-01 -7.243760845432163642e-03
9.906859561920766666e-01 1.359705139940924623e-01 -7.305550275771365877e-03
9.902629700646516930e-01 1.390154383511902625e-01 -7.346670027911172962e-03
9.898294784163015336e-01 1.420680639707537218e-01 -7.367794922266960277e-03
9.893864239549383655e-01 1.451213572742495184e-01 -7.369620160495036869e-03
9.889347962525838476e-01 1.481685518945093649e-01 -7.352858879976257971e-03
9.884756268968085680e-01 1.512031545247142783e-01 -7.318239749738311185e-03
9.880099842461650406e-01 1.542189497966276190e-01 -7.266504613919057970e-03
9.875389678666089965e-01 1.572100042088087346e-01 -7.198406188599796446e-03
9.870637027239442807e-01 1.601706691291499007e-01 -7.114705817518702721e-03
9.865853332047422874e-01 1.630955828994680445e-01 -7.016171291814973093e-03
9.861050170350554867e-01 1.659796720730085107e-01 -6.903574738557911004e-03
9.856239191626359197e-01 1.688181518185448704e-01 -6.777690582387713852e-03
9.851432056643608659e-01 1.716065255272603285e-01 -6.639293584141645749e-03
9.846640377362290142e-01 1.743405836607511417e-01 -6.489156959866642163e-03
9.841875658186961529e-01 1.770164018802861117e-01 -6.328050583133227464e-03
9.837149239053351035e-01 1.796303384988843233e-01 -6.156739273072024676e-03
9.832472240778998840e-01 1.821790312988330329e-01 -5.975981170059028492e-03
9.827855513059087222e-01 1.846593937579654454e-01 -5.786526200484845908e-03
9.823309585438917413e-01 1.870686107283655031e-01 -5.589114631561631179e-03
9.818844621545324003e-01 1.894041336111784712e-01 -5.384475716654323237e-03
9.814470376811103014e-01 1.916636750709018178e-01 -5.173326431174450971e-03
9.810196159879732702e-01 1.938452033319344181e-01 -4.956370298649042001e-03
9.806030797832654411e-01 1.959469360992980858e-01 -4.734296306177400090e-03
9.801982605338416255e-01 1.979673341443428103e-01 -4.507777908117346216e-03
9.798059357782413770e-01 1.999050945949328584e-01 -4.277472116502144782e-03
9.794268268397916533e-01 2.017591439681181431e-01 -4.044018676381256477e-03
9.790615969383783534e-01 2.035286309816494166e-01 -3.808039324003317273e-03
9.787108496961779425e-01 2.052129191789309748e-01 -3.570137125518745708e-03
9.783751280296881792e-01 2.068115794001458563e-01 -3.330895893672194789e-03
9.780549134177337622e-01 2.083243821303653320e-01 -3.090879679781130193e-03
9.777506255327581552e-01 2.097512897534921372e-01 -2.850632338155335843e-03
9.774626222206383996e-01 2.110924487389098103e-01 -2.610677160001868141e-03
9.771911998124677146e-01 2.123481817857397203e-01 -2.371516573779380941e-03
9.769365937502400010e-01 2.135189799476651940e-01 -2.133631908913063285e-03
9.766989795071207014e-01 2.146054947593825368e-01 -1.897483219754685308e-03
9.764784737819963700e-01 2.156085303839013201e-01 -1.663509166669323389e-03
9.762751359472408019e-01 2.165290357981501934e-01 -1.432126951148972663e-03
9.760889697281091015e-01 2.173680970326633266e-01 -1.203732301891193793e-03
