1.000000000000000000e+00 0.000000000000000000e+00 0.000000000000000000e+00
9.999904290094696613e-01 2.081735643016216150e-03 -3.848232238077738121e-03
9.999552590166771449e-01 5.552915018089712301e-03 -7.658101785286204610e-03
9.998807181183735349e-01 1.039770758349497538e-02 -1.142101568825218925e-02
9.997478057887020375e-01 1.659692795679530708e-02 -1.512846033334313764e-02
9.995326202907711677e-01 2.412793886791111606e-02 -1.877200893963472741e-02
9.992067459615273650e-01 3.296453314788384131e-02 -2.234333381048097394e-02
9.987376981066895532e-01 4.307680312837520314e-02 -2.583422404546581105e-02
9.980894226194682028e-01 5.443100679727867069e-02 -2.923660920795545515e-02
9.972228466186432438e-01 6.698944076714748175e-02 -3.254258921361256884e-02
9.960964754003511779e-01 8.071033052800798135e-02 -3.574447045660986838e-02
9.946670298418053280e-01 9.554774853939308754e-02 -3.883480792872196635e-02
9.928901171282460414e-01 1.114515704383039485e-01 -4.180645281919914691e-02
9.907209263555928347e-01 1.283674789793070870e-01 -4.465260481890961919e-02
9.881149392619620331e-01 1.462370242715463897e-01 -4.736686810042469581e-02
9.850286451419337785e-01 1.649977474423620638e-01 -4.994330971708744321e-02
9.814202479833004089e-01 1.845833730643016979e-01 -5.237651896954624575e-02
9.772503531212137773e-01 2.049240735776929334e-01 -5.466166613833213506e-02
9.724826203064743657e-01 2.259468065912859092e-01 -5.679455888534613861e-02
9.670843700972984180e-01 2.475757234345730418e-01 -5.877169459331767210e-02
9.610271309523842342e-01 2.697326447689850637e-01 -6.059030694556576807e-02
9.542871153486368607e-01 2.923375965539516397e-01 -6.224840515074327174e-02
9.468456146632806547e-01 3.153093973250436499e-01 -6.374480438707329222e-02
9.386893044122071039e-01 3.385662856894373629e-01 -6.507914627252425754e-02
9.298104536610628523e-01 3.620265752823979555e-01 -6.625190845237674542e-02
9.202070349345931044e-01 3.856093232428313700e-01 -6.726440272142629462e-02
9.098827336351633654e-01 4.092349976170644998e-01 -6.811876144980778813e-02
8.988468587225392215e-01 4.328261290194883038e-01 -6.881791244266505236e-02
8.871141590787046116e-01 4.563079323664285813e-01 -6.936554271763448187e-02
8.747045524625974844e-01 4.796088855238129223e-01 -6.976605201396503253e-02
8.616427761412002173e-01 5.026612532089661523e-01 -7.002449713833562572e-02
8.479579700757984284e-01 5.254015463768992866e-01 -7.014652849293261105e-02
8.336832048803501927e-01 5.477709094986026317e-01 -7.013832031228947606e-02
8.188549676154627255e-01 5.697154304896625554e-01 -7.000649625165596135e-02
8.035126188276962012e-01 5.911863704561867161e-01 -6.975805201995581573e-02
7.876978341082461199e-01 6.121403127809360578e-01 -6.940027673704120270e-02
7.714540428697890251e-01 6.325392332768615677e-01 -6.894067462346986641e-02
7.548258760867965211e-01 6.523504951059100332e-01 -6.838688850947632902e-02
7.378586334877210717e-01 6.715467738361300398e-01 -6.774662648802959319e-02
7.205977792093167800e-01 6.901059193496011934e-01 -6.702759284570622422e-02
7.030884733077834570e-01 7.080107622988055516e-01 -6.623742419562250738e-02
6.853751448486848918e-01 7.252488734408369941e-01 -6.538363151946709195e-02
6.675011106402988226e-01 7.418122844753890499e-01 -6.447354861034886031e-02
6.495082420950948343e-01 7.576971790053483868e-01 -6.351428720290494545e-02
6.314366812507935522e-01 7.729035619692916637e-01 -6.251269888842746203e-02
6.133246056920615974e-01 7.874349154103121862e-01 -6.147534374544153662e-02
5.952080410095115237e-01 8.012978477947807487e-01 -6.040846547326281235e-02
5.771207185255038397e-01 8.145017433265542284e-01 -5.931797269906118747e-02
5.590939753071036966e-01 8.270584168623643651e-01 -5.820942603796482734e-02
5.411566929677219528e-01 8.389817791633441546e-01 -5.708803041973677106e-02
5.233352714162630148e-01 8.502875163506328215e-01 -5.595863215266677626e-02
5.056536335272502347e-01 8.609927865979667416e-01 -5.482572017306455020e-02
4.881332566559135056e-01 8.711159363127969346e-01 -5.369343092427787678e-02
4.707932269859331775e-01 8.806762373452126091e-01 -5.256555631949572788e-02
4.536503128518795114e-01 8.896936461306019783e-01 -5.144555426475408422e-02
4.367190534019087522e-01 8.981885851224449269e-01 -5.033656124970817963e-02
4.200118592393097816e-01 9.061817464067785100e-01 -4.924140655127566546e-02
4.035391219866329426e-01 9.136939170073525851e-01 -4.816262763689591747e-02
3.873093300384420901e-01 9.207458250855579118e-01 -4.710248639792500441e-02
3.713291880958270452e-01 9.273580060054645857e-01 -4.606298588796362697e-02
3.556037383977624922e-01 9.335506870643038857e-01 -4.504588728439235662e-02
3.401364818735613804e-01 9.393436895745329585e-01 -4.405272683306260539e-02
3.249294977314566291e-01 9.447563469172007844e-01 -4.308483257523285093e-02
3.099835602669515078e-01 9.498074371599116716e-01 -4.214334069195305177e-02
2.952982519187115629e-01 9.545151288389226441e-01 -4.122921133389096521e-02
2.808720718183713716e-01 9.588969385371283183e-01 -4.034324383392984270e-02
2.667025392736198652e-01 9.629696989418758957e-01 -3.948609122574479185e-02
2.527862917919835306e-01 9.667495361334775827e-01 -3.865827401408136049e-02
2.391191773970695877e-01 9.702518549324431474e-01 -3.786019316178212274e-02
2.256963411112679618e-01 9.734913312170551114e-01 -3.709214227495396393e-02
2.125123055808783301e-01 9.764819102098368786e-01 -3.635431898128786699e-02
1.995610459032911843e-01 9.792368098191984727e-01 -3.564683550769971732e-02
1.868360587832073871e-01 9.817685282091148657e-01 -3.496972847242223875e-02
1.743304261978878833e-01 9.840888548535801084e-01 -3.432296791370838263e-02
1.620368737919657409e-01 9.862088844126788434e-01 -3.370646558265682352e-02
1.499478242521844196e-01 9.881390328426581382e-01 -3.312008253157629895e-02
1.380554459331735651e-01 9.898890552228576389e-01 -3.256363603198458856e-02
1.263516970185074584e-01 9.914680648475133751e-01 -3.203690585798676244e-02
1.148283655081311638e-01 9.928845531901824284e-01 -3.153963997157213650e-02
1.034771053249511213e-01 9.941464104029035243e-01 -3.107155964646628882e-02
9.228946883099292675e-02 9.952609460613616177e-01 -3.063236406670985512e-02
8.125693603791277198e-02 9.962349099114959916e-01 -3.022173443522800304e-02
7.063745793037384813e-02 9.970631664909170855e-01 -2.958767346473922116e-02
6.022209759471972707e-02 9.977630234461950520e-01 -2.902218246045558739e-02
4.998832584552446306e-02 9.983424248721561867e-01 -2.852383624085669950e-02
3.991390596561290860e-02 9.988081881867276746e-01 -2.809132843885750810e-02
2.997688517911970690e-02 9.991660697721747031e-01 -2.772347227035683662e-02
2.015558233599665239e-02 9.994208220669159592e-01 -2.741920078204988093e-02
1.042857259718004033e-02 9.995762424552685488e-01 -2.717756665979886507e-02
7.746698245493285201e-04 9.996352142817634956e-01 -2.699774166386204391e-02
-8.827092690960028701e-03 9.995997402912419894e-01 -2.687901574364727833e-02
-1.839748258722699592e-02 9.994709687673382081e-01 -2.682079587217941000e-02
-2.795708934410523136e-02 9.992492126114703721e-01 -2.682260462895539460e-02
-3.752634525483716094e-02 9.989339615731943622e-01 -2.688407854912142764e-02
-4.712554598153084751e-02 9.985238878116751149e-01 -2.700496624676531135e-02
-5.677487023312189490e-02 9.980168449379416273e-01 -2.718512631040791508e-02
-6.649439810709055487e-02 9.974098606593093663e-01 -2.742452495934194837e-02
-7.630412762964786100e-02 9.966991231216441038e-01 -2.772323344015562019e-02
-8.622398901341041255e-02 9.958799610227956345e-01 -2.808142513345377594e-02
-9.627385612693814543e-02 9.949468175523837887e-01 -2.849937233131933853e-02
-1.064735546370356861e-01 9.938932182000971283e-01 -2.897744263632316686e-02
-1.168428662424994963e-01 9.927117324678088606e-01 -2.951609492278131977e-02
-1.272592171881452572e-01 9.914276037971989641e-01 -2.960468027723055923e-02
-1.376840950054031565e-01 9.900303458429888792e-01 -2.971604463530093040e-02
-1.481242877097660726e-01 9.885181962566877978e-01 -2.984979170861214171e-02
-1.585863670884567200e-01 9.868890879862801668e-01 -3.000551914185339147e-02
-1.690766785381652426e-01 9.851406566133485976e-01 -3.018281693087414633e-02
-1.796013303715346954e-01 9.832702475827996835e-01 -3.038126569759833431e-02
-1.901661825279231388e-01 9.812749234285480515e-01 -3.060043482492019393e-02
-2.007768346314387220e-01 9.791514711043692865e-01 -3.083988045463878849e-02
-2.114386133470597118e-01 9.768964095350728405e-01 -3.109914335154201001e-02
-2.221565589939277219e-01 9.745059975091538984e-01 -3.137774663696706046e-02
-2.329354113837568963e-01 9.719762420401300007e-01 -3.167519339555079083e-02
-2.437795948618522446e-01 9.693029073297928511e-01 -3.199096415944827076e-02
-2.546932025385909570e-01 9.664815244725338816e-01 -3.232451427505009245e-02
-2.656799797105066641e-01 9.635074020456444455e-01 -3.267527115817715072e-02
-2.767433064824355027e-01 9.603756377359199403e-01 -3.304263144488436832e-02
-2.878861796156360620e-01 9.570811311578731884e-01 -3.342595804636982332e-02
-2.991111936414715955e-01 9.536185980232161352e-01 -3.382457711807049239e-02
-3.104205212962209970e-01 9.499825858248056587e-01 -3.423777495483494582e-02
-3.218158933499193908e-01 9.461674912007448368e-01 -3.466479482610091561e-02
-3.332985779208550992e-01 9.421675791455372817e-01 -3.510483376727171340e-02
-3.453978678626166698e-01 9.377302071784456849e-01 -3.691083190678239034e-02
-3.580499307084371030e-01 9.328972048196070288e-01 -3.876970365257847995e-02
-3.712606983614470946e-01 9.276370222810998989e-01 -4.068274510868562233e-02
-3.850348934628486930e-01 9.219159698339978171e-01 -4.265104687428500352e-02
-3.993757728308543475e-01 9.156981659028159415e-01 -4.467546132708481027e-02
-4.142848451768030293e-01 9.089455020659639173e-01 -4.675656641037832101e-02
-4.297615623007593477e-01 9.016176294031142957e-01 -4.889462582153738385e-02
-4.458029834178816042e-01 8.936719712254911352e-01 -5.108954555921693674e-02
-4.624034128562981572e-01 8.850637678317565538e-01 -5.334082686468866186e-02
-4.795540121186067650e-01 8.757461595290495504e-01 -5.564751569232342931e-02
-4.972423882332705491e-01 8.656703147172277735e-01 -5.800814896806687909e-02
-5.154521614578190247e-01 8.547856103175606179e-01 -6.042069804527692989e-02
-5.341625167473159630e-01 8.430398721889100777e-01 -6.288250994642738401e-02
-5.533477449765279443e-01 8.303796833589104365e-01 -6.539024718791904001e-02
-5.729767816999097318e-01 8.167507678391132675e-01 -6.793982722321517675e-02
-5.930127532331500584e-01 8.020984574168056325e-01 -7.052636280450347295e-02
-6.134125420084590719e-01 7.863682480404619035e-01 -7.314410485041840382e-02
-6.341263854350391860e-01 7.695064511550862019e-01 -7.578638970934152563e-02
-6.550975248010234564e-01 7.514609435140375826e-01 -7.844559301312661881e-02
-6.762619229675068677e-01 7.321820165199331987e-01 -8.111309260937465959e-02
-6.968396084652608291e-01 7.126324864644436596e-01 -8.105261763743036585e-02
-7.168187201987256119e-01 6.925480775066572559e-01 -8.092039392233606188e-02
-7.361691301037270874e-01 6.719680403176611083e-01 -8.070930550130420156e-02
-7.548619321769823864e-01 6.509357268918274375e-01 -8.041249878825489084e-02
-7.728698888566267744e-01 6.294985384835904973e-01 -8.002344581670066404e-02
-7.901678729869148210e-01 6.077078103115286511e-01 -7.953600716171985163e-02
-8.067332959279479576e-01 5.856186323036051133e-01 -7.894449336438878750e-02
-8.225465120878820979e-01 5.632896067027404197e-01 -7.824372364033399530e-02
-8.375911901687950190e-01 5.407825449810120810e-01 -7.742908065213226221e-02
-8.518546417518090275e-01 5.181621081598696277e-01 -7.649656016608634423e-02
-8.653280985108685597e-01 4.954953962327539596e-01 -7.544281449840901932e-02
-8.780069303298959627e-01 4.728514938629829190e-01 -7.426518878282169223e-02
-8.898907978798367147e-01 4.503009808133349723e-01 -7.296174925748065421e-02
-9.009837347487126280e-01 4.279154165906323137e-01 -7.153130296824015966e-02
-9.112941559528897617e-01 4.057668095059234759e-01 -6.997340850983557736e-02
-9.208347915233258130e-01 3.839270807203439828e-01 -6.828837766735294801e-02
-9.296225457809215165e-01 3.624675338475552566e-01 -6.647726806704620794e-02
-9.376782848115491342e-01 3.414583403139349604e-01 -6.454186718746468543e-02
-9.450265564470378132e-01 3.209680499546906374e-01 -6.248466830849810916e-02
-9.516952486830938529e-01 3.010631352830405727e-01 -6.030883917774940151e-02
-9.577151938593372327e-01 2.818075765613396455e-01 -5.801818434245598760e-02
-9.631197270448831338e-01 2.632624932903947501e-01 -5.561710222473019438e-02
-9.679442078858998544e-01 2.454858260869935416e-01 -5.311053810408199877e-02
-9.722255156671002485e-01 2.285320712140682109e-01 -5.050393421223191986e-02
-9.760015275216051833e-01 2.124520683361210138e-01 -4.780317814159502909e-02
-9.793105896126329535e-01 1.972928404626992926e-01 -4.501455072307971456e-02
-9.821909907382763150e-01 1.830974835745807494e-01 -4.214467444533537277e-02
-9.846804472190515689e-01 1.699051021498177716e-01 -3.920046337202740677e-02
-9.868156071648582772e-01 1.577507857564423022e-01 -3.618907537279066056e-02
-9.886315813339502379e-01 1.466656210791069115e-01 -3.311786732439755271e-02
-9.901615068412027432e-01 1.366767332093335174e-01 -2.999435376865040165e-02
-9.914361489924589099e-01 1.278073497529408353e-01 -2.682616933957943442e-02
-9.924835455561651365e-01 1.200768812832576499e-01 -2.362103510115775434e-02
-9.933286968653871618e-01 1.135010118764510911e-01 -2.038672877363496838e-02
-9.939933042965761745e-01 1.080917938811565282e-01 -1.713105867656797981e-02
-9.944955589111679206e-01 1.038577416698518857e-01 -1.386184108359018313e-02
-9.948499813786290114e-01 1.008039198628617183e-01 -1.058688057089686614e-02
-9.950673137233855270e-01 9.893202237524023612e-02 -7.313952850470005485e-03
-9.951544629448361157e-01 9.824043957983005781e-02 -4.050789511590412346e-03
-9.951144961355938845e-01 9.872431187505456562e-02 -8.050640508946958762e-04
-9.951544025645678859e-01 9.831436955740209538e-02 -1.413546814495269307e-03
-9.952152592114427154e-01 9.768584250548162373e-02 -2.015526660016331208e-03
-9.952964137247775067e-01 9.684129626769365229e-02 -2.609699224773566126e-03
-9.953970387724577762e-01 9.578375100211161675e-02 -3.194783583949293952e-03
-9.955161412384890829e-01 9.451667389788813434e-02 -3.769524688246251014e-03
-9.956525727787209901e-01 9.304397094584998529e-02 -4.332695767323193822e-03
-9.958050416333870114e-01 9.136997803513281780e-02 -4.883100698946499230e-03
-9.959721255848609234e-01 8.949945134965844873e-02 -5.419576342953117028e-03
-9.961522859403436625e-01 8.743755703632194454e-02 -5.940994838217642654e-03
-9.963438824113648451e-01 8.518986011598737862e-02 -6.446265859871829623e-03
-9.965451887550795806e-01 8.276231260882321861e-02 -6.934338833061374184e-03
-9.967544090364206522e-01 8.016124084714937315e-02 -7.404205098565238945e-03
-9.969696943653091337e-01 7.739333195180278513e-02 -7.854900024670265560e-03
-9.971891599593838418e-01 7.446561945201646271e-02 -8.285505058810821097e-03
-9.974109023801575047e-01 7.138546803388640116e-02 -8.695149711671413748e-03
-9.976330167891931389e-01 6.816055740858475986e-02 -9.083013465729856614e-03
-9.978536140708779145e-01 6.479886529846085041e-02 -9.448327599608315544e-03
-9.980708376696870721e-01 6.130864954692666347e-02 -9.790376919115816381e-03
-9.982828799925113072e-01 5.769842936640951631e-02 -1.010850138552266478e-02
-9.984879982306841262e-01 5.397696574751306708e-02 -1.040209763141585961e-02
-9.986845294617889834e-01 5.015324106169206930e-02 -1.067062035445337682e-02
-9.988709048981300187e-01 4.623643789903961188e-02 -1.091358357946895820e-02
-9.990456631568868096e-01 4.223591719202846040e-02 -1.113056177967969816e-02
-9.992074624363773694e-01 3.816119568505971227e-02 -1.132119084821421075e-02
-9.993550914934568041e-01 3.402192281827557535e-02 -1.148516891180456807e-02
-9.994874793287827908e-01 2.982785710211836167e-02 -1.162225697926183056e-02
-9.996037034993695558e-01 2.558884206640599235e-02 -1.173227941827125788e-02
-9.997029969914003056e-01 2.131478187410082437e-02 -1.181512425508456955e-02
-9.997847536005215474e-01 1.701561669534649990e-02 -1.187074329283567195e-02
-9.998485317816451223e-01 1.270129794163034342e-02 -1.189915204544367971e-02
-9.998940569454606297e-01 8.381763463013083143e-03 -1.190042948537149876e-02
-9.999212221942288537e-01 4.066912813194105587e-03 -1.187471760485719723e-02
-9.999300875048092729e-01 -2.334173122837028894e-04 -1.182222079160533297e-02
-9.999208773820741358e-01 -4.509477360147205044e-03 -1.174320502129274149e-02
-9.998939770207058153e-01 -8.751628823321542031e-03 -1.163799687058445984e-02
-9.998499270276751671e-01 -1.295036766544309034e-02 -1.150698235564776191e-02
-9.997894167712952918e-01 -1.709634717116076050e-02 -1.135060560237432722e-02
-9.997132764354744738e-01 -2.118040013293500529e-02 -1.116936735565250347e-02
-9.996224678695168064e-01 -2.519356029150796039e-02 -1.096382333605603297e-02
-9.995180743344124208e-01 -2.912708295451158641e-02 -1.073458245321719240e-02
-9.994012892559166472e-01 -3.297246472566029568e-02 -1.048230488591890552e-02
-9.992734041027535596e-01 -3.672146228548693603e-02 -1.020770003956257034e-02
-9.991357955149314796e-01 -4.036611017346575930e-02 -9.911524392139898360e-03
-9.989899118123832800e-01 -4.389873753045964860e-02 -9.594579240154986824e-03
-9.988372590179270816e-01 -4.731198376956897989e-02 -9.257708356107218275e-03
-9.986793865308737361e-01 -5.059881315248707101e-02 -8.901795569159555097e-03
-9.985178725885223150e-01 -5.375252825723139671e-02 -8.527762280486458207e-03
-9.983543096523046501e-01 -5.676678233147962327e-02 -8.136564924529764153e-03
-9.981902898535356394e-01 -5.963559053356787265e-02 -7.729192387000430146e-03
-9.980273906306555975e-01 -6.235334007039286530e-02 -7.306663389962378061e-03
-9.978671606855998855e-01 -6.491479924790510836e-02 -6.870023853736645890e-03
-9.977111063815939929e-01 -6.731512545551034121e-02 -6.420344244685822523e-03
-9.975606786983362007e-01 -6.954987211045424167e-02 -5.958716917197649614e-03
-9.974172608533121709e-01 -7.161499459211323471e-02 -5.486253457400331116e-03
-9.972821566899813250e-01 -7.350685519903574217e-02 -5.004082035328556895e-03
-9.971565799248943707e-01 -7.522222716357403194e-02 -4.513344771436157005e-03
-9.970416443365530679e-01 -7.675829776003872951e-02 -4.015195122535917226e-03
-9.969383549691056556e-01 -7.811267054253373532e-02 -3.510795291455729925e-03
-9.968476004138902002e-01 -7.928336674804248307e-02 -3.001313663948090328e-03
-9.967701462214820785e-01 -8.026882589900648235e-02 -2.487922275690781452e-03
-9.968729138372930398e-01 -7.899947773222314173e-02 1.864229910133224661e-03
-9.970763406663836204e-01 -7.616144069437358333e-02 6.181086766650075587e-03
-9.973665561734739171e-01 -7.176822947607866543e-02 1.045346302635806642e-02
-9.977225569550020046e-01 -6.583637333029075667e-02 1.467220289013011769e-02
-9.981165397180915555e-01 -5.838558793446408518e-02 1.882816832632091056e-02
-9.985143065062329626e-01 -4.943899761192692421e-02 2.291223404057323235e-02
-9.988757423373870736e-01 -3.902339708007313002e-02 2.691529047321063184e-02
-9.991553651215876464e-01 -2.716954012926958012e-02 3.082825593943484474e-02
-9.993029470383234525e-01 -1.391244111376814183e-02 3.464209874572692083e-02
-9.992642054631371007e-01 7.083260851154186272e-04 3.834786979522167294e-02
-9.989815600468874290e-01 1.664834781397048907e-02 4.193674583865741878e-02
-9.983949507061533613e-01 3.385812571821782135e-02 4.540008314157951280e-02
-9.974427091441316895e-01 5.228288361959246983e-02 4.872948093151489163e-02
-9.960624741814960714e-01 7.186244200637939561e-02 5.191685357268770867e-02
-9.941921387558194656e-01 9.253117463509963336e-02 5.495451000540282904e-02
-9.917708140880302503e-01 1.142180597906445050e-01 5.783523859997142386e-02
-9.887397943715723336e-01 1.368468361670276690e-01 6.055239523027586279e-02
-9.850435035765747749e-01 1.603362701619620023e-01 6.309999208970452911e-02
-9.806304047336319440e-01 1.846005377154269489e-01 6.547278457138908103e-02
-9.754538515076049965e-01 2.095497197961536107e-01 6.766635343222462962e-02
-9.702072920978040971e-01 2.331261745593977974e-01 6.595477826078403882e-02
-9.645622130803134242e-01 2.559461604657469191e-01 6.411968894529797292e-02
-9.585769350771691233e-01 2.779664621051775586e-01 6.216863151681610578e-02
-9.523111733136829793e-01 2.991493461270732235e-01 6.010931679007890799e-02
-9.458253608786794109e-01 3.194624685043735979e-01 5.794953708393402181e-02
-9.391800083975206936e-01 3.388787039193728590e-01 5.569708837981959815e-02
-9.324351088064739557e-01 3.573759072914535762e-01 5.335969911868853471e-02
-9.256495937492292825e-01 3.749366182639295997e-01 5.094496655088173037e-02
-9.188808459837560783e-01 3.915477198216114063e-01 4.846030127174356245e-02
-9.121842701728609670e-01 4.072000621691931888e-01 4.591288030906041928e-02
-9.056129225996056853e-01 4.218880626221483410e-01 4.330960888515809210e-02
-8.992171987453811965e-01 4.356092916126329539e-01 4.065709076269479610e-02
-8.930445763221948052e-01 4.483640540611696923e-01 3.796160690240903829e-02
-8.871394102736284148e-01 4.601549743767628931e-01 3.522910201472410213e-02
-8.815427754491659273e-01 4.709865922844082009e-01 3.246517847471283580e-02
-8.762923521013129546e-01 4.808649755929361169e-01 2.967509698954196376e-02
-8.714223490331638455e-01 4.897973549520692749e-01 2.686378335609698395e-02
-8.669634591094557141e-01 4.977917846402907243e-01 2.403584062025927379e-02
-8.629428419074375300e-01 5.048568325000886148e-01 2.119556594409087794e-02
-8.593841284950173298e-01 5.110013013110727975e-01 1.834697149868726174e-02
-8.563074436533903988e-01 5.162339831732739581e-01 1.549380872450289298e-02
-8.537294412824805168e-01 5.205634478648688557e-01 1.263959533363678486e-02
-8.516633492156238106e-01 5.239978656374002508e-01 9.787644466380970160e-03
-8.501190202037786081e-01 5.265448645097398073e-01 6.941095454251044322e-03
-8.491029863912640252e-01 5.282114218088498347e-01 4.102945681207448292e-03
-8.486185151799088278e-01 5.290037894678717434e-01 1.276083071827401137e-03
-8.486656649546944209e-01 5.289274524158572577e-01 -1.536681231708711924e-03
-8.492413397121025831e-01 5.279871192635158250e-01 -4.332580413826500783e-03
-8.503393421849548828e-01 5.261867443905036135e-01 -7.108860138407542203e-03
-8.519504255884607913e-01 5.235295804572012157e-01 -9.862747680892895719e-03
-8.540623446162198817e-01 5.200182602835092815e-01 -1.259142239894431303e-02
-8.566599067871066842e-01 5.156549069458791212e-01 -1.529198789462698355e-02
-8.597250256792330347e-01 5.104412708298891044e-01 -1.796144621883205561e-02
-8.632367779799243745e-01 5.043788922291060350e-01 -2.059667446934352122e-02
-8.671714666244291214e-01 4.974692878936117779e-01 -2.319440413614838256e-02
-8.715026925834665761e-01 4.897141596975355116e-01 -2.575120354963877228e-02
-8.762014380821978587e-01 4.811156233109247782e-01 -2.826346378741547566e-02
-8.812361641812809232e-01 4.716764544269241854e-01 -3.072738839148529341e-02
-8.865729257141152786e-01 4.614003497134151477e-01 -3.313898723767452759e-02
-8.921755065426228981e-01 4.502921992354672609e-01 -3.549407488097009594e-02
-8.980055779566266105e-01 4.383583666414651581e-01 -3.778827367223727696e-02
-9.040228827897393016e-01 4.256069729358603615e-01 -4.001702190152108679e-02
-9.101854474501837045e-01 4.120481791933628402e-01 -4.217558716939357605e-02
-9.164498235635180068e-01 3.976944631249465512e-01 -4.425908511947532209e-02
-9.227713602951269634e-01 3.825608840104472441e-01 -4.626250358182543154e-02
-9.291045076677975079e-01 3.666653301933757714e-01 -4.818073207855998186e-02
-9.354031503238507961e-01 3.500287431198135235e-01 -5.000859653085529266e-02
-9.416209702189035635e-01 3.326753118237931739e-01 -5.174089888237650564e-02
-9.477118356991972581e-01 3.146326318435478386e-01 -5.337246122108039309e-02
-9.536302133374792156e-01 2.959318228199112610e-01 -5.489817384318777110e-02
-9.593315978211692796e-01 2.766075994977593155e-01 -5.631304656473121173e-02
-9.647729541441177892e-01 2.566982915337818194e-01 -5.761226245305072630e-02
-9.699131653966946987e-01 2.362458084096392963e-01 -5.879123302907457438e-02
-9.747134786270510443e-01 2.152955468483205292e-01 -5.984565388757711463e-02
-9.791379406070123137e-01 1.938962394110824994e-01 -6.077155960313634919e-02
-9.831538149231127122e-01 1.720997443785731718e-01 -6.156537673999704086e-02
-9.867319716635851723e-01 1.499607785471913091e-01 -6.222397376933037905e-02
-9.898472411124084047e-01 1.275365961453552299e-01 -6.274470672098701740e-02
-9.924787233058084412e-01 1.048866186318969662e-01 -6.312545946060907354e-02
-9.946100460542731669e-01 8.207202161412316399e-02 -6.336467758680158768e-02
-9.963416535329862045e-01 6.122342567738840724e-02 -5.962417325629012360e-02
-9.975713711556417618e-01 4.171991575425271215e-02 -5.577496132669210877e-02
-9.983769330938512265e-01 2.361090619757291037e-02 -5.182722006196945758e-02
-9.988332584684268545e-01 6.939051036855541088e-03 -4.779127138889476684e-02
-9.990115569047346433e-01 -8.259398955183331129e-03 -4.367750073550162593e-02
-9.989785221386477954e-01 -2.195418973912696345e-02 -3.949629007016953325e-02
-9.987956189615743163e-01 -3.412062822809327350e-02 -3.525796441313187868e-02
-9.985184660423226388e-01 -4.473913657709318453e-02 -3.097275161383817102e-02
-9.981963148964476673e-01 -5.379481445166708203e-02 -2.665075476284450157e-02
-9.978716235301994253e-01 -6.127702534384669303e-02 -2.230193624249434542e-02
-9.975797220697791845e-01 -6.717902085520349731e-02 -1.793611211931798316e-02
-9.973485669696381395e-01 -7.149761451358199738e-02 -1.356295534239405562e-02
-9.971985801232338131e-01 -7.423291421756833541e-02 -9.192006033222913097e-03
-9.971425693041664484e-01 -7.538811987841459450e-02 -4.832687029985798140e-03
-9.971857267598737140e-01 -7.496939030366024659e-02 -4.943227779447010098e-04
-9.973257033709300723e-01 -7.298578087622553667e-02 3.813840366101516055e-03
-9.975527564797966873e-01 -6.944925115258891724e-02 8.082614327542501920e-03
-9.978499701872902694e-01 -6.437473915248084766e-02 1.230285185718578769e-02
-9.981935475206155095e-01 -5.778029685686169453e-02 1.646543317487486960e-02
-9.985531743080490186e-01 -4.968727928946586880e-02 2.056125832499803088e-02
-9.988940706295914573e-01 -4.219795316214993569e-02 2.073647618787607255e-02
-9.991816469257869260e-01 -3.465209713009756443e-02 2.086388460208330603e-02
-9.994142084703069306e-01 -2.706744859896955541e-02 2.094340531145806941e-02
-9.995905753174311181e-01 -1.946178083176680965e-02 2.097507867871120993e-02
-9.997100883216545331e-01 -1.185285034570298345e-02 2.095906358994821181e-02
-9.997726101225686834e-01 -4.258344179194878398e-03 2.089563684679935501e-02
-9.997785211209333500e-01 3.304172574496779327e-03 2.078519204618280852e-02
-9.997287105290970644e-01 1.081730857355912498e-02 2.062823795427472587e-02
-9.996245626347851632e-01 1.826389699053475313e-02 2.042539638765588153e-02
-9.994679384707884084e-01 2.562704486531870371e-02 2.017739962070996818e-02
-9.992611531333588371e-01 3.289018070474393485e-02 1.988508734403714520e-02
-9.990069490383269857e-01 4.003710001391540263e-02 1.954940320380262747e-02
-9.987084654453941557e-01 4.705200847802318287e-02 1.917139095646401559e-02
-9.983692046171304124e-01 5.391956255101625767e-02 1.875219027713063286e-02
-9.979929950094829083e-01 6.062490724834422584e-02 1.829303226284018785e-02
-9.975839519147522427e-01 6.715371098401780314e-02 1.779523467425041597e-02
-9.971464359958779333e-01 7.349219733652159747e-02 1.726019696061433309e-02
-9.966850101624635805e-01 7.962717367265957635e-02 1.668939511343676962e-02
-9.962043952443896400e-01 8.554605660228023489e-02 1.608437639391588347e-02
-9.957094249183545687e-01 9.123689427912469452e-02 1.544675397819394308e-02
-9.952050003366036401e-01 9.668838560294944207e-02 1.477820156263101939e-02
-9.946960448958989121e-01 1.018898964148709091e-01 1.408044796884137285e-02
-9.941874595689740302e-01 1.068314728109406309e-01 1.335527178517580821e-02
-9.936840792008728718e-01 1.115038517277787411e-01 1.260449607778294651e-02
-9.931906301493034217e-01 1.158984689782818905e-01 1.182998320043407436e-02
-9.927116896220540276e-01 1.200074649347097344e-01 1.103362972804908769e-02
-9.922516470362399144e-01 1.238236880706930082e-01 1.021736153441555987e-02
-9.918146676942506401e-01 1.273406965828584314e-01 9.383129030048205713e-03
-9.914046590403058357e-01 1.305527583169029671e-01 8.532902571587921287e-03
-9.910252397300014504e-01 1.334548492222389915e-01 7.668668049678778464e-03
-9.906797117135682784e-01 1.360426505540278108e-01 6.792422657971965323e-03
-9.903710355021614342e-01 1.383125450318522520e-01 5.906170841863848248e-03
-9.901018087556445746e-01 1.402616121508410696e-01 5.011920421848640658e-03
-9.898742483002767045e-01 1.418876228241962023e-01 4.111678883012685227e-03
-9.896901756556166774e-01 1.431890335162698813e-01 3.207449819265600476e-03
-9.895510061219472409e-01 1.441649800031087891e-01 2.301229518432125910e-03
-9.894577414526354309e-01 1.448152708732557137e-01 1.395003672346294219e-03
-9.894109661101007092e-01 1.451403808561199105e-01 4.907441946158608509e-04
-9.894108470794186205e-01 1.451414440389353078e-01 -4.095938722302603285e-04
-9.894571371899862910e-01 1.448202470067575798e-01 -1.304075378934342697e-03
-9.895491818730342004e-01 1.441792219136292796e-01 -2.190788039687962922e-03
-9.896859292609936354e-01 1.432214394674695135e-01 -3.067845368368080430e-03
-9.898659435137313611e-01 1.419506017868986669e-01 -3.933389597855285053e-03
-9.900874212363638405e-01 1.403710350655404115e-01 -4.785594597966104369e-03
-9.903482108336956191e-01 1.384876819587645413e-01 -5.622668805630957715e-03
-9.906458346272591919e-01 1.363060935897247306e-01 -6.442858178683442266e-03
-9.909775135424606640e-01 1.338324210562356342e-01 -7.244449182043001360e-03
-9.913401941554857988e-01 1.310734063078129452e-01 -8.025771812224377286e-03
-9.917305778724698762e-01 1.280363722533037762e-01 -8.785202663050682703e-03
-9.921451519970918564e-01 1.247292119541437150e-01 -9.521168032243077992e-03
-9.925802224273644336e-01 1.211603767565151563e-01 -1.023214706527249100e-02
-9.930319477081522850e-01 1.173388632176101815e-01 -1.091667492955298267e-02
-9.934963741530726811e-01 1.132741986868177064e-01 -1.157334600879903093e-02
-9.939694717381638567e-01 1.089764254118888720e-01 -1.220081710422664736e-02
-9.944471704603151663e-01 1.044560830528500073e-01 -1.279781062631654698e-02
-9.949253968462061781e-01 9.972418950242362135e-02 -1.336311775813978781e-02
-9.954001102926809397e-01 9.479221993071297592e-02 -1.389560156883212078e-02
-9.958673389173477997e-01 8.967208399356933757e-02 -1.439420005374769489e-02
-9.963232145989912025e-01 8.437610116799688920e-02 -1.485792907617452911e-02
-9.967640068913152795e-01 7.891697420370984151e-02 -1.528588518429480937e-02
-9.971861555007820455e-01 7.330776070704281278e-02 -1.567724827635554041e-02
-9.975863010299762523e-01 6.756184290129718661e-02 -1.603128408680295700e-02
-9.979613137020728608e-01 6.169289563572287471e-02 -1.634734646644048217e-02
-9.983083197996008851e-01 5.571485274311394065e-02 -1.662487943049721639e-02
-9.986247255716985682e-01 4.964187187286177305e-02 -1.686341894983278689e-02
-9.989082383882844640e-01 4.348829795169899953e-02 -1.706259446233450092e-02
-9.991568849467984403e-01 3.726862544774350861e-02 -1.722213008385259370e-02
-9.993690263670913509e-01 3.099745963431702750e-02 -1.734184550072654513e-02
-9.995433700422939882e-01 2.468947706792224209e-02 -1.742165652902838771e-02
-9.996789781476422831e-01 1.835938550933466015e-02 -1.746157532902681969e-02
-9.997752727448064869e-01 1.202188352769436447e-02 -1.746171026699147241e-02
-9.998320374557360113e-01 5.691620034543907330e-03 -1.742226542023653582e-02
-9.998494157168558161e-01 -6.168460021832751494e-04 -1.734353972517053283e-02
-9.998279056610699378e-01 -6.889085415207958814e-03 -1.722592577199592162e-02
-9.997683517108854057e-01 -1.311083802195340750e-02 -1.706990825351008614e-02
-9.996719330005301440e-01 -1.926805090040898880e-02 -1.687606207912275766e-02
-9.995401487776803817e-01 -2.534691553409414849e-02 -1.664505016865187176e-02
-9.993748009658678377e-01 -3.133390361920462830e-02 -1.637762094362527759e-02
-9.991779740963873113e-01 -3.721580134576762955e-02 -1.607460553664106714e-02
-9.989520128432050061e-01 -4.297974198588940670e-02 -1.573691474177588839e-02
-9.986994974156950811e-01 -4.861323664546522705e-02 -1.536553573103885233e-02
-9.984232170817813889e-01 -5.410420306052175776e-02 -1.496152856342030865e-02
-9.981261421080981355e-01 -5.944099234514022695e-02 -1.452602251416207010e-02
-9.978113944140372116e-01 -6.461241362412388500e-02 -1.406021225247244995e-02
-9.974822172430313216e-01 -6.960775650969291961e-02 -1.356535389603001455e-02
-9.971419441572052511e-01 -7.441681140700075192e-02 -1.304276097027921334e-02
-9.967939676607561195e-01 -7.902988765768832746e-02 -1.249380029974341694e-02
-9.964417077532898848e-01 -8.343782955358902687e-02 -1.191988785739925803e-02
-9.960885807070876119e-01 -8.763203027367956477e-02 -1.132248459661098355e-02
-9.957379683521817570e-01 -9.160444381611097808e-02 -1.070309228826118661e-02
-9.953931881404959325e-01 -9.534759501338158083e-02 -1.006324938358598049e-02
-9.950574642454617091e-01 -9.885458773222612072e-02 -9.404526920882968696e-03
-9.947338999368072754e-01 -1.021191113704553177e-01 -8.728524491765596652e-03
-9.944254514519429433e-01 -1.051354457707151385e-01 -8.036866280044827754e-03
-9.941349035658645361e-01 -1.078984646759352656e-01 -7.331197183684952899e-03
-9.938648470410659241e-01 -1.104036378531525614e-01 -6.613179027659311753e-03
-9.936176581178728373e-01 -1.126470320115320056e-01 -5.884486872975786681e-03
-9.933954801841367033e-01 -1.146253106369206909e-01 -5.146805424699240142e-03
-9.932002077415854613e-01 -1.163357328593587758e-01 -4.401825539512529972e-03
-9.930334727645117043e-01 -1.177761514618725219e-01 -3.651240831268253058e-03
-9.928966335250459796e-01 -1.189450101288565959e-01 -2.896744371123462832e-03
-9.927907659381521865e-01 -1.198413400207103685e-01 -2.140025477247132699e-03
-9.927166574587888981e-01 -1.204647557484371662e-01 -1.382766587767035246e-03
-9.926748035434901363e-01 -1.208154508079720135e-01 -6.266402095950219251e-04
-9.926654066689806211e-01 -1.208941925194034761e-01 1.266940649525608031e-04
-9.926883778813969661e-01 -1.207023165013310917e-01 8.755924822351349775e-04
-9.927433408312628105e-01 -1.202417206956806761e-01 1.618430000669013585e-03
-9.928296382315725532e-01 -1.195148589437041720e-01 2.353603121812636485e-03
-9.929463406591991781e-01 -1.185247340999254911e-01 3.079532687073116125e-03
-9.930922576033613947e-01 -1.172748906577470579e-01 3.794666647193090277e-03
-9.932659506490858492e-01 -1.157694068485701361e-01 4.497482810668097450e-03
-9.934657486685116723e-01 -1.140128861658483150e-01 5.186491576010983373e-03
-9.936897648785389947e-01 -1.120104482566999238e-01 5.860238651350646415e-03
-9.939359156097795633e-01 -1.097677191167348854e-01 6.517307763260331635e-03
-9.942019406190880648e-01 -1.072908205187523001e-01 7.156323354991153685e-03
-9.944854247662213709e-01 -1.045863586030480324e-01 7.775953272477102024e-03
-9.947838208644853575e-01 -1.016614115563107407e-01 8.374911434617750283e-03
-9.950944735056973522e-01 -9.852351630751310374e-02 8.951960482474485836e-03
-9.954146436515350915e-01 -9.518065417281419693e-02 9.505914400175858453e-03
-9.957415337764912167e-01 -9.164123538723073503e-02 1.003564109855795486e-02
-9.960723133423385889e-01 -8.791408246861733000e-02 1.054006495090560776e-02
-9.964041443803692832e-01 -8.400841236918885069e-02 1.101816926864736257e-02
-9.967342069558252637e-01 -7.993381738125045211e-02 1.146899870352609263e-02
-9.970597242890110179e-01 -7.570024477676659536e-02 1.189166156164990669e-02
-9.973779873096710880e-01 -7.131797517465925107e-02 1.228533201395204909e-02
-9.976863784254021983e-01 -6.679759964500861513e-02 1.264925218697713835e-02
-9.979823942912212642e-01 -6.214999557534352237e-02 1.298273411758231639e-02
-9.982636673759344159e-01 -5.738630134064143240e-02 1.328516155510804826e-02
-9.985279861316601613e-01 -5.251788983518498183e-02 1.355599159484090557e-02
-9.987733135856916578e-01 -4.755634094071403001e-02 1.379475612715974284e-02
-9.989978041887713767e-01 -4.251341302104012787e-02 1.400106308762106427e-02
-9.991998187706649937e-01 -3.740101354813567952e-02 1.417459749438660169e-02
-9.993779374725069164e-01 -3.223116897836900141e-02 1.431512226080741343e-02
-9.995309705455535099e-01 -2.701599400975015011e-02 1.442247877262987921e-02
-9.996579669274835434e-01 -2.176766036153052544e-02 1.449658722115006008e-02
-9.997582205299823110e-01 -1.649836522604858358e-02 1.453744668567973249e-02
-9.998312741947363858e-01 -1.122029954916238699e-02 1.454513496086194159e-02
-9.998769212988584121e-01 -5.945616299829871790e-03 1.451980812664502123e-02
-9.998952050148292026e-01 -6.863988913114078827e-04 1.446169986104876674e-02
-9.998864152539681527e-01 4.545370083952203662e-03 1.437112049819081437e-02
-9.998510833458996716e-01 9.737839646467540827e-03 1.424845583634143029e-02
-9.997899745291538576e-01 1.487932059447924504e-02 1.409416570299819489e-02
-9.997040783496301541e-01 1.995831489417890930e-02 1.390878228607789549e-02
-9.995945970838787664e-01 2.496354415714547442e-02 1.369290824227390596e-02
-9.994629323227662843e-01 2.988397707764599981e-02 1.344721459538993427e-02
-9.993106698678725364e-01 3.470885571476307885e-02 1.317243843900636757e-02
-9.991395631077236716e-01 3.942772051791121335e-02 1.286938045914001565e-02
-9.989515150535657195e-01 4.403043400887514391e-02 1.253890229360384370e-02
-9.987485592247100641e-01 4.850720304875165423e-02 1.218192374554837032e-02
-9.985328395814789815e-01 5.284859963379900938e-02 1.179941986916480806e-02
-9.983065897094210994e-01 5.704558017989339036e-02 1.139241794575188149e-02
-9.980721114617654433e-01 6.108950327076501097e-02 1.096199436829944224e-02
-9.978317532680949231e-01 6.497214586015918891e-02 1.050927145243381496e-02
-9.975878883160254063e-01 6.868571793227966349e-02 1.003541419101870724e-02
-9.973428928093924783e-01 7.222287563808973965e-02 9.541626968932242700e-03
-9.970991245012068571e-01 7.557673293706680673e-02 9.029150253569880047e-03
-9.968589016926036050e-01 7.874087178465584425e-02 8.499257275482320628e-03
-9.966244828803465516e-01 8.170935091481118517e-02 7.953250712277197543e-03
-9.963980472253411991e-01 8.447671327455305579e-02 7.392459387524924139e-03
-9.961816760032421447e-01 8.703799217333264837e-02 6.818234994945254930e-03
-9.959773351858006718e-01 8.938871621417046609e-02 6.231948856644656427e-03
-9.957868592882676007e-01 9.152491307601498538e-02 5.634988722657577505e-03
-9.956119366041239482e-01 9.344311221760559505e-02 5.028755617548418856e-03
-9.954540959338210593e-01 9.514034657238734649e-02 4.414660738384706615e-03
-9.953146948992295240e-01 9.661415330181741257e-02 3.794122407022882011e-03
-9.951949099202652693e-01 9.786257367085071657e-02 3.168563078380823208e-03
-9.950957279148100465e-01 9.888415210464257532e-02 2.539406405227294123e-03
-9.950179397676818249e-01 9.967793447972615739e-02 1.908074359016327572e-03
-9.949621355991471461e-01 1.002434656962914311e-01 1.275984405449037814e-03
-9.949287018483843337e-01 1.005807865709006654e-01 6.445467327678554726e-04
-9.949178201724797610e-01 1.006904300812210828e-01 1.516153028640872345e-05
-9.949294681470409740e-01 1.005734169863368027e-01 -6.107836856636891798e-04
-9.949634217403944270e-01 1.002312508381201644e-01 -1.231916701329580782e-03
-9.950192595196559742e-01 9.966591239119154677e-02 -1.846883193602298374e-03
-9.950963685337695930e-01 9.887985341136537598e-02 -2.454349279268719895e-03
-9.951939518059487177e-01 9.787598987534625039e-02 -3.053004027801006076e-03
-9.953110373558724522e-01 9.665769454796795113e-02 -3.641561939517571136e-03
-9.954464886605353113e-01 9.522878891760880316e-02 -4.218765390299366799e-03
-9.955990164518704333e-01 9.359353446570221891e-02 -4.783387043278889209e-03
-9.957671917392220129e-01 9.175662324260161484e-02 -5.334232227056501588e-03
-9.959494599354852262e-01 8.972316771954659542e-02 -5.870141279060741256e-03
-9.961441559573278592e-01 8.749868988517733870e-02 -6.389991851678969784e-03
-9.963495201624193998e-01 8.508910955500195716e-02 -6.892701177765670449e-03
-9.965637149800907757e-01 8.250073186345333043e-02 -7.377228291112120952e-03
-9.967848420864033887e-01 7.974023391067176780e-02 -7.842576196457270998e-03
-9.970109599702812186e-01 7.681465053988431602e-02 -8.287793982659500541e-03
-9.972401017342388263e-01 7.373135922616361193e-02 -8.711978871755555326e-03
-9.974702929713660238e-01 7.049806406335690223e-02 -9.114278195828412477e-03
-9.976995695596821978e-01 6.712277884297519759e-02 -9.493891292910262847e-03
-9.979259952157878422e-01 6.361380922669786220e-02 -9.850071312578536145e-03
-9.981476786519596356e-01 5.997973402273526489e-02 -1.018212692147762478e-02
-9.983627901844845942e-01 5.622938558544188226e-02 -1.048942389872966827e-02
-9.985695776461115392e-01 5.237182936711028830e-02 -1.077138661109434785e-02
-9.987663814620116876e-01 4.841634266062116998e-02 -1.102749935780659475e-02
-9.989516487565491820e-01 4.437239258138668541e-02 -1.125730757526563312e-02
-9.991239463674258525e-01 4.024961334661366491e-02 -1.146041889216813103e-02
-9.992819726543027414e-01 3.605778291914085026e-02 -1.163650402626845506e-02
-9.994245680007353139e-01 3.180679909178830977e-02 -1.178529751470228440e-02
-9.995507239210648098e-01 2.750665509612466170e-02 -1.190659827071502419e-02
-9.996595906976675217e-01 2.316741482665075902e-02 -1.200026996067929744e-02
-9.997504834885190261e-01 1.879918777747583564e-02 -1.206624119644899781e-02
-9.998228868602219155e-01 1.441210379350364376e-02 -1.210450553936127070e-02
-9.998764577172974954e-01 1.001628774185443424e-02 -1.211512131354052120e-02
-9.999110266144658477e-01 5.621834211652670249e-03 -1.209821122755672107e-02
-9.999265974546422964e-01 1.238782351364861589e-03 -1.205396180491939695e-02
-9.999233455912707180e-01 -3.122909047439548051e-03 -1.198262262532383271e-02
-9.999016143691935588e-01 -7.453386112697745446e-03 -1.188450537998214825e-02
-9.998619101533443576e-01 -1.174292399660985253e-02 -1.175998274574484130e-02
-9.998048959089520515e-01 -1.598195042255241838e-02 -1.160948708402489114e-02
-9.997313834105053809e-01 -2.016106857955567155e-02 -1.143350897175506725e-02
-9.996423241692800055e-01 -2.427107927619771843e-02 -1.123259557272042464e-02
-9.995387991806486960e-01 -2.830300227313522002e-02 -1.100734885859509272e-02
-9.994220076025550625e-01 -3.224809672162962104e-02 -1.075842368986149045e-02
-9.992932544853400101e-01 -3.609788064418187337e-02 -1.048652576748995875e-02
-9.991539376804946526e-01 -3.984414940258956817e-02 -1.019240946680002695e-02
-9.990055340618207991e-01 -4.347899310821638080e-02 -9.876875565306588237e-03
-9.988495851968834938e-01 -4.699481293884290312e-02 -9.540768876574397955e-03
-9.986876826095364423e-01 -5.038433633598039113e-02 -9.184975802164702455e-03
-9.985214527757027003e-01 -5.364063106581299506e-02 -8.810421813663959698e-03
-9.983525419945359358e-01 -5.675711813583671217e-02 -8.418068876544872181e-03
-9.981826012756271904e-01 -5.972758356764598653e-02 -8.008912827235221271e-03
-9.980132713801254107e-01 -6.254618903405730068e-02 -7.583980714273650357e-03
-9.978461681495883751e-01 -6.520748137574755576e-02 -7.144328113828628084e-03
-9.976828682511701407e-01 -6.770640101873645622e-02 -6.691036429164227625e-03
-9.975248954614781560e-01 -7.003828931928993140e-02 -6.225210182871850594e-03
-9.973737076042110683e-01 -7.219889486711980608e-02 -5.747974309869203526e-03
-9.972306842486208245e-01 -7.418437878107925210e-02 -5.260471458315638983e-03
-9.970971152670462523e-01 -7.599131903389901022e-02 -4.763859304725153593e-03
-9.969741903403512850e-01 -7.761671384389258466e-02 -4.259307888693286866e-03
-9.968629894901734900e-01 -7.905798417201338746e-02 -3.747996971809372958e-03
-9.967644747065593780e-01 -8.031297536222560540e-02 -3.231113424517535575e-03
-9.966794827289271463e-01 -8.137995796192082354e-02 -2.709848643933440368e-03
-9.966087190274526275e-01 -8.225762775715547703e-02 -2.185396004932550935e-03
-9.965527530210095408e-01 -8.294510505489352536e-02 -1.658948346210996436e-03
-9.965120145567917254e-01 -8.344193324131700396e-02 -1.131695492491698735e-03
-9.964867916657801361e-01 -8.374807664172372046e-02 -6.048218136136131835e-04
-9.964772295973656213e-01 -8.386391770368270548e-02 -7.950382090605090032e-05
-9.964833311257579318e-01 -8.379025352108021574e-02 4.430921989838029242e-04
-9.965049581103734289e-01 -8.352829171258142893e-02 9.618125127730265539e-04
-9.965418342822449649e-01 -8.307964566397164907e-02 1.475518231726935699e-03
-9.965935492187029121e-01 -8.244632913993811540e-02 1.983087565268115866e-03
-9.966595634591755015e-01 -8.163075026721675065e-02 2.483418036771811548e-03
-9.967392147060110119e-01 -8.063570488775623213e-02 2.975428661061221836e-03
-9.968317250457746637e-01 -7.946436927773475878e-02 3.458062082791513257e-03
-9.969362091185689501e-01 -7.812029222598163014e-02 3.930286674519937150e-03
-9.970516831556176518e-01 -7.660738646367386273e-02 4.391098592812919810e-03
-9.971770747986828942e-01 -7.492991943615004424e-02 4.839523790252002813e-03
-9.973112336089023922e-01 -7.309250340735072571e-02 5.274619980682544208e-03
-9.974529421673827834e-01 -7.110008488778023217e-02 5.695478554516056682e-03
-9.976009276654100866e-01 -6.895793337799906164e-02 6.101226440363364222e-03
-9.977538738784822447e-01 -6.667162942149375271e-02 6.491027908755580243e-03
-9.979104334155722844e-01 -6.424705196331036150e-02 6.864086313217401814e-03
-9.980692401331262564e-01 -6.169036501404358275e-02 7.219645763505809152e-03
-9.982289216023233491e-01 -5.900800362259556869e-02 7.556992725429747745e-03
-9.983881115180986976e-01 -5.620665916549390240e-02 7.875457541334385941e-03
-9.985454619393715481e-01 -5.329326396541133465e-02 8.174415865077512208e-03
-9.986996552518446757e-01 -5.027497525677519785e-02 8.453290005154464118e-03
-9.988494157476397461e-01 -4.715915852189708074e-02 8.711550169548889014e-03
-9.989935207199103218e-01 -4.395337022679140365e-02 8.948715605905044335e-03
-9.991308109753935796e-01 -4.066533999167813718e-02 9.164355630736626887e-03
-9.992602006736085452e-01 -3.730295223697061013e-02 9.358090541608750368e-03
-9.993806864080237995e-01 -3.387422735122315454e-02 9.529592406552952685e-03
-9.994913554519595511e-01 -3.038730243294753691e-02 9.678585725397228362e-03
-9.995913931001789710e-01 -2.685041166329611706e-02 9.804847958209340214e-03
-9.996800890459922595e-01 -2.327186637125574012e-02 9.908209916655337859e-03
-9.997568427431504645e-01 -1.966003485710882820e-02 9.988556014757741033e-03
-9.998211677117472274e-01 -1.602332204341730057e-02 1.004582437628931922e-02
-9.998726947576714874e-01 -1.237014902560255869e-02 1.008000679684704741e-02
-9.999111740857468122e-01 -8.708932596276024174e-03 1.009114855950429303e-02
-9.999364762974378706e-01 -5.048064818779488330e-03 1.007934810382382813e-02
-9.999485922747819444e-01 -1.395892725897460770e-03 1.004475654891591636e-02
-9.999476319628881615e-01 2.239301780604427416e-03 9.987577072130101458e-03
-9.999338220738245298e-01 5.849321755073900314e-03 9.908064145862030200e-03
-9.999075027448607322e-01 9.426074685054346147e-03 9.806522635823782322e-03
-9.998691231937428814e-01 1.296159155035239707e-02 9.683306764954324741e-03
-9.998192364228402074e-01 1.644804539742684285e-02 9.538818947923497632e-03
-9.997584930325267294e-01 1.987776936640664807e-02 9.373508501897057782e-03
-9.996876342119513925e-01 2.324327411257703924e-02 9.187870239871918226e-03
-9.996074839823420044e-01 2.653726456917991638e-02 8.982442953451521064e-03
-9.995189407741079668e-01 2.975265600376825886e-02 8.757807792404707220e-03
-9.994229684242112999e-01 3.288258932603826956e-02 8.514586548732683627e-03
-9.993205866845236152e-01 3.592044561093910016e-02 8.253439853254988801e-03
-9.992128613351559663e-01 3.885985980682943319e-02 7.975065292915545917e-03
-9.991008939990281279e-01 4.169473360441425247e-02 7.680195457105029079e-03
-9.989858117552359307e-01 4.441924744806009101e-02 7.369595921298382687e-03
-9.988687566490926928e-01 4.702787167676244356e-02 7.044063176220820635e-03
-9.987508751960897380e-01 4.951537678744320076e-02 6.704422510587866937e-03
-9.986333079754783348e-01 5.187684281831397848e-02 6.351525855222208382e-03
-9.985171794067605466e-01 5.410766785468889423e-02 5.986249596040750520e-03
-9.984035877991466190e-01 5.620357566381369713e-02 5.609492363038637991e-03
-9.982935957600467258e-01 5.816062246895441212e-02 5.222172801983278149e-03
-9.981882210439801950e-01 5.997520287612730094e-02 4.825227335081130019e-03
-9.980884279179700336e-01 6.164405496943415469e-02 4.419607916404134744e-03
-9.979951191136197108e-01 6.316426459298588036e-02 4.006279787372026696e-03
-9.979091284297053610e-01 6.453326883885837639e-02 3.586219237092134419e-03
-9.978312140423432064e-01 6.574885876144345720e-02 3.160411371869999327e-03
-9.977620525726658141e-01 6.680918133896078526e-02 2.729847897731946162e-03
-9.977022339545463803e-01 6.771274070282122526e-02 2.295524919353663686e-03
-9.976522571373031001e-01 6.845839865502091615e-02 1.858440758374955547e-03
-9.976125266505712075e-01 6.904537449285247375e-02 1.419593793707202203e-03
-9.975833500507053087e-01 6.947324415900141270e-02 9.799803261126001190e-04
-9.975649362602337922e-01 6.974193873361661522e-02 5.405924690576555678e-04
-9.975573948040872274e-01 6.985174228326793133e-02 1.024160676210963614e-04
-9.975607359386167161e-01 6.980328907990182574e-02 -3.335713529295535377e-04
-9.975748716618626499e-01 6.959756020104460039e-02 -7.664026073872059726e-04
-9.975996175861759907e-01 6.923587952065117512e-02 -1.195122838226737438e-03
-9.976346956471795480e-01 6.871990909822170424e-02 -1.618791469142361744e-03
-9.976797376162378495e-01 6.805164397217050576e-02 -2.036484122989440544e-03
-9.977342893771133925e-01 6.723340636199105769e-02 -2.447294502516412194e-03
-9.977978159213775067e-01 6.626783928256967104e-02 -2.850336232126699561e-03
-9.978697070114471712e-01 6.515789957310486047e-02 -3.244744658727727240e-03
-9.979492834548747693e-01 6.390685034252932550e-02 -3.629678609511223942e-03
-9.980358039287657856e-01 6.251825283313747206e-02 -4.004322104273228336e-03
-9.981284722889679495e-01 6.099595770431628233e-02 -4.367886019631443684e-03
-9.982264452950004863e-01 5.934409573887532152e-02 -4.719609702239994931e-03
-9.983288406786015035e-01 5.756706797547714305e-02 -5.058762527845533409e-03
-9.984347454812921852e-01 5.566953527207832431e-02 -5.384645402782319186e-03
-9.985432245845111687e-01 5.365640730709015510e-02 -5.696592204275519565e-03
-9.986533293546799861e-01 5.153283102713502456e-02 -5.993971155719281935e-03
-9.987641063250399798e-01 4.930417855277891004e-02 -6.276186132926501841e-03
-9.988746058362543145e-01 4.697603455642460762e-02 -6.542677897217213934e-03
-9.989838905586106987e-01 4.455418312960907762e-02 -6.792925251128134785e-03
-9.990910438201827670e-01 4.204459416021087692e-02 -7.026446112492023069e-03
-9.991951776675075392e-01 3.945340924348397782e-02 -7.242798502656186584e-03
-9.992954405881957491e-01 3.678692715433271032e-02 -7.441581444687586297e-03
-9.993910248283960351e-01 3.405158891176639918e-02 -7.622435767549291807e-03
-9.994811732421471362e-01 3.125396246995786748e-02 -7.785044812430088994e-03
-9.995651856143474845e-01 2.840072707371325139e-02 -7.929135037665251476e-03
-9.996424244043013996e-01 2.549865731937881602e-02 -8.054476518999981530e-03
-9.997123198625189611e-01 2.255460696520356079e-02 -8.160883342314828245e-03
-9.997743744795981602e-01 1.957549253788782098e-02 -8.248213886350509380e-03
-9.998281667325406019e-01 1.656827678442634663e-02 -8.316370993432789169e-03
-9.998733541006803449e-01 1.353995202035390873e-02 -8.365302026700494054e-03
-9.999096753304713703e-01 1.049752342708378146e-02 -8.394998812874631192e-03
-9.999369519356046121e-01 7.447992352163486374e-03 -8.405497470166388083e-03
-9.999550889262387443e-01 4.398339666935278079e-03 -8.396878121498800585e-03
-9.999640747684500619e-01 1.355509236267190675e-03 -8.369264493802736071e-03
-9.999639805822591043e-01 -1.673608445291160322e-03 -8.322823404734286043e-03
-9.999549585936972074e-01 -4.682192397371300746e-03 -8.257764138739336762e-03
-9.999372398632643266e-01 -7.663507025381150264e-03 -8.174337714953863743e-03
-9.999111313197223128e-01 -1.061091766926961638e-02 -8.072836049967608077e-03
-9.998770121344044970e-01 -1.351790578104321988e-02 -7.953591018987012790e-03
-9.998353294770375710e-01 -1.637808368515024371e-02 -7.816973419403992068e-03
-9.997865936994091429e-01 -1.918520887872523714e-02 -7.663391841204562904e-03
-9.997313729980269459e-01 -2.193319783186070682e-02 -7.493291449030510705e-03
-9.996702876111569491e-01 -2.461613925149167686e-02 -7.307152681034315665e-03
-9.996040036092697090e-01 -2.722830677608725422e-02 -7.105489869939468107e-03
-9.995332263409325568e-01 -2.976417107208460117e-02 -6.888849791933274874e-03
-9.994586935985486642e-01 -3.221841130681709492e-02 -6.657810149176477711e-03
-9.993811685700476621e-01 -3.458592597652278972e-02 -6.412977991813788477e-03
-9.993014326436726602e-01 -3.686184307181625264e-02 -6.154988085413062165e-03
-9.992202781333963113e-01 -3.904152956671344543e-02 -5.884501229750594732e-03
-9.991385009922385541e-01 -4.112060022086681116e-02 -5.602202534799142174e-03
-9.990568935798743722e-01 -4.309492568805131651e-02 -5.308799659667634216e-03
-9.989762375494322111e-01 -4.496063992710321727e-02 -5.005021020091988959e-03
-9.988972969163285587e-01 -4.671414691441801853e-02 -4.691613969890104721e-03
-9.988208113693879397e-01 -4.835212665973630947e-02 -4.369342961576797371e-03
-9.987474898814042712e-01 -4.987154052926547065e-02 -4.038987691092219001e-03
-9.986780046727528060e-01 -5.126963588218882290e-02 -3.701341231336353638e-03
-9.986129855776979536e-01 -5.254395002829512218e-02 -3.357208158928887826e-03
-9.985530148587156152e-01 -5.369231351582164080e-02 -3.007402678334330712e-03
-9.984986225095028312e-01 -5.471285275964976602e-02 -2.652746747212754008e-03
-9.984502820824323610e-01 -5.560399202073758318e-02 -2.294068206582680885e-03
-9.984084070710687042e-01 -5.636445474813715772e-02 -1.932198919119847494e-03
-9.983733478730540956e-01 -5.699326429515078063e-02 -1.567972918668561521e-03
-9.983453893532314716e-01 -5.748974402115774457e-02 -1.202224573815488182e-03
-9.983247490213571496e-01 -5.785351679042474715e-02 -8.357867681724657789e-04
-9.983115758332014034e-01 -5.808450387883357796e-02 -4.694890998382885328e-04
-9.983059496182976611e-01 -5.818292329895725923e-02 -1.041561023614349176e-04
-9.983078811321099977e-01 -5.814928755332914034e-02 2.593945105921517604e-04
-9.983173127249972412e-01 -5.798440082511799321e-02 6.203535747493042762e-04
-9.983341196150915531e-01 -5.768935561478514412e-02 9.779221768576097130e-04
-9.983581117471205246e-01 -5.726552883069509908e-02 1.331313326397848620e-03
-9.983890362143245101e-01 -5.671457734111527704e-02 1.679753595346594915e-03
-9.984265802159802972e-01 -5.603843299460675026e-02 2.022484723927894367e-03
-9.984703745186824797e-01 -5.523929711550704114e-02 2.358765190243276508e-03
-9.985199973854755884e-01 -5.431963448106433973e-02 2.687871741600192377e-03
-9.985749789332097892e-01 -5.328216678682259899e-02 3.009100885274200530e-03
-9.986348058751312040e-01 -5.212986560709652328e-02 3.321770336344049331e-03
-9.986989266027452850e-01 -5.086594485782679892e-02 3.625220420135742781e-03
-9.987667565584251728e-01 -4.949385276977696924e-02 3.918815426706421037e-03
-9.988376838481005660e-01 -4.801726338092592028e-02 4.201944914696203320e-03
-9.989110750416688722e-01 -4.644006755802076308e-02 4.474024961780803493e-03
-9.989862811075397309e-01 -4.476636355857557120e-02 4.734499358874343956e-03
-9.990626434269588296e-01 -4.300044714611831603e-02 4.982840745164869578e-03
-9.991394998334729438e-01 -4.114680127318293135e-02 5.218551681018633072e-03
-9.992161906230917490e-01 -3.921008534839304227e-02 5.441165655767127643e-03
-9.992920644813793052e-01 -3.719512410596152729e-02 5.650248027396304051e-03
-9.993664842748574140e-01 -3.510689609800589361e-02 5.845396891193189656e-03
-9.994388326557237523e-01 -3.295052183221997694e-02 6.026243874473390973e-03
-9.995085174309582543e-01 -3.073125157961319534e-02 6.192454854615211078e-03
-9.995749766494004263e-01 -2.845445287919233165e-02 6.343730597763230089e-03
-9.996376833633036085e-01 -2.612559776858106031e-02 6.479807315736270217e-03
-9.996961500241787757e-01 -2.375024977161150491e-02 6.600457138881264674e-03
-9.997499324764101969e-01 -2.133405067584408232e-02 6.705488502854337063e-03
-9.997986335161095361e-01 -1.888270713474207371e-02 6.794746447581588057e-03
-9.998419059869472214e-01 -1.640197713081303563e-02 6.868112826952102283e-03
-9.998794553892109693e-01 -1.389765633740136855e-02 6.925506428121495396e-03
-9.999110419830480323e-01 -1.137556441794863871e-02 6.966882999652289528e-03
-9.999364823717058481e-01 -8.841531302409002049e-03 6.992235188083535148e-03
-9.999556505555411423e-01 -6.301383481098795161e-03 7.001592382901961065e-03
-9.999684784525745274e-01 -3.760930356559279934e-03 6.995020470275906121e-03
-9.999749558863731957e-01 -1.225950694012141115e-03 6.972621496306527153e-03
-9.999751300469971182e-01 1.297820789313954785e-03 6.934533240943337000e-03
-9.999691044355980551e-01 3.804706656307948239e-03 6.880928704098201315e-03
-9.999570373079609276e-01 6.289099764766421449e-03 6.812015505868621555e-03
-9.999391396367856011e-01 8.745476027234558650e-03 6.728035203143021767e-03
-9.999156726167693909e-01 1.116840687971674267e-02 6.629262525203448789e-03
-9.998869447405385191e-01 1.355257142474966016e-02 6.516004531260797226e-03
-9.998533084771422663e-01 1.589276821622115018e-02 6.388599693150867447e-03
-9.998151565881400193e-01 1.818392665539667052e-02 6.247416906683367702e-03
-9.997729181192511749e-01 2.042111796985193739e-02 6.092854435367942197e-03
-9.997270541080717221e-01 2.259956574937277418e-02 5.925338790439716764e-03
-9.996780530504767448e-01 2.471465601533822179e-02 5.745323551270427841e-03
-9.996264261700077425e-01 2.676194680261668318e-02 5.553288130379446796e-03
-9.995727025357805662e-01 2.873717723554368442e-02 5.349736487351920006e-03
-9.995174240752392469e-01 3.063627608208097097e-02 5.135195796029479696e-03
-9.994611405284230532e-01 3.245536977274880719e-02 4.910215069363730797e-03
-9.994044043903198560e-01 3.419078987334722708e-02 4.675363746315721117e-03
-9.993477658873498592e-01 3.583908000281080947e-02 4.431230245148063719e-03
-9.992917680330818397e-01 3.739700218975169216e-02 4.178420487392905079e-03
-9.992369418069425580e-01 3.886154266331636603e-02 3.917556396691532911e-03
-9.991838014979629312e-01 4.022991707589679972e-02 3.649274376593268816e-03
-9.991328402535329944e-01 4.149957515698256966e-02 3.374223771275970587e-03
-9.990845258707413690e-01 4.266820479900893665e-02 3.093065313011426551e-03
-9.990392968651794492e-01 4.373373557744143769e-02 2.806469560049924209e-03
-9.989975588491321057e-01 4.469434170853935073e-02 2.515115328442861075e-03
-9.989596812478770405e-01 4.554844444926151731e-02 2.219688121164000751e-03
-9.989259943794197572e-01 4.629471394462455341e-02 1.920878557732209370e-03
-9.988967869194212978e-01 4.693207052850565525e-02 1.619380807384391023e-03
-9.988723037693759688e-01 4.745968548441279605e-02 1.315891028699729681e-03
-9.988527443422919871e-01 4.787698127313975982e-02 1.011105818437760045e-03
-9.988382612762575219e-01 4.818363123449982688e-02 7.057206722254036639e-04
-9.988289595823708344e-01 4.837955877051009629e-02 4.004284596136651426e-04
-9.988248962296051303e-01 4.846493601749898156e-02 9.591791592450637496e-05
-9.988260801653050525e-01 4.844018201465444956e-02 -2.071278467766002112e-04
-9.988324727661954672e-01 4.830596037654240338e-02 -5.080328073163771106e-04
-9.988439887110599491e-01 4.806317647712491509e-02 -8.061294794455041782e-04
-9.988604972626433653e-01 4.771297415281903348e-02 -1.100760330092974979e-03
-9.988818239428758350e-01 4.725673193217824752e-02 -1.391279169694058975e-03
-9.989077525822321890e-01 4.669605879987012015e-02 -1.677052512454337918e-03
-9.989380277209556347e-01 4.603278950278177212e-02 -1.957460904412331327e-03
-9.989723573370110632e-01 4.526897940632495371e-02 -2.231900217153767393e-03
-9.990104158730089834e-01 4.440689890934682027e-02 -2.499782905013771695e-03
-9.990518475319817293e-01 4.344902742649094790e-02 -2.760539223581530248e-03
-9.990962698098124761e-01 4.239804694740228336e-02 -3.013618407297882513e-03
-9.991432772303294740e-01 4.125683518283353168e-02 -3.258489803912470277e-03
-9.991924452476004248e-01 4.002845830848952846e-02 -3.494643963546211970e-03
-9.992433342788029638e-01 3.871616331833781927e-02 -3.721593680089656068e-03
-9.992954938302146539e-01 3.732337000011265449e-02 -3.938874982660833107e-03
-9.993484666783708503e-01 3.585366254683731990e-02 -4.146048074850013608e-03
-9.994017930682778106e-01 3.431078081937490032e-02 -4.342698219495630743e-03
-9.994550148907483944e-01 3.269861127627655267e-02 -4.528436566767579316e-03
-9.995076798014431718e-01 3.102117758851316229e-02 -4.702900923382961548e-03
-9.995593452450459715e-01 2.928263095803282021e-02 -4.865756460846582844e-03
-9.996095823491727428e-01 2.748724016046353441e-02 -5.016696360695240345e-03
-9.996579796540954188e-01 2.563938133365738919e-02 -5.155442394831857844e-03
-9.997041466461423775e-01 2.374352753512743927e-02 -5.281745439163129489e-03
