1.000000000000000000e+00 0.000000000000000000e+00 0.000000000000000000e+00
9.999375621004420456e-01 4.429337800421364810e-03 -1.025930033582556598e-02
9.997356649736344192e-01 1.045047917793832590e-02 -2.047897652955420894e-02
9.993670054605152675e-01 1.805535563925088349e-02 -3.065279515132957738e-02
9.987971742960508603e-01 2.723378648407935240e-02 -4.077410195715643754e-02
9.979848540120277445e-01 3.797312667296895428e-02 -5.083576856308025943e-02
9.968820612687567806e-01 5.025786093455827247e-02 -6.083014566402245027e-02
9.954344396757378588e-01 6.406915043357019890e-02 -7.074902385709209984e-02
9.935816094102138951e-01 7.938433955241444573e-02 -8.058360311858245306e-02
9.912575799349625516e-01 9.617643165854625198e-02 -9.032447195127092654e-02
9.883912318177990874e-01 1.144135441098405037e-01 -9.996159715889946229e-02
9.849068730336574262e-01 1.340583541528798384e-01 -1.094843251129488521e-01
9.807248741603704634e-01 1.550675487441285083e-01 -1.188813952488398384e-01
9.757623855449286676e-01 1.773912926101111620e-01 -1.281409663613751471e-01
9.699341378137574798e-01 2.009727299886147622e-01 -1.372506560609663140e-01
9.631533250394040957e-01 2.257475363795760914e-01 -1.461975935032822083e-01
9.553325674861221639e-01 2.516435371983082314e-01 -1.549684852180401307e-01
9.463849481877937286e-01 2.785804103816046373e-01 -1.635496935429807397e-01
9.362251147347552260e-01 3.064694896707876870e-01 -1.719273268246654107e-01
9.247704346544872722e-01 3.352136844178596475e-01 -1.800873401894501347e-01
9.119421897779858011e-01 3.647075302819815512e-01 -1.880156453292665675e-01
8.976667921188642429e-01 3.948373830776901738e-01 -1.956982274032833813e-01
8.855805348042383729e-01 4.219015398263106231e-01 -1.942838952096562766e-01
8.727902873126152095e-01 4.483931155625024423e-01 -1.928231134353952103e-01
8.593280257978266334e-01 4.742910843487290196e-01 -1.913199835156239315e-01
8.452261383674117834e-01 4.995766713032557815e-01 -1.897786846371827818e-01
8.305172490448585743e-01 5.242333307350057758e-01 -1.882034498874759210e-01
8.152340487038894912e-01 5.482467090394541609e-01 -1.865985433038654662e-01
7.994091342644635834e-01 5.716045936084378498e-01 -1.849682379935816690e-01
7.830748572419419240e-01 5.942968491018303379e-01 -1.833167954676442335e-01
7.662631825406066577e-01 6.163153424937460878e-01 -1.816484463055490772e-01
7.490055581847804289e-01 6.376538583417442618e-01 -1.799673722410395360e-01
7.313327964890073973e-01 6.583080057364331106e-01 -1.782776897336649791e-01
7.132749669864159037e-01 6.782751183734151423e-01 -1.765834350664635399e-01
6.948613012641802200e-01 6.975541491524670512e-01 -1.748885509873509825e-01
6.761201096990325787e-01 7.161455606532244333e-01 -1.731968748909279709e-01
6.570787099455650537e-01 7.340512127655507424e-01 -1.715121285186384237e-01
6.377633669065614352e-01 7.512742486693062549e-01 -1.698379091386468531e-01
6.181992438082806185e-01 7.678189802654068474e-01 -1.681776821525149679e-01
5.984103639144696674e-01 7.836907740607216288e-01 -1.665347750637485580e-01
5.784195823405510195e-01 7.988959384061304903e-01 -1.649123727335048695e-01
5.582485673731830689e-01 8.134416128823256376e-01 -1.633135138411039022e-01
5.379177906592836900e-01 8.273356605237893735e-01 -1.617410884613494082e-01
5.174465256014634251e-01 8.405865634696092492e-01 -1.601978366668809495e-01
4.968528532823406341e-01 8.532033225319087810e-01 -1.586863480616784727e-01
4.761536752370191250e-01 8.651953610798874816e-01 -1.572090621512403086e-01
4.553647323996784513e-01 8.765724335507159015e-01 -1.557682694556693781e-01
4.345006295653340844e-01 8.873445388185037253e-01 -1.543661132737426667e-01
4.135748647299870018e-01 8.975218385797012477e-01 -1.530045920088241029e-01
3.925998627002767472e-01 9.071145808478549011e-01 -1.516855619710381908e-01
3.715870123961391158e-01 9.161330285926799766e-01 -1.504107405742888814e-01
3.505467073057079719e-01 9.245873935078586792e-01 -1.491817098513366635e-01
3.294883885897549325e-01 9.324877748486141149e-01 -1.479999202151025262e-01
3.084205903724069331e-01 9.398441032436400944e-01 -1.468666943995317609e-01
2.873509867949100016e-01 9.466660893560056023e-01 -1.457832315186187444e-01
2.662864404491154802e-01 9.529631772437682224e-01 -1.447506111874790613e-01
2.452330518465606624e-01 9.587445022527404381e-01 -1.437697976545812550e-01
2.241962096170001528e-01 9.640188532606773775e-01 -1.428416438993588000e-01
2.031806411666189638e-01 9.687946390835778798e-01 -1.419668956543639338e-01
1.821904635605985368e-01 9.730798588503327684e-01 -1.411461953158633376e-01
1.612292344269711797e-01 9.768820761511118889e-01 -1.403800857112861011e-01
1.403000027086050705e-01 9.802083967672068354e-01 -1.396690136961975803e-01
1.194053591175876783e-01 9.830654497950829240e-01 -1.390133335574837703e-01
9.854748617114705844e-02 9.854593719847338784e-01 -1.384133102031837315e-01
7.772820771053197408e-02 9.873957951216918438e-01 -1.378691221229095265e-01
5.694903782396258662e-02 9.888798362928575836e-01 -1.373808641060509095e-01
3.621122911188950910e-02 9.899160908883664067e-01 -1.369485497079888925e-01
1.551582024740593216e-02 9.905086282046863255e-01 -1.365721134573542328e-01
-5.136317203192311553e-03 9.906609895277864730e-01 -1.362514127999807645e-01
-2.574443272493570634e-02 9.903761885892741201e-01 -1.359862297776404938e-01
-4.630785158156906778e-02 9.896567143026430147e-01 -1.357762724419264710e-01
-6.682593033831418783e-02 9.885045357010089351e-01 -1.356211760057928484e-01
-8.729801318939055255e-02 9.869211090117346874e-01 -1.355205037372899934e-01
-1.077233890985747206e-01 9.849073868169979651e-01 -1.354737476019669540e-01
-1.281012497619124224e-01 9.824638292624656710e-01 -1.354803286622729974e-01
-1.484306484043713126e-01 9.795904172886568118e-01 -1.355395972440953667e-01
-1.687104594266436997e-01 9.762866678711569213e-01 -1.356508328823362586e-01
-1.889393389243792798e-01 9.725516512664484914e-01 -1.358132440591767187e-01
-2.091156861097494823e-01 9.683840102696061880e-01 -1.360259677504106479e-01
-2.292376056743150037e-01 9.637819814983378253e-01 -1.362880687969700300e-01
-2.493028711425783750e-01 9.587434187246930417e-01 -1.365985391205126187e-01
-2.693088892772375065e-01 9.532658182810789249e-01 -1.369562968037100759e-01
-2.892526656098898252e-01 9.473463465708776843e-01 -1.373601850576620376e-01
-3.091307711846327799e-01 9.409818697158164325e-01 -1.378089711006690865e-01
-3.289393106165117708e-01 9.341689853721634185e-01 -1.383013449744210921e-01
-3.486738915819171947e-01 9.269040567456778845e-01 -1.388359183254883333e-01
-3.683295958736353404e-01 9.191832488308969706e-01 -1.394112231818311898e-01
-3.879009521691110796e-01 9.110025668936757581e-01 -1.400257107558520731e-01
-4.073819106763469922e-01 9.023578972067943793e-01 -1.406777503072807189e-01
-4.267658198374913447e-01 8.932450500368067647e-01 -1.413656281008873472e-01
-4.460454052852715900e-01 8.836598048660432303e-01 -1.420875464956257994e-01
-4.652127512617035832e-01 8.735979578167415438e-01 -1.428416232032884148e-01
-4.842592847216152796e-01 8.630553712246243903e-01 -1.436258907560672149e-01
-5.031757623551053049e-01 8.520280252868762672e-01 -1.444382962235189194e-01
-5.219522607727329344e-01 8.405120716844375339e-01 -1.452767012202785257e-01
-5.405781701045994092e-01 8.285038890509139886e-01 -1.461388822464085024e-01
-5.590421912691198036e-01 8.160001401303417223e-01 -1.470225314024549701e-01
-5.773323371687664185e-01 8.029978304337481720e-01 -1.479252575210551757e-01
-5.954359380679669078e-01 7.894943681701738214e-01 -1.488445877562474262e-01
-6.133396514022368962e-01 7.754876251919042840e-01 -1.497779696704212848e-01
-6.310294762571138083e-01 7.609759986565171053e-01 -1.507227738570597331e-01
-6.484907727401638677e-01 7.459584730704581501e-01 -1.516762971350173184e-01
-6.657082864489171081e-01 7.304346823407912304e-01 -1.526357663470068182e-01
-6.826661782117747768e-01 7.144049714241578197e-01 -1.535983427911926658e-01
-6.993480592475166402e-01 6.978704571255504030e-01 -1.545611273102886762e-01
-7.157370318518950780e-01 6.808330875650263625e-01 -1.555211660573111720e-01
-7.318157356769134925e-01 6.632956997988126435e-01 -1.564754569511462301e-01
-7.475663996198506078e-01 6.452620750532562788e-01 -1.574209568283630178e-01
-7.629708992851294003e-01 6.267369910066785677e-01 -1.583545892902734065e-01
-7.780108199231066113e-01 6.077262705363241091e-01 -1.592732532361512132e-01
-7.926675246863005286e-01 5.882368263361704708e-01 -1.601738320648482816e-01
-8.069222279761411043e-01 5.682767008072669990e-01 -1.610532035178705301e-01
-8.207560735828661747e-01 5.478551006263218115e-01 -1.619082501274138053e-01
-8.341502172486722211e-01 5.269824254111823425e-01 -1.627358702230369270e-01
-8.470859132108068401e-01 5.056702899242646598e-01 -1.635329894407192286e-01
-8.595446042082240945e-01 4.839315392873446142e-01 -1.642965726681789584e-01
-8.715080143641060761e-01 4.617802567236987676e-01 -1.650236363507007475e-01
-8.829582442884514881e-01 4.392317633964599177e-01 -1.657112610725300639e-01
-8.938778676815875013e-01 4.163026099750722353e-01 -1.663566043203430767e-01
-9.042500286624267636e-01 3.930105596344960484e-01 -1.669569133275976835e-01
-9.140585389961044527e-01 3.693745622736727130e-01 -1.675095378919186639e-01
-9.232879743557744767e-01 3.454147198297934374e-01 -1.680119430522629964e-01
-9.322713825844158864e-01 3.250707722212783368e-01 -1.587422024267874376e-01
-9.402671077417482648e-01 3.059113186594427658e-01 -1.493855921900008321e-01
-9.473519231183467060e-01 2.879893327084163679e-01 -1.399517823779239112e-01
-9.535991168853938937e-01 2.713512761262296680e-01 -1.304501135077954788e-01
-9.590779386520906780e-01 2.560375639601836784e-01 -1.208896021621119893e-01
-9.638531146825557450e-01 2.420830231124217191e-01 -1.112789529563658619e-01
-9.679844283404072103e-01 2.295173354749525385e-01 -1.016265765676494792e-01
-9.715263620302918568e-01 2.183654577507747607e-01 -9.194061340007811389e-02
-9.745277967939247610e-01 2.086480110963555845e-01 -8.222896237649990336e-02
-9.770317657760961838e-01 2.003816347251403396e-01 -7.249931427309883047e-02
-9.790752579836213831e-01 1.935792985915508746e-01 -6.275918895285835519e-02
-9.806890690957249523e-01 1.882505712242411866e-01 -5.301597580390632336e-02
-9.818976965251419164e-01 1.844018396945683036e-01 -4.327697664799384780e-02
-9.827192764518547508e-01 1.820364795932214452e-01 -3.354945035140248499e-02
-9.831655611320390120e-01 1.811549737494946022e-01 -2.384065834431033440e-02
-9.832419353993784306e-01 1.817549792705811795e-01 -1.415791023429839243e-02
-9.829474719002092575e-01 1.838313433104679095e-01 -4.508608684860766075e-03
-9.822750252136236426e-01 1.873760688077022729e-01 5.099707279452820458e-03
-9.812113655783284427e-01 1.923782322660023691e-01 1.465932138278884696e-02
-9.797373534553577290e-01 1.988238564972324429e-01 2.416230246030456885e-02
-9.790082315316464001e-01 2.024523215294802003e-01 2.357890210277558893e-02
-9.782843611174439902e-01 2.059885732107254730e-01 2.298784502641522051e-02
-9.775669459373135251e-01 2.094316245448837877e-01 2.238940298998295594e-02
-9.768571709426596694e-01 2.127805349257729239e-01 2.178384826720675821e-02
-9.761562005979051992e-01 2.160344095225620598e-01 2.117145349522229353e-02
-9.754651772228762896e-01 2.191923986365197363e-01 2.055249153048793048e-02
-9.747852193928683295e-01 2.222536970327701200e-01 1.992723531223797653e-02
-9.741174203976824542e-01 2.252175432507358410e-01 1.929595773350709781e-02
-9.734628467607547853e-01 2.280832188969015573e-01 1.865893151972990160e-02
-9.728225368193306188e-01 2.308500479234769087e-01 1.801642911489177365e-02
-9.721974993664835862e-01 2.335173958964698870e-01 1.736872257517992416e-02
-9.715887123556256055e-01 2.360846692566039573e-01 1.671608347005755155e-02
-9.709971216680152173e-01 2.385513145764249221e-01 1.605878279065898334e-02
-9.704236399436385607e-01 2.409168178168459296e-01 1.539709086537973011e-02
-9.698691454757115693e-01 2.431807035862742772e-01 1.473127728251255250e-02
-9.693344811689388330e-01 2.453425344053501156e-01 1.406161081975905620e-02
-9.688204535615562163e-01 2.474019099802067245e-01 1.338835938042585473e-02
-9.683278319110864008e-01 2.493584664870356071e-01 1.271178993609513828e-02
-9.678573473436485886e-01 2.512118758706066157e-01 1.203216847554149441e-02
-9.674096920665806731e-01 2.529618451592559603e-01 1.134975995965011031e-02
-9.669855186440617922e-01 2.546081157987122312e-01 1.066482828207594193e-02
-9.665854393353571217e-01 2.561504630069843524e-01 9.977636235369255133e-03
-9.662100254952501466e-01 2.575886951523863044e-01 9.288445482279869894e-03
-9.658598070361803511e-01 2.589226531566200529e-01 8.597516531940730539e-03
-9.655352719515591930e-01 2.601522099246832975e-01 7.905108720620836540e-03
-9.652368658997044770e-01 2.612772698032128638e-01 7.211480196728256228e-03
-9.649649918478029331e-01 2.622977680687153534e-01 6.516887909735806506e-03
-9.647200097752882675e-01 2.632136704469781319e-01 5.821587602694996803e-03
-9.645022364360030798e-01 2.640249726647936890e-01 5.125833807998049323e-03
-9.643119451785023832e-01 2.647317000349715954e-01 4.429879846043119525e-03
-9.641493658238459163e-01 2.653339070754512363e-01 3.733977826454285085e-03
-9.640146846002235481e-01 2.658316771631709652e-01 3.038378651505397807e-03
-9.639080441337571914e-01 2.662251222231902803e-01 2.343332021395493504e-03
-9.638295434948226381e-01 2.665143824534049743e-01 1.649086441023086668e-03
-9.637792382992427243e-01 2.666996260850398315e-01 9.558892279073475306e-04
-9.637571408637053416e-01 2.667810491789496252e-01 2.639865209058097142e-04
-9.637632204147711379e-01 2.667588754576075138e-01 -4.263767106191055636e-04
-9.637974033508416305e-01 2.666333561725106049e-01 -1.114956657528877763e-03
-9.638595735564686739e-01 2.664047700065848012e-01 -1.801510661872599136e-03
-9.639495727683942139e-01 2.660734230110280985e-01 -2.485797208419794103e-03
-9.640672009927180319e-01 2.656396485758888426e-01 -3.167575917090214264e-03
-9.642122169725969583e-01 2.651038074335378414e-01 -3.846607536601292197e-03
-9.643843387058862460e-01 2.644662876940586660e-01 -4.522653939645900761e-03
-9.645832440121351326e-01 2.637275049114488623e-01 -5.195478119904206257e-03
-9.648085711483516125e-01 2.628879021793973370e-01 -5.864844191183723500e-03
-9.650599194729492236e-01 2.619479502552797268e-01 -6.530517388971221991e-03
-9.653368501572828775e-01 2.609081477108949332e-01 -7.192264074668894627e-03
-9.656388869441746570e-01 2.597690211083501510e-01 -7.849851742775202160e-03
-9.659655169528167384e-01 2.585311251993922532e-01 -8.503049031258098911e-03
-9.663161915294240512e-01 2.571950431463780884e-01 -9.151625735354896804e-03
-9.666903271429885258e-01 2.557613867629758286e-01 -9.795352825018907583e-03
-9.670873063254625812e-01 2.542307967725947471e-01 -1.043400246621819724e-02
-9.675064786556705210e-01 2.526039430824517651e-01 -1.106734804627635023e-02
-9.679471617862120958e-01 2.508815250710992872e-01 -1.169516420342907488e-02
-9.684086425125852937e-01 2.490642718871620698e-01 -1.231722686075381774e-02
-9.688901778837097911e-01 2.471529427569590931e-01 -1.293331326461234429e-02
-9.693909963529860896e-01 2.451483272986229311e-01 -1.354320202772844005e-02
-9.699102989689711851e-01 2.430512458402704634e-01 -1.414667317700467851e-02
-9.704472606046934402e-01 2.408625497397292592e-01 -1.474350820616339951e-02
-9.710010312245677122e-01 2.385831217032801654e-01 -1.533349013327793380e-02
-9.715707371878021803e-01 2.362138761008411303e-01 -1.591640356324050543e-02
-9.721554825871197014e-01 2.337557592749899549e-01 -1.649203475519336187e-02
-9.727543506215382552e-01 2.312097498412035435e-01 -1.706017169492947058e-02
-9.733664050018761005e-01 2.285768589766802306e-01 -1.762060417224867864e-02
-9.739906913875648886e-01 2.258581306951085443e-01 -1.817312386323452142e-02
-9.746262388532663801e-01 2.230546421047520378e-01 -1.871752441739615858e-02
-9.752720613836994845e-01 2.201675036472341140e-01 -1.925360154959895181e-02
-9.759271593949929713e-01 2.171978593144311132e-01 -1.978115313668635591e-02
-9.765905212807854952e-01 2.141468868409140691e-01 -2.029997931867490862e-02
-9.772611249811984369e-01 2.110157978694228165e-01 -2.080988260438337498e-02
-9.779379395727131330e-01 2.078058380869066135e-01 -2.131066798133655557e-02
-9.786199268768853710e-01 2.045182873287276215e-01 -2.180214302976392349e-02
-9.793060430857355447e-01 2.011544596486928571e-01 -2.228411804049337461e-02
-9.799952404015560559e-01 1.977157033526611984e-01 -2.275640613652071820e-02
-9.806864686887843963e-01 1.942034009935601491e-01 -2.321882339801655329e-02
-9.813786771354984229e-01 1.906189693257464290e-01 -2.367118899051365646e-02
-9.820708159220001843e-01 1.869638592167512381e-01 -2.411332529600014596e-02
-9.827618378938691723e-01 1.832395555145678312e-01 -2.454505804662663118e-02
-9.834507002367843809e-01 1.794475768687638917e-01 -2.496621646071921913e-02
-9.841363661503366167e-01 1.755894755038346633e-01 -2.537663338077490033e-02
-9.848178065179803431e-01 1.716668369433543007e-01 -2.577614541310140756e-02
-9.854940015702098322e-01 1.676812796836316399e-01 -2.616459306875030741e-02
-9.861639425379822299e-01 1.636344548157333822e-01 -2.654182090537983083e-02
-9.868266332933619545e-01 1.595280455948999976e-01 -2.690767766967297470e-02
-9.874810919743122195e-01 1.553637669565494650e-01 -2.726201643992665416e-02
-9.881263525905267242e-01 1.511433649782382704e-01 -2.760469476841929254e-02
-9.887614666071661285e-01 1.468686162871290779e-01 -2.793557482315725538e-02
-9.893855045033461693e-01 1.425413274126983154e-01 -2.825452352859502206e-02
-9.899975573022175013e-01 1.381633340846047664e-01 -2.856141270491993969e-02
-9.905967380694775670e-01 1.337365004758308829e-01 -2.885611920549000647e-02
-9.911821833771712331e-01 1.292627183914005218e-01 -2.913852505201220550e-02
-9.917530547296574683e-01 1.247439064031714839e-01 -2.940851756704973910e-02
-9.923085399486567537e-01 1.201820089313947182e-01 -2.966598950344886965e-02
-9.928478545143384348e-01 1.155789952739263715e-01 -2.991083917028019082e-02
-9.933702428594675116e-01 1.109368585841711136e-01 -3.014297055489486427e-02
-9.938749796136965298e-01 1.062576147990256237e-01 -3.036229344070380531e-02
-9.943613707951716174e-01 1.015433015182780896e-01 -3.056872352029680814e-02
-9.948287549467129676e-01 9.679597683710300382e-02 -3.076218250352937000e-02
-9.952765042139321006e-01 9.201771813346869278e-02 -3.094259822021722811e-02
-9.957040253627646997e-01 8.721062081244751463e-02 -3.110990471709251456e-02
-9.961107607340211612e-01 8.237679700958477902e-02 -3.126404234869081117e-02
-9.964961891326926668e-01 7.751837425564055140e-02 -3.140495786185526494e-02
-9.968598266498964744e-01 7.263749410516903704e-02 -3.153260447356212581e-02
-9.972012274154968825e-01 6.773631073154094684e-02 -3.164694194179169806e-02
-9.975199842796036442e-01 6.281698949114596087e-02 -3.174793662918944104e-02
-9.978157294213193529e-01 5.788170545963287200e-02 -3.183556155928392306e-02
-9.980881348832872924e-01 5.293264194315511900e-02 -3.190979646505140432e-02
-9.983369130307765404e-01 4.797198896768713194e-02 -3.197062782964068400e-02
-9.985618169342329598e-01 4.300194174956302462e-02 -3.201804891909668105e-02
-9.987626406744213314e-01 3.802469915046222809e-02 -3.205205980694675327e-02
-9.989392195694849486e-01 3.304246212012687534e-02 -3.207266739053980797e-02
-9.990914303234541549e-01 2.805743213014260176e-02 -3.207988539905494429e-02
-9.992191910959414836e-01 2.307180960214753537e-02 -3.207373439312315166e-02
-9.993224614929704375e-01 1.808779233385389429e-02 -3.205424175603296261e-02
-9.994012424790937876e-01 1.310757392627210846e-02 -3.202144167651796436e-02
-9.994555762111656527e-01 8.133342215519276039e-03 -3.197537512315148933e-02
-9.994855457943409016e-01 3.167277712571761605e-03 -3.191608981040067877e-02
-9.994912749610787017e-01 -1.788447945713830464e-03 -3.184364015641896750e-02
-9.994729276741310953e-01 -6.731673531036042914e-03 -3.175808723268221806e-02
-9.994307076546947721e-01 -1.166024974032714087e-02 -3.165949870559958690e-02
-9.993648578370981639e-01 -1.657204069153645973e-02 -3.154794877025515060e-02
-9.992756597515828343e-01 -2.146492539546720688e-02 -3.142351807646071721e-02
-9.991634328369202178e-01 -2.633679920071422056e-02 -3.128629364732351398e-02
-9.990285336847772868e-01 -3.118557520886022089e-02 -3.113636879055482753e-02
-9.988713552179120381e-01 -3.600918565720868936e-02 -3.097384300276699934e-02
-9.986923258044346774e-01 -4.080558326646203243e-02 -3.079882186702607300e-02
-9.984919083105209259e-01 -4.557274255089326098e-02 -3.061141694394632629e-02
-9.982705990940984320e-01 -5.030866108870758746e-02 -3.041174565663019858e-02
-9.980289269421582787e-01 -5.501136075044579105e-02 -3.019993116977320521e-02
-9.977674519544584841e-01 -5.967888888344374115e-02 -2.997610226326786684e-02
-9.974867643764929737e-01 -6.430931945053054710e-02 -2.974039320065368849e-02
-9.971874833846942066e-01 -6.890075412132116994e-02 -2.949294359277161021e-02
-9.968702558269213476e-01 -7.345132331463655184e-02 -2.923389825699117262e-02
-9.965357549213554877e-01 -7.795918719076495862e-02 -2.896340707238676676e-02
-9.961846789169862548e-01 -8.242253659246101538e-02 -2.868162483124594292e-02
-9.958177497189186766e-01 -8.683959393376311509e-02 -2.838871108729764184e-02
-9.954357114817693475e-01 -9.120861403589478056e-02 -2.808483000105145913e-02
-9.950393291744422664e-01 -9.552788490969979507e-02 -2.777015018264076054e-02
-9.946293871195912573e-01 -9.979572848424424214e-02 -2.744484453256253523e-02
-9.942066875110768809e-01 -1.040105012813997976e-01 -2.710909008070537182e-02
-9.937720489127171986e-01 -1.081705950364009461e-01 -2.676306782405394116e-02
-9.933263047416155400e-01 -1.122744372645436972e-01 -2.640696256345393192e-02
-9.928703017393156749e-01 -1.163204917743639044e-01 -2.604096273981541809e-02
-9.924048984340017032e-01 -1.203072591277988962e-01 -2.566526027012545202e-02
-9.919309635969074668e-01 -1.242332770479961934e-01 -2.528005038363207238e-02
-9.914493746960491016e-01 -1.280971207755869090e-01 -2.488553145855213269e-02
-9.909610163503275171e-01 -1.318974033743886831e-01 -2.448190485964443774e-02
-9.904667787869775308e-01 -1.356327759876429229e-01 -2.406937477697764297e-02
-9.899675563052618976e-01 -1.393019280460235931e-01 -2.364814806620933740e-02
-9.894642457492252019e-01 -1.429035874287791219e-01 -2.321843409067882169e-02
-9.889577449922311025e-01 -1.464365205794851965e-01 -2.278044456560130229e-02
-9.884489514359128259e-01 -1.498995325779935439e-01 -2.233439340463573911e-02
-9.879387605260668836e-01 -1.532914671702607645e-01 -2.188049656908237425e-02
-9.874280642879171843e-01 -1.566112067578306066e-01 -2.141897191994926106e-02
-9.869177498830711270e-01 -1.598576723488241147e-01 -2.095003907310984126e-02
-9.864086981903796847e-01 -1.630298234723629169e-01 -2.047391925775602153e-02
-9.859017824128042395e-01 -1.661266580584138397e-01 -1.999083517833324247e-02
-9.853978667122794688e-01 -1.691472122850951887e-01 -1.950101088012579781e-02
-9.848978048744511105e-01 -1.720905603955296681e-01 -1.900467161864240889e-02
-9.844024390050530871e-01 -1.749558144863630205e-01 -1.850204373293356380e-02
-9.839125982595754438e-01 -1.777421242700938375e-01 -1.799335452295373894e-02
-9.834290976077650903e-01 -1.804486768133767571e-01 -1.747883213106329880e-02
-9.829527366343877581e-01 -1.830746962534700872e-01 -1.695870542774660997e-02
-9.824842983775730065e-01 -1.856194434949988981e-01 -1.643320390160495428e-02
-9.820245482059555275e-01 -1.880822158891968243e-01 -1.590255755366505597e-02
-9.815742327357219743e-01 -1.904623468977742484e-01 -1.536699679602663779e-02
-9.811340787885703962e-01 -1.927592057435373041e-01 -1.482675235485540755e-02
-9.807047923914904430e-01 -1.949721970498516088e-01 -1.428205517771125033e-02
-9.802870578191762441e-01 -1.971007604710077743e-01 -1.373313634518530911e-02
-9.798815366797920534e-01 -1.991443703155015288e-01 -1.318022698680401672e-02
-9.794888670447212675e-01 -2.011025351641916037e-01 -1.262355820114312820e-02
-9.791096626228444899e-01 -2.029747974852427472e-01 -1.206336098008032112e-02
-9.787445119798111604e-01 -2.047607332476998609e-01 -1.149986613710116123e-02
-9.783939778026919942e-01 -2.064599515354730574e-01 -1.093330423956002766e-02
-9.780585962103253150e-01 -2.080720941634422172e-01 -1.036390554478514546e-02
-9.777388761096024172e-01 -2.095968352973144599e-01 -9.791899939905064978e-03
-9.774352985978695951e-01 -2.110338810787881769e-01 -9.217516885262899695e-03
-9.771483164115650766e-01 -2.123829692574946970e-01 -8.640985361274271248e-03
-9.768783534211498143e-01 -2.136438688311016743e-01 -8.062533818575374350e-03
-9.766258041723377969e-01 -2.148163796948738824e-01 -7.482390131298719514e-03
-9.763910334735819152e-01 -2.159003323018944820e-01 -6.900781553306064089e-03
-9.761743760297225680e-01 -2.168955873350562336e-01 -6.317934677200770163e-03
-9.759761361216663378e-01 -2.178020353918362351e-01 -5.734075395935278423e-03
-9.757965873319173200e-01 -2.186195966827697568e-01 -5.149428866823672034e-03
-9.756359723157511654e-01 -2.193482207444404641e-01 -4.564219477764296443e-03
-9.754945026177838097e-01 -2.199878861677041497e-01 -3.978670815473217721e-03
-9.753723585336568913e-01 -2.205386003417629526e-01 -3.393005635525832633e-03
-9.752696890165317711e-01 -2.210003992146060137e-01 -2.807445834001262141e-03
-9.751866116280571983e-01 -2.213733470702316242e-01 -2.222212420522209388e-03
-9.751232125334490242e-01 -2.216575363229652817e-01 -1.637525492481755381e-03
-9.750795465402987139e-01 -2.218530873290878169e-01 -1.053604210248101133e-03
-9.750556371807018730e-01 -2.219601482158876093e-01 -4.706667731384899791e-04
-9.750514768362793516e-01 -2.219788947281530755e-01 1.110696040454908079e-04
-9.750670269056425088e-01 -2.219095300920232439e-01 6.913887141273925572e-04
-9.751022180138326778e-01 -2.217522848960186976e-01 1.270075380514006872e-03
-9.751569502632483344e-01 -2.215074169889802158e-01 1.846915480202928391e-03
-9.752310935255520397e-01 -2.211752113945503195e-01 2.421695967036772458e-03
-9.753244877740315788e-01 -2.207559802417417005e-01 2.994204895396960879e-03
-9.754369434558686214e-01 -2.202500627110487719e-01 3.564231444525075339e-03
-9.755682419037505770e-01 -2.196578249954724005e-01 4.131565943654284291e-03
-9.757181357862386717e-01 -2.189796602757448085e-01 4.695999898127231620e-03
-9.758863495962843970e-01 -2.182159887089613337e-01 5.257326016670127618e-03
-9.760725801772653920e-01 -2.173672574297484117e-01 5.815338239985555491e-03
-9.762764972858856138e-01 -2.164339405630232860e-01 6.369831770818767600e-03
-9.764977441912627842e-01 -2.154165392473302298e-01 6.920603105643980540e-03
-9.767359383094967873e-01 -2.143155816676711733e-01 7.467450068108448177e-03
-9.769906718729871598e-01 -2.131316230966853742e-01 8.010171844362857368e-03
-9.772615126337370617e-01 -2.118652459429736790e-01 8.548569020396960816e-03
-9.775480045998496959e-01 -2.105170598053076325e-01 9.082443621489267108e-03
-9.778496688043917251e-01 -2.090877015314128728e-01 9.611599153869155449e-03
-9.781660041057614885e-01 -2.075778352799699800e-01 1.013584064867892841e-02
-9.784964880186654002e-01 -2.059881525844340922e-01 1.065497470831216001e-02
-9.788405775747656135e-01 -2.043193724172373549e-01 1.116880955519318659e-02
-9.791977102120243970e-01 -2.025722412529064320e-01 1.167715508305083340e-02
-9.795673046917274807e-01 -2.007475331285996367e-01 1.217982291072744472e-02
-9.799487620421254430e-01 -1.988460497005466732e-01 1.267662643855203657e-02
-9.803414665275891338e-01 -1.968686202948567721e-01 1.316738090729397716e-02
-9.807447866421276084e-01 -1.948161019511498171e-01 1.365190345970101679e-02
-9.811580761260710881e-01 -1.926893794574586760e-01 1.413001320461281310e-02
-9.815806750046720541e-01 -1.904893653748510329e-01 1.460153128362830753e-02
-9.820119106473298443e-01 -1.882170000502233764e-01 1.506628094029254482e-02
-9.824510988460939398e-01 -1.858732516157310388e-01 1.552408759175568503e-02
-9.828975449120507246e-01 -1.834591159733346133e-01 1.597477890284423191e-02
-9.833505447881486505e-01 -1.809756167629646695e-01 1.641818486247181505e-02
-9.838093861769670045e-01 -1.784238053128353596e-01 1.685413786230431296e-02
-9.842733496818821815e-01 -1.758047605704701477e-01 1.728247277758175257e-02
-9.847417099600376256e-01 -1.731195890130429460e-01 1.770302704998724663e-02
-9.852137368854743116e-01 -1.703694245356820458e-01 1.811564077244131460e-02
-9.856886967207321160e-01 -1.675554283164351066e-01 1.852015677568839488e-02
-9.861658532951864675e-01 -1.646787886566492831e-01 1.891642071653104953e-02
-9.866444691883407003e-01 -1.617407207955812998e-01 1.930428116755657231e-02
-9.871238069162536766e-01 -1.587424666981190613e-01 1.968358970819024736e-02
-9.876031301192418344e-01 -1.556852948145678872e-01 2.005420101689964901e-02
-9.880817047489598437e-01 -1.525704998115301469e-01 2.041597296436492570e-02
-9.885588002529298590e-01 -1.493994022729885351e-01 2.076876670742121983e-02
-9.890336907545602685e-01 -1.461733483707882697e-01 2.111244678357114546e-02
-9.895056562266674183e-01 -1.428937095038028682e-01 2.144688120585771379e-02
-9.899739836564936946e-01 -1.395618819051616943e-01 2.177194155788121990e-02
-9.904379682001962504e-01 -1.361792862170139451e-01 2.208750308873745280e-02
-9.908969143247677858e-01 -1.327473670324043342e-01 2.239344480764923415e-02
-9.913501369353429071e-01 -1.292675924039383972e-01 2.268964957805871471e-02
-9.917969624858402611e-01 -1.257414533190207295e-01 2.297600421094408291e-02
-9.922367300708925253e-01 -1.221704631415576475e-01 2.325239955712141496e-02
-9.926687924970246657e-01 -1.185561570201244391e-01 2.351873059829041879e-02
-9.930925173310537479e-01 -1.149000912627086424e-01 2.377489653658159188e-02
-9.935072879237025756e-01 -1.112038426782519379e-01 2.402080088236214356e-02
-9.939125044064456294e-01 -1.074690078853255681e-01 2.425635154005866337e-02
-9.943075846596357570e-01 -1.036972025883858284e-01 2.448146089175614812e-02
-9.946919652499983666e-01 -9.989006082216789206e-02 2.469604587833549789e-02
-9.950651023356228420e-01 -9.604923416488672649e-02 2.490002807791510953e-02
-9.954264725366309685e-01 -9.217639092102278275e-02 2.509333378136651554e-02
-9.957755737697572274e-01 -8.827321527457751560e-02 2.527589406467936617e-02
-9.961119260451383184e-01 -8.434140641378851111e-02 2.544764485795723494e-02
-9.964350722236764435e-01 -8.038267762839598762e-02 2.560852701083280933e-02
-9.967445787334150431e-01 -7.639875538065114824e-02 2.575848635409898335e-02
-9.970400362434438390e-01 -7.239137835135175947e-02 2.589747375736112592e-02
-9.973210602939354130e-01 -6.836229646228114687e-02 2.602544518252540226e-02
-9.975872918810058110e-01 -6.431326987651288241e-02 2.614236173294831253e-02
-9.978383979951838123e-01 -6.024606797812481068e-02 2.624818969808376951e-02
-9.980740721123769754e-01 -5.616246833294161189e-02 2.634290059347565993e-02
-9.982940346363218254e-01 -5.206425563199544582e-02 2.642647119595632407e-02
-9.984980332916170154e-01 -4.795322061945805903e-02 2.649888357392425620e-02
-9.986858434665460971e-01 -4.383115900685556621e-02 2.656012511258788386e-02
-9.988572685050132183e-01 -3.969987037542809655e-02 2.661018853407617207e-02
-9.990121399470324182e-01 -3.556115706854074549e-02 2.664907191233123473e-02
-9.991503177173275407e-01 -3.141682307608942293e-02 2.667677868271274566e-02
-9.992716902617257979e-01 -2.726867291287504366e-02 2.669331764625905087e-02
-9.993761746311461414e-01 -2.311851049294211952e-02 2.669870296856498640e-02
-9.994637165131113887e-01 -1.896813800189287372e-02 2.669295417325184133e-02
-9.995342902108340644e-01 -1.481935476919554913e-02 2.667609613002027563e-02
-9.995878985700522579e-01 -1.067395614250561502e-02 2.664815903729253477e-02
-9.996245728539139286e-01 -6.533732366011101196e-03 2.660917839946563487e-02
-9.996443725663318736e-01 -2.400467464798305625e-03 2.655919499881250617e-02
-9.996473852243525915e-01 1.724061862788195745e-03 2.649825486208315720e-02
-9.996337260802010682e-01 5.838087342846871169e-03 2.642640922187275421e-02
-9.996035377937808608e-01 9.939850211774174660e-03 2.634371447283803680e-02
-9.995569900565229871e-01 1.402760228840888024e-02 2.625023212285760785e-02
-9.994942791675881510e-01 1.809960703065173482e-02 2.614602873924534721e-02
-9.994156275635327491e-01 2.215414057480285387e-02 2.603117589013936861e-02
-9.993212833026545727e-01 2.618949275592182338e-02 2.590575008120159575e-02
-9.992115195053311583e-01 3.020396810758384232e-02 2.576983268777508287e-02
-9.990866337517572138e-01 3.419588683947882846e-02 2.562350988265757121e-02
-9.989469474385789249e-01 3.816358579137921897e-02 2.546687255966047572e-02
-9.987928050960039883e-01 4.210541936208538755e-02 2.530001625313246794e-02
-9.986245736670460449e-01 4.601976041204523804e-02 2.512304105363598675e-02
-9.984426417506331308e-01 4.990500113843569785e-02 2.493605151997343311e-02
-9.982474188103772628e-01 5.375955392158847379e-02 2.473915658776734000e-02
-9.980393343508613402e-01 5.758185214173987959e-02 2.453246947480553636e-02
-9.978188370633538362e-01 6.137035096518444338e-02 2.431610758336816627e-02
-9.975863939429099325e-01 6.512352809901371387e-02 2.409019239975839985e-02
-9.973424893788570555e-01 6.883988451372506645e-02 2.385484939126274531e-02
-9.970876242206994089e-01 7.251794513308949808e-02 2.361020790077007075e-02
-9.968223148215036300e-01 7.615625949077219070e-02 2.335640103928070949e-02
-9.965470920608490157e-01 7.975340235330459493e-02 2.309356557653845926e-02
-9.962625003494421927e-01 8.330797430911120183e-02 2.282184183001883040e-02
-9.959690966175049898e-01 8.681860232339795591e-02 2.254137355250650579e-02
-9.956674492890482675e-01 9.028394025881164575e-02 2.225230781849386191e-02
-9.953581372441406838e-01 9.370266936188054174e-02 2.195479490963033256e-02
-9.950417487712747144e-01 9.707349871534513841e-02 2.164898819944963484e-02
-9.947188805119163701e-01 1.003951656565844897e-01 2.133504403759826917e-02
-9.943901363993076226e-01 1.036664361624370506e-01 2.101312163378434711e-02
-9.940561265935657920e-01 1.068861052008054230e-01 2.068338294166082933e-02
-9.937174664150942860e-01 1.100529970495216087e-01 2.034599254285145500e-02
-9.933747752782862150e-01 1.131659655830326988e-01 2.000111753132137460e-02
-9.930286756274646631e-01 1.162238945275463481e-01 1.964892739828744822e-02
-9.926797918769612039e-01 1.192256976853506012e-01 1.928959391785578167e-02
-9.923287493571880669e-01 1.221703191290935964e-01 1.892329103356592268e-02
-9.919761732685120625e-01 1.250567333668746728e-01 1.855019474601277835e-02
-9.916226876446848637e-01 1.278839454790601515e-01 1.817048300170829439e-02
-9.912689143275305037e-01 1.306509912277933338e-01 1.778433558333572181e-02
-9.909154719545326673e-01 1.333569371402202330e-01 1.739193400153961691e-02
-9.905629749609077273e-01 1.360008805664987552e-01 1.699346138838487771e-02
-9.902120325976844217e-01 1.385819497137003864e-01 1.658910239260789204e-02
-9.898632479672523354e-01 1.410993036567500247e-01 1.617904307677259582e-02
-9.895172170777754017e-01 1.435521323275801009e-01 1.576347081643371395e-02
-9.891745279178023598e-01 1.459396564837011911e-01 1.534257420139887446e-02
-9.888357595523409316e-01 1.482611276574120895e-01 1.491654293917058643e-02
-9.885014812415965357e-01 1.505158280868875154e-01 1.448556776063845974e-02
-9.881722515835107412e-01 1.527030706303924845e-01 1.404984032808132173e-02
-9.878486176811686059e-01 1.548221986648777859e-01 1.360955314552831502e-02
-9.866487473576390776e-01 1.611897765634824342e-01 2.328369519034818869e-02
-9.850628659371802875e-01 1.690236316849534626e-01 3.289662529075638997e-02
-9.830595896184708415e-01 1.783050874900954652e-01 4.244014213776683281e-02
-9.806020085074739212e-01 1.890119729676606464e-01 5.190570735474774738e-02
-9.776480274642498358e-01 2.011183289766797500e-01 6.128442328355368507e-02
-9.741507590036159181e-01 2.145940914648446218e-01 7.056701807000810567e-02
-9.700589708065371353e-01 2.294047598269066401e-01 7.974383872561396913e-02
-9.653175899243201519e-01 2.455110595729687872e-01 8.880485274915737859e-02
-9.598682650535736993e-01 2.628686093146093694e-01 9.773965877617499243e-02
-9.536499873229676849e-01 2.814276028094546134e-01 1.065375065851374009e-01
-9.465997688680305444e-01 3.011325173899465080e-01 1.151873266266898732e-01
-9.386533770924569975e-01 3.219218604944548701e-01 1.236777690576021382e-01
-9.297461209496519219e-01 3.437279661725172186e-01 1.319972520567861407e-01
-9.198136838643551361e-01 3.664768533065811962e-01 1.401340189808936709e-01
-9.087929961010502433e-01 3.900881568406739386e-01 1.480762036871698661e-01
-8.966231375347765153e-01 4.144751425004722378e-01 1.558119031184327097e-01
-8.832462599622757926e-01 4.395448143091703619e-01 1.633292560175728381e-01
-8.686085163861325675e-01 4.651981226436385786e-01 1.706165264261096381e-01
-8.526609831951461604e-01 4.913302786469651573e-01 1.776621904329641066e-01
-8.353605599344160471e-01 5.178311785467644146e-01 1.844550244856327237e-01
-8.166708304880209157e-01 5.445859388734473061e-01 1.909841934657517948e-01
-7.965628690558896885e-01 5.714755407979816848e-01 1.972393366728155961e-01
-7.750159743503460819e-01 5.983775789008063395e-01 2.032106498599260680e-01
-7.520183160038028669e-01 6.251671067427966300e-01 2.088889615278640699e-01
-7.275674782815281239e-01 6.517175687452002597e-01 2.142658018095675021e-01
-7.016708878215449641e-01 6.779018052117016246e-01 2.193334624641807562e-01
-6.743461142407657372e-01 7.035931149530555428e-01 2.240850467428182335e-01
-6.456210349903864776e-01 7.286663580046784938e-01 2.285145081785234233e-01
-6.155338587297155550e-01 7.529990794463582438e-01 2.326166776792705504e-01
-5.841330046129271647e-01 7.764726344060626229e-01 2.363872786517074998e-01
-5.514768381318999602e-01 7.989732939968544612e-01 2.398229302396852614e-01
-5.176332674082897434e-01 8.203933122097283315e-01 2.429211391099125317e-01
-4.826792069580843614e-01 8.406319346502006962e-01 2.456802805421429980e-01
-4.466999188485297756e-01 8.595963314202701433e-01 2.480995698692756157e-01
-4.097882437308016934e-01 8.772024383437658779e-01 2.501790255518733797e-01
-3.720437363812899578e-01 8.933756930268134111e-01 2.519194253529138394e-01
-3.335717220614291545e-01 9.080516548374023555e-01 2.533222571963421044e-01
-2.944822911764369833e-01 9.211765006728128702e-01 2.543896663449228823e-01
-2.548892503672193222e-01 9.327073912539234346e-01 2.551244005201341869e-01
-2.149090483199806445e-01 9.426127055389632581e-01 2.555297545137404369e-01
-1.746596942576330302e-01 9.508721435936045019e-01 2.556095157142931895e-01
-1.342596863349562464e-01 9.574767008104637656e-01 2.553679118013620908e-01
-9.382696605639750942e-02 9.624285186761657451e-01 2.548095616564908794e-01
-5.347791343934484715e-02 9.657406192923293498e-01 2.539394303141839782e-01
-1.332639602737279577e-02 9.674365325394649329e-01 2.527627885402136676e-01
2.651711691305951024e-02 9.675498261170436542e-01 2.512851773892202378e-01
6.594636553737476259e-02 9.661235497001511296e-01 2.495123778689185001e-01
1.048600283211524598e-01 9.632096051359405608e-01 2.474503856327219531e-01
1.431623629893289673e-01 9.588680549832125921e-01 2.451053904430084418e-01
1.807637555557521369e-01 9.531663818036792968e-01 2.424837599984577818e-01
2.175811752584683179e-01 9.461787104753404121e-01 2.395920276038622787e-01
2.535385347616851415e-01 9.379850054499815348e-01 2.364368830806884980e-01
2.885669564437022827e-01 9.286702543510264585e-01 2.330251662709334481e-01
3.226049468907742357e-01 9.183236486363672846e-01 2.293638624735085396e-01
3.555984828645828988e-01 9.070377712626883637e-01 2.254600991683688438e-01
3.875010130045063450e-01 8.949078004098928174e-01 2.213211434248598120e-01
4.182733803669323458e-01 8.820307373804868734e-01 2.169543994526633990e-01
4.478836715964080728e-01 8.685046658005122211e-01 2.123674058313483881e-01
4.763069990728833192e-01 8.544280482347803574e-01 2.075678320428616108e-01
5.035252227922045742e-01 8.398990653066475964e-01 2.025634740254864397e-01
5.295266190206471268e-01 8.250150013965024121e-01 1.973622485633313994e-01
5.543055029265747669e-01 8.098716799971888980e-01 1.919721864182674653e-01
5.778618124418150037e-01 7.945629508411445885e-01 1.864014241979694009e-01
6.002006605511512882e-01 7.791802299943220156e-01 1.806581950315436780e-01
6.213318630601813997e-01 7.638120932461250900e-01 1.747508181910365777e-01
6.412694486599846977e-01 7.485439223215942794e-01 1.686876878514716460e-01
6.600311578024552484e-01 7.334576027097073903e-01 1.624772612231744073e-01
6.776379365341319572e-01 7.186312712463842622e-01 1.561280463177928124e-01
6.941134310205445690e-01 7.041391110176602464e-01 1.496485896239230784e-01
7.094834880393011689e-01 6.900511906611009882e-01 1.430474639703424033e-01
7.237756662400621765e-01 6.764333447439198066e-01 1.363332568456184224e-01
7.370187624745452304e-01 6.633470915849438709e-01 1.295145594236562780e-01
7.492423570005454225e-01 6.508495846635853344e-01 1.225999565170750039e-01
7.604763808705586881e-01 6.389935936199538924e-01 1.155980176457901132e-01
7.707507083368198009e-01 6.278275107925797016e-01 1.085172893684585721e-01
7.800947766479989776e-01 6.173953792592067336e-01 1.013662889811258044e-01
7.885372351846511307e-01 6.077369384361737126e-01 9.415349964203313660e-02
7.961056254854645964e-01 5.988876834467485866e-01 8.688736693551818435e-02
8.028260933575686042e-01 5.908789346816547550e-01 7.957629684255422553e-02
8.087231339432432442e-01 5.837379142388566811e-01 7.222865504186368191e-02
8.138193703324428929e-01 5.774878262372631355e-01 6.485276742468823463e-02
8.181353660643210235e-01 5.721479383431624655e-01 5.745692166903680620e-02
8.216894716488808426e-01 5.677336622218395190e-01 5.004936968625382093e-02
8.244977050583182088e-01 5.642566310230413551e-01 4.263833072461366974e-02
8.265736659820006604e-01 5.617247724210587823e-01 3.523199489179641014e-02
8.279284835040459090e-01 5.601423761517182465e-01 2.783852684087352591e-02
8.285707967423555642e-01 5.595101554132586585e-01 2.046606935307794528e-02
8.285067678766692145e-01 5.598253019198023983e-01 1.312274654531490718e-02
8.277401268846759086e-01 5.610815348089243093e-01 5.816666431179379378e-03
8.262722471935826096e-01 5.632691440027485230e-01 -1.444077428800633230e-03
8.241022513343851941e-01 5.663750289991462683e-01 -8.651405438932582154e-03
8.212271455526708452e-01 5.703827344200378402e-01 -1.579725287437698522e-02
8.176419821792516585e-01 5.752724839615780406e-01 -2.287357238890989908e-02
8.133400483935133707e-01 5.810212146701925207e-01 -2.987233830175249974e-02
8.083130798205599987e-01 5.876026137031670205e-01 -3.678555280559825391e-02
8.025514971899435634e-01 5.949871599170961645e-01 -4.360525419828524540e-02
7.960446640503908711e-01 6.031421727565998703e-01 -5.032352719703804544e-02
7.887811632844616838e-01 6.120318709844592142e-01 -5.693251534761815946e-02
7.807490899040341326e-01 6.216174437985568790e-01 -6.342443549198313602e-02
7.719363573379773857e-01 6.318571368175334158e-01 -6.979159420819344706e-02
7.623310141547755547e-01 6.427063552838987448e-01 -7.602640608646729636e-02
7.519215679038466771e-01 6.541177866299165977e-01 -8.212141365670214133e-02
7.406973125193964114e-01 6.660415442790315055e-01 -8.806930873675640481e-02
7.286486555200003545e-01 6.784253342169183076e-01 -9.386295492864063506e-02
7.157674410660406217e-01 6.912146454663830042e-01 -9.949541095281268233e-02
7.020472648157186635e-01 7.043529651463555918e-01 -1.049599544802487933e-01
6.874837764580012944e-01 7.177820182961530682e-01 -1.102501060989939247e-01
6.720749658057287856e-01 7.314420321130096214e-01 -1.153596530374318280e-01
6.558214284107838354e-01 7.452720236962122602e-01 -1.202826722612843346e-01
6.387266068202239744e-01 7.592101098290274797e-01 -1.250135525658069846e-01
6.207970038297548898e-01 7.731938367748896201e-01 -1.295470152989446344e-01
6.020423644083988668e-01 7.871605275324007334e-01 -1.338781333751632718e-01
5.824758233624477421e-01 8.010476434998266004e-01 -1.380023482727577577e-01
5.621140162717749300e-01 8.147931570585208449e-01 -1.419154847487854587e-01
5.409771517586640099e-01 8.283359312093776516e-01 -1.456137630542130024e-01
5.190890437274432445e-01 8.416161020984881391e-01 -1.490938084859300683e-01
4.964771028293383237e-01 8.545754600568665760e-01 -1.523526581702971672e-01
4.731722870464690200e-01 8.671578246609557006e-01 -1.553877650330167948e-01
4.492090119362471823e-01 8.793094092992155275e-01 -1.581969989704250512e-01
4.246250217166366858e-01 8.909791708059832116e-01 -1.607786452958754331e-01
3.994612229881093768e-01 9.021191398944237161e-01 -1.631314005898846509e-01
3.737614834648282369e-01 9.126847283803268818e-01 -1.652543661324528679e-01
3.475723986121593834e-01 9.226350095296508291e-01 -1.671470391390048604e-01
3.209430295484727580e-01 9.319329682747035104e-01 -1.688093020565572810e-01
2.939246159569924299e-01 9.405457185145539301e-01 -1.702414102031655774e-01
2.665702680613296072e-01 9.484446852312575782e-01 -1.714439780509574296e-01
2.389346419420189105e-01 9.556057497006493762e-01 -1.724179644609991069e-01
2.110736026092279727e-01 9.620093566405187868e-01 -1.731646571770975029e-01
1.830438792996678110e-01 9.676405827060071685e-01 -1.736856568759700958e-01
1.549027174367285931e-01 9.724891662989367802e-01 -1.739828610538615983e-01
1.267075315871288299e-01 9.765494991925792734e-01 -1.740584480057243422e-01
9.851556357167581823e-02 9.798205809756527218e-01 -1.739148611237613384e-01
7.038354965014061160e-02 9.823059377803798897e-01 -1.735547937088195436e-01
4.236740040969072529e-02 9.840135071722955207e-01 -1.729811744522269934e-01
1.452189665224356066e-02 9.849554914390656890e-01 -1.721971537085901227e-01
-1.309959579188702330e-02 9.851481818185491290e-01 -1.712060906431374374e-01
-4.044538978911624283e-02 9.846117564510362685e-01 -1.700115413016257682e-01
-6.746571703937170872e-02 9.833700550269003360e-01 -1.686172476176789614e-01
-9.411294291216394658e-02 9.814503332299678862e-01 -1.670271273425792957e-01
-1.203417546835309215e-01 9.788830001510450129e-01 -1.652452648566606341e-01
-1.450343587799471090e-01 9.755336025643610576e-01 -1.652249633141941454e-01
-1.696385269918839200e-01 9.715500035722138827e-01 -1.652677348267834190e-01
-1.941474703237962007e-01 9.669326712247684474e-01 -1.653724055949727101e-01
-2.185540768069951789e-01 9.616815796388676896e-01 -1.655376643838941952e-01
-2.428508472585271527e-01 9.557962480912428616e-01 -1.657620630328973943e-01
-2.670298339315533842e-01 9.492757848328031711e-01 -1.660440168247037662e-01
-2.910825823051526595e-01 9.421189355415982014e-01 -1.663818047598683292e-01
-3.150000762798084164e-01 9.343241363277935418e-01 -1.667735697868098499e-01
-3.387726870645077493e-01 9.258895711951491414e-01 -1.672173190418940192e-01
-3.623901260617246045e-01 9.168132338497473333e-01 -1.677109241579852195e-01
-3.858414020768951569e-01 9.070929937278437993e-01 -1.682521217034775862e-01
-4.091147831985684769e-01 8.967266660905346409e-01 -1.688385138170181432e-01
-4.321977637134447048e-01 8.857120860033578236e-01 -1.694675691058787348e-01
-4.550770364361501064e-01 8.740471859839702429e-01 -1.701366238781446272e-01
-4.777384708459691542e-01 8.617300770607636551e-01 -1.708428837804807365e-01
-5.001670974309506690e-01 8.487591329399203355e-01 -1.715834259141216789e-01
-5.223470986428974117e-01 8.351330769283009658e-01 -1.723552015018115779e-01
-5.442618068638085393e-01 8.208510712051891867e-01 -1.731550391775939501e-01
-5.658937097744562994e-01 8.059128079779256382e-01 -1.739796489695203952e-01
-5.872244634980623434e-01 7.903186019956415231e-01 -1.748256270424107528e-01
-6.082349138656809595e-01 7.740694838326107607e-01 -1.756894612636638320e-01
-6.289051261141710425e-01 7.571672932893143138e-01 -1.765675376497062021e-01
-6.492144232819450078e-01 7.396147721964441146e-01 -1.774561477439064727e-01
-6.691414335115755119e-01 7.214156558462199165e-01 -1.783514969686272877e-01
-6.886641464015624825e-01 7.025747622181579555e-01 -1.792497139845105891e-01
-7.077599784720890463e-01 6.830980781145209457e-01 -1.801468610790965819e-01
-7.264058477216445153e-01 6.629928412759211742e-01 -1.810389455945008164e-01
-7.445782571534903527e-01 6.422676175117940645e-01 -1.819219323901878904e-01
-7.622533870439059944e-01 6.209323718555972427e-01 -1.827917573220010083e-01
-7.794071956091446207e-01 5.989985327424415251e-01 -1.836443417026877023e-01
-7.960155276065419283e-01 5.764790482091610713e-01 -1.844756076924066179e-01
-8.120542302790919598e-01 5.533884331351472952e-01 -1.852814945503526989e-01
-8.274992759241966978e-01 5.297428065779278272e-01 -1.860579756609858082e-01
-8.423268902386706891e-01 5.055599183115137008e-01 -1.868010762307200923e-01
-8.565136854661555832e-01 4.808591637486123727e-01 -1.875068915336866315e-01
-8.700367972528095795e-01 4.556615865201670834e-01 -1.881716055687115696e-01
-8.828740240055327204e-01 4.299898680970742904e-01 -1.887915099743592284e-01
-8.950039674472038964e-01 4.038683039686000731e-01 -1.893630230351906474e-01
-9.064061729785145571e-01 3.773227660386395121e-01 -1.898827086006883436e-01
-9.170612683889344252e-01 3.503806510626765180e-01 -1.903472947289901462e-01
-9.275275023620117576e-01 3.269706837283409273e-01 -1.810606714070912004e-01
-9.368563444540198848e-01 3.046797212329834803e-01 -1.716697962473873462e-01
-9.451359899554551136e-01 2.835736794688500373e-01 -1.621850477930892320e-01
-9.524520442397297337e-01 2.637108081655815672e-01 -1.526164256701521005e-01
-9.588868139621706810e-01 2.451422108463367777e-01 -1.429735438026917549e-01
-9.645186778841527975e-01 2.279123754203671026e-01 -1.332656310662448385e-01
-9.694215340322516195e-01 2.120597039352232482e-01 -1.235015392462806838e-01
-9.736643191949250209e-01 1.976170311045848949e-01 -1.136897580334703117e-01
-9.773105962894150789e-01 1.846121223495079955e-01 -1.038384366696330774e-01
-9.804182048851299847e-01 1.730681432144275389e-01 -9.395541175843501180e-02
-9.830389701286341708e-01 1.630040931231677426e-01 -8.404824067154192946e-02
-9.852184654586058077e-01 1.544351975091092788e-01 -7.412423991229516451e-02
-9.869958248038347426e-01 1.473732533779724407e-01 -6.419052774306772957e-02
-9.884036003994849384e-01 1.418269243372428656e-01 -5.425407033717472710e-02
-9.894676629117452604e-01 1.378019820537753071e-01 -4.432173067953097678e-02
-9.902071412037234399e-01 1.353014919853693654e-01 -3.440031941036308244e-02
-9.906343997810388435e-01 1.343259420812162042e-01 -2.449664678171377397e-02
-9.907550526991051321e-01 1.348733139705554640e-01 -1.461757487616499075e-02
-9.905680134706260631e-01 1.369390969705694128e-01 -4.770069220581398678e-03
-9.900655812563010638e-01 1.405162460558094240e-01 5.038751085304190094e-03
-9.899620824587643808e-01 1.412568092870391812e-01 4.652819578200004247e-03
-9.898664195190621795e-01 1.419377782507377783e-01 4.265937115497338283e-03
-9.897787325260036795e-01 1.425590380543983182e-01 3.878261677685734821e-03
-9.896991478446103274e-01 1.431204967946351492e-01 3.489951015226261475e-03
-9.896277779865064739e-01 1.436220854639643218e-01 3.101162600231613733e-03
-9.895647215026507348e-01 1.440637578562011800e-01 2.712053578898136752e-03
-9.895100628984060398e-01 1.444454904707102028e-01 2.322780724643089007e-03
-9.894638725709157256e-01 1.447672824157115179e-01 1.933500391899200047e-03
-9.894262067687259465e-01 1.450291553108189191e-01 1.544368470517541985e-03
-9.893971075735680243e-01 1.452311531889528828e-01 1.155540340728991935e-03
-9.893766029041849430e-01 1.453733423977421613e-01 7.671708286140408416e-04
-9.893647065420634323e-01 1.454558115004968011e-01 3.794141620304625163e-04
-9.893614181789036621e-01 1.454786711768047136e-01 -7.576073051651936643e-06
-9.893667234856349246e-01 1.454420541227742503e-01 -3.936469758577311484e-04
-9.893805942027610323e-01 1.453461149509152339e-01 -7.786463738091844783e-04
-9.894029882517921815e-01 1.451910300896217254e-01 -1.162422865265497901e-03
-9.894338498674982718e-01 1.449769976821908557e-01 -1.544825862056009580e-03
-9.894731097506932471e-01 1.447042374852845203e-01 -1.925705631848208949e-03
-9.895206852412370413e-01 1.443729907667125889e-01 -2.304913340397978915e-03
-9.895764805109181772e-01 1.439835202023908856e-01 -2.682301093725560082e-03
-9.896403867758570838e-01 1.435361097723007739e-01 -3.057721980259166163e-03
-9.897122825280476599e-01 1.430310646552533649e-01 -3.431030112986128543e-03
-9.897920337856330741e-01 1.424687111222375790e-01 -3.802080671649203051e-03
-9.898794943614876995e-01 1.418493964281093700e-01 -4.170729945023243443e-03
-9.899745061496578735e-01 1.411734887013585960e-01 -4.536835373304847450e-03
-9.900768994291907488e-01 1.404413768316700450e-01 -4.900255590644805696e-03
-9.901864931848597395e-01 1.396534703549773271e-01 -5.260850467850281161e-03
-9.903030954442751943e-01 1.388101993356916364e-01 -5.618481155280566006e-03
-9.904265036308471659e-01 1.379120142457717635e-01 -5.973010125957077185e-03
-9.905565049320464999e-01 1.369593858402888831e-01 -6.324301218904945440e-03
-9.906928766823924759e-01 1.359528050291266554e-01 -6.672219682740117112e-03
-9.908353867605729226e-01 1.348927827444479088e-01 -7.016632219512394450e-03
-9.909837940000860712e-01 1.337798498035495942e-01 -7.357407028811218004e-03
-9.911378486127724319e-01 1.326145567667215697e-01 -7.694413852137346570e-03
-9.912972926245874339e-01 1.313974737897190825e-01 -8.027524017539870022e-03
-9.914618603229480298e-01 1.301291904704558744e-01 -8.356610484514206960e-03
-9.916312787149680341e-01 1.288103156895229751e-01 -8.681547889152974734e-03
-9.918052679958805351e-01 1.274414774441390008e-01 -9.002212589537782195e-03
-9.919835420269289550e-01 1.260233226751392988e-01 -9.318482711356225121e-03
-9.921658088219935667e-01 1.245565170866155813e-01 -9.630238193724532242e-03
-9.923517710422036231e-01 1.230417449578235511e-01 -9.937360835192570602e-03
-9.925411264977722636e-01 1.214797089469831226e-01 -1.023973433990418500e-02
-9.927335686562768213e-01 1.198711298866056707e-01 -1.053724436388218770e-02
-9.929287871565956047e-01 1.182167465699934805e-01 -1.082977856140369434e-02
-9.931264683276986860e-01 1.165173155285696566e-01 -1.111722663142801146e-02
-9.933262957114806779e-01 1.147736107997111010e-01 -1.139948036403585184e-02
-9.935279505888139351e-01 1.129864236847734210e-01 -1.167643368683535417e-02
-9.937311125079891783e-01 1.111565624970144994e-01 -1.194798271128718302e-02
-9.939354598147069897e-01 1.092848522991426291e-01 -1.221402577889796684e-02
-9.941406701827728565e-01 1.073721346302359964e-01 -1.247446350722840845e-02
-9.943464211446462198e-01 1.054192672218026566e-01 -1.272919883565968441e-02
-9.945523906209887688e-01 1.034271237027735019e-01 -1.297813707085917340e-02
-9.947582574483544438e-01 1.013965932932458236e-01 -1.322118593188418775e-02
-9.949637019041630559e-01 9.932858048682091656e-02 -1.345825559486017037e-02
-9.951684062280988785e-01 9.722400472140646510e-02 -1.368925873716788331e-02
-9.953720551390781157e-01 9.508380003838244610e-02 -1.391411058107227920e-02
-9.955743363469323759e-01 9.290891473005856438e-02 -1.413272893672426478e-02
-9.957749410579586069e-01 9.070031097538081011e-02 -1.434503424446519244e-02
-9.959735644734948323e-01 8.845896446387555012e-02 -1.455094961636286925e-02
-9.961699062806875782e-01 8.618586400785055446e-02 -1.475040087690700566e-02
-9.963636711346266495e-01 8.388201114290401439e-02 -1.494331660279143992e-02
-9.965545691310355725e-01 8.154841971682470769e-02 -1.512962816171012012e-02
-9.967423162687174543e-01 7.918611546699844128e-02 -1.530926975009375308e-02
-9.969266349009733297e-01 7.679613558646863902e-02 -1.548217842971416625e-02
-9.971072541752233898e-01 7.437952827883090312e-02 -1.564829416308386595e-02
-9.972839104600838001e-01 7.193735230217387921e-02 -1.580755984757895721e-02
-9.974563477591682492e-01 6.947067650231074365e-02 -1.595992134821450775e-02
-9.976243181109073488e-01 6.698057933557706456e-02 -1.610532752900265679e-02
-9.977875819737018759e-01 6.446814838150223548e-02 -1.624373028282517784e-02
-9.979459085957502751e-01 6.193447984569200315e-02 -1.637508455975392185e-02
-9.980990763689181478e-01 5.938067805328951787e-02 -1.649934839375447396e-02
-9.982468731660458783e-01 5.680785493341138082e-02 -1.661648292771058036e-02
-9.983890966611193019e-01 5.421712949498311285e-02 -1.672645243670921669e-02
-9.985255546317600706e-01 5.160962729442550995e-02 -1.682922434952887833e-02
-9.986560652435250152e-01 4.898647989566910776e-02 -1.692476926827644890e-02
-9.987804573155374399e-01 4.634882432299861771e-02 -1.701306098612107021e-02
-9.988985705670082593e-01 4.369780250725226883e-02 -1.709407650307667031e-02
-9.990102558442413017e-01 4.103456072592275711e-02 -1.716779603978819957e-02
-9.991153753277541849e-01 3.836024903772673050e-02 -1.723420304928023616e-02
-9.992138027191850291e-01 3.567602071222820970e-02 -1.729328422663033507e-02
-9.993054234076934605e-01 3.298303165511831669e-02 -1.734502951653339037e-02
-9.993901346156053300e-01 3.028243982976871682e-02 -1.738943211872727782e-02
-9.994678455230900926e-01 2.757540467568946746e-02 -1.742648849125419050e-02
-9.995384773717025384e-01 2.486308652453350643e-02 -1.745619835153627494e-02
-9.996019635466598663e-01 2.214664601429938359e-02 -1.747856467524848412e-02
-9.996582496377695026e-01 1.942724350239150716e-02 -1.749359369297594224e-02
-9.997072934789638099e-01 1.670603847820276155e-02 -1.750129488464750860e-02
-9.997490651664401318e-01 1.398418897588795881e-02 -1.750168097174174126e-02
-9.997835470554476966e-01 1.126285098799818807e-02 -1.749476790726581937e-02
-9.998107337358038693e-01 8.543177880645770605e-03 -1.748057486351255879e-02
-9.998306319862657610e-01 5.826319810867134665e-03 -1.745912421760505151e-02
-9.998432607079230650e-01 3.113423146846595792e-03 -1.743044153484288664e-02
-9.998486508368197301e-01 4.056298916576715416e-04 -1.739455554986825414e-02
-9.998468452360524950e-01 -2.295922888829609893e-03 -1.735149814567458690e-02
-9.998378985676350528e-01 -4.990103633237083502e-03 -1.730130433048457719e-02
-9.998218771444526976e-01 -7.675786846536115059e-03 -1.724401221252851862e-02
-9.997988587626737145e-01 -1.035185365586188677e-02 -1.717966297275797666e-02
-9.997689325150180828e-01 -1.301719235968705653e-02 -1.710830083553365258e-02
-9.997321985853216963e-01 -1.567069896977462198e-02 -1.702997303733003176e-02
-9.996887680248670582e-01 -1.831127774534847125e-02 -1.694472979350307093e-02
-9.996387625109869335e-01 -2.093784171894021856e-02 -1.685262426317054099e-02
-9.995823140884774194e-01 -2.354931321339249345e-02 -1.675371251225792404e-02
-9.995195648943879796e-01 -2.614462434952165640e-02 -1.664805347476586844e-02
-9.994506668667859639e-01 -2.872271754396698434e-02 -1.653570891231803328e-02
-9.993757814381183380e-01 -3.128254599677855047e-02 -1.641674337205083906e-02
-9.992950792138207694e-01 -3.382307416832218416e-02 -1.629122414290914631e-02
-9.992087396368478647e-01 -3.634327824510692750e-02 -1.615922121041405216e-02
-9.991169506388193344e-01 -3.884214659416834053e-02 -1.602080720997109062e-02
-9.990199082784990692e-01 -4.131868020566946409e-02 -1.587605737878885689e-02
-9.989178163683418710e-01 -4.377189312341038530e-02 -1.572504950647966512e-02
-9.988108860898581298e-01 -4.620081286296691403e-02 -1.556786388441516386e-02
-9.986993355985646081e-01 -4.860448081720865343e-02 -1.540458325391091433e-02
-9.985833896192990444e-01 -5.098195264897698031e-02 -1.523529275331479693e-02
-9.984632790326907203e-01 -5.333229867073354530e-02 -1.506007986407472202e-02
-9.983392404535855746e-01 -5.565460421102009364e-02 -1.487903435586147675e-02
-9.982115158022336621e-01 -5.794796996760059188e-02 -1.469224823082271487e-02
-9.980803518690525289e-01 -6.021151234718628842e-02 -1.449981566704397831e-02
-9.979459998737826298e-01 -6.244436379167404155e-02 -1.430183296129234997e-02
-9.978087150198533539e-01 -6.464567309085718361e-02 -1.409839847111777483e-02
-9.976687560447792258e-01 -6.681460568159677815e-02 -1.388961255638634755e-02
-9.975263847674037399e-01 -6.895034393346899382e-02 -1.367557752031891075e-02
-9.973818656328052867e-01 -7.105208742093156726e-02 -1.345639755010711973e-02
-9.972354652556744137e-01 -7.311905318207854998e-02 -1.323217865717780245e-02
-9.970874519629663313e-01 -7.515047596407820052e-02 -1.300302861717486137e-02
-9.969380953366241416e-01 -7.714560845541319767e-02 -1.276905690972627606e-02
-9.967876657571588250e-01 -7.910372150506590760e-02 -1.253037465806186579e-02
-9.966364339488611446e-01 -8.102410432881376745e-02 -1.228709456854541401e-02
-9.964846705274099659e-01 -8.290606470282105289e-02 -1.203933087018258137e-02
-9.963326455506259505e-01 -8.474892914473325378e-02 -1.178719925416370912e-02
-9.961806280731072549e-01 -8.655204308249886402e-02 -1.153081681349815008e-02
-9.960288857054666600e-01 -8.831477101116093353e-02 -1.127030198279420879e-02
-9.958776841788736789e-01 -9.003649663787663404e-02 -1.100577447823612720e-02
-9.957272869155873174e-01 -9.171662301543775930e-02 -1.073735523780676264e-02
-9.955779546061462870e-01 -9.335457266457826420e-02 -1.046516636180181217e-02
-9.954299447938640411e-01 -9.494978768536684044e-02 -1.018933105367853323e-02
-9.952835114672567984e-01 -9.650172985799275460e-02 -9.909973561278954610e-03
-9.951389046610095157e-01 -9.800988073326216687e-02 -9.627219118464607275e-03
-9.949963700660654498e-01 -9.947374171312964308e-02 -9.341193887196759874e-03
