1.000000000000000000e+00 0.000000000000000000e+00 0.000000000000000000e+00
9.999981746611869005e-01 1.068938706691119431e-03 -1.583937020432639843e-03
9.999913697946307689e-01 2.772407230466485909e-03 -3.094462523813768049e-03
9.999768387936895930e-01 5.079507018084594185e-03 -4.530215752618034497e-03
9.999509821616203720e-01 7.958836702269857233e-03 -5.890101753625580361e-03
9.999095336452651361e-01 1.137859136073401077e-02 -7.173283242785785316e-03
9.998477384856555572e-01 1.530665819293501248e-02 -8.379172605866772386e-03
9.997605222832649519e-01 1.971070954351681476e-02 -9.507424026437604272e-03
9.996426491904983891e-01 2.455829402442137252e-02 -1.055792570908171968e-02
9.994888683515771310e-01 2.981692630212640083e-02 -1.153079214817923949e-02
9.992940477111852404e-01 3.545417592951164570e-02 -1.242635638084950943e-02
9.990532945088720362e-01 4.143775541987113065e-02 -1.324516215631924877e-02
9.987620619666625066e-01 4.773560758910679047e-02 -1.398795595258142156e-02
9.984162418626474356e-01 5.431599203582382351e-02 -1.465567877416163942e-02
9.980122428630984199e-01 6.114757049166590075e-02 -1.524945767147955870e-02
9.975470546590619048e-01 6.819949065863986637e-02 -1.577059693200984214e-02
9.970182981192464711e-01 7.544146805834260616e-02 -1.622056890551851205e-02
9.964242618278540409e-01 8.284386535099566573e-02 -1.660100443938228656e-02
9.957639255221680807e-01 9.037776854025014739e-02 -1.691368291471466098e-02
9.950369710784481292e-01 9.801505946229470412e-02 -1.716052188908076190e-02
9.942437818142907391e-01 1.057284839636174756e-01 -1.734356636639096047e-02
9.933854309795274729e-01 1.134917151989522921e-01 -1.746497772859152697e-02
9.924636603946038749e-01 1.212794115270751372e-01 -1.752702237656362030e-02
9.914808502642079580e-01 1.290672685443982615e-01 -1.753206013882639691e-02
9.904399812440430884e-01 1.368320648716455645e-01 -1.748253251592932558e-02
9.893445898698554064e-01 1.445517013940304241e-01 -1.738095083561565918e-02
9.881987184703320271e-01 1.522052337470040095e-01 -1.722988439883302650e-02
9.870068606799292654e-01 1.597728979345780786e-01 -1.703194869943200004e-02
9.857739036451099723e-01 1.672361290624043151e-01 -1.678979380097866958e-02
9.845050679792642923e-01 1.745775732604262775e-01 -1.650609295263037388e-02
9.832058464694660715e-01 1.817810929575525702e-01 -1.618353152265906286e-02
9.818819424741104251e-01 1.888317657513536862e-01 -1.582479632317390986e-02
9.805392088764879333e-01 1.957158771875957826e-01 -1.543256539314668760e-02
9.791835883776599525e-01 2.024209078262526607e-01 -1.500949829925384178e-02
9.778210558248126016e-01 2.089355150216639090e-01 -1.455822700560183668e-02
9.764575631807268508e-01 2.152495098843186516e-01 -1.408134735437912947e-02
9.750989876481486185e-01 2.213538299202948423e-01 -1.358141119015136844e-02
9.737510833715531389e-01 2.272405078619606500e-01 -1.306091915113947836e-02
9.724194370497442064e-01 2.329026372107135812e-01 -1.252231414162264383e-02
9.711094277073671899e-01 2.383343350100920743e-01 -1.196797549079005145e-02
9.698261907929499603e-01 2.435307023565153883e-01 -1.140021379509519907e-02
9.685745866964750039e-01 2.484877831362867495e-01 -1.082126643358002904e-02
9.673591737114464184e-01 2.532025214525026602e-01 -1.023329373883525260e-02
9.661841854054220580e-01 2.576727181753443174e-01 -9.638375800318310996e-03
9.650535123092948142e-01 2.618969870150752444e-01 -9.038509871701605122e-03
9.639706877892996184e-01 2.658747104800722183e-01 -8.435608349784155455e-03
9.629388779266776499e-01 2.696059960434504243e-01 -7.831497289258844072e-03
9.619608751979160655e-01 2.730916328022839346e-01 -7.227915415253818865e-03
9.610390957231177422e-01 2.763330488739479951e-01 -6.626513594012666854e-03
9.601755798309075107e-01 2.793322697354763684e-01 -6.028854721282882537e-03
9.593719956748169020e-01 2.820918776746786372e-01 -5.436413987875524621e-03
9.586296456277638711e-01 2.846149724866236519e-01 -4.850579482364053910e-03
9.579494751774733086e-01 2.869051335163724792e-01 -4.272653091926902243e-03
9.573320840458915404e-01 2.889663831188454823e-01 -3.703851663825058049e-03
9.567777392592705654e-01 2.908031515796342115e-01 -3.145308391862736575e-03
9.562863899020848102e-01 2.924202435165377256e-01 -2.598074394328664469e-03
9.558576832967953241e-01 2.938228057606516730e-01 -2.063120452284645818e-03
9.554909823622198539e-01 2.950162966979408274e-01 -1.541338879589007485e-03
9.551853839154744730e-01 2.960064570372942794e-01 -1.033545498653383205e-03
9.549397376957535766e-01 2.967992819589684861e-01 -5.404816985766843374e-04
9.547526659022657070e-01 2.974009945879009797e-01 -6.281655493118145413e-05
9.546225830531694934e-01 2.978180207294315873e-01 3.988510069497682147e-04
9.545477159871011974e-01 2.980569648002879268e-01 8.439900208502846895e-04
9.545261238436594242e-01 2.981245868850506131e-01 1.272135274023702793e-03
9.545557178738445225e-01 2.980277808474832701e-01 1.682885098108252708e-03
9.546342809458071565e-01 2.977735534268576290e-01 2.075899165644222704e-03
9.547594866252403500e-01 2.973690042514993137e-01 2.450896299352738495e-03
9.549289177232753723e-01 2.968213067050017306e-01 2.807652299643042474e-03
9.551400842177547590e-01 2.961376895846928314e-01 3.145997794310342096e-03
9.553904404662186822e-01 2.953254194967919743e-01 3.465816113070539078e-03
9.556774016408285943e-01 2.943917839380736923e-01 3.767041188449025968e-03
9.559983593267494806e-01 2.933440750195923652e-01 4.049655483592975655e-03
9.563506962362144925e-01 2.921895737939561588e-01 4.313687946802795097e-03
9.567318000006034273e-01 2.909355351536321854e-01 4.559211991969252913e-03
9.571390760123845709e-01 2.895891732736904922e-01 4.786343503647430379e-03
9.575699592977016117e-01 2.881576475781426061e-01 4.995238865185041600e-03
9.580219254087471992e-01 2.866480492145089265e-01 5.186093008137973928e-03
9.584925003328528259e-01 2.850673880263770998e-01 5.359137481136648680e-03
9.589792694224579250e-01 2.834225800184269617e-01 5.514638536399226777e-03
9.594798853567982899e-01 2.817204353126476213e-01 5.652895232207955784e-03
9.599920751522871276e-01 2.799676465982183782e-01 5.774237549859314103e-03
9.605136462441546952e-01 2.781707780807445296e-01 5.879024523853675771e-03
9.610424916669696449e-01 2.763362549392170409e-01 5.967642384393012644e-03
9.615765943661921389e-01 2.744703533011964014e-01 6.040502711593348159e-03
9.621140306769094819e-01 2.725791907483147147e-01 6.098040601180693653e-03
9.626529730093877912e-01 2.706687173652552181e-01 6.140712841814209046e-03
9.631916917840376291e-01 2.687447073459320879e-01 6.168996104558513265e-03
9.637285566608541076e-01 2.668127511706788746e-01 6.183385145399502777e-03
9.642620371103549637e-01 2.648782483678951971e-01 6.184391022056816463e-03
9.647907023745172506e-01 2.629464008728374380e-01 6.172539326684381260e-03
9.653132208672189352e-01 2.610222069951074753e-01 6.148368436362409289e-03
9.658283590642426919e-01 2.591104560049402039e-01 6.112427783565057594e-03
9.663349799330090972e-01 2.572157233466552673e-01 6.065276149033850886e-03
9.668320409519060021e-01 2.553423664856727116e-01 6.007479979695112826e-03
9.673185917683836399e-01 2.534945213933329500e-01 5.939611734428132915e-03
9.677937715439254296e-01 2.516760996714592080e-01 5.862248260618553239e-03
9.682568060326077752e-01 2.498907863161935750e-01 5.775969204518219789e-03
9.687070044382597445e-01 2.481420381181680401e-01 5.681355458478970846e-03
9.691437560932560924e-01 2.464330826935773044e-01 5.578987648134628094e-03
9.695665269997636448e-01 2.447669181382357007e-01 5.469444662574405452e-03
9.699748562718399914e-01 2.431463132942577599e-01 5.353302230484231414e-03
9.703683525141930666e-01 2.415738086166306087e-01 5.231131545132572738e-03
9.707466901706874873e-01 2.400517176246709239e-01 5.103497940947032338e-03
9.711096058728608815e-01 2.385821289212020635e-01 4.970959624270366792e-03
9.714568948158250894e-01 2.371669087602661652e-01 4.834066460702760373e-03
9.717884071860112272e-01 2.358077041423167208e-01 4.693358821234567234e-03
9.721040446622964959e-01 2.345059464141321659e-01 4.549366489153492885e-03
9.724037570091671467e-01 2.332628553491564449e-01 4.402607629475713096e-03
9.726875387777413895e-01 2.320794436826182361e-01 4.253587822404836585e-03
9.729554261277338911e-01 2.309565220746055414e-01 4.102799162069033397e-03
9.732074937808055104e-01 2.298947044732810030e-01 3.950719421527950671e-03
9.734438521132364741e-01 2.288944138496120939e-01 3.797811284780003294e-03
9.736646443934957595e-01 2.279558882743575876e-01 3.644521646239721850e-03
9.738700441680797626e-01 2.270791873075913847e-01 3.491280977896462842e-03
9.740602527969635105e-01 2.262641986707527031e-01 3.338502764111924044e-03
9.742354971381599338e-01 2.255106451710784110e-01 3.186583003766503379e-03
9.743960273792230398e-01 2.248180918482930446e-01 3.035899779225153475e-03
9.745421150120645581e-01 2.241859533135952542e-01 2.886812891363460792e-03
9.746740509461769841e-01 2.236135012512761033e-01 2.739663559675382682e-03
9.747921437542743650e-01 2.230998720537277491e-01 2.594774186276402501e-03
9.748967180434667812e-01 2.226440745611386052e-01 2.452448182420598026e-03
9.749881129443728200e-01 2.222449978778152369e-01 2.312969855967900515e-03
9.750666807100386579e-01 2.219014192378115646e-01 2.176604358069076511e-03
9.751327854161607744e-01 2.216120118933739835e-01 2.043597687181030256e-03
9.751868017538992683e-01 2.213753530006169479e-01 1.914176748384079823e-03
9.752291139064985792e-01 2.211899314778188741e-01 1.788549465845957684e-03
9.752601145009998085e-01 2.210541558127650519e-01 1.666904946164412095e-03
9.752802036265131314e-01 2.209663617966529936e-01 1.549413690221318170e-03
9.752897879108126666e-01 2.209248201632107167e-01 1.436227851095929400e-03
9.752892796474020853e-01 2.209277441128494612e-01 1.327481535513089748e-03
9.752790959656647551e-01 2.209732967028757711e-01 1.223291146243536427e-03
9.752596580372447921e-01 2.210595980860131371e-01 1.123755762827516151e-03
9.752313903123899230e-01 2.211847325807274889e-01 1.028957557959403772e-03
9.751947197806146717e-01 2.213467555581048463e-01 9.389622468494242561e-04
9.751500752506915282e-01 2.215437001312897669e-01 8.538195668684807772e-04
9.750978866456522232e-01 2.217735836347526079e-01 7.735637847830004188e-04
9.750385843091520233e-01 2.220344138819076441e-01 6.982142288981167764e-04
9.749725983202240931e-01 2.223241951908482283e-01 6.277758434489078432e-04
9.749003578141044457e-01 2.226409341691929222e-01 5.622397626102558369e-04
9.748222903074467149e-01 2.229826452502460254e-01 5.015839015356511436e-04
9.747388210268486120e-01 2.233473559738604897e-01 4.457735618833672561e-04
9.746503722401848036e-01 2.237331120065485235e-01 3.947620493443166094e-04
9.745573625907714144e-01 2.241379818965110737e-01 3.484913007489970848e-04
9.744602064348707460e-01 2.245600615603485783e-01 3.068925184006501676e-04
9.743593131834852317e-01 2.249974784992683496e-01 2.698868093575244658e-04
9.742550866497736717e-01 2.254483957436169417e-01 2.373858274683405970e-04
9.741479244037596352e-01 2.259110155255353025e-01 2.092924160511392339e-04
9.740382171362830244e-01 2.263835826804584117e-01 1.855012491960405098e-04
9.739263480343740564e-01 2.268643877790589847e-01 1.658994697664848046e-04
9.738126921704073347e-01 2.273517699920622193e-01 1.503673222706802131e-04
9.736976159075190207e-01 2.278441196911375477e-01 1.387787788746618880e-04
9.735814763238461733e-01 2.283398807898004701e-01 1.310021569300497558e-04
9.734646206581792915e-01 2.288375528289332828e-01 1.269007264926855574e-04
9.733473857796044459e-01 2.293356928121575433e-01 1.263333064123299283e-04
9.732300976836573136e-01 2.298329167968625464e-01 1.291548476780033424e-04
9.731130710174210607e-01 2.303279012472148057e-01 1.352170028078339924e-04
9.729966086358715627e-01 2.308193841559419424e-01 1.443686801760035981e-04
9.728810011916222411e-01 2.313061659421030147e-01 1.564565822720945210e-04
9.727665267600356103e-01 2.317871101324264216e-01 1.713257269894214927e-04
9.726534505014666765e-01 2.322611438341171397e-01 1.888199511384179271e-04
9.725420243621807348e-01 2.327272580073094510e-01 2.087823954784434990e-04
9.724324868152510737e-01 2.331845075455698246e-01 2.310559706562180027e-04
9.723250626424942977e-01 2.336320111730404436e-01 2.554838035311203645e-04
9.722199627582451820e-01 2.340689511669580281e-01 2.819096634566059523e-04
9.721173840755157336e-01 2.344945729143871060e-01 3.101783681727405422e-04
9.720175094148196804e-01 2.349081843120743307e-01 3.401361690471488351e-04
9.719205074556894752e-01 2.353091550183627201e-01 3.716311154803542084e-04
9.718265327306570001e-01 2.356969155661040038e-01 4.045133983664327311e-04
9.717357256612243477e-01 2.360709563454761739e-01 4.386356725710071789e-04
9.716482126351159154e-01 2.364308264655531622e-01 4.738533584558158023e-04
9.715641061238771137e-01 2.367761325033883868e-01 5.100249225423307033e-04
9.714835048396733841e-01 2.371065371492636631e-01 5.470121374662085959e-04
9.714064939299486001e-01 2.374217577566236914e-01 5.846803214296945666e-04
9.713331452084182915e-01 2.377215648050652608e-01 6.228985574105248401e-04
9.712635174207113753e-01 2.380057802845812476e-01 6.615398924334390477e-04
9.711976565428255270e-01 2.382742760090754142e-01 7.004815172541801116e-04
9.711355961104340961e-01 2.385269718669655314e-01 7.396049268459176573e-04
9.710773575769717780e-01 2.387638340164821571e-01 7.787960621144861912e-04
9.710229506983323322e-01 2.389848730330500215e-01 8.179454333017945533e-04
9.709723739419404698e-01 2.391901420159091574e-01 8.569482255663514675e-04
9.709256149179011919e-01 2.393797346608965426e-01 8.957043872562061486e-04
9.708826508298918911e-01 2.395537833060660260e-01 9.341187014128558060e-04
9.708434489434406567e-01 2.397124569565770580e-01 9.721008410649630569e-04
9.708079670692286722e-01 2.398559592950312569e-01 1.009565408888199369e-03
9.707761540590619243e-01 2.399845266831825974e-01 1.046431961822337497e-03
9.707479503121839715e-01 2.400984261606911863e-01 1.082625021248992403e-03
9.707232882896361659e-01 2.401979534463347943e-01 1.118074069343309024e-03
9.707020930344231191e-01 2.402834309468359075e-01 1.152713532220548537e-03
9.706842826953013814e-01 2.403552057782065432e-01 1.186482750504086600e-03
9.706697690520806887e-01 2.404136478042586955e-01 1.219325937944914064e-03
9.706584580404080675e-01 2.404591476966757846e-01 1.251192128724488897e-03
9.706502502740923521e-01 2.404921150207898761e-01 1.282035114072814942e-03
9.706450415631244777e-01 2.405129763509618324e-01 1.311813368832066449e-03
9.706427234256483905e-01 2.405221734192168614e-01 1.340489968593026361e-03
9.706431835922442186e-01 2.405201613005462646e-01 1.368032498027189946e-03
9.706463065009961477e-01 2.405074066380482323e-01 1.394412951031683131e-03
9.706519737819296889e-01 2.404843859108467263e-01 1.419607623297267779e-03
9.706600647295179352e-01 2.404515837474970608e-01 1.443596997901727729e-03
9.706704567620724200e-01 2.404094912873608603e-01 1.466365624521953756e-03
9.706830258669494338e-01 2.403586045922119219e-01 1.487901992848122317e-03
9.706976470306194482e-01 2.402994231101169276e-01 1.508198400772587516e-03
9.707141946527593213e-01 2.402324481934227374e-01 1.527250817914536409e-03
9.707325429436394204e-01 2.401581816724745744e-01 1.545058745029149246e-03
9.707525663041884911e-01 2.400771244864863263e-01 1.561625069837042695e-03
9.707741396882223484e-01 2.399897753727864291e-01 1.576955919796169028e-03
9.707971389464273848e-01 2.398966296154703137e-01 1.591060512324198083e-03
9.708214411517871456e-01 2.397981778543028519e-01 1.603951002964719777e-03
9.708469249062335882e-01 2.396949049545318289e-01 1.615642331975466681e-03
9.708734706283945748e-01 2.395872889380973314e-01 1.626152069801175539e-03
9.709009608223940768e-01 2.394757999765499135e-01 1.635500261877736528e-03
9.709292803277387307e-01 2.393608994458254757e-01 1.643709273197972850e-03
9.709583165503996582e-01 2.392430390428645359e-01 1.650803633052767274e-03
9.709879596752671871e-01 2.391226599639097727e-01 1.656809880344357498e-03
9.710181028602179465e-01 2.390001921441670674e-01 1.661756409851490980e-03
9.710486424120930993e-01 2.388760535583738798e-01 1.665673319808801079e-03
9.710794779449376524e-01 2.387506495816820451e-01 1.668592261145264476e-03
9.711105125208990829e-01 2.386243724101326236e-01 1.670546288708977482e-03
9.711416527742248173e-01 2.384976005398766752e-01 1.671569714787755597e-03
9.711728090188356255e-01 2.383706983041786465e-01 1.671697965217285638e-03
9.712038953399844132e-01 2.382440154671280896e-01 1.670967438350726359e-03
9.712348296705375361e-01 2.381178868728810183e-01 1.669415367145856083e-03
9.712655338524385229e-01 2.379926321491545593e-01 1.667079684608081943e-03
9.712959336839346314e-01 2.378685554636065791e-01 1.663998892809923297e-03
9.713259589531600957e-01 2.377459453316478344e-01 1.660211935689984456e-03
9.713555434586825799e-01 2.376250744741553456e-01 1.655758075816967734e-03
9.713846250176271235e-01 2.375061997234843014e-01 1.650676775286980891e-03
9.714131454619967521e-01 2.373895619761104969e-01 1.645007580905301489e-03
9.714410506238095877e-01 2.372753861901769068e-01 1.638790013786898701e-03
9.714682903096741873e-01 2.371638814261652350e-01 1.632063463493411406e-03
9.714948182654180586e-01 2.370552409288683160e-01 1.624867086807975630e-03
9.715205921313820880e-01 2.369496422487991361e-01 1.617239711233305023e-03
9.715455733889833967e-01 2.368472474011394380e-01 1.609219743282796697e-03
9.715697272991418165e-01 2.367482030603036969e-01 1.600845081619162212e-03
9.715930228331535190e-01 2.366526407881732741e-01 1.592153035080235389e-03
9.716154325965832284e-01 2.365606772940406499e-01 1.583180245617165716e-03
9.716369327467334616e-01 2.364724147242939223e-01 1.573962616156226232e-03
9.716575029042346934e-01 2.363879409798683995e-01 1.564535243381948203e-03
9.716771260592865778e-01 2.363073300594936144e-01 1.554932355426269985e-03
9.716957884730620387e-01 2.362306424267712202e-01 1.545187254435876614e-03
9.717134795747729425e-01 2.361579253991308858e-01 1.535332263977914327e-03
9.717301918548783002e-01 2.360892135567289052e-01 1.525398681232817194e-03
9.717459207548981848e-01 2.360245291693748027e-01 1.515416733912086384e-03
9.717606645542815613e-01 2.359638826395983324e-01 1.505415541828537731e-03
9.717744242547584621e-01 2.359072729599984708e-01 1.495423083036776955e-03
9.717872034625898436e-01 2.358546881830508590e-01 1.485466164452486741e-03
9.717990082691115861e-01 2.358061059015879035e-01 1.475570396850532954e-03
9.718098471299534413e-01 2.357614937382070119e-01 1.465760174133895867e-03
9.718197307432966392e-01 2.357208098419074638e-01 1.456058656758050813e-03
9.718286719275168739e-01 2.356840033903040144e-01 1.446487759188601948e-03
9.718366854985455161e-01 2.356510150958159022e-01 1.437068141263777698e-03
9.718437881472645756e-01 2.356217777142827763e-01 1.427819203327775066e-03
9.718499983172356194e-01 2.355962165545147646e-01 1.418759084995898463e-03
9.718553360830498589e-01 2.355742499873408335e-01 1.409904667407996725e-03
9.718598230295691920e-01 2.355557899527792043e-01 1.401271578822807550e-03
9.718634821323157702e-01 2.355407424640136860e-01 1.392874203402498946e-03
9.718663376392528974e-01 2.355290081069224550e-01 1.384725693033930652e-03
9.718684149541864103e-01 2.355204825339684005e-01 1.376837982030912648e-03
9.718697405220022567e-01 2.355150569513242975e-01 1.369221804560039361e-03
9.718703417159428870e-01 2.355126185981705200e-01 1.361886714631469972e-03
9.718702467271128631e-01 2.355130512171682566e-01 1.354841108495322176e-03
9.718694844563908752e-01 2.355162355151759479e-01 1.348092249284117174e-03
9.718680844089130355e-01 2.355220496133423047e-01 1.341646293741945856e-03
9.718660765912814359e-01 2.355303694857738828e-01 1.335508320881692319e-03
9.718634914116383028e-01 2.355410693860400251e-01 1.329682362412752152e-03
9.718603595827366437e-01 2.355540222608421275e-01 1.324171434783168308e-03
9.718567120281250693e-01 2.355691001502374371e-01 1.318977572681994965e-03
9.718525797915548159e-01 2.355861745738698221e-01 1.314101863849934321e-03
9.718479939497048914e-01 2.356051169027221504e-01 1.309544485048863647e-03
9.718429855283110541e-01 2.356257987159643963e-01 1.305304739043777100e-03
9.718375854217746745e-01 2.356480921425311570e-01 1.301381092453854794e-03
9.718318243163147629e-01 2.356718701871197141e-01 1.297771214332846040e-03
9.718257326167193400e-01 2.356970070403556217e-01 1.294472015342673166e-03
9.718193403767391159e-01 2.357233783729277277e-01 1.291479687388122442e-03
9.718126772331603380e-01 2.357508616135469137e-01 1.288789743584660679e-03
9.718057723435797879e-01 2.357793362106338220e-01 1.286397058435767614e-03
9.717986543278999134e-01 2.358086838776900784e-01 1.284295908100709831e-03
9.717913512135493148e-01 2.358387888223545947e-01 1.282480010638356420e-03
9.717838903844268073e-01 2.358695379591914665e-01 1.280942566117441528e-03
9.717762985335586245e-01 2.359008211062995075e-01 1.279676296488601889e-03
9.717686016194484466e-01 2.359325311658742597e-01 1.278673485118517108e-03
9.717608248260930504e-01 2.359645642888920647e-01 1.277926015891565382e-03
9.717529925266282786e-01 2.359968200241231440e-01 1.277425411789533029e-03
9.719865594329133440e-01 2.350195802872905582e-01 2.816963160017648890e-03
9.723612478817282856e-01 2.334421573332425004e-01 4.286449494152767652e-03
9.728676653976220390e-01 2.312924522811986294e-01 5.684953877902562680e-03
9.734955437002847933e-01 2.285984996767585486e-01 7.011745721062273909e-03
9.742339212529737003e-01 2.253884382856697066e-01 8.266283908085994558e-03
9.750713173993854621e-01 2.216904843528582636e-01 9.448207561818154632e-03
9.759958974145465094e-01 2.175329058445667207e-01 1.055732795938479907e-02
9.769956279030720392e-01 2.129439964061303203e-01 1.159362149465874639e-02
9.780584220693724351e-01 2.079520479850082149e-01 1.255722356459363503e-02
9.791722744635473763e-01 2.025853212840403317e-01 1.344842324470453022e-02
9.803253848778494817e-01 1.968720134199371530e-01 1.426765861167626076e-02
9.815062711352336988e-01 1.908402223635896067e-01 1.501551256811225858e-02
9.827038705765089865e-01 1.845179079291648372e-01 1.569270902539259688e-02
9.839076301182181350e-01 1.779328492557415431e-01 1.630010930507628727e-02
9.851075848211454655e-01 1.711125988863804737e-01 1.683870862683523734e-02
9.862944249802089169e-01 1.640844336933005576e-01 1.730963256111120105e-02
9.874595518207314182e-01 1.568753030228562106e-01 1.771413333709920615e-02
9.885951219634530052e-01 1.495117745392617326e-01 1.805358591083246547e-02
9.896940809003920148e-01 1.420199783308299102e-01 1.832948371362311604e-02
9.907501858046573462e-01 1.344255499066194237e-01 1.854343401745244674e-02
9.916515087013413332e-01 1.278046469339731983e-01 1.712529418464137781e-02
9.924353288261951178e-01 1.217580143029249468e-01 1.572012649737158582e-02
9.931129819615027721e-01 1.162808482976334518e-01 1.433135983942106922e-02
9.936948486524779245e-01 1.113667197943991882e-01 1.296225977445354324e-02
9.941903474642830307e-01 1.070076740594246151e-01 1.161592098497760475e-02
9.946079412442896395e-01 1.031943311200036739e-01 1.029526127019593854e-02
9.949551552148764300e-01 9.991598585394514953e-02 9.003016979323125168e-03
9.952386056499082922e-01 9.716070710257138088e-02 7.741739753811320741e-03
9.954640378443341264e-01 9.491543526134144093e-02 6.513794452400793744e-03
9.956363720680272422e-01 9.316607793630267420e-02 5.321358136422310939e-03
9.957597561989243173e-01 9.189760337234888221e-02 4.166419998727957305e-03
9.958376237536230580e-01 9.109413145965102043e-02 3.050782127435949960e-03
9.958727560729170314e-01 9.073902220734383905e-02 1.976061004793202604e-03
9.958673474725480146e-01 9.081496163893966467e-02 9.436896513795871473e-04
9.958230722332324092e-01 9.130404511285185321e-02 -4.507966385478750018e-05
9.957411523765308248e-01 9.218785810510875256e-02 -9.891722170094140957e-04
9.956224252523947493e-01 9.344755451139670488e-02 -1.887687185564779777e-03
9.954674100484938171e-01 9.506393253377345975e-02 -2.739893617897758323e-03
9.952763724191907579e-01 9.701750821565653660e-02 -3.545226057934001626e-03
9.950493865219571799e-01 9.928858667898148027e-02 -4.303279859582818251e-03
9.947863938399550410e-01 1.018573311016963412e-01 -5.013806219398321551e-03
9.944872582604228350e-01 1.047038294538921166e-01 -5.676706950857846566e-03
9.941518169684928630e-01 1.078081589886284164e-01 -6.292029019742810016e-03
9.937799268042957213e-01 1.111504484605066456e-01 -6.859958857307222810e-03
9.933715058169405587e-01 1.147109380226913611e-01 -7.380816466150991184e-03
9.929265698314875266e-01 1.184700367326006754e-01 -7.855049332878602519e-03
9.924452639237280049e-01 1.224083775788760570e-01 -8.283226161598293211e-03
9.919278887718538940e-01 1.265068699282746456e-01 -8.666030442967948694e-03
9.913749219234007093e-01 1.307467492813531584e-01 -9.004253874679237282e-03
9.907870340797044761e-01 1.351096242205683251e-01 -9.298789650845672508e-03
9.901651005580964782e-01 1.395775204338350062e-01 -9.550625639580577822e-03
9.895102081438309494e-01 1.441329217006095675e-01 -9.760837469980965242e-03
9.888236575890168023e-01 1.487588077359812411e-01 -9.930581551647178415e-03
9.881069620544304932e-01 1.534386888007026883e-01 -1.006108805165331112e-02
9.873618418219194393e-01 1.581566370010960287e-01 -1.015365385544272914e-02
9.865902156301695758e-01 1.628973142217712833e-01 -1.020963553937698914e-02
9.857941890049951583e-01 1.676459966554650349e-01 -1.023044238355323016e-02
9.849760399672101707e-01 1.723885959173884763e-01 -1.021752945398165906e-02
9.841382025068269312e-01 1.771116767555947769e-01 -1.017239078325552631e-02
9.832832482121683926e-01 1.818024713933774072e-01 -1.009655267844283832e-02
9.824138664368988749e-01 1.864488905639655469e-01 -9.991567184089276618e-03
9.815328433774787031e-01 1.910395313212117085e-01 -9.859005726966602046e-03
9.806430404186669003e-01 1.955636817320544063e-01 -9.700452967563343715e-03
9.797473720860163660e-01 2.000113225768402891e-01 -9.517500881337626062e-03
9.788487839224296883e-01 2.043731262017428330e-01 -9.311743090485644081e-03
9.779502305813787544e-01 2.086404526832352779e-01 -9.084769464479001619e-03
9.770546544029419245e-01 2.128053434776680242e-01 -8.838161004947954133e-03
9.761649647109686967e-01 2.168605127393463117e-01 -8.573485027694824345e-03
9.752840180409971804e-01 2.207993364980652684e-01 -8.292290651770442209e-03
9.744145994795530008e-01 2.246158398918638166e-01 -7.996104602692179555e-03
9.735594052666201037e-01 2.283046826529018802e-01 -7.686427334076493915e-03
9.727210267848240832e-01 2.318611430439914967e-01 -7.364729469248641226e-03
9.719019360315800382e-01 2.352811004406133721e-01 -7.032448561818188497e-03
9.711044726444426622e-01 2.385610167484502608e-01 -6.690986171805834645e-03
9.703308325254197397e-01 2.416979168398188937e-01 -6.341705251702748486e-03
9.695830580872706328e-01 2.446893681841471879e-01 -5.985927834859647821e-03
9.688630301239641307e-01 2.475334598380987405e-01 -5.624933016854064514e-03
9.681724612886111192e-01 2.502287809503639937e-01 -5.259955218979448476e-03
9.675128911453743097e-01 2.527743989247857037e-01 -4.892182721742050801e-03
9.668856827471035142e-01 2.551698373736189795e-01 -4.522756455238818168e-03
9.662920206777249055e-01 2.574150539805825644e-01 -4.152769032515150893e-03
9.657329104876775094e-01 2.595104183811562382e-01 -3.783264011454940453e-03
9.652091794418573567e-01 2.614566901555130940e-01 -3.415235370422966144e-03
9.647214784925011166e-01 2.632549970177200938e-01 -3.049627182745377058e-03
9.642702853841039756e-01 2.649068132735372116e-01 -2.687333475159384578e-03
9.638559087936895420e-01 2.664139386084205530e-01 -2.329198255569063947e-03
9.634784934074067664e-01 2.677784772572814331e-01 -1.976015695790115864e-03
9.631380258333758215e-01 2.690028175982470682e-01 -1.628530455432172005e-03
9.628343412508126864e-01 2.700896122041596126e-01 -1.287438133632518153e-03
9.625671306965868368e-01 2.710417583778701456e-01 -9.533858360003166690e-04
9.623359488923868277e-01 2.718623791905465104e-01 -6.269728448367747030e-04
9.621402225184491064e-01 2.725548050362130437e-01 -3.087513814465547477e-04
9.619792588432415359e-01 2.731225557105619872e-01 7.725498672188271104e-07
9.618522546224591574e-01 2.735693230176877155e-01 3.011382457426388056e-04
9.617583051851000819e-01 2.738989539047591015e-01 5.919293244632847350e-04
9.616964136291404897e-01 2.741154341217134638e-01 8.727726914813199689e-04
9.616655000543395948e-01 2.742228724007740870e-01 1.143337457060817058e-03
9.616644107649039430e-01 2.742254851489048795e-01 1.403333812621201113e-03
9.616919273800559331e-01 2.741275816451588798e-01 1.652511871677518531e-03
9.617467757959272667e-01 2.739335497341909842e-01 1.890660480634878638e-03
9.618276349475777254e-01 2.736478420069236583e-01 2.117606004103004570e-03
9.619331453252820685e-01 2.732749624594209559e-01 2.333211088856166748e-03
9.620619172044925227e-01 2.728194536213766619e-01 2.537373410075545455e-03
9.622125385540332143e-01 2.722858841462010293e-01 2.730024403075807272e-03
9.623835825920914466e-01 2.716788368554443611e-01 2.911127983335035259e-03
9.625736149644132933e-01 2.710028972311728790e-01 3.080679257315884975e-03
9.627812005237613713e-01 2.702626423508666109e-01 3.238703226284043481e-03
9.630049096941423192e-01 2.694626302603996271e-01 3.385253485095171024e-03
9.632433244075349066e-01 2.686073897816520506e-01 3.520410917730506031e-03
9.634950436048448363e-01 2.677014107522565078e-01 3.644282391210771667e-03
9.637586882965618607e-01 2.667491346958741349e-01 3.756999449404228690e-03
9.640329061820954726e-01 2.657549459221996146e-01 3.858717008163742475e-03
9.643163758300093980e-01 2.647231630565958782e-01 3.949612053175598388e-03
9.646078104243607232e-01 2.636580309998374783e-01 4.029882341875360742e-03
9.649059610850715396e-01 2.625637133188910566e-01 4.099745110779384055e-03
9.652096197727209059e-01 2.614442850699713605e-01 4.159435789590640656e-03
9.655176217903441716e-01 2.603037260552795162e-01 4.209206723460577095e-03
9.658288478967647084e-01 2.591459145148566900e-01 4.249325904821154611e-03
9.661422260476658641e-01 2.579746212548722495e-01 4.280075716239671244e-03
9.664567327820440257e-01 2.567935042134169565e-01 4.301751685790332867e-03
9.667713942728705101e-01 2.556061034644944718e-01 4.314661256478008119e-03
9.670852870617403507e-01 2.544158366604099553e-01 4.319122571288634346e-03
9.673975384980085801e-01 2.532259949121491438e-01 4.315463275475160329e-03
9.677073269034177638e-01 2.520397391066410142e-01 4.304019337715807650e-03
9.680138814835170802e-01 2.508600966590118775e-01 4.285133891801224011e-03
9.683164820072721612e-01 2.496899586970812435e-01 4.259156100517551800e-03
9.686144582761840871e-01 2.485320776744363025e-01 4.226440043392534936e-03
9.689071894039800181e-01 2.473890654074629991e-01 4.187343629960883426e-03
9.691941029275328301e-01 2.462633915307216870e-01 4.142227540182783982e-03
9.694746737691153360e-01 2.451573823640482985e-01 4.091454193615483466e-03
9.697484230694206619e-01 2.440732201837494120e-01 4.035386748892415276e-03
9.700149169099919755e-01 2.430129428892533194e-01 3.974388135007523963e-03
9.702737649428245792e-01 2.419784440555910188e-01 3.908820115834852477e-03
9.705246189439384885e-01 2.409714733611205972e-01 3.839042389235537873e-03
9.707671713066926555e-01 2.399936373789858524e-01 3.765411722016966806e-03
9.710011534895315322e-01 2.390464007199220309e-01 3.688281121912688563e-03
9.712263344317392244e-01 2.381310875131976701e-01 3.607999047647785212e-03
9.714425189496377344e-01 2.372488832117161106e-01 3.524908658043642787e-03
9.716495461245154841e-01 2.364008367065995042e-01 3.439347100999548719e-03
9.718472876924270087e-01 2.355878627359462019e-01 3.351644843067243165e-03
9.720356464448703937e-01 2.348107445718930208e-01 3.262125040209550367e-03
9.722145546482385825e-01 2.340701369696279732e-01 3.171102950206555662e-03
9.723839724888660996e-01 2.333665693615900594e-01 3.078885387043465809e-03
9.725438865494572260e-01 2.327004492797605795e-01 2.985770217484300538e-03
9.726943083216950114e-01 2.320720659886941206e-01 2.892045899905838855e-03
9.728352727589016924e-01 2.314815943117582431e-01 2.797991065337671144e-03
9.729668368717501181e-01 2.309290986329462225e-01 2.703874140527632707e-03
9.730890783692195400e-01 2.304145370565953144e-01 2.609953012728061152e-03
9.732020943462522666e-01 2.299377657073827796e-01 2.516474735777944095e-03
9.733060000188983318e-01 2.294985431530786324e-01 2.423675276939757286e-03
9.734009275071380252e-01 2.290965349327070966e-01 2.331779303838159463e-03
9.734870246650447756e-01 2.287313181730032119e-01 2.241000010741256345e-03
9.735644539574959122e-01 2.284023862763436552e-01 2.151538983324279789e-03
9.736333913822495800e-01 2.281091536636784822e-01 2.063586100960618404e-03
9.736940254358872338e-01 2.278509605563890927e-01 1.977319475496496729e-03
9.737465561218633381e-01 2.276270777814429491e-01 1.892905425383483711e-03
9.737911939987099474e-01 2.274367115847042708e-01 1.810498483967572627e-03
9.738281592663046160e-01 2.272790084377873110e-01 1.730241440665015095e-03
9.738576808880261559e-01 2.271530598244014265e-01 1.652265413693421734e-03
9.738799957465856805e-01 2.270579069927309013e-01 1.576689952971972427e-03
9.738953478313293610e-01 2.269925456610135672e-01 1.503623171756842195e-03
9.739039874548557352e-01 2.269559306641261709e-01 1.433161905537183719e-03
9.739061704968746680e-01 2.269469805296486231e-01 1.365391896683037370e-03
9.739021576733440932e-01 2.269645819725592539e-01 1.300388003309350168e-03
9.738922138290599939e-01 2.270075942984051132e-01 1.238214430799667058e-03
9.738766072520314010e-01 2.270748537054928795e-01 1.178924984418886065e-03
9.738556090081449401e-01 2.271651774773529864e-01 1.122563341436524052e-03
9.738294922948070864e-01 2.272773680574385335e-01 1.069163341180029902e-03
9.737985318124461331e-01 2.274102169987300137e-01 1.018749291441555568e-03
9.737630031529472818e-01 2.275625087816221248e-01 9.713362896710251750e-04
9.737231822042927698e-01 2.277330244941680182e-01 9.269305574030337405e-04
9.736793445708670225e-01 2.279205453694472805e-01 8.855297863848181827e-04
9.736317650090744458e-01 2.281238561755033201e-01 8.471234948969468556e-04
9.735807168780918897e-01 2.283417484539615461e-01 8.116933927872114433e-04
9.735264716057439038e-01 2.285730236040903751e-01 7.792137537711351985e-04
9.734692981696407843e-01 2.288164958097002877e-01 7.496517935892542568e-04
9.734094625938565226e-01 2.290709948068895274e-01 7.229680526515457149e-04
9.733472274615465603e-01 2.293353684912387558e-01 6.991167818427691891e-04
9.732828514440089451e-01 2.296084853636270184e-01 6.780463302087292492e-04
9.732165888467823045e-01 2.298892368143892750e-01 6.596995332922398229e-04
9.733853890669147413e-01 2.291639847010993325e-01 2.185956623613634006e-03
9.736911837869819397e-01 2.278425431757973851e-01 3.644280498594086332e-03
9.741254112390561604e-01 2.259521469508479208e-01 5.033666147538822314e-03
9.746786073982458554e-01 2.235201908260328885e-01 6.353310730965979619e-03
9.753405830996799697e-01 2.205741961231497683e-01 7.602603067687985737e-03
9.761005934611922674e-01 2.171417801369288914e-01 8.781114270396704613e-03
9.769474988867512533e-01 2.132506271546616705e-01 9.888589463921220596e-03
9.778699170404244745e-01 2.089284597945122723e-01 1.092494049708114118e-02
9.788563652786176350e-01 2.042030096142746498e-01 1.189023954107376949e-02
9.798953931136087370e-01 1.991019861441334360e-01 1.278471345428324954e-02
9.809757043577753688e-01 1.936530436951265088e-01 1.360873878493434712e-02
9.820862686687024112e-01 1.878837454862926915e-01 1.436283727876657736e-02
9.832164222833370548e-01 1.818215248151291707e-01 1.504767175849613080e-02
9.843559577967222474e-01 1.754936431655560736e-01 1.566404224487130334e-02
9.854952029091827992e-01 1.689271453030108394e-01 1.621288219520886087e-02
9.866250881361592340e-01 1.621488115458293300e-01 1.669525474401076931e-02
9.877372035476121859e-01 1.551851075243065037e-01 1.711234884118148503e-02
9.888238446789663350e-01 1.480621318427093880e-01 1.746547519606857224e-02
9.898780478323779830e-01 1.408055621443376482e-01 1.775606194960483580e-02
9.908936150647636998e-01 1.334406001451617640e-01 1.798565001181264000e-02
9.917585532605699417e-01 1.270432218758286436e-01 1.658389794855544969e-02
9.925101445878675710e-01 1.212135669000363736e-01 1.519598945309804348e-02
9.931592663802029097e-01 1.159463995206540810e-01 1.382527476247529842e-02
9.937158578918618979e-01 1.112349047165461929e-01 1.247494009454953347e-02
9.941889173224601750e-01 1.070707867028919402e-01 1.114800064571025255e-02
9.945865112684919573e-01 1.034443678551311974e-01 9.847295083887975392e-03
9.949157954287728423e-01 1.003446872027962122e-01 8.575481415833582227e-03
9.951830453281630406e-01 9.775959785237843536e-02 7.335034105528912690e-03
9.953936957883245951e-01 9.567586283900969546e-02 6.128242321862509626e-03
9.955523878625621714e-01 9.407924903271593087e-02 4.957209197755806269e-03
9.956630219609887700e-01 9.295461883478746412e-02 3.823851989187177121e-03
9.957288159193913302e-01 9.228601949262872639e-02 2.729903030478825730e-03
9.957523668074366174e-01 9.205676993720347812e-02 1.676911391261708909e-03
9.957357153266520600e-01 9.224954510635421934e-02 6.662451502384455874e-04
9.956804117135760190e-01 9.284645776079118729e-02 -3.009057892022033373e-04
9.955875821364781331e-01 9.382913782873260333e-02 -1.223526406670635922e-03
9.954579946532244872e-01 9.517880933162142787e-02 -2.100772851563342293e-03
9.952921238815676253e-01 9.687636494881726734e-02 -2.931968356095221093e-03
9.950902136199260006e-01 9.890243827554190403e-02 -3.716598813940600026e-03
9.948523367453362409e-01 1.012374738175505079e-01 -4.454308057073068199e-03
9.945784518045953648e-01 1.038617947498873262e-01 -5.144892857705093449e-03
9.942684558036872788e-01 1.067556684474585127e-01 -5.788297677652472738e-03
9.939222327885244290e-01 1.098993697736867781e-01 -6.384609183972821643e-03
9.935396978960369108e-01 1.132732420917100941e-01 -6.934050547302217198e-03
9.931208366379811192e-01 1.168577559417738748e-01 -7.436975537860221822e-03
9.926657392598413621e-01 1.206335653097597160e-01 -7.893862433507491810e-03
9.921746300932515750e-01 1.245815613960992024e-01 -8.305307754400812273e-03
9.916478918918907315e-01 1.286829237823230720e-01 -8.672019839564707247e-03
9.910860852073006821e-01 1.329191688846671215e-01 -8.994812281947463239e-03
9.904899629220778046e-01 1.372721955807597871e-01 -9.274597240111998736e-03
9.898604801130088671e-01 1.417243278965272524e-01 -9.512378646491683257e-03
9.891987994656414873e-01 1.462583546459669537e-01 -9.709245333988560794e-03
9.885062925042599202e-01 1.508575659261058022e-01 -9.866364104488038744e-03
9.877845369371240913e-01 1.555057863828899212e-01 -9.984972764505295820e-03
9.870353104460659610e-01 1.601874051804610122e-01 -1.006637315457541149e-02
9.862605812721459975e-01 1.648874026256927916e-01 -1.011192420007950808e-02
9.854624959651872018e-01 1.695913734213717883e-01 -1.012303501190878890e-02
9.846433646748281587e-01 1.742855465443630958e-01 -1.010115806567068834e-02
9.838056443645795124e-01 1.789568017688560331e-01 -1.004778248801702772e-02
9.829519203285984608e-01 1.835926828787026177e-01 -9.964427478119906173e-03
9.820848863839624077e-01 1.881814076363501342e-01 -9.852635891348477878e-03
9.812073240996252999e-01 1.927118745983825432e-01 -9.713968010833214442e-03
9.803220814075238598e-01 1.971736668887429933e-01 -9.549995530878853389e-03
9.794320509220366677e-01 2.015570530599055110e-01 -9.362295774147133195e-03
9.785401482717858146e-01 2.058529851892674511e-01 -9.152446162225869736e-03
9.776492907231979501e-01 2.100530943725971156e-01 -8.922018956686983415e-03
9.767623763488980648e-01 2.141496837883264948e-01 -8.672576285069540439e-03
9.758822639664631593e-01 2.181357195157360429e-01 -8.405665463462205778e-03
9.750117540448454134e-01 2.220048192966201650e-01 -8.122814624558513316e-03
9.741535707473911732e-01 2.257512394338976047e-01 -7.825528657271110800e-03
9.733103452522740007e-01 2.293698600219465922e-01 -7.515285461266418311e-03
9.724846004637384134e-01 2.328561687023580073e-01 -7.193532517162734390e-03
9.716787372011592705e-01 2.362062431355053116e-01 -6.861683770660681470e-03
9.708950219278517091e-01 2.394167323730580499e-01 -6.521116826576828229e-03
9.701355760580583354e-01 2.424848373095619680e-01 -6.173170446654558351e-03
9.694023668587777864e-01 2.454082903827378426e-01 -5.819142343149869868e-03
9.686971999432143487e-01 2.481853346824792195e-01 -5.460287258546378183e-03
9.680217133347055469e-01 2.508147026179208261e-01 -5.097815320350294367e-03
9.673773730640702340e-01 2.532955942806642269e-01 -4.732890658753970657e-03
9.667654702494123953e-01 2.556276556305265846e-01 -4.366630274032423306e-03
9.661871195954866431e-01 2.578109566182510415e-01 -4.000103139843353556e-03
9.656432592397239389e-01 2.598459693476888321e-01 -3.634329528126471320e-03
9.651346518638426186e-01 2.617335463682189389e-01 -3.270280541028207887e-03
9.646618869835341670e-01 2.634748991767690840e-01 -2.908877835196727567e-03
9.642253843238977051e-01 2.650715769978808645e-01 -2.550993523881467818e-03
9.638253981849781438e-01 2.665254458999297138e-01 -2.197450242512004933e-03
9.634620226998060755e-01 2.678386682959594811e-01 -1.849021363803060114e-03
9.631351978866158348e-01 2.690136828686832127e-01 -1.506431348916092983e-03
9.628447163972916334e-01 2.700531849510837135e-01 -1.170356221783483072e-03
9.625902308654328277e-01 2.709601073867423660e-01 -8.414241543499012543e-04
9.623712617596125174e-01 2.717376018875446442e-01 -5.202161511890377376e-04
9.621872056503053550e-01 2.723890209007422403e-01 -2.072668226955016253e-04
9.620373438024730772e-01 2.729178999924812277e-01 9.693476318408517350e-05
9.619208510098081755e-01 2.733279407507970826e-01 3.919441599441358167e-04
9.618368045910558051e-01 2.736229942076895960e-01 6.773605607321419317e-04
9.617841934735693599e-01 2.738070447771806526e-01 9.528257635212132939e-04
9.617619272942292685e-01 2.738841947041649738e-01 1.218023090255900562e-03
9.617688454529932374e-01 2.738586490173362531e-01 1.472676266287861356e-03
9.618037260595865279e-01 2.737347009784469321e-01 1.716548265760675651e-03
9.618652947191259628e-01 2.735167180195764436e-01 1.949440127989773060e-03
9.619522331077532407e-01 2.732091281598828525e-01 2.171189749317753263e-03
9.620631872945850649e-01 2.728164068934328945e-01 2.381670654409725422e-03
9.621967757714358083e-01 2.723430645400910510e-01 2.580790750489039744e-03
9.623515971567974114e-01 2.717936340520409333e-01 2.768491067601209880e-03
9.625262375454448627e-01 2.711726592692639826e-01 2.944744487632324284e-03
9.627192774797500574e-01 2.704846836181584724e-01 3.109554464496462611e-03
9.629292985233111057e-01 2.697342392484071705e-01 3.262953737642475607e-03
9.631548894218215917e-01 2.689258366041501480e-01 3.405003040811364033e-03
9.633946518402032311e-01 2.680639544264584173e-01 3.535789807798337455e-03
9.636472056688900611e-01 2.671530301850015832e-01 3.655426876834979438e-03
9.639111938957787284e-01 2.661974509376327513e-01 3.764051195103149377e-03
9.641852870437351841e-01 2.652015446173557889e-01 3.861822524819436171e-03
9.644681871766723757e-01 2.641695717467733018e-01 3.948922152283179665e-03
9.647586314800817853e-01 2.631057175806283399e-01 4.025551601258371692e-03
9.650553954245103538e-01 2.620140846774374199e-01 4.091931352056151633e-03
9.653572955228232333e-01 2.608986859014600368e-01 4.148299567696400562e-03
9.656631916941890159e-01 2.597634378563608570e-01 4.194910828550367683e-03
9.659719892495599591e-01 2.586121547518920316e-01 4.232034876897955260e-03
9.662826405150072295e-01 2.574485427047604191e-01 4.259955372869973778e-03
9.665941461106153376e-01 2.562761944745516884e-01 4.278968663284429298e-03
9.669055559037403880e-01 2.550985846351683239e-01 4.289382564924042011e-03
9.672159696563111808e-01 2.539190651817114786e-01 4.291515163837319666e-03
9.675245373864999054e-01 2.527408615721055130e-01 4.285693632275600073e-03
9.678304594655278148e-01 2.515670692020439136e-01 4.272253064901736924e-03
9.681329864706079702e-01 2.504006503110359216e-01 4.251535335921078143e-03
9.684314188150729974e-01 2.492444313164684511e-01 4.223887978790937144e-03
9.687251061766076754e-01 2.481011005716810824e-01 4.189663090160044949e-03
9.690134467442125255e-01 2.469732065430961798e-01 4.149216259673803135e-03
9.692958863040849193e-01 2.458631564004645775e-01 4.102905527254339588e-03
9.695719171840248007e-01 2.447732150132916895e-01 4.051090369426162650e-03
9.698410770752803334e-01 2.437055043455128300e-01 3.994130716208826870e-03
9.701029477499439890e-01 2.426620032395004900e-01 3.932386000037721950e-03
9.703571536911219653e-01 2.416445475795203912e-01 3.866214238103349299e-03
9.706033606521324852e-01 2.406548308238188882e-01 3.795971149418902145e-03
9.708412741599631302e-01 2.396944048936285321e-01 3.722009307836338966e-03
9.710706379771456564e-01 2.387646814065310097e-01 3.644677332133254306e-03
9.712912325351028553e-01 2.378669332408220871e-01 3.564319114187674328e-03
9.715028733508982439e-01 2.370022964167902424e-01 3.481273086146334864e-03
9.717054094381919471e-01 2.361717722801510710e-01 3.395871527375110555e-03
9.718987217220800279e-01 2.353762299722796103e-01 3.308439911859022576e-03
9.720827214663888549e-01 2.346164091713547895e-01 3.219296296594730943e-03
9.722573487209125176e-01 2.338929230880755772e-01 3.128750751391579620e-03
9.724225707950376885e-01 2.332062616992293669e-01 3.037104830369156787e-03
9.725783807631938060e-01 2.325567952020897999e-01 2.944651085310837340e-03
9.727247960066158772e-01 2.319447776723932986e-01 2.851672620904866992e-03
9.728618567950071405e-01 2.313703509084905907e-01 2.758442691778037904e-03
9.729896249108537232e-01 2.308335484441894903e-01 2.665224341102697195e-03
9.731081823183680424e-01 2.303342997127969527e-01 2.572270080436486663e-03
9.732176298783347113e-01 2.298724343449288499e-01 2.479821610336457698e-03
9.733180861094919978e-01 2.294476865827833334e-01 2.388109581175692879e-03
9.734096859965174486e-01 2.290596997937636436e-01 2.297353393481800336e-03
9.734925798441854683e-01 2.287080310665866867e-01 2.207761037013113419e-03
9.735669321768365414e-01 2.283921558733209289e-01 2.119528967690539542e-03
9.736329206819351878e-01 2.281114727811565379e-01 2.032842021411079923e-03
9.736907351961957557e-01 2.278653081981201201e-01 1.947873363683412951e-03
9.737405767325214567e-01 2.276529211374000439e-01 1.864784473946769390e-03
9.737826565458225225e-01 2.274735079854440789e-01 1.783725163361852368e-03
9.738171952356611261e-01 2.273262072595241268e-01 1.704833624796845120e-03
9.738444218835987654e-01 2.272101043410285348e-01 1.628236513672720598e-03
9.738645732230966079e-01 2.271242361713391167e-01 1.554049058280094348e-03
9.738778928398406087e-01 2.270675958977709519e-01 1.482375198134797166e-03
9.738846304004156185e-01 2.270391374576972432e-01 1.413307748901066092e-03
9.738850409073426251e-01 2.270377800896432041e-01 1.346928592379737118e-03
9.738793839786081818e-01 2.270624127608093790e-01 1.283308890033914339e-03
9.738679231499555167e-01 2.271118985011732483e-01 1.222509318506146249e-03
9.738509251983625825e-01 2.271850786350132489e-01 1.164580325569017404e-03
9.738286594853067246e-01 2.272807769014001389e-01 1.109562404945023395e-03
9.738013973185949412e-01 2.273978034559024919e-01 1.057486388431457197e-03
9.737694113317284517e-01 2.275349587464539636e-01 1.008373753771547908e-03
9.737329748799602447e-01 2.276910372570261354e-01 9.622369467240001872e-04
9.736923614523925741e-01 2.278648311134406357e-01 9.190797157991415856e-04
9.736478440996479966e-01 2.280551335463343321e-01 8.788974581507866344e-04
9.735996948768240733e-01 2.282607422069600212e-01 8.416775751384079126e-04
9.735481843016116077e-01 2.284804623321595451e-01 8.073998361039681640e-04
9.734935808276137248e-01 2.287131097554850612e-01 7.760367489414835051e-04
9.734361503330468679e-01 2.289575137620652456e-01 7.475539360747902482e-04
9.733761556251344649e-01 2.292125197854145702e-01 7.219105144997271968e-04
9.733138559606188123e-01 2.294769919449645146e-01 6.990594785907273002e-04
9.732495065829123160e-01 2.297498154236533585e-01 6.789480844183317732e-04
9.731833582764916057e-01 2.300298986854464600e-01 6.615182343730543211e-04
9.731156569391997690e-01 2.303161755331687710e-01 6.467068609420566173e-04
9.730466431731695787e-01 2.306076070075160356e-01 6.344463085379349913e-04
9.729765518951067893e-01 2.309031831285702774e-01 6.246647123332371362e-04
9.729056119666894542e-01 2.312019244815768093e-01 6.172863731098858541e-04
9.728340458458313300e-01 2.315028836491458131e-01 6.122321271891441883e-04
9.727620692595437824e-01 2.318051464924189287e-01 6.094197105648887624e-04
9.726898908990949666e-01 2.321078332840924574e-01 6.087641164204572871e-04
9.726177121381217594e-01 2.324100996965121624e-01 6.101779452669923347e-04
9.725457267742939615e-01 2.327111376483511074e-01 6.135717469987388368e-04
9.724741207950610145e-01 2.330101760136516209e-01 6.188543542179633997e-04
9.724030721679365330e-01 2.333064811972560548e-01 6.259332062388370558e-04
9.723327506556926902e-01 2.335993575808684164e-01 6.347146632355347247e-04
9.722633176567431201e-01 2.338881478441812434e-01 6.451043100548093778e-04
9.721949260709004115e-01 2.341722331656702072e-01 6.570072492671934000e-04
9.721277201905925702e-01 2.344510333078025366e-01 6.703283830836257850e-04
9.720618356175222408e-01 2.347240065915269791e-01 6.849726838155609796e-04
9.719973992046475608e-01 2.349906497650117443e-01 7.008454526063609890e-04
9.719345290232618284e-01 2.352504977716749490e-01 7.178525662098850192e-04
9.718733343548459080e-01 2.355031234226100945e-01 7.359007116385981456e-04
9.718139157072663847e-01 2.357481369785473790e-01 7.548976085481239268e-04
9.717563648547965505e-01 2.359851856465129127e-01 7.747522192679014413e-04
9.717007649013421622e-01 2.362139529963503681e-01 7.953749464284407770e-04
9.716471903661670906e-01 2.364341583022581406e-01 8.166778181745245778e-04
9.715957072913273818e-01 2.366455558144665849e-01 8.385746609906025552e-04
9.715463733699483129e-01 2.368479339661384853e-01 8.609812601994880701e-04
9.714992380944046380e-01 2.370411145205217895e-01 8.838155082283558105e-04
9.714543429234013816e-01 2.372249516633160304e-01 9.069975407668940358e-04
9.714117214668945843e-01 2.373993310451371352e-01 9.304498609713494125e-04
9.713713996877417767e-01 2.375641687788768164e-01 9.540974518950992448e-04
9.713333961189291044e-01 2.377194103966561722e-01 9.778678773513559477e-04
9.712977220951871660e-01 2.378650297709674066e-01 1.001691371436648232e-03
9.712643819977799797e-01 2.380010280044851378e-01 1.025500916964915176e-03
9.712333735112315125e-01 2.381274322929089748e-01 1.049232313081397815e-03
9.712046878907419911e-01 2.382442947650736387e-01 1.072824232343104174e-03
9.711783102390396660e-01 2.383516913044322616e-01 1.096218267568476422e-03
9.711542197914161401e-01 2.384497203558831047e-01 1.119358968773090162e-03
9.711323902077000358e-01 2.385385017217714065e-01 1.142193870520791417e-03
9.711127898699389860e-01 2.386181753507548020e-01 1.164673510030726170e-03
9.710953821845792477e-01 2.386889001230764751e-01 1.186751436390254657e-03
9.710801258879576681e-01 2.387508526356425520e-01 1.208384211231873420e-03
9.710669753539519222e-01 2.388042259901512476e-01 1.229531401239017342e-03
9.710558809026692551e-01 2.388492285873714260e-01 1.250155562851069978e-03
9.710467891090938108e-01 2.388860829305167466e-01 1.270222219542126770e-03
9.710396431106558257e-01 2.389150244405107981e-01 1.289699832051072192e-03
9.710343829127319193e-01 2.389363002857869123e-01 1.308559761942443972e-03
9.710309456911353498e-01 2.389501682291151896e-01 1.326776228878402122e-03
9.710292660907061668e-01 2.389568954937994205e-01 1.344326261981935782e-03
9.710292765191649300e-01 2.389567576514365077e-01 1.361189645670336920e-03
9.710309074354496195e-01 2.389500375332834214e-01 1.377348860335932731e-03
9.710340876318092063e-01 2.389370241671294193e-01 1.392789018248208029e-03
9.710387445089871949e-01 2.389180117414269333e-01 1.407497795047777354e-03
9.710448043438829613e-01 2.388932985982909762e-01 1.421465357198248855e-03
9.710521925491372164e-01 2.388631862568364461e-01 1.434684285756903039e-03
9.710608339241451059e-01 2.388279784681840989e-01 1.447149496819338495e-03
9.710706528970554086e-01 2.387879803033299553e-01 1.458858158986840996e-03
9.710815737573700313e-01 2.387434972749400419e-01 1.469809608198276770e-03
9.710935208788131767e-01 2.386948344940015287e-01 1.480005260260823258e-03
9.711064189321896301e-01 2.386422958621346180e-01 1.489448521405864869e-03
9.711201930880052346e-01 2.385861833002448917e-01 1.498144697187954151e-03
9.711347692086701455e-01 2.385267960140753929e-01 1.506100900035889584e-03
9.711500740301529655e-01 2.384644297971002525e-01 1.513325955755732413e-03
9.711660353329996109e-01 2.383993763710875180e-01 1.519830309276013662e-03
9.711825821026722760e-01 2.383319227645490923e-01 1.525625929915498192e-03
9.711996446792057203e-01 2.382623507291891096e-01 1.530726216443708708e-03
9.712171548962155176e-01 2.381909361943591319e-01 1.535145902194007782e-03
9.712350462093297665e-01 2.381179487594303201e-01 1.538900960478407258e-03
9.712532538141465110e-01 2.380436512238978397e-01 1.542008510542464302e-03
9.712717147538540985e-01 2.379682991549419702e-01 1.544486724287659875e-03
9.712903680166755649e-01 2.378921404920843197e-01 1.546354733977563841e-03
9.713091546233284523e-01 2.378154151884946388e-01 1.547632541132897563e-03
9.713280177047121100e-01 2.377383548884261788e-01 1.548340926809342426e-03
9.713469025700571802e-01 2.376611826401832384e-01 1.548501363440640084e-03
9.713657567657909553e-01 2.375841126439552364e-01 1.548135928418205992e-03
9.713845301253891673e-01 2.375073500337863686e-01 1.547267219567153478e-03
9.714031748104998698e-01 2.374310906928886189e-01 1.545918272667361421e-03
9.714216453436367305e-01 2.373555211014496957e-01 1.544112481156967396e-03
9.714398986327512642e-01 2.372808182160346668e-01 1.541873518144547478e-03
9.714578939880023079e-01 2.372071493796322761e-01 1.539225260845180927e-03
9.714755931310468107e-01 2.371346722613529023e-01 1.536191717544698691e-03
9.714929601971842299e-01 2.370635348247455976e-01 1.532796957185633170e-03
9.715099617306882651e-01 2.369938753236661699e-01 1.529065041657791174e-03
9.715265666736644379e-01 2.369258223245970241e-01 1.525019960865957184e-03
9.715427463487718018e-01 2.368594947542918827e-01 1.520685570637021061e-03
9.715584744361481784e-01 2.367950019715959753e-01 1.516085533518844036e-03
9.715737269448769808e-01 2.367324438622718796e-01 1.511243262513433955e-03
9.715884821793312476e-01 2.366719109556467693e-01 1.506181867777505335e-03
9.716027207007276179e-01 2.366134845618841909e-01 1.500924106314297044e-03
9.716164252842203197e-01 2.365572369286758625e-01 1.495492334671578820e-03
9.716295808718581339e-01 2.365032314161440719e-01 1.489908464652154934e-03
9.716421745217243000e-01 2.364515226887443367e-01 1.484193922034849483e-03
9.716541953535723364e-01 2.364021569229597941e-01 1.478369608295960688e-03
9.716656344912644183e-01 2.363551720295843372e-01 1.472455865313498273e-03
9.716764850023111855e-01 2.363105978893998149e-01 1.466472443029195926e-03
9.716867418348070773e-01 2.362684566010637144e-01 1.460438470036301865e-03
9.716964017520439700e-01 2.362287627400380674e-01 1.454372427054529109e-03
9.717054632650805601e-01 2.361915236274067798e-01 1.448292123247261901e-03
9.717139265635362788e-01 2.361567396074478187e-01 1.442214675330224507e-03
9.717217934448684202e-01 2.361244043328485642e-01 1.436156489415254698e-03
9.717290672423850584e-01 2.360945050564757508e-01 1.430133245527666006e-03
9.717357527522350047e-01 2.360670229286379318e-01 1.424159884730856647e-03
9.717418561596100623e-01 2.360419332988056840e-01 1.418250598787390354e-03
9.717473849643822881e-01 2.360192060207844389e-01 1.412418822281699031e-03
9.717523479063943093e-01 2.359988057603657485e-01 1.406677227125839678e-03
9.717567548906077546e-01 2.359806923045158489e-01 1.401037719366389966e-03
9.717606169123085280e-01 2.359648208711934425e-01 1.395511438207569510e-03
9.717639459825577752e-01 2.359511424189245088e-01 1.390108757163036404e-03
9.717667550540689536e-01 2.359396039552973667e-01 1.384839287246499928e-03
9.717690579476809809e-01 2.359301488435787408e-01 1.379711882109339828e-03
9.717708692795914427e-01 2.359227171066886342e-01 1.374734645031793238e-03
9.717722043895022921e-01 2.359172457278105872e-01 1.369914937672959965e-03
9.717730792698237030e-01 2.359136689469525927e-01 1.365259390483895829e-03
9.717735104960725234e-01 2.359119185528127660e-01 1.360773914687368833e-03
9.717735151585926712e-01 2.359119241693434788e-01 1.356463715727474276e-03
9.717731107957179315e-01 2.359136135364470199e-01 1.352333308092186145e-03
9.717723153284882898e-01 2.359169127842750679e-01 1.348386531412106406e-03
9.717711469970220506e-01 2.359217467006437530e-01 1.344626567739089272e-03
9.717696242986407773e-01 2.359280389911149745e-01 1.341055959909113636e-03
9.717677659278320945e-01 2.359357125313333026e-01 1.337676630894685118e-03
9.717655907181318442e-01 2.359446896112459835e-01 1.334489904053210016e-03
9.717631175859956505e-01 2.359548921708715663e-01 1.331496524179130161e-03
9.717603654767249521e-01 2.359662420273193062e-01 1.328696679269188077e-03
9.717573533125046792e-01 2.359786610927982753e-01 1.326090022911927818e-03
9.717540999426009796e-01 2.359920715833903337e-01 1.323675697214481313e-03
9.717506240957628494e-01 2.360063962183965025e-01 1.321452356181770363e-03
9.717469443348618618e-01 2.360215584100991970e-01 1.319418189465507672e-03
9.717430790137999708e-01 2.360374824438167818e-01 1.317570946402755539e-03
9.717390462367061499e-01 2.360540936481578533e-01 1.315907960266313789e-03
9.717348638194388544e-01 2.360713185554138838e-01 1.314426172651827129e-03
9.717305492534029643e-01 2.360890850520586948e-01 1.313122157929222118e-03
9.717261196716845406e-01 2.361073225193512926e-01 1.311992147688906350e-03
9.717215918175007294e-01 2.361259619640664054e-01 1.311032055116037555e-03
9.717169820149571535e-01 2.361449361394030444e-01 1.310237499229132329e-03
9.717123061420983587e-01 2.361641796561463058e-01 1.309603828922300704e-03
9.717075796062325521e-01 2.361836290841812791e-01 1.309126146753431972e-03
9.717028173215060960e-01 2.362032230444803538e-01 1.308799332423758689e-03
9.716980336887000025e-01 2.362229022917065324e-01 1.308618065897324814e-03
9.716932425772133453e-01 2.362426097875948150e-01 1.308576850112019071e-03
9.716884573091963961e-01 2.362622907652925930e-01 1.308670033236947541e-03
9.716836906457918532e-01 2.362818927848572281e-01 1.308891830434060020e-03
9.716789547754368650e-01 2.363013657801248391e-01 1.309236345085034196e-03
9.716742613041778887e-01 2.363206620971793626e-01 1.309697589447524502e-03
9.716696212479434269e-01 2.363397365246639736e-01 1.310269504707930154e-03
9.716650450267200201e-01 2.363585463161899103e-01 1.310945980400858579e-03
9.716605424605714303e-01 2.363770512051081296e-01 1.311720873168437454e-03
9.716561227674392898e-01 2.363952134119192694e-01 1.312588024835553919e-03
9.716517945626611530e-01 2.364129976446064652e-01 1.313541279779966223e-03
9.716475658601396725e-01 2.364303710921824564e-01 1.314574501579041099e-03
9.716434440750938428e-01 2.364473034117493266e-01 1.315681588917608441e-03
9.716394360283232556e-01 2.364637667093742457e-01 1.316856490744092211e-03
9.716355479519135363e-01 2.364797355150891900e-01 1.318093220664664925e-03
9.716317854963097966e-01 2.364951867523253370e-01 1.319385870567687342e-03
9.716281537386857181e-01 2.365100997020958273e-01 1.320728623473114679e-03
9.716246571925328812e-01 2.365244559622410037e-01 1.322115765603892141e-03
9.716212998183966221e-01 2.365382394020515699e-01 1.323541697678614227e-03
9.716180850356824772e-01 2.365514361125838627e-01 1.325000945426871345e-03
9.716150157354589423e-01 2.365640343529805401e-01 1.326488169330777931e-03
9.716120942941811611e-01 2.365760244931076617e-01 1.327998173598132986e-03
9.716093225882618256e-01 2.365873989528165244e-01 1.329525914374541599e-03
