1.000000000000000000e+00 0.000000000000000000e+00 0.000000000000000000e+00
9.999758903428956902e-01 2.572201986711763599e-03 -6.450003374745594958e-03
9.999000559744768424e-01 5.812469096788097297e-03 -1.288772040729580654e-02
9.997662739179549174e-01 9.719214506410098209e-03 -1.931151265399409789e-02
9.995670459459906620e-01 1.429052247999692930e-02 -2.571967709647760003e-02
9.992936149300690740e-01 1.952411446090229763e-02 -3.211043961517957845e-02
9.989359840385177991e-01 2.541731070557573524e-02 -3.848194884292374662e-02
9.984829390467948596e-01 3.196698768081455977e-02 -4.483227044974697623e-02
9.979220740420262636e-01 3.916953147795349671e-02 -5.115938191052807338e-02
9.972398208182581270e-01 4.702078753435816327e-02 -5.746116780716455097e-02
9.964214822690079520e-01 5.551600699131876981e-02 -6.373541571686153206e-02
9.954512700889615040e-01 6.464979005821010205e-02 -6.997981273750789044e-02
9.943123470965631316e-01 7.441602679533121378e-02 -7.619194270004493730e-02
9.929868744833202365e-01 8.480783577180549260e-02 -8.236928411611264822e-02
9.914560642834182591e-01 9.581750109984978059e-02 -8.850920890702075605e-02
9.897002373383103624e-01 1.074364083920483076e-01 -9.460898195717289128e-02
9.876988870049477898e-01 1.196549802333283230e-01 -1.006657615314155291e-01
9.854307488229546719e-01 1.324626118033622180e-01 -1.066766005913405008e-01
9.828738763151328994e-01 1.458476073272535478e-01 -1.126384490403037480e-01
9.800057230471146408e-01 1.597971180716511175e-01 -1.185481569208097913e-01
9.768032310157954701e-01 1.742970826388505479e-01 -1.244024785809436928e-01
9.732429253725676244e-01 1.893321703419017232e-01 -1.301980778187209475e-01
9.693010154166599168e-01 2.048857284681185331e-01 -1.359315340046019782e-01
9.649535017166079864e-01 2.209397342555448618e-01 -1.415993491730356546e-01
9.601762891347165318e-01 2.374747524157393708e-01 -1.471979560638338735e-01
9.549453054412321285e-01 2.544698990356171753e-01 -1.527237270835381799e-01
9.492366251129118471e-01 2.719028126800202561e-01 -1.581729841458487384e-01
9.430265978160236040e-01 2.897496334942859519e-01 -1.635420093387970342e-01
9.362919809780139158e-01 3.079849910715944938e-01 -1.688270563548332215e-01
9.290100757567472112e-01 3.265820018027474347e-01 -1.740243626085628825e-01
9.211588656231259886e-01 3.455122763659110308e-01 -1.791301619557227887e-01
9.127171566839135108e-01 3.647459379406707281e-01 -1.841406979163579816e-01
9.036647187886445165e-01 3.842516516446763952e-01 -1.890522372952941343e-01
8.939824263895971290e-01 4.039966655927040851e-01 -1.938610840841281657e-01
8.836523980588577576e-01 4.239468638679339541e-01 -1.985635935213274639e-01
8.726581335134108164e-01 4.440668315747748895e-01 -2.031561861808607594e-01
8.609846469596702523e-01 4.643199320131010110e-01 -2.076353619552926411e-01
8.486185955444864870e-01 4.846683958770580114e-01 -2.119977137966459757e-01
8.355484016917216206e-01 5.050734222396668915e-01 -2.162399410777248454e-01
8.217643681129992439e-01 5.254952909395682603e-01 -2.203588624381128680e-01
8.072587843088734338e-01 5.458934858408625024e-01 -2.243514279827869828e-01
7.920260234227278762e-01 5.662268282937003017e-01 -2.282147307072392717e-01
7.760626283740930109e-01 5.864536199847232290e-01 -2.319460170311482272e-01
7.593673862802403640e-01 6.065317942353047886e-01 -2.355426963329008416e-01
7.419413902739278033e-01 6.264190746843885105e-01 -2.390023493895007123e-01
7.237880879396711986e-01 6.460731401839958643e-01 -2.423227356404122623e-01
7.049133157191715959e-01 6.654517946414169050e-01 -2.455017992094468138e-01
6.853253187764454246e-01 6.845131404646297435e-01 -2.485376736356084137e-01
6.650347559624140148e-01 7.032157542082241308e-01 -2.514286852815644790e-01
6.440546896745978911e-01 7.215188629772354423e-01 -2.541733554067389655e-01
6.224005605673559316e-01 7.393825201266015501e-01 -2.567704009105749585e-01
6.000901472289574823e-01 7.567677787947739709e-01 -2.592187337699024541e-01
5.771435111008043073e-01 7.736368618312075007e-01 -2.615174592122004316e-01
5.535829270685367343e-01 7.899533267184519758e-01 -2.636658726834957833e-01
5.294328003019100892e-01 8.056822241493625247e-01 -2.656634556853584295e-01
5.047195700577805644e-01 8.207902489971348192e-01 -2.675098705696215551e-01
4.794716012861277021e-01 8.352458825087216709e-01 -2.692049543918123011e-01
4.537190649909321749e-01 8.490195246586593747e-01 -2.707487119346025928e-01
4.274938083944433975e-01 8.620836157181844817e-01 -2.721413080207131241e-01
4.008292160338262078e-01 8.744127462213425739e-01 -2.733830592405155913e-01
3.737600629826822174e-01 8.859837546430987532e-01 -2.744744252230247317e-01
3.463223614361993774e-01 8.967758122417591737e-01 -2.754159995800553040e-01
3.185532019277848015e-01 9.067704946568593272e-01 -2.762085006520976771e-01
2.904905904574159314e-01 9.159518399917450093e-01 -2.768527621810479844e-01
2.621732828083637723e-01 9.243063932452136866e-01 -2.773497240294708344e-01
2.336406173104293993e-01 9.318232370868457792e-01 -2.777004230587664657e-01
2.049323472756516273e-01 9.384940090943508784e-01 -2.779059842696912641e-01
1.760884742880181875e-01 9.443129056869483673e-01 -2.779676122983911202e-01
1.471490834736016995e-01 9.492766730953523524e-01 -2.778865833497207172e-01
1.181541818133655941e-01 9.533845858054766920e-01 -2.776642376374220400e-01
8.914354048928911645e-02 9.566384129989302654e-01 -2.773019723879994181e-01
6.015654217706604967e-02 9.590423735884128220e-01 -2.768012354521361962e-01
3.123203411699741749e-02 9.606030805101668513e-01 -2.761635195545151245e-01
2.408187710290402017e-03 9.613294749888212642e-01 -2.753903572001780709e-01
-2.627763469785898351e-02 9.612327515325919114e-01 -2.744833162433189533e-01
-5.478900527307431489e-02 9.603262744493494818e-01 -2.734439961128508623e-01
-8.309054789438155564e-02 9.586254866971144484e-01 -2.722740246783947882e-01
-1.111480466979077458e-01 9.561478118967555728e-01 -2.709750557306522811e-01
-1.389285456359897752e-01 9.529125503407889219e-01 -2.695487670415593340e-01
-1.664004388038285986e-01 9.489407698309526573e-01 -2.679968589622592767e-01
-1.935335513600850987e-01 9.442551921694262163e-01 -2.663210535108314625e-01
-2.202992109381498309e-01 9.388800761149272978e-01 -2.645230938968962109e-01
-2.455508882846226537e-01 9.325548654252436842e-01 -2.646624096811365789e-01
-2.706398641449964670e-01 9.255341752702684888e-01 -2.648406335883229934e-01
-2.955507571433180769e-01 9.178206859991835387e-01 -2.650564942687317349e-01
-3.202680079029453508e-01 9.094172588576733274e-01 -2.653086113348115394e-01
-3.447758631624911474e-01 9.003269641934059653e-01 -2.655954980079927585e-01
-3.690583625171286464e-01 8.905531116713175654e-01 -2.659155639980830821e-01
-3.930993279626311954e-01 8.800992823038089607e-01 -2.662671186304618742e-01
-4.168823564096710843e-01 8.689693620858794931e-01 -2.666483742364668119e-01
-4.403908153247295121e-01 8.571675770099961289e-01 -2.670574498222486048e-01
-4.636078416413352832e-01 8.446985292202402462e-01 -2.674923750309358139e-01
-4.865163440711158804e-01 8.315672340501556459e-01 -2.679510944121893945e-01
-5.090990089281949293e-01 8.177791576739107393e-01 -2.684314720121271369e-01
-5.313383095627091102e-01 8.033402550861045155e-01 -2.689312962951532215e-01
-5.532165194795712893e-01 7.882570081120173766e-01 -2.694482854074333744e-01
-5.747157291970288462e-01 7.725364631375993829e-01 -2.699800927896138791e-01
-5.958178668760526486e-01 7.561862682372704203e-01 -2.705243131438966886e-01
-6.165047227261665208e-01 7.392147093679798386e-01 -2.710784887577609159e-01
-6.367579771660558663e-01 7.216307452902360753e-01 -2.716401161834827716e-01
-6.565592326882987440e-01 7.034440408712812065e-01 -2.722066532691678198e-01
-6.758900493469970350e-01 6.846649984225605667e-01 -2.727755265332993395e-01
-6.947319837551602095e-01 6.653047867234215262e-01 -2.733441388708616748e-01
-7.130666314456732824e-01 6.453753673858539930e-01 -2.739098775749495562e-01
-7.308756724158679274e-01 6.248895182213217714e-01 -2.744701226534775329e-01
-7.481409196414674501e-01 6.038608532805542772e-01 -2.750222554162036759e-01
-7.648443703113996239e-01 5.823038392507650096e-01 -2.755636673028392658e-01
-7.809682595011011585e-01 5.602338079122776149e-01 -2.760917689185923285e-01
-7.964951159689546145e-01 5.376669643780598307e-01 -2.766039992391558511e-01
-8.114078197289086303e-01 5.146203908652097203e-01 -2.770978349429707999e-01
-8.256896610226557298e-01 4.911120457769681535e-01 -2.775707998246426667e-01
-8.393244002875180909e-01 4.671607579072196703e-01 -2.780204742397418549e-01
-8.522963286919486015e-01 4.427862156164997232e-01 -2.784445045279467790e-01
-8.645903287898192291e-01 4.180089508689687205e-01 -2.788406123586649188e-01
-8.761919348279290087e-01 3.928503180632895164e-01 -2.792066039409588640e-01
-8.870873922288864399e-01 3.673324676364166930e-01 -2.795403790378767628e-01
-8.972637157641097927e-01 3.414783144674701232e-01 -2.798399397241914111e-01
-9.067087459294895790e-01 3.153115011585432281e-01 -2.801033988261416585e-01
-9.154112030395479271e-01 2.888563563198548456e-01 -2.803289879820782260e-01
-9.233607385648926469e-01 2.621378480374107478e-01 -2.805150652639715192e-01
-9.305479832525033190e-01 2.351815327515752174e-01 -2.806601223015548485e-01
-9.369645915888950016e-01 2.080134998239251964e-01 -2.807627908534536809e-01
-9.439560533548322363e-01 1.830943255445602047e-01 -2.746332898405756118e-01
-9.501479103759707945e-01 1.586084186904104243e-01 -2.684442668587999070e-01
-9.555820986312969501e-01 1.345884887546347219e-01 -2.621999196010042499e-01
-9.603008225447612345e-01 1.110644221279107752e-01 -2.559043388096879368e-01
-9.643463627637526292e-01 8.806337487214134507e-02 -2.495614970268417721e-01
-9.677608970297455482e-01 6.560987540373824922e-02 -2.431752382717959626e-01
-9.705863342933841453e-01 4.372593559509686811e-02 -2.367492687138730290e-01
-9.728641620868950790e-01 2.243116885275570419e-02 -2.302871483903961292e-01
-9.746353070388767970e-01 1.742913791834877629e-03 -2.237922840051595197e-01
-9.759400083009148741e-01 -1.832363780321811381e-02 -2.172679228280563757e-01
-9.768177035525590357e-01 -3.775530996365433767e-02 -2.107171477033327467e-01
-9.773069271611616315e-01 -5.654080961578142328e-02 -2.041428731620035242e-01
-9.774452199958664211e-01 -7.467059281582219543e-02 -1.975478426233932550e-01
-9.772690503304077847e-01 -9.213673111182328623e-02 -1.909346266615835341e-01
-9.768137452168954571e-01 -1.089327789138316155e-01 -1.843056223047542797e-01
-9.761134316718490522e-01 -1.250536426638825527e-01 -1.776630533289706715e-01
-9.752009869857108937e-01 -1.404954525095399309e-01 -1.710089715028337565e-01
-9.741079974471218428e-01 -1.552554370998458222e-01 -1.643452587355101469e-01
-9.728647247625488159e-01 -1.693318020414643632e-01 -1.576736300778930899e-01
-9.715000794495266545e-01 -1.827236124762681713e-01 -1.509956375249279503e-01
-9.700416004869255593e-01 -1.954306801701919394e-01 -1.443126745663497745e-01
-9.685154405173985737e-01 -2.074534554372958750e-01 -1.376259814331198816e-01
-9.669463559146430631e-01 -2.187929241629386068e-01 -1.309366509875997397e-01
-9.653577010505073330e-01 -2.294505101359284316e-01 -1.242456352068505854e-01
-9.637714261235222901e-01 -2.394279828515690489e-01 -1.175537522102889226e-01
-9.622080779404383888e-01 -2.487273709056106175e-01 -1.108616937851545636e-01
-9.606868030751517518e-01 -2.573508810631431332e-01 -1.041700333657597649e-01
-9.592253528644555383e-01 -2.653008230562415859e-01 -9.747923442519181025e-02
-9.578400897368472000e-01 -2.725795401394446871e-01 -9.078965924094858919e-02
-9.565459944087488786e-01 -2.791893454126249674e-01 -8.410157799881766427e-02
-9.553566735215969219e-01 -2.851324639061506017e-01 -7.741517820208915213e-02
-9.542843673330558829e-01 -2.904109804130803885e-01 -7.073057435585533570e-02
-9.533399571158924779e-01 -2.950267930470759636e-01 -6.404781789863371599e-02
-9.525329719586527188e-01 -2.989815725023453608e-01 -5.736690735580155659e-02
-9.518715947031204383e-01 -3.022767269928152700e-01 -5.068779869130034255e-02
-9.513626667945499493e-01 -3.049133728514226704e-01 -4.401041583571497356e-02
-9.510116918618493065e-01 -3.068923107764620073e-01 -3.733466137011792058e-02
-9.508228378862737529e-01 -3.082140077198557426e-01 -3.066042734596010483e-02
-9.507989378588248552e-01 -3.088785844215577447e-01 -2.398760622176066351e-02
-9.509414888685207012e-01 -3.088858086045667140e-01 -1.731610189737394292e-02
-9.504054694526957725e-01 -3.105610679077632219e-01 -1.677116953589189580e-02
-9.498839080930931988e-01 -3.121815800166114485e-01 -1.622429156758060931e-02
-9.493771378933405503e-01 -3.137472427238989225e-01 -1.567555807302354470e-02
-9.488854809788529465e-01 -3.152579610054757620e-01 -1.512505874622855143e-02
-9.484092483583219657e-01 -3.167136468547448458e-01 -1.457288289400789430e-02
-9.479487397925859815e-01 -3.181142191210076797e-01 -1.401911943623310695e-02
-9.475042436707971083e-01 -3.194596033518865008e-01 -1.346385690693580571e-02
-9.470760368937947149e-01 -3.207497316400318432e-01 -1.290718345622483311e-02
-9.466643847645981324e-01 -3.219845424743153495e-01 -1.234918685298939597e-02
-9.462695408859272961e-01 -3.231639805956982303e-01 -1.178995448835719329e-02
-9.458917470646618364e-01 -3.242879968579552297e-01 -1.122957337987594804e-02
-9.455312332231489147e-01 -3.253565480934239029e-01 -1.066813017638617092e-02
-9.451882173172696522e-01 -3.263695969839399136e-01 -1.010571116355248739e-02
-9.448629052611756673e-01 -3.273271119371083948e-01 -9.542402270020391639e-03
-9.445554908586083487e-01 -3.282290669680514861e-01 -8.978289074164870834e-03
-9.442661557407143746e-01 -3.290754415867628291e-01 -8.413456811396949342e-03
-9.439950693102731050e-01 -3.298662206911897599e-01 -7.847990381993888778e-03
-9.437423886922537974e-01 -3.306013944661533310e-01 -7.281974359418474235e-03
-9.435082586906219371e-01 -3.312809582882080828e-01 -6.715492999092557806e-03
-9.432928117513169619e-01 -3.319049126365321567e-01 -6.148630247589819721e-03
-9.430961679313272228e-01 -3.324732630099300201e-01 -5.581469752212526135e-03
-9.429184348737890131e-01 -3.329860198500193547e-01 -5.014094870916921236e-03
-9.427597077890411681e-01 -3.334431984706648922e-01 -4.446588682551786374e-03
-9.426200694415698411e-01 -3.338448189937124888e-01 -3.879033997374620006e-03
-9.424995901427801748e-01 -3.341909062910664030e-01 -3.311513367809863599e-03
-9.423983277495366906e-01 -3.344814899331450819e-01 -2.744109099413584787e-03
-9.423163276684173306e-01 -3.347166041437394934e-01 -2.176903262009058978e-03
-9.422536228656285262e-01 -3.348962877612908784e-01 -1.609977700957751327e-03
-9.422102338825349976e-01 -3.350205842065936412e-01 -1.043414048530283411e-03
-9.421861688567592097e-01 -3.350895414569222130e-01 -4.772937353420909825e-04
-9.421814235488106259e-01 -3.351032120265697301e-01 8.830199818137115728e-05
-9.421959813742091239e-01 -3.350616529537788213e-01 6.532920903448470335e-04
-9.422298134410694859e-01 -3.349649257940355285e-01 1.217595646763685278e-03
-9.422828785931186557e-01 -3.348130966196887215e-01 1.781131929018961186e-03
-9.423551234581214464e-01 -3.346062360258484913e-01 2.343820343421581468e-03
-9.424464825016932723e-01 -3.343444191425087308e-01 2.905580429919355813e-03
-9.425568780864825857e-01 -3.340277256528303429e-01 3.466331851180694083e-03
-9.426862205367099179e-01 -3.336562398175134114e-01 4.025994381888248208e-03
-9.428344082080520883e-01 -3.332300505051778439e-01 4.584487898275447018e-03
-9.430013275628664760e-01 -3.327492512286641668e-01 5.141732367938478716e-03
-9.431868532507496905e-01 -3.322139401871576081e-01 5.697647839955834181e-03
-9.433908481944315305e-01 -3.316242203140308820e-01 6.252154435347091928e-03
-9.436131636810058954e-01 -3.309801993302922685e-01 6.805172337902131580e-03
-9.438536394585033129e-01 -3.302819898035188606e-01 7.356621785411461382e-03
-9.441121038378134100e-01 -3.295297092121455274e-01 7.906423061327803176e-03
-9.443883737999663186e-01 -3.287234800149737013e-01 8.454496486888521400e-03
-9.446822551087846742e-01 -3.278634297257553842e-01 9.000762413727887712e-03
-9.449935424289211960e-01 -3.269496909927006034e-01 9.545141217007550860e-03
-9.453220194492952810e-01 -3.259824016827491677e-01 1.008755328909292405e-02
-9.456674590119464874e-01 -3.249617049704396354e-01 1.062791903380255580e-02
-9.460296232463214494e-01 -3.238877494312017991e-01 1.116615886125678012e-02
-9.464082637090137640e-01 -3.227606891388912214e-01 1.170219318335127649e-02
-9.468031215289739455e-01 -3.215806837673774177e-01 1.223594240988033592e-02
-9.472139275582098783e-01 -3.203478986959905628e-01 1.276732694533387266e-02
-9.476404025279956400e-01 -3.190625051186244954e-01 1.329626718639136639e-02
-9.480822572106067936e-01 -3.177246801562870204e-01 1.382268352013507791e-02
-9.485391925866002438e-01 -3.163346069728825150e-01 1.434649632300395543e-02
-9.490109000176538689e-01 -3.148924748940046259e-01 1.486762596050875823e-02
-9.494970614249816920e-01 -3.133984795285112424e-01 1.538599278772794648e-02
-9.499973494733364721e-01 -3.118528228926477075e-01 1.590151715060289170e-02
-9.505114277606108164e-01 -3.102557135364780727e-01 1.641411938804995113e-02
-9.510389510130451418e-01 -3.086073666723788689e-01 1.692371983490589815e-02
-9.515795652860464804e-01 -3.069080043053443729e-01 1.743023882572208513e-02
-9.521329081706207953e-01 -3.051578553648463532e-01 1.793359669942162088e-02
-9.526986090054173628e-01 -3.033571558379874467e-01 1.843371380483269789e-02
-9.532762890943775602e-01 -3.015061489036814368e-01 1.893051050710998703e-02
-9.538655619299797328e-01 -2.996050850675897603e-01 1.942390719505481672e-02
-9.544660334220637088e-01 -2.976542222975388507e-01 1.991382428934362903e-02
-9.550773021322153111e-01 -2.956538261591391548e-01 2.040018225167288674e-02
-9.556989595136852200e-01 -2.936041699513231573e-01 2.088290159482732514e-02
-9.563305901568105449e-01 -2.915055348415156455e-01 2.136190289367706149e-02
-9.569717720399012473e-01 -2.893582100001471091e-01 2.183710679710779493e-02
-9.576220767855478933e-01 -2.871624927342175115e-01 2.230843404088680287e-02
-9.582810699222992223e-01 -2.849186886196166668e-01 2.277580546146615315e-02
-9.589483111516514668e-01 -2.826271116319032939e-01 2.323914201072299970e-02
-9.596233546202841413e-01 -2.802880842752456525e-01 2.369836477163541136e-02
-9.603057491974685833e-01 -2.779019377092230014e-01 2.415339497489066636e-02
-9.609950387575681985e-01 -2.754690118731877857e-01 2.460415401642143673e-02
-9.616907624675402610e-01 -2.729896556078876269e-01 2.505056347586374910e-02
-9.623924550793420130e-01 -2.704642267740456907e-01 2.549254513592905114e-02
-9.630996472271329267e-01 -2.678930923675990061e-01 2.593002100268112717e-02
-9.638118657291575575e-01 -2.652766286312950861e-01 2.636291332670706936e-02
-9.645286338941844173e-01 -2.626152211623479782e-01 2.679114462516986317e-02
-9.652494718323648693e-01 -2.599092650158574824e-01 2.721463770472856356e-02
-9.659738967703692669e-01 -2.571591648036972710e-01 2.763331568531043198e-02
-9.667014233706455739e-01 -2.543653347885804772e-01 2.804710202471779115e-02
-9.674315640546372608e-01 -2.515281989730142609e-01 2.845592054405071680e-02
-9.681638293297866182e-01 -2.486481911828595237e-01 2.885969545392510008e-02
-9.688977281201404113e-01 -2.457257551452159960e-01 2.925835138146398728e-02
-9.696327681003638066e-01 -2.427613445603573339e-01 2.965181339803851096e-02
-9.703684560329601805e-01 -2.397554231674472736e-01 3.004000704773312005e-02
-9.711042981084815340e-01 -2.367084648037730277e-01 3.042285837650828689e-02
-9.718398002885079157e-01 -2.336209534572394608e-01 3.080029396203223802e-02
-9.725744686511619275e-01 -2.304933833118739950e-01 3.117224094415180571e-02
-9.733078097389142869e-01 -2.273262587861004658e-01 3.153862705597090116e-02
-9.740393309084296458e-01 -2.241200945635478392e-01 3.189938065550370488e-02
-9.747685406821885445e-01 -2.208754156161689963e-01 3.225443075786817854e-02
-9.754949491016156049e-01 -2.175927572194536475e-01 3.260370706798409318e-02
-9.762180680814324107e-01 -2.142726649595296518e-01 3.294714001373840601e-02
-9.769374117649465283e-01 -2.109156947319570097e-01 3.328466077957946412e-02
-9.776524968799779058e-01 -2.075224127320301482e-01 3.361620134050030684e-02
-9.783628430951177846e-01 -2.040933954364151370e-01 3.394169449637002289e-02
-9.790679733760054848e-01 -2.006292295759606048e-01 3.426107390657094631e-02
-9.797674143413016568e-01 -1.971305120995335003e-01 3.457427412489845475e-02
-9.804606966180300365e-01 -1.935978501287434483e-01 3.488123063467897522e-02
-9.811473551959524197e-01 -1.900318609034332695e-01 3.518187988406089317e-02
-9.818269297806360152e-01 -1.864331717178262793e-01 3.547615932143206169e-02
-9.824989651448654548e-01 -1.828024198472358586e-01 3.576400743091687207e-02
-9.831630114780485208e-01 -1.791402524652566108e-01 3.604536376790500735e-02
-9.838186247332580958e-01 -1.754473265513719626e-01 3.632016899456329273e-02
-9.844653669715510702e-01 -1.717243087889276099e-01 3.658836491528155016e-02
-9.851028067031983859e-01 -1.679718754534364755e-01 3.684989451200278154e-02
-9.857305192254608439e-01 -1.641907122911959449e-01 3.710470197938754017e-02
-9.863480869565415254e-01 -1.603815143882146577e-01 3.735273275976212781e-02
-9.869550997653437907e-01 -1.565449860294622630e-01 3.759393357779990119e-02
-9.875511552966642626e-01 -1.526818405484717256e-01 3.782825247488488807e-02
-9.881358592914489813e-01 -1.487928001673409217e-01 3.805563884310684403e-02
-9.887088259017428049e-01 -1.448785958271963936e-01 3.827604345883693637e-02
-9.892696779999615719e-01 -1.409399670091991130e-01 3.848941851583337348e-02
-9.898180474821206554e-01 -1.369776615461889002e-01 3.869571765782658934e-02
-9.903535755646550864e-01 -1.329924354250810181e-01 3.889489601053394002e-02
-9.908759130744696497e-01 -1.289850525801448933e-01 3.908691021305427810e-02
-9.913847207318641219e-01 -1.249562846773119851e-01 3.927171844859341648e-02
-9.918796694259798263e-01 -1.209069108896758948e-01 3.944928047447212455e-02
-9.923604404824236669e-01 -1.168377176643645432e-01 3.961955765136902785e-02
-9.928267259227292474e-01 -1.127494984809801482e-01 3.978251297175176143e-02
-9.932782287153243406e-01 -1.086430536018187232e-01 3.993811108745058680e-02
-9.937146630176804107e-01 -1.045191898140963721e-01 4.008631833632987640e-02
-9.941357544093291088e-01 -1.003787201644250060e-01 4.022710276801394480e-02
-9.945412401154408721e-01 -9.622246368579474851e-02 4.036043416862509364e-02
-9.949308692206704219e-01 -9.205124511733518700e-02 4.048628408449295862e-02
-9.953044028729848280e-01 -8.786589461714119920e-02 4.060462584479591214e-02
-9.956616144772011401e-01 -8.366724746846294913e-02 4.071543458309664215e-02
-9.960022898779742340e-01 -7.945614377957244123e-02 4.081868725773579731e-02
-9.963262275319860750e-01 -7.523342817763156720e-02 4.091436267104925362e-02
-9.966332386691034717e-01 -7.099994949689837631e-02 4.100244148737643840e-02
-9.969231474422836081e-01 -6.675656046161951296e-02 4.108290624982888911e-02
-9.971957910660221858e-01 -6.250411736396725704e-02 4.115574139579041002e-02
-9.974510199431532165e-01 -5.824347973738946971e-02 4.122093327112195948e-02
-9.976886977798264944e-01 -5.397551002574995510e-02 4.127847014304673878e-02
-9.979087016885033190e-01 -4.970107324864489473e-02 4.132834221169286865e-02
-9.981109222788276947e-01 -4.542103666328885236e-02 4.137054162027346826e-02
-9.982952637362478843e-01 -4.113626942337043901e-02 4.140506246388602624e-02
-9.984616438882791822e-01 -3.684764223528391031e-02 4.143190079691531219e-02
-9.986099942583166467e-01 -3.255602701214784650e-02 4.145105463902647169e-02
-9.987402601069238495e-01 -2.826229652602666939e-02 4.146252397973720222e-02
-9.988524004605419115e-01 -2.396732405877393876e-02 4.146631078156035044e-02
-9.989463881275806312e-01 -1.967198305191909108e-02 4.146241898171071361e-02
-9.990222097018713887e-01 -1.537714675602089819e-02 4.145085449237218000e-02
-9.990798655534801620e-01 -1.108368787991174942e-02 4.143162519952383466e-02
-9.991193698068967510e-01 -6.792478240256806001e-03 4.140474096032605023e-02
-9.991407503066344065e-01 -2.504388411851073831e-03 4.137021359907006035e-02
-9.991440485702919316e-01 1.779712620924377153e-03 4.132805690169683022e-02
-9.991293197291488681e-01 6.058957811068533747e-03 4.127828660889360651e-02
-9.990966324563810286e-01 1.033248239393399354e-02 4.122092040777873556e-02
-9.990460688830022917e-01 1.459942422979747245e-02 4.115597792218779472e-02
-9.989777245016553398e-01 1.885892414362205782e-02 4.108348070157638587e-02
-9.988917080583903374e-01 2.311012626161213640e-02 4.100345220855719508e-02
-9.987881414325894269e-01 2.735217834416883015e-02 4.091591780509115650e-02
-9.986671595052077910e-01 3.158423211486144355e-02 4.082090473735473790e-02
-9.985289100155213537e-01 3.580544358503898184e-02 4.071844211930757129e-02
-9.983735534065844019e-01 4.001497337371487384e-02 4.060856091498655368e-02
-9.982012626596163951e-01 4.421198702236810857e-02 4.049129391955471474e-02
-9.980122231175511116e-01 4.839565530431443746e-02 4.036667573913498702e-02
-9.978066322979961544e-01 5.256515452831266033e-02 4.023474276946083922e-02
-9.975846996958620538e-01 5.671966683608284376e-02 4.009553317337763434e-02
-9.973466465759363020e-01 6.085838049342575523e-02 3.994908685723013581e-02
-9.970927057556863149e-01 6.498049017464585519e-02 3.979544544617327068e-02
-9.968231213785891942e-01 6.908519723999359541e-02 3.963465225844477191e-02
-9.965381486782953768e-01 7.317171000585695473e-02 3.946675227863973706e-02
-9.962380537339448061e-01 7.723924400744636154e-02 3.929179213002841758e-02
-9.959231132169620304e-01 8.128702225373209134e-02 3.910982004595996847e-02
-9.955936141296671815e-01 8.531427547440839643e-02 3.892088584039578997e-02
-9.952498535360454479e-01 8.932024235867407069e-02 3.872504087761730746e-02
-9.948921382850273165e-01 9.330416978563497998e-02 3.852233804115390986e-02
-9.945207847266362977e-01 9.726531304614997875e-02 3.831283170197758575e-02
-9.941361184213675095e-01 1.012029360559580232e-01 3.809657768601154570e-02
-9.937384738431651598e-01 1.051163115599402925e-01 3.787363324100077866e-02
-9.933281940763718509e-01 1.090047213273879767e-01 3.764405700279289252e-02
-9.929056305070239619e-01 1.128674563381625168e-01 3.740790896107818592e-02
-9.924711425088735828e-01 1.167038169596518182e-01 3.716525042463803691e-02
-9.920250971245149207e-01 1.205131131144425577e-01 3.691614398615104126e-02
-9.915678687419987591e-01 1.242946644386448418e-01 3.666065348660632606e-02
-9.910998387673157772e-01 1.280478004308222006e-01 3.639884397937358240e-02
-9.906213952931307576e-01 1.317718605914959817e-01 3.613078169397918732e-02
-9.901329327641485989e-01 1.354661945532091016e-01 3.585653399963764643e-02
-9.896348516394909423e-01 1.391301622011505146e-01 3.557616936858727652e-02
-9.891275580524608868e-01 1.427631337843567882e-01 3.528975733927870034e-02
-9.886114634680691626e-01 1.463644900175228580e-01 3.499736847946424700e-02
-9.880869843386929086e-01 1.499336221734692831e-01 3.469907434923577561e-02
-9.875545417582328733e-01 1.534699321663275662e-01 3.439494746405786368e-02
-9.870145611151304177e-01 1.569728326255201700e-01 3.408506125784253188e-02
-9.864674717446015872e-01 1.604417469606251867e-01 3.376949004611086436e-02
-9.859137065804380873e-01 1.638761094172297150e-01 3.344830898928612822e-02
-9.853537018067193287e-01 1.672753651238891581e-01 3.312159405616187102e-02
-9.847878965097741633e-01 1.706389701303220041e-01 3.278942198758761500e-02
-9.842167323307213778e-01 1.739663914369824760e-01 3.245187026041365663e-02
-9.836406531189131330e-01 1.772571070161647055e-01 3.210901705173527937e-02
-9.830601045865943188e-01 1.805106058248037160e-01 3.176094120347558447e-02
-9.824755339650869113e-01 1.837263878091492109e-01 3.140772218734485394e-02
-9.818873896627946518e-01 1.869039639014982990e-01 3.104944007021304825e-02
-9.812961209253187045e-01 1.900428560091830532e-01 3.068617547993076483e-02
-9.807021774979636231e-01 1.931425969960179623e-01 3.031800957163254678e-02
-9.801060092909036348e-01 1.962027306564209650e-01 2.994502399455504019e-02
-9.795080660472704759e-01 1.992228116824299178e-01 2.956730085940104114e-02
-9.789087970144135786e-01 2.022024056238434231e-01 2.918492270627901300e-02
-9.783086506185737496e-01 2.051410888417224965e-01 2.879797247324612786e-02
-9.777080741432008226e-01 2.080384484554952951e-01 2.840653346548135949e-02
-9.771075134111372185e-01 2.108940822839134588e-01 2.801068932511363574e-02
-9.765074124708772452e-01 2.137075987801134447e-01 2.761052400172847934e-02
-9.759082132871030879e-01 2.164786169610410926e-01 2.720612172357500524e-02
-9.753103554356876703e-01 2.192067663315019621e-01 2.679756696949354630e-02
-9.747142758033444654e-01 2.218916868031030332e-01 2.638494444158265284e-02
-9.741204082920948970e-01 2.245330286083550841e-01 2.596833903862254614e-02
-9.735291835287122053e-01 2.271304522102071122e-01 2.554783583027061752e-02
-9.729410285792928770e-01 2.296836282072861612e-01 2.512352003204292028e-02
-9.723563666690950846e-01 2.321922372351177544e-01 2.469547698109407843e-02
-9.717756169077748085e-01 2.346559698636025981e-01 2.426379211280645792e-02
-9.711991940201406548e-01 2.370745264910262551e-01 2.382855093819791908e-02
-9.706275080825389479e-01 2.394476172348780352e-01 2.338983902215594629e-02
-9.700609642649706821e-01 2.417749618197551076e-01 2.294774196250443793e-02
-9.694999625790350350e-01 2.440562894626271406e-01 2.250234536990794107e-02
-9.689448976317825979e-01 2.462913387557349731e-01 2.205373484861669273e-02
-9.683961583855555944e-01 2.484798575473954330e-01 2.160199597805435856e-02
-9.678541279238820350e-01 2.506216028209823921e-01 2.114721429524895127e-02
-9.673191832234843135e-01 2.527163405723509282e-01 2.068947527810604051e-02
-9.667916949324536491e-01 2.547638456859694367e-01 2.022886432952201996e-02
-9.662720271546355599e-01 2.567639018100207338e-01 1.976546676233386160e-02
-9.657605372402633392e-01 2.587163012307294729e-01 1.929936778510048245e-02
-9.652575755828708415e-01 2.606208447461695887e-01 1.883065248870966282e-02
-9.647634854225075607e-01 2.624773415398012344e-01 1.835940583380312255e-02
-9.642786026552749856e-01 2.642856090539820180e-01 1.788571263901132108e-02
-9.638032556491947789e-01 2.660454728636920674e-01 1.740965756998824956e-02
-9.633377650664161074e-01 2.677567665507085137e-01 1.693132512923549785e-02
-9.628824436917621243e-01 2.694193315784583764e-01 1.645079964670372041e-02
-9.624375962676121610e-01 2.710330171677742817e-01 1.596816527115866441e-02
-9.620035193351101910e-01 2.725976801737708954e-01 1.548350596229784021e-02
-9.615805010816870224e-01 2.741131849640545681e-01 1.499690548360305652e-02
-9.611688211948780092e-01 2.755794032984723585e-01 1.450844739591304264e-02
-9.607687507224165202e-01 2.769962142105996117e-01 1.401821505169955663e-02
-9.603805519385775202e-01 2.783635038911602688e-01 1.352629159002950721e-02
-9.600044782167445057e-01 2.796811655735655933e-01 1.303275993219484181e-02
-9.596407739081690424e-01 2.809490994217517801e-01 1.253770277799117448e-02
-9.592896742268898214e-01 2.821672124204888110e-01 1.204120260262541743e-02
-9.589514051407761475e-01 2.833354182683271438e-01 1.154334165423200227e-02
-9.586261832686583384e-01 2.844536372733402763e-01 1.104420195197660694e-02
-9.583142157835067287e-01 2.855217962518151742e-01 1.054386528472574594e-02
-9.580157003216176470e-01 2.865398284300349485e-01 1.004241321025996746e-02
-9.577308248977659533e-01 2.875076733492903935e-01 9.539927055007895937e-03
-9.574597678262808387e-01 2.884252767742501722e-01 9.036487914277862785e-03
-9.572026976480014770e-01 2.892925906048116613e-01 8.532176652963409727e-03
-9.569597730630688970e-01 2.901095727915470879e-01 8.027073906698527911e-03
-9.567311428695102205e-01 2.908761872548519811e-01 7.521260083438113288e-03
-9.565169459075698599e-01 2.915924038078955283e-01 7.014815365438767554e-03
-9.563173110097450413e-01 2.922581980834646487e-01 6.507819711614764267e-03
-9.561323569564803559e-01 2.928735514647863303e-01 6.000352860243711797e-03
-9.559621924374789304e-01 2.934384510204048890e-01 5.492494331996205376e-03
-9.558069160185865831e-01 2.939528894431833184e-01 4.984323433263534997e-03
-9.556666161142073346e-01 2.944168649934907345e-01 4.475919259757355460e-03
-9.555413709652087473e-01 2.948303814466292083e-01 3.967360700355043561e-03
-9.554312486222770184e-01 2.951934480445475018e-01 3.458726441164386347e-03
-9.553363069346825220e-01 2.955060794518800105e-01 2.950094969781123354e-03
-9.552565935444176093e-01 2.957682957163427773e-01 2.441544579712834079e-03
-9.551921458856704739e-01 2.959801222335105009e-01 1.933153374942622044e-03
-9.551429911895989999e-01 2.961415897159913047e-01 1.424999274606053752e-03
-9.551091464943717302e-01 2.962527341670087022e-01 9.171600177548474859e-04
-9.550906186604416481e-01 2.963135968583922031e-01 4.097131681808591306e-04
-9.550874043910235756e-01 2.963242243129720066e-01 -9.726388072598866029e-05
-9.550994902577443213e-01 2.962846682913646279e-01 -6.036939011120750218e-04
-9.551268527314379364e-01 2.961949857831296939e-01 -1.109499825812841406e-03
-9.551694582180594306e-01 2.960552390022717084e-01 -1.614604743549864644e-03
-9.552272630996916369e-01 2.958654953870521465e-01 -2.118931894197962316e-03
-9.553002137806217986e-01 2.956258276040713562e-01 -2.622404664147824031e-03
-9.553882467384653410e-01 2.953363135565725273e-01 -3.124946581789409157e-03
-9.554912885803155120e-01 2.949970363969125486e-01 -3.626481313141066004e-03
-9.556092561039003508e-01 2.946080845431390816e-01 -4.126932657649026205e-03
-9.557420563637264443e-01 2.941695516996049586e-01 -4.626224544181594713e-03
-9.558895867421947079e-01 2.936815368815455796e-01 -5.124281027241993879e-03
-9.560517350256690916e-01 2.931441444435377575e-01 -5.621026283423434348e-03
-9.562283794854845587e-01 2.925574841117524749e-01 -6.116384608129582165e-03
-9.564193889638792356e-01 2.919216710199072917e-01 -6.610280412583149565e-03
-9.566246229648361910e-01 2.912368257488179291e-01 -7.102638221144877244e-03
-9.568439317498216301e-01 2.905030743694428930e-01 -7.593382668964688414e-03
-9.570771564384065178e-01 2.897205484893080052e-01 -8.082438499986284094e-03
-9.573241291137585263e-01 2.888893853021927138e-01 -8.569730565325912180e-03
-9.575846729329914320e-01 2.880097276409537277e-01 -9.055183822045486872e-03
-9.578586022423588586e-01 2.870817240333559672e-01 -9.538723332339621788e-03
-9.581457226972793784e-01 2.861055287607747188e-01 -1.002027426315557461e-02
-9.584458313871793145e-01 2.850813019196285492e-01 -1.049976188626441410e-02
-9.587587169651380359e-01 2.840092094853959859e-01 -1.097711157880109679e-02
-9.590841597823215325e-01 2.828894233790643642e-01 -1.145224882429043620e-02
-9.594219320271875073e-01 2.817221215358546305e-01 -1.192509921417523287e-02
-9.597717978694438878e-01 2.805074879760598439e-01 -1.239558844986212750e-02
-9.601335136087425504e-01 2.792457128778313424e-01 -1.286364234529993600e-02
-9.605068278280871619e-01 2.779369926517418765e-01 -1.332918683010449190e-02
-9.608914815519322694e-01 2.765815300169501834e-01 -1.379214795324317303e-02
-9.612872084089489899e-01 2.751795340787876465e-01 -1.425245188729149827e-02
-9.616937347994304330e-01 2.737312204075831867e-01 -1.471002493327330275e-02
-9.621107800673069921e-01 2.722368111185395900e-01 -1.516479352609512513e-02
-9.625380566767385293e-01 2.706965349524699249e-01 -1.561668424058457530e-02
-9.629752703932494828e-01 2.691106273571994278e-01 -1.606562379814149497e-02
-9.634221204693660390e-01 2.674793305694359025e-01 -1.651153907400981780e-02
-9.638782998347154019e-01 2.658028936969073497e-01 -1.695435710517704739e-02
-9.643434952905397539e-01 2.640815728005638241e-01 -1.739400509890732041e-02
-9.648173877085762795e-01 2.623156309766376815e-01 -1.783041044191301452e-02
-9.652996522342486285e-01 2.605053384383541060e-01 -1.826350071016884929e-02
-9.657899584941129767e-01 2.586509725970817519e-01 -1.869320367937136323e-02
-9.662879708074946228e-01 2.567528181427115586e-01 -1.911944733604567168e-02
-9.667933484022497304e-01 2.548111671230509079e-01 -1.954215988930027917e-02
-9.673057456345786065e-01 2.528263190220182977e-01 -1.996126978322966539e-02
-9.678248122128142450e-01 2.507985808364233127e-01 -2.037670570996329145e-02
-9.683501934251040888e-01 2.487282671511162058e-01 -2.078839662335852170e-02
-9.688815303708966375e-01 2.466157002122904840e-01 -2.119627175333390137e-02
-9.694184601961399750e-01 2.444612099987229226e-01 -2.160026062083805071e-02
-9.699606163320939611e-01 2.422651342907348737e-01 -2.200029305344835401e-02
-9.705076287376509514e-01 2.400278187366599592e-01 -2.239629920159242824e-02
-9.710591241450544642e-01 2.377496169166040674e-01 -2.278820955538426660e-02
-9.716147263088994457e-01 2.354308904032849925e-01 -2.317595496206577288e-02
-9.721740562582916745e-01 2.330720088197407447e-01 -2.355946664404326776e-02
-9.727367325520374086e-01 2.306733498936976712e-01 -2.393867621750737570e-02
-9.733023715367279394e-01 2.282352995083918590e-01 -2.431351571162360461e-02
-9.738705876075782752e-01 2.257582517496400654e-01 -2.468391758827973015e-02
-9.744409934718717414e-01 2.232426089489597254e-01 -2.504981476237500698e-02
-9.750132004148569509e-01 2.206887817225408610e-01 -2.541114062263507764e-02
-9.755868185679364979e-01 2.180971890058768237e-01 -2.576782905293532530e-02
-9.761614571789813954e-01 2.154682580838646055e-01 -2.611981445411433109e-02
-9.767367248845971739e-01 2.128024246161908661e-01 -2.646703176625801041e-02
-9.773122299841636718e-01 2.101001326578237904e-01 -2.680941649143388228e-02
-9.778875807154623345e-01 2.073618346744370011e-01 -2.714690471685392986e-02
-9.784623855317006180e-01 2.045879915525972703e-01 -2.747943313844342789e-02
-9.790362533797350997e-01 2.017790726045535776e-01 -2.780693908479213786e-02
-9.796087939792910149e-01 1.989355555674718334e-01 -2.812936054146326220e-02
-9.801796181029687194e-01 1.960579265969661367e-01 -2.844663617563460492e-02
-9.807483378568232490e-01 1.931466802547847639e-01 -2.875870536104543906e-02
-9.813145669612971522e-01 1.902023194905163861e-01 -2.906550820322173836e-02
-9.818779210322816642e-01 1.872253556171899480e-01 -2.936698556495150741e-02
-9.824380178620766291e-01 1.842163082806496655e-01 -2.966307909198117113e-02
-9.829944777000150236e-01 1.811757054225951458e-01 -2.995373123890319664e-02
-9.835469235325126069e-01 1.781040832371853788e-01 -3.023888529520436103e-02
-9.840949813623008913e-01 1.750019861211142835e-01 -3.051848541144341898e-02
-9.846382804865962957e-01 1.718699666170750151e-01 -3.079247662552623069e-02
-9.851764537739543526e-01 1.687085853505396194e-01 -3.106080488904588988e-02
-9.857091379395576114e-01 1.655184109597905850e-01 -3.132341709365473598e-02
-9.862359738186791125e-01 1.623000200191511144e-01 -3.158026109743476695e-02
-9.867566066380639711e-01 1.590539969553707023e-01 -3.183128575123238269e-02
-9.872706862849678355e-01 1.557809339571337159e-01 -3.207644092492318438e-02
-9.877778675735899849e-01 1.524814308776689942e-01 -3.231567753357204864e-02
-9.882778105086376108e-01 1.491560951304493621e-01 -3.254894756345357715e-02
-9.887701805457561610e-01 1.458055415779812014e-01 -3.277620409789769318e-02
-9.892546488485610690e-01 1.424303924136949284e-01 -3.299740134292514226e-02
-9.897308925420061909e-01 1.390312770369588613e-01 -3.321249465263748091e-02
-9.901985949618242744e-01 1.356088319212499504e-01 -3.342144055432615807e-02
-9.906574458997752242e-01 1.321637004755263078e-01 -3.362419677326535655e-02
-9.911071418444411529e-01 1.286965328988579071e-01 -3.382072225715335168e-02
-9.915473862173068698e-01 1.252079860283831503e-01 -3.401097720016737352e-02
-9.919778896038684568e-01 1.216987231806702097e-01 -3.419492306659718817e-02
-9.923983699795145830e-01 1.181694139865738652e-01 -3.437252261402292536e-02
-9.928085529299280898e-01 1.146207342196891715e-01 -3.454373991600309668e-02
-9.932081718657610470e-01 1.110533656185149487e-01 -3.470854038423917126e-02
-9.935969682313381401e-01 1.074679957024509552e-01 -3.486689079018367304e-02
-9.939746917071500265e-01 1.038653175817635249e-01 -3.501875928605924226e-02
-9.943411004059027336e-01 1.002460297616650786e-01 -3.516411542525689493e-02
-9.946959610618948400e-01 9.661083594066366409e-02 -3.530293018208231076e-02
-9.950390492135005038e-01 9.296044480334887672e-02 -3.543517597081990989e-02
-9.953701493785429566e-01 8.929556980779052022e-02 -3.556082666408515863e-02
-9.956890552223501833e-01 8.561692896773630268e-02 -3.567985761043665494e-02
-9.959955697182918399e-01 8.192524462980424471e-02 -3.579224565122034879e-02
-9.962895053006050050e-01 7.822124324587478861e-02 -3.589796913661941896e-02
-9.965706840093242480e-01 7.450565514089625696e-02 -3.599700794088433325e-02
-9.968389376271391544e-01 7.077921427632599682e-02 -3.608934347671878540e-02
-9.970941078080145514e-01 6.704265800943749742e-02 -3.617495870879847142e-02
-9.973360461974151159e-01 6.329672684873141608e-02 -3.625383816640081330e-02
-9.975646145439870383e-01 5.954216420569587165e-02 -3.632596795512509080e-02
-9.977796848025605181e-01 5.577971614316803994e-02 -3.639133576768379535e-02
-9.979811392283458593e-01 5.201013112055543480e-02 -3.644993089374739398e-02
-9.981688704622073693e-01 4.823415973618119107e-02 -3.650174422882610653e-02
-9.983427816069108118e-01 4.445255446702298108e-02 -3.654676828217374995e-02
-9.985027862942502663e-01 4.066606940612008114e-02 -3.658499718370025050e-02
-9.986488087429729044e-01 3.687545999792744139e-02 -3.661642668988088906e-02
-9.987807838074311828e-01 3.308148277189939396e-02 -3.664105418865189895e-02
-9.988986570169040569e-01 2.928489507458889238e-02 -3.665887870328367326e-02
-9.990023846055404722e-01 2.548645480055095058e-02 -3.666990089522435131e-02
-9.990919335328916073e-01 2.168692012234096217e-02 -3.667412306590817767e-02
-9.991672814950085524e-01 1.788704921990029797e-02 -3.667154915752469935e-02
-9.992284169260965410e-01 1.408760000962249945e-02 -3.666218475274640731e-02
-9.992753389907278461e-01 1.028932987339386922e-02 -3.664603707341414912e-02
-9.993080575666274390e-01 6.492995387902104204e-03 -3.662311497818116629e-02
-9.993265932180595001e-01 2.699352054505920091e-03 -3.659342895911836535e-02
-9.993309771598527513e-01 -1.090845970042654718e-03 -3.655699113728489574e-02
-9.993212512121170121e-01 -4.876846141733495385e-03 -3.651381525726989791e-02
-9.992974677457132637e-01 -8.657897796003670432e-03 -3.646391668071268660e-02
-9.992596896185536037e-01 -1.243325241272834163e-02 -3.640731237881037613e-02
-9.992079901028171340e-01 -1.620216387921628864e-02 -3.634402092382341132e-02
-9.991424528031810359e-01 -1.996388875093313420e-02 -3.627406247959100855e-02
-9.990631715661758561e-01 -2.371768650967990416e-02 -3.619745879107007236e-02
-9.989702503807875722e-01 -2.746281981895958013e-02 -3.611423317291252016e-02
-9.988638032704362235e-01 -3.119855477626996831e-02 -3.602441049709747406e-02
-9.987439541764756568e-01 -3.492416116206713272e-02 -3.592801717963611807e-02
-9.986108368333660446e-01 -3.863891268515028815e-02 -3.582508116636838602e-02
-9.984645946356814905e-01 -4.234208722422590915e-02 -3.571563191787194974e-02
-9.983053804971262490e-01 -4.603296706541624983e-02 -3.559970039350525417e-02
-9.981333567017401931e-01 -4.971083913548526856e-02 -3.547731903460753927e-02
-9.979486947474844882e-01 -5.337499523056313949e-02 -3.534852174687993370e-02
-9.977515751824057588e-01 -5.702473224015908171e-02 -3.521334388197285697e-02
-9.975421874335868022e-01 -6.065935236626114613e-02 -3.507182221830595914e-02
-9.973207296290972357e-01 -6.427816333733077370e-02 -3.492399494114785397e-02
-9.970874084131672310e-01 -6.788047861700961805e-02 -3.476990162198382445e-02
-9.968424387548117105e-01 -7.146561760736562519e-02 -3.460958319720051912e-02
-9.965860437501408153e-01 -7.503290584651572948e-02 -3.444308194611751112e-02
-9.963184544185970104e-01 -7.858167520047254495e-02 -3.427044146839627881e-02
-9.960399094933648501e-01 -8.211126404907297116e-02 -3.409170666085787477e-02
-9.957506552062048710e-01 -8.562101746585736028e-02 -3.390692369374115334e-02
-9.954509450669667414e-01 -8.911028739177839775e-02 -3.371613998643396143e-02
-9.951410396380404588e-01 -9.257843280263011732e-02 -3.351940418271014827e-02
-9.948212063040098307e-01 -9.602481987009811593e-02 -3.331676612550573541e-02
-9.944917190367720261e-01 -9.944882211634324676e-02 -3.310827683126781745e-02
-9.941528581563933153e-01 -1.028498205620422823e-01 -3.289398846391011766e-02
-9.938049100879695619e-01 -1.062272038678198083e-01 -3.267395430840930315e-02
-9.934481671147643578e-01 -1.095803684690171559e-01 -3.244822874407626845e-02
-9.930829271278965864e-01 -1.129087187037548790e-01 -3.221686721753672794e-02
-9.931887208657560473e-01 -1.136739315863529165e-01 -2.558138921915921807e-02
-9.933279390620483040e-01 -1.137564313615137684e-01 -1.894954519242899454e-02
-9.935008004406334914e-01 -1.131562023124484256e-01 -1.232229174739822922e-02
-9.937061344678068675e-01 -1.118732620946351342e-01 -5.700617129592962067e-03
-9.939413829825135549e-01 -1.099076725297321033e-01 9.144494427500973396e-04
-9.942026027090384854e-01 -1.072595561560861638e-01 7.521828539247363277e-03
-9.944844688108565034e-01 -1.039291184983921063e-01 1.412038142007766145e-02
-9.947802796840935491e-01 -9.991667600268397398e-02 2.070890112699080854e-02
-9.950819632277543292e-01 -9.522268956400085915e-02 2.728610381072758134e-02
-9.953800848651610522e-01 -8.984780355238443372e-02 3.385062034502818451e-02
-9.956638576265307572e-01 -8.379289021799002368e-02 4.040098827952746940e-02
-9.959211546358516243e-01 -7.705909932772646298e-02 4.693564418595196075e-02
-9.961385243757120422e-01 -6.964791285373765628e-02 5.345291645407922870e-02
-9.963012091309477736e-01 -6.156120449802084116e-02 5.995101859581668247e-02
-9.963931670353204373e-01 -5.280130379743949720e-02 6.642804311742182832e-02
-9.963970981642806812e-01 -4.337106450931897672e-02 7.288195602122753136e-02
-9.962944751305492508e-01 -3.327393692979553619e-02 7.931059199915811708e-02
-9.960655786470526962e-01 -2.251404374532344627e-02 8.571165038072300901e-02
-9.956895385229735940e-01 -1.109625896255289103e-02 9.208269189795094400e-02
-9.951443805525953534e-01 9.737105963707366751e-04 9.842113632877365348e-02
-9.944070797425346164e-01 1.368924180656747730e-02 1.047242610785804884e-01
-9.934536203001907984e-01 2.704271039687834027e-02 1.109892007569450306e-01
-9.922590627741998404e-01 4.102540544852341375e-02 1.172129478027796323e-01
-9.907976186958231679e-01 5.562744399700711440e-02 1.233923542063225520e-01
-9.890427330181312815e-01 7.083768655931212133e-02 1.295241343703387171e-01
-9.869671745872781177e-01 8.664365446653606029e-02 1.356048691456692989e-01
-9.845431348070138311e-01 1.030314499358846309e-01 1.416310110677722056e-01
-9.817423345739479945e-01 1.199856798637679856e-01 1.475988908111532660e-01
-9.785361394672920099e-01 1.374893843620027534e-01 1.535047248676259801e-01
-9.748956830734581969e-01 1.555239710901069605e-01 1.593446244422178637e-01
-9.707919982138371040e-01 1.740691564566910210e-01 1.651146055473599328e-01
-9.661961557244642673e-01 1.931029147703392235e-01 1.708106002618886565e-01
-9.610794103105674280e-01 2.126014364135817292e-01 1.764284691065275690e-01
-9.554133528688997234e-01 2.325390960911608851e-01 1.819640144721121344e-01
-9.491700685383379632e-01 2.528884321645912259e-01 1.874129950211216311e-01
-9.423222996067450730e-01 2.736201380280515183e-01 1.927711409673690812e-01
-9.348436122720873431e-01 2.947030664053064131e-01 1.980341701232853080e-01
-9.267085661309494293e-01 3.161042473533783315e-01 2.031978045894501927e-01
-9.178928851507470732e-01 3.377889206462419969e-01 2.082577879472246318e-01
-9.083736287759694994e-01 3.597205830815134453e-01 2.132099028028784649e-01
-8.981293617265795337e-01 3.818610511060476775e-01 2.180499885208488919e-01
-8.871403209710138071e-01 4.041705389941364635e-01 2.227739589750413474e-01
-8.753885782996515541e-01 4.266077526366803263e-01 2.273778201407192223e-01
-8.628581968894544207e-01 4.491299988138378607e-01 2.318576873457997012e-01
-8.495353802386638176e-01 4.716933096301917927e-01 2.362098019995117759e-01
-8.354086118634641567e-01 4.942525815937418576e-01 2.404305476185548129e-01
-8.204687841873582466e-01 5.167617286216632522e-01 2.445164649762252840e-01
-8.047093151190448657e-01 5.391738480605722250e-01 2.484642662084882714e-01
-7.881262509056252696e-01 5.614413986209448870e-01 2.522708477226056067e-01
-7.707183539641252468e-01 5.835163889482457567e-01 2.559333017685641032e-01
-7.524871745341101814e-01 6.053505753910243259e-01 2.594489265509550280e-01
-7.334371051554670062e-01 6.268956673822705383e-01 2.628152347788446641e-01
-7.135754171555396264e-01 6.481035387278590854e-01 2.660299605731749617e-01
-6.929122785255327210e-01 6.689264429976929938e-01 2.690910646749071211e-01
-6.714607527738210013e-01 6.893172311433437560e-01 2.719967379219798698e-01
-6.492367785595782870e-01 7.092295694221483204e-01 2.747454029886730043e-01
-6.262591301298228164e-01 7.286181556927432412e-01 2.773357144065917157e-01
-6.025493588023383973e-01 7.474389321611020209e-01 2.797665569116605244e-01
-5.781317159517798121e-01 7.656492926987789049e-01 2.820370421856884247e-01
-5.530330581625892972e-01 7.832082829250932576e-01 2.841465040837157230e-01
-5.272827354063875926e-01 8.000767913405992804e-01 2.860944924589990945e-01
-5.009124632798966914e-01 8.162177299180231049e-01 2.878807657157076427e-01
-4.739561804993077110e-01 8.315962026960684872e-01 2.895052822348345156e-01
-4.464498929859653242e-01 8.461796610778852257e-01 2.909681908311961829e-01
-4.184315059945223902e-01 8.599380447060688271e-01 2.922698204084966944e-01
-3.899406458271582609e-01 8.728439069661844130e-01 2.934106689851735950e-01
-3.610184727454848197e-01 8.848725243572880261e-01 2.943913922660868487e-01
-3.317074867354160572e-01 8.960019891571441297e-01 2.952127919341343554e-01
-3.020513278001263346e-01 9.062132849983395300e-01 2.958758038317123584e-01
-2.720945724533446741e-01 9.154903451560771899e-01 2.963814861948075863e-01
-2.418825280611288098e-01 9.238200935261947633e-01 2.967310080926848226e-01
-2.114610266367874802e-01 9.311924684403940500e-01 2.969256382139482953e-01
-1.808762196328976557e-01 9.376004296226839729e-01 2.969667341255790016e-01
-1.501743751986999997e-01 9.430399487349684362e-01 2.968557321157748730e-01
-1.194016792829642459e-01 9.475099840893277392e-01 2.965941377144638569e-01
-8.860404186413044225e-02 9.510124402190407444e-01 2.961835169676308999e-01
-5.782690948354354821e-02 9.535521130993814820e-01 2.956254885235093943e-01
-2.711508514619192026e-02 9.551366218926572449e-01 2.949217165706243260e-01
3.487443461334824302e-03 9.557763281601223682e-01 2.940739046500010501e-01
3.393766660200148860e-02 9.554842435368582354e-01 2.930837903469030170e-01
6.245157242986572321e-02 9.541034299502750837e-01 2.928932554302343672e-01
9.089818794435564064e-02 9.518582992042198265e-01 2.927512778367619695e-01
1.192564992832076398e-01 9.487515933843259086e-01 2.926573327831516469e-01
1.475055083927948318e-01 9.447862712650774153e-01 2.926107305217260368e-01
1.756241995024389047e-01 9.399655203600107978e-01 2.926106185154501715e-01
2.035915073521719909e-01 9.342927732657575479e-01 2.926559839341782987e-01
2.313862875475838909e-01 9.277717281272364058e-01 2.927456564800435812e-01
2.589872894038875994e-01 9.204063730247209474e-01 2.928783115523325153e-01
2.863731316285786921e-01 9.122010140569397629e-01 2.930524737643283584e-01
3.135222811778741736e-01 9.031603068677892532e-01 2.932665208263895429e-01
3.404130356063025942e-01 8.932892913376561106e-01 2.935186878109069530e-01
3.670235092111656661e-01 8.825934291338172200e-01 2.938070718157218542e-01
3.933316232538927593e-01 8.710786437880150279e-01 2.941296370430470652e-01
4.193151005183466395e-01 8.587513629432461659e-01 2.944842203108861134e-01
4.449514644417095210e-01 8.456185623862647605e-01 2.948685370133624084e-01
4.702180430264997768e-01 8.316878114575424474e-01 2.952801875452277236e-01
4.950919777123838905e-01 8.169673194067584854e-01 2.957166642041031412e-01
5.195502373536389218e-01 8.014659822396701383e-01 2.961753585817027967e-01
5.435696374123106800e-01 7.851934295818424614e-01 2.966535694524012889e-01
5.671268644382914115e-01 7.681600710666313114e-01 2.971485111640330135e-01
5.901985058657486238e-01 7.503771417394909937e-01 2.976573225317730165e-01
6.127610851106931600e-01 7.318567459586072799e-01 2.981770762313684098e-01
6.347911019071792449e-01 7.126118992635444016e-01 2.987047886829009569e-01
6.562650777699511329e-01 6.926565676795459758e-01 2.992374304107166538e-01
6.771596064196688802e-01 6.720057039258323650e-01 2.997719368592084987e-01
6.974514089535951422e-01 6.506752800021611272e-01 3.003052196378616645e-01
7.171173934903665170e-01 6.286823156394751866e-01 3.008341781624406241e-01
7.361347189628110188e-01 6.060449021180233098e-01 3.013557116525117374e-01
7.544808626784265115e-01 5.827822209801852837e-01 3.018667314387534772e-01
7.721336912138681008e-01 5.589145571955689284e-01 3.023641735268193242e-01
7.890715341584360054e-01 5.344633063728624345e-01 3.028450113580075653e-01
8.052732601729875039e-01 5.094509756564011838e-01 3.033062687007756497e-01
8.207183547858175610e-01 4.839011779952969161e-01 3.037450326013473312e-01
8.353869993067679633e-01 4.578386195289899097e-01 3.041584663164216273e-01
8.492601502060377339e-01 4.312890798947998650e-01 3.045438221464302209e-01
8.623196182757297823e-01 4.042793853298973228e-01 3.048984540840239399e-01
8.745481468708853345e-01 3.768373745113868800e-01 3.052198301896110189e-01
8.859294885133445208e-01 3.489918571530432057e-01 3.055055446039198763e-01
8.964484791368341199e-01 3.207725654547040617e-01 3.057533291068016967e-01
9.060911092557095703e-01 2.922100985793267269e-01 3.059610641318919466e-01
9.161804814279330689e-01 2.656644079221898158e-01 3.000595947606843339e-01
9.253090965055776884e-01 2.394122970807128215e-01 2.940830501366681893e-01
9.335169810449136518e-01 2.134978218528700566e-01 2.880360020427587542e-01
9.408452476169325562e-01 1.879619020175817834e-01 2.819229604044021786e-01
9.473358527705624255e-01 1.628423673806436434e-01 2.757483590063199430e-01
9.530313666948703188e-01 1.381740197853233154e-01 2.695165417746886449e-01
9.579747553368110902e-01 1.139887094759832187e-01 2.632317497573327669e-01
9.622091755530717272e-01 9.031542419861843252e-02 2.568981089167961529e-01
9.657777837035381729e-01 6.718038943589257905e-02 2.505196188331602070e-01
9.687235579316992862e-01 4.460717820451046145e-02 2.441001423955901917e-01
9.710891342254223124e-01 2.261682888781262057e-02 2.376433965441530072e-01
9.729166562112062655e-01 1.227969634412517941e-03 2.311529441067556589e-01
9.742476385071655587e-01 -1.954305207744630804e-02 2.246321867603386091e-01
9.751228433452346911e-01 -3.968203603234767007e-02 2.180843591309145346e-01
9.755821700717561828e-01 -5.917679326475520918e-02 2.115125240338062151e-01
9.756645570477985308e-01 -7.801700858861827792e-02 2.049195688436049601e-01
9.754078953960889642e-01 -9.619410272440162557e-02 1.983082029729925089e-01
9.748489539799756187e-01 -1.137010949837291840e-01 1.916809564306611036e-01
9.740233149508246147e-01 -1.305324673770889288e-01 1.850401794211122830e-01
9.729653191630208697e-01 -1.466840309166064227e-01 1.783880429430670378e-01
9.717080207294984673e-01 -1.621527947949570614e-01 1.717265403385150047e-01
9.702831499746018551e-01 -1.769368390340771424e-01 1.650574897409790576e-01
9.687210840341567986e-01 -1.910351911143046422e-01 1.583825373692784033e-01
9.670508243539611692e-01 -2.044477070166221822e-01 1.517031616118268977e-01
9.652999803465474038e-01 -2.171749570383143257e-01 1.450206778461910762e-01
9.634947584810887866e-01 -2.292181166759754973e-01 1.383362439391358223e-01
9.616599561018259745e-01 -2.405788628096595660e-01 1.316508663735869444e-01
9.598189592955373994e-01 -2.512592753681763824e-01 1.249654069507244586e-01
9.579937441575776536e-01 -2.612617446081328954e-01 1.182805900176744085e-01
9.562048808381458098e-01 -2.705888840982139665e-01 1.115970101738850001e-01
9.544715397850814798e-01 -2.792434494652467625e-01 1.049151404121532738e-01
9.528114996360421696e-01 -2.872282629295712653e-01 9.823534065331693266e-02
9.512411562509172080e-01 -2.945461436338711048e-01 9.155786663675613557e-02
9.497755324143531963e-01 -3.011998437515822635e-01 8.488287913198117041e-02
9.484282877779790510e-01 -3.071919903479341518e-01 7.821045343964198870e-02
9.472117286520550516e-01 -3.125250329582030528e-01 7.154058915321884204e-02
9.461368172966324597e-01 -3.172011968434650386e-01 6.487322015538039832e-02
9.452131804027670281e-01 -3.212224418836004958e-01 5.820822482547402532e-02
9.444491164948050077e-01 -3.245904270700932237e-01 5.154543643679596054e-02
9.438516020252208927e-01 -3.273064805668350341e-01 4.488465372413470017e-02
9.423584352545145704e-01 -3.316620017819815192e-01 4.428213052270925376e-02
9.408662146655667469e-01 -3.359514461180949652e-01 4.367382460362826541e-02
9.393759633999086978e-01 -3.401744515641650923e-01 4.305987565539332040e-02
9.378886963295223200e-01 -3.443306765671367842e-01 4.244042262491062173e-02
9.364054194423288013e-01 -3.484197995648886104e-01 4.181560365685394604e-02
9.349271292473563255e-01 -3.524415185088778379e-01 4.118555603607711169e-02
9.334548121996582015e-01 -3.563955503774806632e-01 4.055041613308944803e-02
9.319894441450112810e-01 -3.602816306810441849e-01 3.991031935260192648e-02
9.305319897843834509e-01 -3.640995129596521496e-01 3.926540008514604885e-02
9.290834021581212410e-01 -3.678489682745909595e-01 3.861579166176224570e-02
9.276446221497695044e-01 -3.715297846944849991e-01 3.796162631174938157e-02
9.262165780094028245e-01 -3.751417667770511333e-01 3.730303512346198197e-02
9.248001848963119942e-01 -3.786847350474036311e-01 3.664014800813714112e-02
9.233963444408584964e-01 -3.821585254738179005e-01 3.597309366672852421e-02
9.220059443252809350e-01 -3.855629889418413225e-01 3.530199955972055520e-02
9.206298578832069479e-01 -3.888979907276146064e-01 3.462699187989195376e-02
9.192689437176013723e-01 -3.921634099712449917e-01 3.394819552799383661e-02
9.179240453368533448e-01 -3.953591391510467012e-01 3.326573409130401809e-02
9.165959908086860342e-01 -3.984850835594404561e-01 3.257972982501580739e-02
9.152855924315499436e-01 -4.015411607812773287e-01 3.189030363641635196e-02
9.151251755536954358e-01 -4.023740114020846748e-01 2.531953763273838559e-02
9.151910235893337964e-01 -4.025839918832180842e-01 1.874915407025420921e-02
9.154838170450295687e-01 -4.021704556741348968e-01 1.217851610997424186e-02
9.160030041641169518e-01 -4.011322334047826565e-01 5.607014625920946592e-03
9.167467932460776625e-01 -3.994676394652513229e-01 -9.659205007448660313e-04
9.177121425040600800e-01 -3.971744838107439390e-01 -7.540809010451309836e-03
9.188947475773877605e-01 -3.942500890904975241e-01 -1.411810882818531621e-02
9.202890268571932708e-01 -3.906913132162516122e-01 -2.069820457477292500e-02
9.218881048261234890e-01 -3.864945775007011530e-01 -2.728139604377049360e-02
9.236837936575236219e-01 -3.816559005085353729e-01 -3.386788666505087531e-02
9.256665733656929129e-01 -3.761709377715722891e-01 -4.045777198049399503e-02
9.278255708467300078e-01 -3.700350275245418707e-01 -4.705102816204255467e-02
9.301485381990950430e-01 -3.632432426186159025e-01 -5.364750060773620238e-02
9.326218307641608307e-01 -3.557904487651711856e-01 -6.024689265715781061e-02
9.352303853794686761e-01 -3.476713692518334509e-01 -6.684875447396772252e-02
9.379576993907974281e-01 -3.388806562559011915e-01 -7.345247214980817063e-02
9.407858110230256088e-01 -3.294129688561150404e-01 -8.005725709075790786e-02
9.436952817635113622e-01 -3.192630578117622853e-01 -8.666213575461802210e-02
9.466651814645912211e-01 -3.084258571376645719e-01 -9.326593981450875814e-02
9.496730769229139169e-01 -2.968965824541269227e-01 -9.986729683142914205e-02
9.526950247416201556e-01 -2.846708360319447628e-01 -1.064646215254345663e-01
9.557055693256623075e-01 -2.717447183837005120e-01 -1.130561077417578664e-01
9.586777468994529539e-01 -2.581149461736012007e-01 -1.196397212143562455e-01
9.615830964680393000e-01 -2.437789761289569646e-01 -1.262131932348077856e-01
9.643916786664807894e-01 -2.287351345372299616e-01 -1.327740153389897759e-01
9.670721034553036999e-01 -2.129827518037947787e-01 -1.393194351273147891e-01
9.695915676209865275e-01 -1.965223014278275337e-01 -1.458464533362351934e-01
9.719159030275146272e-01 -1.793555426280816489e-01 -1.523518222790039567e-01
9.740096365362520547e-01 -1.614856657180641641e-01 -1.588320457720487355e-01
9.758360624648921844e-01 -1.429174391930200794e-01 -1.652833806595341570e-01
9.773573283903680409e-01 -1.236573573512795565e-01 -1.717018400425261992e-01
9.785345350138254794e-01 -1.037137871324407129e-01 -1.780831983104273764e-01
9.793278506968595698e-01 -8.309711271745917616e-02 -1.844229980608542985e-01
9.796966411463194913e-01 -6.181987630428097125e-02 -1.907165589797548411e-01
9.795996145696814761e-01 -3.989691335081269052e-02 -1.969589887362449832e-01
9.789949824443888726e-01 -1.734548046867712481e-02 -2.031451959263850526e-01
9.778406358433967549e-01 5.814625939533211996e-03 -2.092699050769935287e-01
9.760943370368584393e-01 2.956096227569861637e-02 -2.153276736947805081e-01
