1.000000000000000000e+00 0.000000000000000000e+00 0.000000000000000000e+00
9.999930647132250217e-01 1.969820376619976689e-03 -3.160943980157229945e-03
9.999648403898143689e-01 5.565682843781906940e-03 -6.272487753018677996e-03
9.998986954291295692e-01 1.075787563733057034e-02 -9.320519682666525071e-03
9.997711545223644247e-01 1.750916947398959561e-02 -1.229126592714543942e-02
9.995526493401850621e-01 2.577483359427566040e-02 -1.517134479344690347e-02
9.992084120334244757e-01 3.550265528522801584e-02 -1.794782834269129795e-02
9.986994940988647151e-01 4.663298353814272768e-02 -2.060831196033314355e-02
9.979838901042960009e-01 5.909881879510239105e-02 -2.314099186820213136e-02
9.970177425972558405e-01 7.282597066498988636e-02 -2.553474978455820901e-02
9.957566014155495582e-01 8.773330398836037824e-02 -2.777924317637447960e-02
9.941567078065242091e-01 1.037330907149626447e-01 -2.986499883898832697e-02
9.921762715140397537e-01 1.207314808234778714e-01 -3.178350692705617098e-02
9.897767075849912555e-01 1.386291001441886939e-01 -3.352731209024840259e-02
9.869237993382485863e-01 1.573217767138397893e-01 -3.509009807461149072e-02
9.835887549328009571e-01 1.767013905487143932e-01 -3.646676206414889432e-02
9.797491273919441968e-01 1.966568348775621089e-01 -3.765347517263088056e-02
9.753895718054105268e-01 2.170750703729508457e-01 -3.864772585366214874e-02
9.705024186430892819e-01 2.378422481973796188e-01 -3.944834356207004705e-02
9.650880484564386963e-01 2.588448731375189160e-01 -4.005550074017361073e-02
9.591550603961475074e-01 2.799709750567824784e-01 -4.047069207285855508e-02
9.527202345370754388e-01 3.011112555648843281e-01 -4.069669089952622498e-02
9.465324717802282573e-01 3.203924078884587412e-01 -3.774963273818434523e-02
9.404792491005304900e-01 3.380764049453259812e-01 -3.468677715734752587e-02
9.346635127915386976e-01 3.541333099994208311e-01 -3.152394713908232560e-02
9.291808402221916063e-01 3.685423332998197798e-01 -2.827639253923981688e-02
9.241183086294434412e-01 3.812905078403436288e-01 -2.495871396399864869e-02
9.195536016442359406e-01 3.923713855223178171e-01 -2.158482297937651395e-02
9.155543333684210694e-01 4.017838003646620471e-01 -1.816793547120480398e-02
9.121775658806758891e-01 4.095307372357884224e-01 -1.472059421091804002e-02
9.094694944983959806e-01 4.156183364375086176e-01 -1.125471619401099965e-02
9.074652756156571520e-01 4.200550567530128010e-01 -7.781660057212343509e-03
9.061889740783044545e-01 4.228510125245883433e-01 -4.312308796863871703e-03
9.056536104368589912e-01 4.240174940595237141e-01 -8.571630557071591335e-04
9.058612926407989541e-01 4.235666751691832266e-01 2.573559624810033142e-03
9.068034214376420321e-01 4.215115068375636098e-01 5.969824008748229015e-03
9.084609635860959598e-01 4.178657917491948592e-01 9.321679040530776034e-03
9.108047916879996597e-01 4.126444305145289815e-01 1.261916638253132369e-02
9.137960937228543079e-01 4.058638267476417649e-01 1.585223937382027395e-02
9.173868589905779247e-01 3.975424345340903276e-01 1.901069591623860688e-02
9.215204499131356419e-01 3.877014281781052119e-01 2.208412850843590250e-02
9.261322708151739080e-01 3.763654704001745954e-01 2.506189430949354313e-02
9.311505452240818048e-01 3.635635514030450266e-01 2.793310769821087669e-02
9.364972122620494055e-01 3.493298675501288475e-01 3.068665727932263013e-02
9.420889502570264362e-01 3.337047049993442371e-01 3.331124865490221743e-02
9.478383317542571351e-01 3.167352907748416380e-01 3.579547351653849380e-02
9.536551087316946784e-01 2.984765717635871618e-01 3.812790472120459323e-02
9.594476201845152374e-01 2.789918813498016847e-01 4.029721600496976447e-02
9.651243066399900483e-01 2.583534542008119606e-01 4.229232389420896354e-02
9.705953080121233478e-01 2.366427523996382509e-01 4.410254824133643531e-02
9.757741130379818939e-01 2.139505708957515628e-01 4.571778670497322894e-02
9.805792209747882238e-01 1.903768971891432737e-01 4.712869748910182566e-02
9.849357699434825308e-01 1.660305091688447365e-01 4.832688383523030956e-02
9.887770819314690707e-01 1.410283057874140433e-01 4.930507320793718617e-02
9.920460725830561044e-01 1.154943772544954755e-01 5.005728389925410970e-02
9.946964749259855632e-01 8.955883397990349604e-02 5.057897195336956420e-02
9.966938303061514404e-01 6.335642576184563612e-02 5.086715190425059041e-02
9.980162069701002947e-01 3.702499381168766757e-02 5.092048581512527428e-02
9.986546166097393096e-01 1.070380727567469409e-02 5.073933646417350812e-02
9.986131111690860207e-01 -1.546815777793446658e-02 5.032578215480446732e-02
9.979085555013793574e-01 -4.135393591713369676e-02 4.968359243335691150e-02
9.965700851161178875e-01 -6.682022598278869463e-02 4.881816584624511929e-02
9.946382712928750758e-01 -9.173892435494108988e-02 4.773643263201494957e-02
9.921640273503490315e-01 -1.159884885712203495e-01 4.644672679962009304e-02
9.892072990906206620e-01 -1.394550917441926274e-01 4.495863329144461629e-02
9.858355888633858477e-01 -1.620335397171568104e-01 4.328281679727512959e-02
9.821223660541444911e-01 -1.836279352765605166e-01 4.143083923806017976e-02
9.781454171090846472e-01 -2.041520861176992219e-01 3.941497297658123206e-02
9.739851857310517502e-01 -2.235296648341343895e-01 3.724801646957983520e-02
9.697231490763591477e-01 -2.416941393145320971e-01 3.494311841197034196e-02
9.654402692430941180e-01 -2.585885001186997156e-01 3.251361551531101873e-02
9.612155517193704535e-01 -2.741648174095406842e-01 2.997288799432899081e-02
9.571247343986035716e-01 -2.883836637793123492e-01 2.733423569063079053e-02
9.532391228496664981e-01 -3.012134409363700360e-01 2.461077661721092213e-02
9.496245802323259877e-01 -3.126296479508054449e-01 2.181536862317198094e-02
9.463406739287307801e-01 -3.226141269153352531e-01 1.896055390139872801e-02
9.434399758466378572e-01 -3.311543188209659094e-01 1.605852522247309955e-02
9.409675095439757886e-01 -3.382425585341437002e-01 1.312111209025659982e-02
9.389603348255275428e-01 -3.438754333212743486e-01 1.015978447981641386e-02
9.374472591841521707e-01 -3.480532246746985692e-01 7.185671428520649766e-03
9.364486652516234022e-01 -3.507794484671544755e-01 4.209591491584402032e-03
9.359764440970885779e-01 -3.520605038519476482e-01 1.242091926311215955e-03
9.366714452162804294e-01 -3.501783231095375037e-01 -4.668372224471164372e-03
9.383838164433669915e-01 -3.454349316501363343e-01 -1.051536745835773487e-02
9.410593789040041512e-01 -3.378493971664719431e-01 -1.628149692662466189e-02
9.446165264993205968e-01 -3.274414888492675479e-01 -2.194885472800151005e-02
9.489473962951590069e-01 -3.142335550254305443e-01 -2.749876387227589633e-02
9.539193339489854262e-01 -2.982529302517327729e-01 -3.291157932921682377e-02
9.593767306925499172e-01 -2.795347718383642821e-01 -3.816657106969469082e-02
9.651433134834817018e-01 -2.581252016010042727e-01 -4.324190037188738872e-02
9.710249648181352722e-01 -2.340846030629505359e-01 -4.811470022383863843e-02
9.768131321144394308e-01 -2.074908992709252609e-01 -5.276126716479644096e-02
9.822888579561702693e-01 -1.784426147141621732e-01 -5.715736721678770643e-02
9.872274223021050288e-01 -1.470615101566158933e-01 -6.127865264947588569e-02
9.914035378393890596e-01 -1.134945754780321836e-01 -6.510117936890590096e-02
9.945969834277393895e-01 -7.791517663225314139e-02 -6.860200711794488260e-02
9.965985030635166053e-01 -4.052318140793025741e-02 -7.175985703811142702e-02
9.972157453072267863e-01 -1.543935976344237848e-03 -7.455579426500463791e-02
9.962789776268219377e-01 3.877397093407224105e-02 -7.697389800283195582e-02
9.936462882642880245e-01 8.016214084352697722e-02 -7.900187880420291020e-02
9.892079902455507279e-01 1.223368941313347502e-01 -8.063160324144143243e-02
9.828899707017978438e-01 1.650047087405117352e-01 -8.185949013676799280e-02
9.753108935145498037e-01 2.059885893342623397e-01 -7.960890802279328715e-02
9.663536521626433506e-01 2.454088389930713932e-01 -7.704107988235490978e-02
9.562220704120726333e-01 2.830841516139681047e-01 -7.418162411285650348e-02
9.451331428761386988e-01 3.188641327921897251e-01 -7.105769652100821232e-02
9.333112018280038669e-01 3.526293585722207191e-01 -6.769724162291988756e-02
9.209824466322451553e-01 3.842903421297976241e-01 -6.412829589984045398e-02
9.083700273619363941e-01 4.137855857039052787e-01 -6.037836907531516500e-02
8.956898117740729193e-01 4.410789223364041667e-01 -5.647392127090718195e-02
8.831469034568488752e-01 4.661563597583253116e-01 -5.243994582449222619e-02
8.709329238689837993e-01 4.890226302560645721e-01 -4.829966030897586693e-02
8.592240255975960306e-01 5.096976297606266026e-01 -4.407430232222787903e-02
8.481795701216722216e-01 5.282129012002000357e-01 -3.978302214612317728e-02
8.379413808229704275e-01 5.446082854819557229e-01 -3.544286140659271694e-02
8.286334699573283391e-01 5.589288317474198076e-01 -3.106880527038044515e-02
8.203621351193401967e-01 5.712220293044071306e-01 -2.667389525728191060e-02
8.132163244315039341e-01 5.815353984948332666e-01 -2.226939015620806386e-02
8.072681782941165674e-01 5.899144575204652297e-01 -1.786496353441667170e-02
8.025736672783079229e-01 5.964010670793996605e-01 -1.346892767162975908e-02
7.991732591844905587e-01 6.010321442583113072e-01 -9.088475224796320820e-03
7.970925623334278454e-01 6.038387308712356294e-01 -4.729931371359101175e-03
7.963429060627830181e-01 6.048453985623132301e-01 -3.990104706202727766e-04
7.969218327209387498e-01 6.040699726621360233e-01 3.898927653910416215e-03
7.988134879664030574e-01 6.015235581742819360e-01 8.158625917704193098e-03
8.019889078404828231e-01 5.972108535831841536e-01 1.237468626945740537e-02
8.064062119198489587e-01 5.911307406917393203e-01 1.654133746553810430e-02
8.120107219385040986e-01 5.832771407605987779e-01 2.065221775910406829e-02
8.187350346311249583e-01 5.736401282447086691e-01 2.470017620673312791e-02
8.264990861509632358e-01 5.622072928942121184e-01 2.867709673330013850e-02
8.352102531002250085e-01 5.489653384794705993e-01 3.257374963472420976e-02
8.447635416834553546e-01 5.339019015944220792e-01 3.637967575421310190e-02
8.550419213078912506e-01 5.170075667119087282e-01 4.008310904178039036e-02
8.659168615192858187e-01 4.982780439208320811e-01 4.367094348692882044e-02
8.772491307782945835e-01 4.777164638221759185e-01 4.712875037958565161e-02
8.888899115054714750e-01 4.553357304482931189e-01 5.044085138299855831e-02
9.006822773543631255e-01 4.311608586818059252e-01 5.359045188390325343e-02
9.124630652862070201e-01 4.052312087190865775e-01 5.655983743639664274e-02
9.240651565077857565e-01 3.776025181965071975e-01 5.933063379871458820e-02
9.353201569547670013e-01 3.483486244485256567e-01 6.188412810345152865e-02
9.460614406113545538e-01 3.175627668349245147e-01 6.420164520993869306e-02
9.561274890812567762e-01 2.853583638427344971e-01 6.626496946178360437e-02
9.650964600388008963e-01 2.537009857850931471e-01 6.499881791160923294e-02
9.728688922786969950e-01 2.224821389845475783e-01 6.346672782997320184e-02
9.794780799823684658e-01 1.918839182246949715e-01 6.167217297037332069e-02
9.849741613498214088e-01 1.620845997592787469e-01 5.962115766764505831e-02
9.894226508610849402e-01 1.332561047332412318e-01 5.732207925265252885e-02
9.929025364952858146e-01 1.055617520684154487e-01 5.478553856630986180e-02
9.955040215790164071e-01 7.915436838854462975e-02 5.202410934935768061e-02
9.973260032987081303e-01 5.417479926818038333e-02 4.905207880545562477e-02
9.984733858151770836e-01 3.075084132507275095e-02 4.588517225948401945e-02
9.990543255395347710e-01 8.996590448044856914e-03 4.254027457826278780e-02
9.991775002240230741e-01 -1.098782046723304623e-02 3.903515998216104677e-02
9.989494832728292861e-01 -2.911613914286444171e-02 3.538824020595654485e-02
9.984722915131656329e-01 -4.531562544848943830e-02 3.161833885226629504e-02
9.978411600668033454e-01 -5.952646410487752449e-02 2.774449741697822616e-02
9.971425832970594039e-01 -7.170102965960467589e-02 2.378581603814459988e-02
9.964526472112471556e-01 -8.180307417897512978e-02 1.976132968591188740e-02
9.958356669987793452e-01 -8.980690361120861887e-02 1.568991839403658523e-02
9.953431340670093608e-01 -9.569660122338059793e-02 1.159024831829815957e-02
9.950129701605002763e-01 -9.946534669432943732e-02 7.480738943414361186e-03
9.948690817888049542e-01 -1.011148681041252745e-01 3.379550668614857319e-03
9.949212058893864841e-01 -1.006550518512259740e-01 -6.954137175879341465e-04
9.951650369004118035e-01 -9.810372299643478622e-02 -4.726500524269714246e-03
9.955826256014869147e-01 -9.348659612343379610e-02 -8.696296480525979311e-03
9.961430405543841848e-01 -8.683738488845443859e-02 -1.258762647363960083e-02
9.968032831194659771e-01 -7.819804733277584130e-02 -1.638356369320897316e-02
9.975094462905602644e-01 -6.761913406689133710e-02 -2.006745730514536072e-02
9.981981055554118853e-01 -5.516019793515809788e-02 -2.362298165807876979e-02
9.987979263843735911e-01 -4.089021709318496622e-02 -2.703420967491019719e-02
9.992314677029834336e-01 -2.488797895922980827e-02 -3.028571154055999942e-02
9.994171539556085948e-01 -7.242370617779762820e-03 -3.336267811427016949e-02
9.992713804814230549e-01 1.194747770045257243e-02 -3.625106673949306940e-02
9.987107084765642906e-01 3.257224521755396063e-02 -3.893776538316555402e-02
9.976540975611455364e-01 5.451271096009707717e-02 -4.141076941186731808e-02
9.960251167791686067e-01 7.764031292299453102e-02 -4.365936391817382134e-02
9.937540696411741870e-01 1.018179937474905511e-01 -4.567430346073306224e-02
9.907799664166033748e-01 1.269013351802416312e-01 -4.744798047974520955e-02
9.870522779657479040e-01 1.527399669927427539e-01 -4.897457357521666638e-02
9.825324103676624787e-01 1.791792194261349336e-01 -5.025016733184472367e-02
9.771948484990696793e-01 2.060619728185087984e-01 -5.127283643895893389e-02
9.710279292108152660e-01 2.332306450874579440e-01 -5.204268843318279880e-02
9.646898437768223200e-01 2.586924660532078368e-01 -4.951689088584350362e-02
9.580723359475394885e-01 2.826767864149569154e-01 -4.681279135572069539e-02
9.513018465621446706e-01 3.051123742999997113e-01 -4.394809088860219398e-02
9.445029301617371420e-01 3.259421611835258137e-01 -4.094040444529389866e-02
9.377961036072544054e-01 3.451221324304888372e-01 -3.780703264865713925e-02
9.312959728879003363e-01 3.626200121949319510e-01 -3.456477613848542990e-02
9.251096502172664326e-01 3.784138181570012027e-01 -3.122979427208129669e-02
9.193354587295365921e-01 3.924903571555959370e-01 -2.781750784480113703e-02
9.140619102892434400e-01 4.048437256952883700e-01 -2.434254380299159803e-02
9.093669333512722774e-01 4.154738705763139084e-01 -2.081871860817400763e-02
9.053173224045012457e-01 4.243852554122183873e-01 -1.725905597497602584e-02
9.019683780428529030e-01 4.315856692887449775e-01 -1.367583410770925080e-02
8.993637067354713910e-01 4.370852048126175338e-01 -1.008065724627048645e-02
8.975351514469561698e-01 4.408954246378777309e-01 -6.484546238379219896e-03
8.965028279048806725e-01 4.430287284014886029e-01 -2.898042919562305187e-03
8.962752460594820558e-01 4.434979258631095989e-01 6.686767515954117683e-04
8.968495017033163430e-01 4.423160168283609694e-01 4.205685633930751448e-03
8.982115289386767287e-01 4.394961739666148892e-01 7.703189008147828809e-03
9.003364098662988146e-01 4.350519206976634634e-01 1.115141319044334750e-02
9.031887432286072048e-01 4.289974926899923768e-01 1.454050326534624474e-02
9.060220561024678876e-01 4.229650960904643986e-01 1.499141286436754712e-02
9.089060188016558905e-01 4.167171136413284072e-01 1.539082611127517985e-02
9.118253804285322284e-01 4.102767320411126462e-01 1.573722658578458403e-02
9.147651578393609650e-01 4.036681188471352710e-01 1.602927182850750684e-02
9.177107440503745606e-01 3.969163585752309986e-01 1.626580531699184373e-02
9.206480105018566285e-01 3.900473768244949180e-01 1.644586812123259925e-02
9.235634018316671856e-01 3.830878524723500544e-01 1.656871002308164115e-02
9.264440218732460375e-01 3.760651182267815140e-01 1.663379988457489717e-02
9.292777096916710056e-01 3.690070500624290650e-01 1.664083505574268443e-02
9.320531046046952595e-01 3.619419462989752478e-01 1.658974962291702090e-02
9.347596993023634671e-01 3.548983972975517931e-01 1.648072131368027993e-02
9.373878803759411182e-01 3.479051469476862057e-01 1.631417689403101556e-02
9.399289557902859027e-01 3.409909472881954562e-01 1.609079591654032082e-02
9.423751690780524104e-01 3.341844077458313023e-01 1.581151270456587071e-02
9.447197002928375831e-01 3.275138405818920906e-01 1.547751648620177521e-02
9.469566540243629094e-01 3.210071042071733216e-01 1.509024962171558529e-02
9.490810350443800170e-01 3.146914460586220375e-01 1.465140389886531933e-02
9.510887124093280187e-01 3.085933467273468955e-01 1.416291490080714456e-02
9.529763730871529948e-01 3.027383669890272300e-01 1.362695448044822129e-02
9.547414663938598167e-01 2.971509993172948838e-01 1.304592140229940932e-02
9.563821407137627073e-01 2.918545253624218461e-01 1.242243023748272092e-02
9.578971741304777021e-01 2.868708807565500396e-01 1.175929861903305881e-02
9.592859007090477341e-01 2.822205284682049453e-01 1.105953298264591815e-02
9.605481342401044342e-01 2.779223417786653716e-01 1.032631293237415773e-02
9.616840912828997778e-01 2.739934977965872154e-01 9.562974381446705946e-03
9.626943153250165919e-01 2.704493822704541195e-01 8.772991625508024666e-03
9.635796038135386876e-01 2.673035063057116467e-01 7.959958509436695570e-03
9.643409397076199152e-01 2.645674354488163349e-01 7.127568849887236033e-03
9.649794290590278933e-01 2.622507314669238476e-01 6.279596274288032527e-03
9.654962459495907146e-01 2.603609070315480722e-01 5.419873633747676264e-03
9.658925859075598863e-01 2.589033934081795829e-01 4.552272142715418912e-03
9.661696286943282086e-01 2.578815211614642888e-01 3.680680392834302823e-03
9.663285111047411613e-01 2.572965138060914203e-01 2.808983382693985148e-03
9.663703101647004301e-01 2.571474942652208218e-01 1.941041699535243220e-03
9.662960368452603310e-01 2.574315039386925186e-01 1.080670983684174635e-03
9.661066401493052513e-01 2.581435341296274832e-01 2.316218017960653026e-04
9.658030211713343194e-01 2.592765695274107385e-01 -6.024399490547178125e-04
9.653860564887484230e-01 2.608216433945885759e-01 -1.417951987828392846e-03
9.648566300198174739e-01 2.627679040523466236e-01 -2.211473830858616541e-03
9.642156722841840333e-01 2.651026922018829834e-01 -2.979704095132489679e-03
9.634642058307281154e-01 2.678116285557182175e-01 -3.719496813352654845e-03
9.626033954585864194e-01 2.708787111831130745e-01 -4.427876653834147275e-03
9.616346017530278401e-01 2.742864218974442325e-01 -5.102052942303736925e-03
9.605594363908350752e-01 2.780158409316046964e-01 -5.739432387856783190e-03
9.593798176410196499e-01 2.820467690620289125e-01 -6.337630422019245417e-03
9.580980244963261949e-01 2.863578562552886453e-01 -6.894481068332209729e-03
9.567167479183149581e-01 2.909267358264220338e-01 -7.408045270311458368e-03
9.552391377620880197e-01 2.957301630187146313e-01 -7.876617618123025674e-03
9.536688440632474784e-01 3.007441568442105195e-01 -8.298731428833507062e-03
9.520100515158310683e-01 3.059441439664534190e-01 -8.673162151501196890e-03
9.502675061413619062e-01 3.113051033652707300e-01 -8.998929086417325682e-03
9.484465333407002818e-01 3.168017105008247292e-01 -9.275295427127626044e-03
9.465530467265237391e-01 3.224084796930518082e-01 -9.501766654015924782e-03
9.445935473490881806e-01 3.280999034546382975e-01 -9.678087328697576250e-03
9.425751131454390697e-01 3.338505875616085139e-01 -9.804236358691065592e-03
9.405053786565235052e-01 3.396353807152963644e-01 -9.880420821233640988e-03
9.383925052621067131e-01 3.454294977418678747e-01 -9.907068453113709525e-03
9.362451423748954227e-01 3.512086353887215462e-01 -9.884818929478520269e-03
9.340723802083741312e-01 3.569490799082827293e-01 -9.814514068270323299e-03
9.318836948839205325e-01 3.626278057655352161e-01 -9.697187107859755323e-03
9.296888867690253910e-01 3.682225649621946317e-01 -9.534051213290119925e-03
9.274980130381146326e-01 3.737119666334994816e-01 -9.326487371136686980e-03
9.253213155197077544e-01 3.790755467387986188e-01 -9.076031834249030997e-03
9.231691449385552861e-01 3.842938278301152866e-01 -8.784363275620097819e-03
9.210518826799266590e-01 3.893483690395386776e-01 -8.453289805456145473e-03
9.189798611970867448e-01 3.942218065728634868e-01 -8.084735997443259076e-03
9.169632841545460877e-01 3.988978851300722384e-01 -7.680730059534539821e-03
9.150121473517244253e-01 4.033614807903139199e-01 -7.243391271695613989e-03
9.131361614073878474e-01 4.075986159978786660e-01 -6.774917798367619502e-03
9.113446771079435349e-01 4.115964673648619399e-01 -6.277574967385334340e-03
9.096466142357680917e-01 4.153433670649582798e-01 -5.753684090181484904e-03
9.080503946004780946e-01 4.188287986309485178e-01 -5.205611880766805588e-03
9.065638798994731795e-01 4.220433879863327298e-01 -4.635760513628341302e-03
9.051943149369466868e-01 4.249788905400963546e-01 -4.046558343732268789e-03
9.039482766352315846e-01 4.276281751540777498e-01 -3.440451295607556848e-03
9.028316291807927385e-01 4.299852057564614860e-01 -2.819894913331376114e-03
9.018494855608969463e-01 4.320450213244289017e-01 -2.187347049394353267e-03
9.010061756670604272e-01 4.338037148960018907e-01 -1.545261158100522288e-03
9.003052210684361345e-01 4.352584121977512988e-01 -8.960801485100024178e-04
8.997493164926074760e-01 4.364072503934819380e-01 -2.422307430716012832e-04
9.001080860103903847e-01 4.356546646151510105e-01 3.259930097689561160e-03
9.012369517572429434e-01 4.332746337712944373e-01 6.725353182398119065e-03
9.031142146097670409e-01 4.292807872163764693e-01 1.014419619750179039e-02
9.057077913505613420e-01 4.236875675363082072e-01 1.350657323606793692e-02
9.089756341256299832e-01 4.165106983078442626e-01 1.680246709912807182e-02
9.128662248685579517e-01 4.077678011037126349e-01 2.002165689594401915e-02
9.173191563243840996e-01 3.974791405285624801e-01 2.315366428318140976e-02
9.222658130809443522e-01 3.856684721911455838e-01 2.618772135206838547e-02
9.276301664287233129e-01 3.723639645189781300e-01 2.911276275891256510e-02
9.333296957689096729e-01 3.575991613326758300e-01 3.191744417066030848e-02
9.392764465702810872e-01 3.414139483387471086e-01 3.459018844065903098e-02
9.453782305074500680e-01 3.238554834759804768e-01 3.711926012602832087e-02
9.515399674605352631e-01 3.049790487319910537e-01 3.949286800519605234e-02
9.576651617028172359e-01 2.848487800410295367e-01 4.169929416649821585e-02
9.636574961671227069e-01 2.635382325880447629e-01 4.372704704930772956e-02
9.694225196234480535e-01 2.411307416329321884e-01 4.556503458069161711e-02
9.748693925107571046e-01 2.177195440840072327e-01 4.720275233431404233e-02
9.799126487382752160e-01 1.934076335841489191e-01 4.863048053004144500e-02
9.844739237524111619e-01 1.683073317169433425e-01 4.983948278635370183e-02
9.884835942874202752e-01 1.425395697526266325e-01 5.082219892619226076e-02
9.918822731213232657e-01 1.162328885591454308e-01 5.157242390177410596e-02
9.946221033098756603e-01 8.952217811837334671e-02 5.208546510427814608e-02
9.966678009911171809e-01 6.254719157672841701e-02 5.235827098722101169e-02
9.979974038654308988e-01 3.545088092228371873e-02 5.238952504596871423e-02
9.986026934704178570e-01 8.377611252845397483e-03 5.217970070694476908e-02
9.984892727005300062e-01 -1.852868263837541968e-02 5.173107449658360252e-02
9.976762947462215481e-01 -4.512633055967670698e-02 5.104769685865047368e-02
9.961958546791725988e-01 -7.127768618319119120e-02 5.013532202677005445e-02
9.940920691884712612e-01 -9.685075011547639168e-02 4.900130029006669052e-02
9.914198824604334437e-01 -1.217206038421742298e-01 4.765443767794987073e-02
9.882436460629042685e-01 -1.457706125985746559e-01 4.610482942437269666e-02
9.846355273803906183e-01 -1.688933680653588731e-01 4.436367447662495356e-02
9.806738043942079264e-01 -1.909913554973984851e-01 4.244307875388356882e-02
9.764411044674247142e-01 -2.119773434716656912e-01 4.035585484233315812e-02
9.720226416097831335e-01 -2.317745070014943787e-01 3.811532537920191838e-02
9.675045010098004550e-01 -2.503163056007286502e-01 3.573513659836411588e-02
9.629720121134068833e-01 -2.675461465076481304e-01 3.322908747404627883e-02
9.585082429387605796e-01 -2.834168694458829574e-01 3.061097870256519402e-02
9.541926393625975722e-01 -2.978900929800552544e-01 2.789448449805822031e-02
9.500998244308785923e-01 -3.109354638753299427e-01 2.509304892928485367e-02
9.469646161471175771e-01 -3.207623593906819282e-01 1.922817380108304830e-02
9.446932175402840137e-01 -3.276837490532105157e-01 1.335225289318471564e-02
9.433487658259986919e-01 -3.317186846918437904e-01 7.484517283942183560e-03
9.429653126631910576e-01 -3.328872448757793090e-01 1.643375005751562291e-03
9.435481403897841846e-01 -3.312096906925903750e-01 -4.153270922351094512e-03
9.450742973210983777e-01 -3.267063082798060125e-01 -9.887699069983940312e-03
9.474933378609101675e-01 -3.193979178335809577e-01 -1.554205874434382711e-02
9.507282791752169615e-01 -3.093070101632537372e-01 -2.109808884870949253e-02
9.546768092187724042e-01 -2.964594532816902106e-01 -2.653688273882746571e-02
9.592127991939118914e-01 -2.808866919223282910e-01 -3.183871438995680703e-02
9.641881853422895610e-01 -2.626283416737925647e-01 -3.698293990623607863e-02
9.694352887045274425e-01 -2.417350567324612898e-01 -4.194798659821280529e-02
9.747696357219710617e-01 -2.182715270196491919e-01 -4.671143929739350609e-02
9.799933262978799409e-01 -1.923194383849268219e-01 -5.125023007636234085e-02
9.848989688577124424e-01 -1.639802114154647050e-01 -5.554093298844972604e-02
9.892741647008131967e-01 -1.333773231880723831e-01 -5.956015984995700896e-02
9.929064784132738408e-01 -1.006580155662147036e-01 -6.328504664755835174e-02
9.955887806056590295e-01 -6.599420650611868833e-02 -6.669381324296909386e-02
9.971247983930121572e-01 -2.958244953283677842e-02 -6.976637223296953960e-02
9.973346635309138231e-01 8.357168231518607993e-03 -7.248495681825925518e-02
9.960602140804846183e-01 4.758323874265028841e-02 -7.483473311812116613e-02
9.931697886064873027e-01 8.783633388153015698e-02 -7.680436027087264583e-02
9.885622565420045804e-01 1.288432946606167251e-01 -7.838646243669829261e-02
9.821700565118729465e-01 1.703223337537053128e-01 -7.957798072481829521e-02
9.739610651962603560e-01 2.119887113648820376e-01 -8.038037997197657047e-02
9.639391887321306918e-01 2.535606973933269281e-01 -8.079969466672916323e-02
9.521436499718941571e-01 2.947655094483807026e-01 -8.084640924902004866e-02
9.386470296212543474e-01 3.353449194260044175e-01 -8.053517938517923413e-02
9.235521983200405405e-01 3.750602505870177517e-01 -7.988441142562065223e-02
9.069883419413702352e-01 4.136965385865460920e-01 -7.891572601362671635e-02
8.891063276772335211e-01 4.510656972660206376e-01 -7.765333792250769807e-02
8.700736806292451719e-01 4.870086052754147299e-01 -7.612338722900428845e-02
8.500694395056782593e-01 5.213961045376530601e-01 -7.435325686753006813e-02
8.292791382968782710e-01 5.541289689394418572e-01 -7.237090880602239928e-02
8.078901231680957196e-01 5.851369560071297826e-01 -7.020426616472183468e-02
7.860873660776183103e-01 6.143770925692335627e-01 -6.788066233452035025e-02
7.640498847442968033e-01 6.418313666984470922e-01 -6.542637133033102348e-02
7.419478278428164320e-01 6.675040037215325128e-01 -6.286622693903974601e-02
7.199402388055401447e-01 6.914184963609854018e-01 -6.022333223597921975e-02
6.981734740466826183e-01 7.136145414898517059e-01 -5.751885610549504341e-02
6.779386225934789234e-01 7.332316605409431309e-01 -5.263925059496379205e-02
6.590176484518808220e-01 7.506064063773267847e-01 -4.781317139978182723e-02
6.415296607528856443e-01 7.658895095276833098e-01 -4.304990756340128927e-02
6.255703866797153179e-01 7.792245474875614253e-01 -3.835544913533073946e-02
6.112151587056167124e-01 7.907455147828067465e-01 -3.373290528394213422e-02
5.985217767837089919e-01 8.005750384726011415e-01 -2.918291352405115099e-02
5.875331585927956457e-01 8.088231289647545008e-01 -2.470402992652492857e-02
5.782797209055439147e-01 8.155863617815963806e-01 -2.029309435228868891e-02
5.707814585087223058e-01 8.209473962122065815e-01 -1.594556806650219288e-02
5.650497044458301366e-01 8.249747495665274988e-01 -1.165584361148515845e-02
5.610885675320101962e-01 8.277227595422765871e-01 -7.417528655235786257e-03
5.588960510778249180e-01 8.292316810567098573e-01 -3.223706802506933963e-03
5.584648615145094697e-01 8.295278772066713158e-01 9.328208318959791898e-04
5.597829180333451227e-01 8.286240765191758006e-01 5.059309037022018812e-03
5.628335752376324441e-01 8.265196802597590819e-01 9.162852491362671881e-03
5.675955708648222631e-01 8.232011143200073100e-01 1.325017597115295265e-02
5.740427104936074443e-01 8.186422302122712269e-01 1.732742669704638583e-02
5.821433013662484779e-01 8.128047690688965377e-01 2.139996518356534691e-02
5.918593485424843426e-01 8.056389113472679497e-01 2.547215159178340890e-02
6.031455290348951559e-01 7.970839431735335934e-01 2.954712542643543952e-02
6.159479638004218272e-01 7.870690777932632942e-01 3.362657749178075972e-02
6.302028138791345713e-01 7.755144771605555487e-01 3.771051435909566346e-02
6.458347359078497885e-01 7.623325238284949235e-01 4.179701723434164212e-02
6.627552439011532570e-01 7.474293963361030579e-01 4.588199906892341529e-02
6.808610386025065742e-01 7.307070013365801753e-01 4.995896602970616163e-02
7.000323825947090128e-01 7.120653116959593243e-01 5.401879200161380234e-02
7.201316180567567393e-01 6.914051504840901252e-01 5.804951755126698532e-02
7.410019433841865677e-01 6.686314449211535615e-01 6.203618758019026347e-02
7.624665830581216497e-01 6.436569508160787656e-01 6.596074450696086389e-02
7.843284996901971340e-01 6.164064161169316991e-01 6.980199591643500290e-02
8.063708049860304206e-01 5.868211118822960204e-01 7.353567679363660903e-02
8.283580238927497064e-01 5.548636113505120981e-01 7.713462625086643654e-02
8.500383497440759939e-01 5.205226453324071079e-01 8.056909657432319294e-02
8.711469945440097895e-01 4.838178090624081218e-01 8.380720803392339990e-02
8.914106855670542728e-01 4.448038478056934308e-01 8.681555594557130440e-02
9.105532871506674120e-01 4.035742132442989849e-01 8.955996694521270451e-02
9.283024376905093522e-01 3.602635679535501345e-01 9.200638969925760413e-02
9.443969925634742024e-01 3.150489286523221466e-01 9.412189215311288215e-02
9.585949635374836353e-01 2.681491858847545040e-01 9.587572417560005777e-02
9.706815564273248986e-01 2.198228202546428922e-01 9.724039271752422942e-02
9.804768447746615712e-01 1.703637501828327572e-01 9.819268815272563788e-02
9.878425906317892524e-01 1.200953846395177715e-01 9.871459696337191170e-02
9.926877430637868205e-01 6.936310243207026438e-02 9.879403855572904680e-02
9.949722138974307351e-01 1.852551983952211573e-02 9.842537316577257278e-02
9.947086444483644874e-01 -3.205497774311517195e-02 9.760964299393420918e-02
9.919620250715129872e-01 -8.202189293976461237e-02 9.635452838645834628e-02
9.868471942428260757e-01 -1.310338963250567978e-01 9.467402278198600030e-02
9.795244053872450563e-01 -1.787731999696511587e-01 9.258785160027907524e-02
9.701932883050495837e-01 -2.249525823430532645e-01 9.012067867822827483e-02
9.590856322912709730e-01 -2.693207468192782561e-01 8.730115719809629360e-02
9.464574708077092557e-01 -3.116658409619740833e-01 8.416088910027585968e-02
9.325809512141756130e-01 -3.518171106441257967e-01 8.073335751062787891e-02
9.177364328531860682e-01 -3.896447952414013871e-01 7.705289143844380739e-02
9.022051830897219737e-01 -4.250584752407117195e-01 7.315371229208686432e-02
8.862629467966772756e-01 -4.580041547432665561e-01 6.906909934796769124e-02
8.701745635215271113e-01 -4.884603971687377921e-01 6.483069795536515467e-02
8.541897096629321728e-01 -5.164338362417498773e-01 6.046798148890149271e-02
8.385397589008627417e-01 -5.419543624293163830e-01 5.600786699575142913e-02
8.234356878787452150e-01 -5.650702452419255062e-01 5.147447579074448942e-02
8.090669075204166560e-01 -5.858434021069667264e-01 4.688902416529359268e-02
7.956008725936128956e-01 -6.043449717877220628e-01 4.226982578906778032e-02
7.831833106860091043e-01 -6.206512999139156550e-01 3.763238595867980651e-02
7.719389132110957563e-01 -6.348403997365918983e-01 3.298956812529249549e-02
7.619723417563273316e-01 -6.469889147303435895e-01 2.835181462100489283e-02
7.533694196345079863e-01 -6.571695818239459141e-01 2.372740574252325471e-02
7.461983980616867518e-01 -6.654491745643051903e-01 1.912274395044899142e-02
7.405112067937374976e-01 -6.718868935096423689e-01 1.454265259983705469e-02
7.363446188148086158e-01 -6.765331653854131932e-01 9.990681114307687835e-03
7.337212768872672930e-01 -6.794288116986846315e-01 5.469410709106893066e-03
7.326505460338861297e-01 -6.806045503159603438e-01 9.807565758520623775e-04
7.331291702823441447e-01 -6.800807988134002224e-01 -3.473736174083203419e-03
7.351417244628341008e-01 -6.778677552105902837e-01 -7.892604556072914390e-03
7.386608628649221631e-01 -6.739657391550071264e-01 -1.227418895942458850e-02
7.436473765503923694e-01 -6.683657840165018182e-01 -1.661636466060759446e-02
7.500500805048068154e-01 -6.610504770540531760e-01 -2.091628488326403856e-02
7.578055609550796712e-01 -6.519950502620233124e-01 -2.517013722491091149e-02
7.668378223403028437e-01 -6.411687281493134716e-01 -2.937291608946106247e-02
7.770578827035676817e-01 -6.285363400227356179e-01 -3.351821481022261573e-02
7.883633755850346647e-01 -6.140602028188164585e-01 -3.759804235143224260e-02
8.006382255208848164e-01 -5.977022756753189725e-01 -4.160267074918323066e-02
8.137524724086937500e-01 -5.794265788587096289e-01 -4.552052068160197112e-02
8.275623264348137553e-01 -5.592018571297161511e-01 -4.933809360247568693e-02
8.419105388652775579e-01 -5.370044511571051560e-01 -5.303995956457085992e-02
8.566271734710428909e-01 -5.128213205731722013e-01 -5.660881001029127030e-02
8.715308572936267817e-01 -4.866531395833369467e-01 -6.002558422244898273e-02
8.864305765405642301e-01 -4.585173621554573531e-01 -6.326967662522786640e-02
9.011280626222862855e-01 -4.284511307978722261e-01 -6.631922956696591209e-02
9.154207842742256851e-01 -3.965138834327656125e-01 -6.915151254322308982e-02
9.291055247843817977e-01 -3.627894999280685262e-01 -7.174338408764829866e-02
9.419824801041160045e-01 -3.273878266089346734e-01 -7.407182697354630641e-02
9.538597668292897458e-01 -2.904454263350311205e-01 -7.611454129916445099e-02
9.645581826579932017e-01 -2.521254254504565195e-01 -7.785057400078940204e-02
9.739160208282489073e-01 -2.126163676463797836e-01 -7.926095799687815635e-02
9.817937094690921684e-01 -1.721300372567642623e-01 -8.032933021208185642e-02
9.880780316725719103e-01 -1.308982774358836143e-01 -8.104249581497935395e-02
9.926856861457451497e-01 -8.916889682650860904e-02 -8.139090662413228650e-02
9.955659733033997982e-01 -4.720082507818836731e-02 -8.136902503010576271e-02
9.967024368739477724e-01 -5.258735685915380542e-03 -8.097555084940534498e-02
9.961133530936097102e-01 3.639260266975504615e-02 -8.021349681750095106e-02
9.938510325649463351e-01 7.749396299686231449e-02 -7.909010817497895418e-02
9.899999764462461549e-01 1.177970030731839979e-01 -7.761663202168529729e-02
9.846740008734256033e-01 1.570690572380627481e-01 -7.580795175556387377e-02
9.780125041042061484e-01 1.950971641047900551e-01 -7.368211000927747667e-02
9.701760942333272908e-01 2.316911769032495294e-01 -7.125974930868728130e-02
9.613418183019668550e-01 2.666858706033141679e-01 -6.856350278451558977e-02
9.516982357432743900e-01 2.999420281380624775e-01 -6.561736760941488944e-02
9.414405623726659345e-01 3.313465504124227246e-01 -6.244609167249658838e-02
9.307660794421143136e-01 3.608116863071594849e-01 -5.907459985798018537e-02
9.198699606246683036e-01 3.882735164738779776e-01 -5.552748082484862402e-02
9.089416234380732762e-01 4.136898472911993974e-01 -5.182854908588984538e-02
8.981616653672753747e-01 4.370376796282088305e-01 -4.800049109300650457e-02
8.876994026709694730e-01 4.583104130882401095e-01 -4.406459846057762114e-02
8.777109942241297924e-01 4.775149330333463560e-01 -4.004058674930054823e-02
8.683381051978255050e-01 4.946687080487814359e-01 -3.594649457494008410e-02
8.597070462692989468e-01 5.097970025877046618e-01 -3.179865524061273319e-02
8.519283129131662857e-01 5.229302858964717249e-01 -2.761173154616810774e-02
8.450964451181467441e-01 5.341018959282564094e-01 -2.339880375735137186e-02
8.392901292842809280e-01 5.433459971450704806e-01 -1.917150073446591274e-02
8.345724696957154132e-01 5.506958546362036300e-01 -1.494016472845277957e-02
8.309913655357384910e-01 5.561824341021853746e-01 -1.071404116578753181e-02
8.276398330141119253e-01 5.611857651683958004e-01 -9.120510993125942670e-03
8.247274082325170008e-01 5.654808719862600697e-01 -7.511671992817190585e-03
8.222682458082593016e-01 5.690699012568839477e-01 -5.892277939902371663e-03
8.202734350760260140e-01 5.719559639728509781e-01 -4.266897998797554610e-03
8.187510104002182487e-01 5.741429727393456695e-01 -2.639933603816646546e-03
8.177059778091230191e-01 5.756355112672763008e-01 -1.015637258530201594e-03
8.171403555096652394e-01 5.764387363728499247e-01 6.018673866975679174e-04
8.170532263057793676e-01 5.765583122937729676e-01 2.208564791666142897e-03
8.174408004264076544e-01 5.760003766701704553e-01 3.800526699894348458e-03
8.182964877513337898e-01 5.747715371279863428e-01 5.373891779096518634e-03
8.196109788873048307e-01 5.728788970328686503e-01 6.924846246744012501e-03
8.213723349780297500e-01 5.703301086424015232e-01 8.449605966681704092e-03
8.235660865162625077e-01 5.671334515640866769e-01 9.944400470425489302e-03
8.261753417524149157e-01 5.632979341174682020e-01 1.140545932378057847e-02
8.291809055514878235e-01 5.588334148952618374e-01 1.282900122498952834e-02
8.325614097293345672e-01 5.537507415170356273e-01 1.421122618371955734e-02
8.362934559924863898e-01 5.480619032696415482e-01 1.554831108967817677e-02
8.403517726065905524e-01 5.417801940341826494e-01 1.683640893432398339e-02
8.447093858223638785e-01 5.349203816160289504e-01 1.807165189791287360e-02
8.493378068924727353e-01 5.274988793316018887e-01 1.925015845607342541e-02
8.542072352182537021e-01 5.195339154754929911e-01 2.036804459461865474e-02
8.592867777752299929e-01 5.110456961084638428e-01 2.142143914815437117e-02
8.645446844882306303e-01 5.020565564871043440e-01 2.240650319750884731e-02
8.699485986720063568e-01 4.925910964162639738e-01 2.331945337392350021e-02
8.754658210373879035e-01 4.826762948623075644e-01 2.415658882576491098e-02
8.810635851065741209e-01 4.723415993336988472e-01 2.491432150833056830e-02
8.867093412086173299e-01 4.616189858274017399e-01 2.558920936181427117e-02
8.923710455658353524e-01 4.505429855629166647e-01 2.617799184989330272e-02
8.980174503647269102e-01 4.391506752828049920e-01 2.667762724532734414e-02
9.036183901634752269e-01 4.274816285852156006e-01 2.708533097328490527e-02
9.091450595546810565e-01 4.155778265589748499e-01 2.739861426172641307e-02
9.145702767069878725e-01 4.034835268965800692e-01 2.761532230474177813e-02
9.198687272792834824e-01 3.912450916391086442e-01 2.773367112244871230e-02
9.250171832568577779e-01 3.789107747274062521e-01 2.775228230234971089e-02
9.299946915133439074e-01 3.665304715587167639e-01 2.767021483338993892e-02
9.347827273595256115e-01 3.541554337368008065e-01 2.748699329566719335e-02
9.393653089943007073e-01 3.418379531153324935e-01 2.720263174485645224e-02
9.437290696081860331e-01 3.296310200294285120e-01 2.681765272865856836e-02
9.478632848798835830e-01 3.175879612532704344e-01 2.633310098945724001e-02
9.517598547170864620e-01 3.057620636843552675e-01 2.575055153827902205e-02
9.558806718120225199e-01 2.924091147138038749e-01 2.809636019103822074e-02
9.601418106419653542e-01 2.778650757576307528e-01 3.031601569675020785e-02
9.644740883818476718e-01 2.621838143347402506e-01 3.239970935304303801e-02
9.688072356343515601e-01 2.454257832857658361e-01 3.433786606448101936e-02
9.730710794705416111e-01 2.276582899240824631e-01 3.612124539401487255e-02
9.771967691757552643e-01 2.089556343584174913e-01 3.774105435455969715e-02
9.811180213412579176e-01 1.893990968374662520e-01 3.918906867309068787e-02
9.847723567942543443e-01 1.690767588999077253e-01 4.045775866397076370e-02
9.881022985662096803e-01 1.480831491828951407e-01 4.154041538477926815e-02
9.910564980122983370e-01 1.265187117302992437e-01 4.243127245941303444e-02
9.935907556069184521e-01 1.044891022279795384e-01 4.312561887534870075e-02
9.956689040546923275e-01 8.210432536930084568e-02 4.361989821875788403e-02
9.972635242567806646e-01 5.947773405279111608e-02 4.391179021126076498e-02
9.983564693036393045e-01 3.672491784674546123e-02 4.400027104605837985e-02
9.989391778283588375e-01 1.396251365746632375e-02 4.388564986074643126e-02
9.990127654161516935e-01 -8.693024587534462638e-03 4.356957968348509208e-02
9.985878908835155165e-01 -3.112665846875842940e-02 4.305504228837544328e-02
9.976844026033796498e-01 -5.322596114101457720e-02 4.234630752574595342e-02
9.963307781258754492e-01 -7.488224040547210303e-02 4.144886878156939930e-02
9.945633776216670219e-01 -9.599155627922964507e-02 4.036935719912757015e-02
9.924255377236564923e-01 -1.164556061504087442e-01 3.911543810691084366e-02
9.899665368424798162e-01 -1.361824573644516978e-01 3.769569369597004782e-02
9.872404657958578911e-01 -1.550871145306802756e-01 3.611949635183973190e-02
9.843050385791136669e-01 -1.730919164735417737e-01 3.439687716401444717e-02
9.812203774072830731e-01 -1.901267651127812874e-01 3.253839402106593198e-02
9.780478039865990736e-01 -2.061291952368448366e-01 3.055500337839554825e-02
9.748486656181797327e-01 -2.210442998199935449e-01 2.845793929620823309e-02
9.716832205433167946e-01 -2.348245300161482252e-01 2.625860273222962310e-02
9.686096022670408479e-01 -2.474293921382037520e-01 2.396846338382942893e-02
9.656828777879191694e-01 -2.588250657954143108e-01 2.159897565256889765e-02
9.629542100197465704e-01 -2.689839679902917835e-01 1.916150959071644469e-02
9.604701304593650235e-01 -2.778842875080472785e-01 1.666729701674898867e-02
9.582719245116780860e-01 -2.855095125421377444e-01 1.412739237982036170e-02
9.563951289364583941e-01 -2.918479723822491878e-01 1.155264742787262718e-02
9.548691386752967691e-01 -2.968924113381937180e-01 8.953698299136973390e-03
9.537169188376477535e-01 -3.006396100618306533e-01 6.340963314519904720e-03
9.529548168125969720e-01 -3.030900662121824851e-01 3.724649496298009215e-03
9.525924692328111565e-01 -3.042477431107351027e-01 1.114765670968321468e-03
9.526327987301642652e-01 -3.041198917498103005e-01 -1.478860076332162623e-03
9.530720959557906768e-01 -3.027169483160502828e-01 -4.046560849459431009e-03
9.539001830525006831e-01 -3.000525063216408217e-01 -6.578811503376894368e-03
9.551006555282852695e-01 -2.961433595316118605e-01 -9.066211435743770294e-03
9.566512001577960334e-01 -2.910096091625476444e-01 -1.149947157382930421e-02
9.585239870191877287e-01 -2.846748263315724281e-01 -1.386940732493415623e-02
9.606861339593442128e-01 -2.771662584845578925e-01 -1.616693901447664380e-02
9.631002415960409069e-01 -2.685150665679409965e-01 -1.838310104730770181e-02
9.657249963617497990e-01 -2.587565780790933578e-01 -2.050906069680813459e-02
9.685158380508621656e-01 -2.479305398962873830e-01 -2.253614705626272655e-02
9.714256868630258834e-01 -2.360813540194738602e-01 -2.445589028330557094e-02
9.744057230877400944e-01 -2.232582791188328364e-01 -2.626007083904422987e-02
9.774062104322324140e-01 -2.095155811567076809e-01 -2.794077798018088435e-02
9.803773516725593495e-01 -1.949126173744193669e-01 -2.949047631982840839e-02
9.832701629528215470e-01 -1.795138396503128120e-01 -3.090207884868508004e-02
9.860373508375620544e-01 -1.633887056389483061e-01 -3.216902442314794469e-02
9.886341743179338781e-01 -1.466114891533951137e-01 -3.328535740247428459e-02
9.910192725622186671e-01 -1.292609848676529727e-01 -3.424580687465305501e-02
9.931554384491904086e-01 -1.114201064621655191e-01 -3.504586276954470975e-02
9.950103179610845228e-01 -9.317538163654588701e-02 -3.568184613337496008e-02
9.965570164287308463e-01 -7.461635175907617434e-02 -3.615097094023433238e-02
9.977745944450994164e-01 -5.583488807903282114e-02 -3.645139504587036061e-02
9.986484389614630475e-01 -3.692444015668883139e-02 -3.658225824047291880e-02
9.991704985534505257e-01 -1.797923524179365420e-02 -3.654370581553011837e-02
9.993393759325366332e-01 9.065504378051800205e-04 -3.633689660245403158e-02
9.991602752722655856e-01 1.963962627189677276e-02 -3.596399503835952249e-02
9.986448065744808478e-01 3.812840536401751468e-02 -3.542814743361871743e-02
9.978106538621162036e-01 5.628378463801602533e-02 -3.473344322139541862e-02
9.966811182024950533e-01 7.401986736693499935e-02 -3.388486252719146580e-02
9.952845502175595715e-01 9.125461131479420396e-02 -3.288821187622595343e-02
9.936536896494407856e-01 1.079103891528351289e-01 -3.175005023403498772e-02
9.918249316035195884e-01 1.239144517530905015e-01 -3.047760783457251557e-02
9.898375402329068207e-01 1.391992891337760774e-01 -2.907870038242856697e-02
9.877328308683740454e-01 1.537028879944114523e-01 -2.756164122224718377e-02
9.855533410045183018e-01 1.673688887143752468e-01 -2.593515395751148228e-02
9.833420092420879222e-01 1.801466482108642908e-01 -2.420828778748129045e-02
9.811413794073415851e-01 1.919912180182434536e-01 -2.239033753477275360e-02
9.789928447900281272e-01 2.028632492658476449e-01 -2.049076997909952957e-02
9.769359449337631229e-01 2.127288378487950660e-01 -1.851915771807369562e-02
9.750077248385410345e-01 2.215593240037574407e-01 -1.648512136582114956e-02
9.732421639372530464e-01 2.293310607535299084e-01 -1.439828049442172520e-02
9.716696799015279717e-01 2.360251653337333277e-01 -1.226821333865409265e-02
9.703167103007699357e-01 2.416272668443165128e-01 -1.010442493445334704e-02
9.692053734332868320e-01 2.461272620702675828e-01 -7.916323055467152855e-03
9.683532082901830096e-01 2.495190897853012124e-01 -5.713201056300068123e-03
9.677729925937778033e-01 2.518005319811279508e-01 -3.504226528680996593e-03
9.674726371420541149e-01 2.529730484376725430e-01 -1.298434528714813904e-03
9.674551542404378202e-01 2.530416489410743930e-01 8.952759613306830906e-04
9.677186977509746324e-01 2.520148053310388159e-01 3.068143716687918385e-03
9.682566721685081923e-01 2.499044034722164298e-01 5.211546474127068396e-03
9.690579080734744721e-01 2.467257332430728423e-01 7.317002980837027451e-03
9.701069012436130956e-01 2.424975127618379800e-01 9.376177119991790238e-03
9.713841125710297453e-01 2.372419413608313488e-01 1.138088521332621117e-02
9.728663256755838429e-01 2.309847743144648191e-01 1.332310743404865709e-02
9.745270586926967349e-01 2.237554110590103673e-01 1.519500406466734073e-02
9.763370261213245582e-01 2.155869876504492577e-01 1.698893710808584145e-02
9.782646458415631407e-01 2.065164635266622806e-01 1.869749751174776264e-02
9.802765854654402755e-01 1.965846923061442264e-01 2.031353799987706613e-02
9.823383411020876199e-01 1.858364663970366315e-01 2.183021123542000161e-02
9.844148404508575867e-01 1.743205256294080019e-01 2.324101275990494639e-02
9.864710609500716432e-01 1.620895209706156859e-01 2.453982789606074660e-02
9.884726525843285927e-01 1.491999256331629498e-01 2.572098155555489415e-02
9.903865539766046888e-01 1.357118875130321478e-01 2.677928968396181553e-02
9.921815896513623834e-01 1.216890188594779293e-01 2.771011090818968278e-02
9.938290359351066305e-01 1.071981213084847728e-01 2.850939683826327065e-02
9.953031429327726665e-01 9.230884682467199731e-02 2.917373942396914513e-02
9.965816004346108592e-01 7.709329758594428428e-02 2.970041378319699527e-02
9.976459364968238708e-01 6.162557029473611503e-02 3.008741500531710023e-02
9.984818387992168143e-01 4.598125268676401395e-02 3.033348758824927494e-02
9.990793906827974968e-01 3.023688201273575307e-02 3.043814638657109384e-02
9.994332159475838306e-01 1.446937688153476093e-02 3.040168822068329418e-02
9.995425289567506644e-01 -1.244545014504251645e-03 3.022519361077612501e-02
9.994110892373087029e-01 -1.682895018342289023e-02 2.991051843844693206e-02
9.990470624658623899e-01 -3.220926050467407681e-02 2.946027568591485374e-02
9.984627923523266002e-01 -4.731279972429942166e-02 2.887780773996084099e-02
9.976744903615367699e-01 -6.206930380461866958e-02 2.816715005783778855e-02
9.967018523332477065e-01 -7.641138521844911824e-02 2.733298726023464936e-02
9.955676127874346637e-01 -9.027494320983811549e-02 2.638060292967431275e-02
9.942970489734963557e-01 -1.035995142356136850e-01 2.531582454288903300e-02
9.929174475082677143e-01 -1.163285591332541974e-01 2.414496504823412243e-02
9.914575467482530380e-01 -1.284096859083873610e-01 2.287476261367620001e-02
9.899469678837047315e-01 -1.397948092847552115e-01 2.151232002077330119e-02
9.884156471772348462e-01 -1.504402502100139760e-01 2.006504507208470289e-02
9.868932808664623302e-01 -1.603067802807873199e-01 1.854059322288401784e-02
9.854087930888095759e-01 -1.693596174806873966e-01 1.694681345386686577e-02
9.839898358513792243e-01 -1.775683806794746966e-01 1.529169818153770441e-02
9.826623286423529224e-01 -1.849070110063876782e-01 1.358333776894884298e-02
9.814500438377737890e-01 -1.913536684921929021e-01 1.182987996261698239e-02
9.803742426627640727e-01 -1.968906122956320115e-01 1.003949435175952899e-02
9.794533651689778520e-01 -2.015040724264562377e-01 8.220341731967308746e-03
9.787027765248191846e-01 -2.051841201938077452e-01 6.380548063875504487e-03
9.781345709006373790e-01 -2.079245436952001647e-01 4.528182553422417655e-03
9.777574333723149103e-01 -2.097227335696917883e-01 2.671239247400128761e-03
9.775765595553304044e-01 -2.105795830205517971e-01 8.176214382712326031e-04
9.775936320992799633e-01 -2.104994048171792698e-01 -1.024871893499931493e-03
9.778068526942729211e-01 -2.094898666594764980e-01 -2.848558403225442785e-03
9.782110278353097765e-01 -2.075619449729390054e-01 -4.645884274471845723e-03
9.787977062267412265e-01 -2.047298959384524220e-01 -6.409436450472302815e-03
9.795553653552253603e-01 -2.010112413828897271e-01 -8.131955913133828706e-03
9.804696443888001323e-01 -1.964267660977979113e-01 -9.806352630079647262e-03
9.815236201499425439e-01 -1.910005222437117234e-01 -1.142572267831818388e-02
9.826981224473995136e-01 -1.847598357641739020e-01 -1.298336792114705013e-02
9.842639860374819971e-01 -1.758281550227999146e-01 -1.758508432537233060e-02
9.861205216261406115e-01 -1.645586485206006477e-01 -2.207132130204635112e-02
9.881801817215464245e-01 -1.510037121748631361e-01 -2.642326634037593658e-02
9.903417063286479305e-01 -1.352256637748949775e-01 -3.062210485023175027e-02
9.924923292527838559e-01 -1.172979667393072578e-01 -3.464909485155535929e-02
9.945102901421851715e-01 -9.730641663713011924e-02 -3.848569319792653071e-02
9.962676322966993459e-01 -7.535019063666417716e-02 -4.211373302669683266e-02
9.976332499583491220e-01 -5.154265928464301511e-02 -4.551564903984679084e-02
9.984761300031141928e-01 -2.601186483329699650e-02 -4.867474399001207874e-02
9.986687132500812192e-01 1.099418573457185827e-03 -5.157548656378346807e-02
9.980902819498352896e-01 2.963410989809093024e-02 -5.420382795575041240e-02
9.966302645783431391e-01 5.942177456134192792e-02 -5.654752207608754883e-02
9.941913389958646485e-01 9.028012024422499282e-02 -5.859643279456882431e-02
9.906922121846959417e-01 1.220170167164653097e-01 -6.034281112003338915e-02
9.860699604233160720e-01 1.544329876796207701e-01 -6.178152589697417235e-02
9.802818283303004199e-01 1.873240907466077187e-01 -6.291023351370228500e-02
9.733064081869212680e-01 2.204850744203367408e-01 -6.372947517648702709e-02
9.651441508003075764e-01 2.537126808972732794e-01 -6.424269429938259113e-02
9.558171935224005766e-01 2.868089526889980312e-01 -6.445617116719636053e-02
9.453685269366912669e-01 3.195844004877805289e-01 -6.437887685125394388e-02
9.338605560001939088e-01 3.518608993825558806e-01 -6.402225297030900153e-02
9.213731411174275188e-01 3.834741993627890921e-01 -6.339992789589458944e-02
9.080012273330966277e-01 4.142759620161338696e-01 -6.252738308312542903e-02
8.938521840124820095e-01 4.441352657919757085e-01 -6.142158515770564098e-02
8.790429824644057089e-01 4.729395542647087392e-01 -6.010060013130733014e-02
8.636973353450071444e-01 5.005950326939496708e-01 -5.858320570222001061e-02
8.479429105689917368e-01 5.270265454750877598e-01 -5.688851618600285209e-02
8.319087156276387951e-01 5.521769890784252732e-01 -5.503563244752798095e-02
8.157227277369281104e-01 5.760063308105480839e-01 -5.304332654532398217e-02
7.995098231951492940e-01 5.984903129529498544e-01 -5.092976792738703601e-02
7.833900375840403552e-01 6.196189249256619513e-01 -4.871229518221616150e-02
7.674771684982283348e-01 6.393947239414349282e-01 -4.640723474841156743e-02
7.518777153846153416e-01 6.578310782969960524e-01 -4.402976576014892146e-02
7.366901374117802437e-01 6.749503982387980994e-01 -4.159382843334286095e-02
7.220044002566567976e-01 6.907824084506639650e-01 -3.911207210337167700e-02
7.079017761511887663e-01 7.053625047062509479e-01 -3.659583819142984973e-02
6.944548581019501787e-01 7.187302259719338116e-01 -3.405517295359812568e-02
6.817277483682516737e-01 7.309278628687057022e-01 -3.149886478677572932e-02
6.697763824887490447e-01 7.419992143161880938e-01 -2.893450105321879184e-02
6.586489528188578246e-01 7.519884966035452756e-01 -2.636853976582815076e-02
6.494353374415405833e-01 7.601058073312326746e-01 -2.175657818444634226e-02
6.419154430560124469e-01 7.665829133709901599e-01 -1.719441686770465869e-02
6.361165024927746270e-01 7.714891173105670186e-01 -1.268016580942782703e-02
6.320548149233579105e-01 7.748804706306176016e-01 -8.210899453595054548e-03
6.297369550321951781e-01 7.767995303668252527e-01 -3.782963240183459357e-03
6.291606834803795678e-01 7.772753183657062914e-01 6.077358685403176641e-04
6.303155590838167566e-01 7.763234489258097337e-01 4.965452714560085988e-03
6.331832589941183143e-01 7.739464027045477312e-01 9.294338445073675042e-03
6.377376177371117949e-01 7.701339363754283740e-01 1.359818336700914163e-02
6.439443999568025268e-01 7.648636284185997836e-01 1.788016551994500714e-02
6.517608257926910120e-01 7.581015714429494290e-01 2.214260281966484029e-02
6.611348725712031804e-01 7.498032303808371823e-01 2.638670739977630464e-02
6.720043824161318069e-01 7.399144935134637224e-01 3.061234183694156244e-02
6.842960128696647937e-01 7.283729492183298460e-01 3.481777828474849623e-02
6.979240769163935765e-01 7.151094250902708671e-01 3.899946315651316858e-02
7.127893299824458184e-01 7.000498270400835610e-01 4.315179186952989437e-02
7.287777743567095401e-01 6.831173133527156383e-01 4.726690024963500769e-02
7.457595655456366046e-01 6.642348316324537816e-01 5.133448141669962050e-02
7.635881194253484328e-01 6.433280342090758053e-01 5.534163920246554236e-02
7.820995323337717187e-01 6.203285691817618241e-01 5.927279120833457704e-02
8.003746610946990137e-01 5.964335996699431375e-01 6.056270199152975764e-02
8.182800979891399207e-01 5.714982798355856541e-01 6.170799769880998958e-02
8.357116210606890805e-01 5.455786324576495927e-01 6.269388746768614351e-02
8.525672906264321060e-01 5.187451297778602477e-01 6.350581157263299192e-02
8.687493700496979887e-01 4.910828810129281852e-01 6.412971303035558401e-02
8.841663191210116235e-01 4.626914771465848730e-01 6.455232062631785506e-02
8.987347917811951969e-01 4.336844660619036951e-01 6.476143452779299647e-02
9.123815618323765086e-01 4.041884461916335214e-01 6.474620459691575458e-02
9.250452960494057741e-01 3.743417844576162890e-01 6.449739097654091924e-02
9.366780945283795790e-01 3.442929832243820099e-01 6.400759659760524301e-02
9.472467236393110612e-01 3.141987399181154772e-01 6.327146200735127290e-02
9.567334775851431550e-01 2.842217603271711690e-01 6.228581434133603073e-02
9.651366198123577655e-01 2.545284008909028950e-01 6.104976429061155507e-02
9.724703743952141100e-01 2.252862251847722874e-01 5.956474741709387455e-02
9.787644586602192165e-01 1.966615643697227911e-01 5.783450896079943976e-02
9.840631701157649402e-01 1.688171701284746362e-01 5.586503414485054914e-02
9.884240615235787564e-01 1.419100416466342052e-01 5.366442869125834236e-02
9.919162561392137478e-01 1.160894961379053958e-01 5.124275660214953898e-02
9.946184695023220224e-01 9.149553634418282344e-02 4.861184406632877708e-02
9.966168138440760771e-01 6.825754976737014035e-02 4.578505950527558821e-02
9.979516875173237711e-01 4.453152935410943647e-02 4.593268007845327516e-02
9.987319484396744995e-01 2.076165881589625908e-02 4.586815270148233287e-02
9.989560329313803555e-01 -2.929271879682563556e-03 4.559278242355471744e-02
9.986328615183350799e-01 -2.641960361208490690e-02 4.510930695100304200e-02
9.977815151851914255e-01 -4.959014000660836446e-02 4.442185975323625913e-02
9.964306770099629063e-01 -7.232540777630608320e-02 4.353590570721400238e-02
9.946178603596168566e-01 -9.451480703359554925e-02 4.245815200895077662e-02
9.923884521916717105e-01 -1.160536191400229900e-01 4.119643807183619860e-02
9.897946056325143127e-01 -1.368438471909102783e-01 3.975960888587787984e-02
9.868940196277269372e-01 -1.567948726939768778e-01 3.815737679356506762e-02
9.837486449945396227e-01 -1.758239208108152429e-01 3.640017683402293341e-02
9.804233557305955804e-01 -1.938563351215110975e-01 3.449902072677225873e-02
9.769846221708026190e-01 -2.108256707487271286e-01 3.246535423825511191e-02
9.734992188696672821e-01 -2.266736214454288245e-01 3.031092214147633815e-02
9.700329953229391844e-01 -2.413498016419016456e-01 2.804764429387563568e-02
9.666497322574839623e-01 -2.548114083240397565e-01 2.568750557654533168e-02
9.634101006257294042e-01 -2.670227899581122388e-01 2.324246161311593548e-02
9.603707350086364558e-01 -2.779549505711294555e-01 2.072436136724267394e-02
9.575834281589022945e-01 -2.875850167007277802e-01 1.814488694328379725e-02
9.550944491241034617e-01 -2.958956934530309058e-01 1.551551021513070290e-02
9.535472767295042340e-01 -3.010835119770480239e-01 9.834064514664689338e-03
9.528347212484976625e-01 -3.034617149241657375e-01 4.169109961991284211e-03
9.529741222397535294e-01 -3.030488259621230140e-01 -1.460630577299547664e-03
9.539558794712962309e-01 -2.998650852283588630e-01 -7.036753808257171887e-03
9.557440816762932112e-01 -2.939326205954573834e-01 -1.254090850364953172e-02
9.582773811044233980e-01 -2.852761992715535655e-01 -1.795454823187867324e-02
9.614701320764749148e-01 -2.739245118677402502e-01 -2.325871996045205531e-02
9.652138283698370458e-01 -2.599119218146712651e-01 -2.843390312524745125e-02
9.693788856143662480e-01 -2.432805932005377425e-01 -3.345991241397688887e-02
9.738168194837649727e-01 -2.240828897414423315e-01 -3.831587572793747343e-02
9.783628670837395402e-01 -2.023839173350124032e-01 -4.298029639191347506e-02
9.828390867004691556e-01 -1.782640638330493799e-01 -4.743120553252827554e-02
9.870579496940310449e-01 -1.518213742934824972e-01 -5.164640655527943242e-02
9.908264083136677502e-01 -1.231735905252552138e-01 -5.560380883353913117e-02
9.939503860872228591e-01 -9.245968292472234173e-02 -5.928184222414467630e-02
9.962395958243435157e-01 -5.984071293275879805e-02 -6.265993814009022944e-02
9.975125478863569040e-01 -2.549988775641322952e-02 -6.571905708677662494e-02
9.976015727836391456e-01 1.035829404388923652e-02 -6.844223736949041348e-02
9.963576523347205116e-01 4.750985784601386569e-02 -7.081513573147844853e-02
9.936548372882229030e-01 8.571412131125265288e-02 -7.282652858354933534e-02
9.893940302001097420e-01 1.247173430372336966e-01 -7.446874271061175443e-02
9.835059324810826453e-01 1.642571144540537209e-01 -7.573798713744599176e-02
9.759529936223119151e-01 2.040673008018129564e-01 -7.663456315865187218e-02
9.667302559361400371e-01 2.438832934975481703e-01 -7.716293701481197198e-02
9.558650547118937579e-01 2.834473113101702579e-01 -7.733166865984793248e-02
9.434156048529827032e-01 3.225134844674455437e-01 -7.715319963053339503e-02
9.294685735148586758e-01 3.608524744410415153e-01 -7.664351222651738516e-02
9.141357970916315079e-01 3.982554203231520873e-01 -7.582168012091279607e-02
8.975503445953735282e-01 4.345370557632065034e-01 -7.470933641754257115e-02
8.798621546596040455e-01 4.695379022098295496e-01 -7.333008860415644870e-02
8.612334791506963683e-01 5.031255080077684516e-01 -7.170891069922916139e-02
8.418343541014075004e-01 5.351947624866519870e-01 -6.987154134145785733e-02
8.218382916700468499e-01 5.656673645423803132e-01 -6.784391306141147882e-02
8.014183495260810419e-01 5.944905630727013168e-01 -6.565163309437509198e-02
7.807436913218651631e-01 6.216353105761395215e-01 -6.331953048623696623e-02
7.599767083044359772e-01 6.470939815576264298e-01 -6.087127851705507325e-02
7.392707314391760987e-01 6.708778057389330751e-01 -5.832909612230571805e-02
7.187683283778018017e-01 6.930141549350405938e-01 -5.571352739059329262e-02
