1.000000000000000000e+00 0.000000000000000000e+00 0.000000000000000000e+00
9.999985372141232398e-01 9.843222077988815488e-04 -1.399137326021660790e-03
9.999929155541031900e-01 2.597194230767763123e-03 -2.724923710354523222e-03
9.999805586729971774e-01 4.803869030461246047e-03 -3.975896144888757706e-03
9.999580898520112893e-01 7.569011359282052515e-03 -5.150926623391879899e-03
9.999215371887155701e-01 1.085684267702421123e-02 -6.249210651702493020e-03
9.998665280526601862e-01 1.463128075145379847e-02 -7.270255638823381120e-03
9.997884708133550902e-01 1.885607478200602982e-02 -8.213869175945825996e-03
9.996827221965861598e-01 2.349493667108338082e-02 -9.080147184263627144e-03
9.995447389646283654e-01 2.851166884663415557e-02 -9.869461894574192012e-03
9.993702129434670622e-01 3.387028882330080787e-02 -1.058244961154241118e-02
9.991551887348519845e-01 3.953515048651801145e-02 -1.121999821235404593e-02
9.988961637517733694e-01 4.547106190194074443e-02 -1.178323433239555212e-02
9.985901705012925067e-01 5.164339929724989786e-02 -1.227351019855189157e-02
9.982348413067407833e-01 5.801821673881129432e-02 -1.269239008264023971e-02
9.978284559100366602e-01 6.456235093433222716e-02 -1.304163636230545528e-02
9.973699726220064399e-01 7.124352053551687158e-02 -1.332319519332319374e-02
9.968590438918789598e-01 7.803041929131102061e-02 -1.353918181467331922e-02
9.962960173444654899e-01 8.489280241093875856e-02 -1.369186552502862572e-02
9.956819234831286725e-01 9.180156553379474615e-02 -1.378365438562899857e-02
9.950184513771339612e-01 9.872881576672666581e-02 -1.381707971918374502e-02
9.943079137425514524e-01 1.056479343340454846e-01 -1.379478048690942898e-02
9.935532028863398590e-01 1.125336304870365595e-01 -1.371948763565875896e-02
9.927577390140662761e-01 1.193619864329183156e-01 -1.359400851406613285e-02
9.919254124040209897e-01 1.261104931632217041e-01 -1.342121146060782505e-02
9.910605209260296977e-01 1.327580771837583717e-01 -1.320401066746118741e-02
9.901677043343506401e-01 1.392851182683834121e-01 -1.294535142217623051e-02
9.892518766934568220e-01 1.456734584728080761e-01 -1.264819582467217179e-02
9.883181582063780279e-01 1.519064027495321545e-01 -1.231550907024771442e-02
9.873718076109877506e-01 1.579687115979510614e-01 -1.195024638051160257e-02
9.864181561936650189e-01 1.638465862629285286e-01 -1.155534065380121357e-02
9.854625443456309641e-01 1.695276470593666818e-01 -1.113369089518052163e-02
9.845102614583282064e-01 1.750009054489452265e-01 -1.068815147391227911e-02
9.835664898236639031e-01 1.802567305282237187e-01 -1.022152224378350752e-02
9.826362530756498348e-01 1.852868106052041608e-01 -9.736539549198645546e-03
9.817243695845028206e-01 1.900841105451666346e-01 -9.235868127871195779e-03
9.808354110947726801e-01 1.946428255573974531e-01 -8.722093909525153316e-03
9.799736667873087947e-01 1.989583320738572969e-01 -8.197717699492811094e-03
9.791431128422157792e-01 2.030271363405866114e-01 -7.665149726643690105e-03
9.783473874873495069e-01 2.068468213044994952e-01 -7.126705026825495490e-03
9.775897714349640610e-01 2.104159923339758709e-01 -6.584599626017870362e-03
9.768731735380986603e-01 2.137342222630731203e-01 -6.040947481722958035e-03
9.762001214381712533e-01 2.168019961978926435e-01 -5.497758136732939366e-03
9.755727569257355292e-01 2.196206564711676024e-01 -4.956935036278658883e-03
9.749928356969924659e-01 2.221923480788302319e-01 -4.420274457601717881e-03
9.744617311587883135e-01 2.245199648813329119e-01 -3.889465000109648338e-03
9.739804419137325642e-01 2.266070968038086386e-01 -3.366087584358423441e-03
9.735496025439123180e-01 2.284579782235386658e-01 -2.851615909036736562e-03
9.731694973056067566e-01 2.300774376912421704e-01 -2.347417316774856426e-03
9.728400763475433255e-01 2.314708490948275688e-01 -1.854754021839081883e-03
9.725609740707396034e-01 2.326440843407047432e-01 -1.374784655475256960e-03
9.723315292580175795e-01 2.336034675986615738e-01 -9.085660877115173855e-04
9.721508066150920113e-01 2.343557311316430969e-01 -4.570554877095431550e-04
9.720176193820108113e-01 2.349079727114187777e-01 -2.111258816306019062e-05
9.719305526930127614e-01 2.352676146048740258e-01 3.984978773089626627e-04
9.718879873839909589e-01 2.354423641032436787e-01 8.011035914184036748e-04
9.718881239691907759e-01 2.354401755576882305e-01 1.186121949456442337e-03
9.719290065320838057e-01 2.352692138788368970e-01 1.553057255739826066e-03
9.720085462991565617e-01 2.349378194549001653e-01 1.901497838530253085e-03
9.721245446893009845e-01 2.344544744422922267e-01 2.231113099012800409e-03
9.722747156553149805e-01 2.338277703840086763e-01 2.541650507493926556e-03
9.724567071574770072e-01 2.330663771138911655e-01 2.832932557832112778e-03
9.726681216320524070e-01 2.321790129090125221e-01 3.104853689250360645e-03
9.729065353397575722e-01 2.311744158573875718e-01 3.357377183097966407e-03
9.731695165005164183e-01 2.300613164137415567e-01 3.590532040821379708e-03
9.734546421411774952e-01 2.288484111218612171e-01 3.804409848357470560e-03
9.737595136021319764e-01 2.275443374878623748e-01 3.999161631359758953e-03
9.740817706669084863e-01 2.261576499943115937e-01 4.174994705088437737e-03
9.744191042957565108e-01 2.246967972503542688e-01 4.332169522415141825e-03
9.747692679599214705e-01 2.231701002776769194e-01 4.470996523188587590e-03
9.751300875877287888e-01 2.215857319361499711e-01 4.591832988151692101e-03
9.754994701466952467e-01 2.199516974962739957e-01 4.695079900668669426e-03
9.758754108976673836e-01 2.182758163680296459e-01 4.781178819686303719e-03
9.762559993674359005e-01 2.165657049973826742e-01 4.850608767592438572e-03
9.766394240953909511e-01 2.148287609425141853e-01 4.903883136923396606e-03
9.770239762175839671e-01 2.130721481418520469e-01 4.941546620188805479e-03
9.774080519580572446e-01 2.113027833852076653e-01 4.964172167407561974e-03
9.777901541025311172e-01 2.095273239978255320e-01 4.972357976264855581e-03
9.781688925335287887e-01 2.077521567449972795e-01 4.966724520092088806e-03
9.785429839088251036e-01 2.059833879621517094e-01 4.947911619126446441e-03
9.789112505667781905e-01 2.042268349120900106e-01 4.916575560714325950e-03
9.792726187427049922e-01 2.024880183673779810e-01 4.873386274274834132e-03
9.796261161800704498e-01 2.007721564119241409e-01 4.819024566930361908e-03
9.799708692189407211e-01 1.990841594515510016e-01 4.754179425737229195e-03
9.803060994420016439e-01 1.974286264189953899e-01 4.679545392408909418e-03
9.806311199555383107e-01 1.958098421543330581e-01 4.595820016317636071e-03
9.809453313792126927e-01 1.942317759373919650e-01 4.503701391388903637e-03
9.812482176143478840e-01 1.926980811443681774e-01 4.403885782270723637e-03
9.815393414558352125e-01 1.912120959966519818e-01 4.297065344869652019e-03
9.818183401078047767e-01 1.897768453658664478e-01 4.183925946003772510e-03
9.820849206579495005e-01 1.883950435953644087e-01 4.065145086534848774e-03
9.823388555599439353e-01 1.870690982949621550e-01 3.941389931914063283e-03
9.825799781678474787e-01 1.858011150625424324e-01 3.813315453614813961e-03
9.828081783608039190e-01 1.845929030833579620e-01 3.681562684438631407e-03
9.830233982908251900e-01 1.834459815554287943e-01 3.546757090173191605e-03
9.832256282810434289e-01 1.823615868873610935e-01 3.409507059561060500e-03
9.834149028965945005e-01 1.813406806132254745e-01 3.270402514010574500e-03
9.835912972053176828e-01 1.803839579678194749e-01 3.130013637951904043e-03
9.837549232407609701e-01 1.794918570646928113e-01 2.988889730217344273e-03
9.839059266756141620e-01 1.786645686187278981e-01 2.847558176310115412e-03
9.840444837096831154e-01 1.779020461548250220e-01 2.706523540924860201e-03
9.841707981728882171e-01 1.772040166443275555e-01 2.566266779599419082e-03
9.842850988405412727e-01 1.765699915112174945e-01 2.427244567914681270e-03
9.843876369553318240e-01 1.759992779507956184e-01 2.289888746220118156e-03
9.844786839480379470e-01 1.754909905045128338e-01 2.154605877449301994e-03
9.845585293469696353e-01 1.750440628358173878e-01 2.021776915204070383e-03
9.846274788645378306e-01 1.746572596533056410e-01 1.891756978929403331e-03
9.846858526481111484e-01 1.743291887290881470e-01 1.764875232674467534e-03
9.847339836814503755e-01 1.740583129620892899e-01 1.641434863639276622e-03
9.847722163224802427e-01 1.738429624379637106e-01 1.521713156441260612e-03
9.848009049629387057e-01 1.736813464394182105e-01 1.405961658801762985e-03
9.848204127955091369e-01 1.735715653629528732e-01 1.294406434148825513e-03
9.848311106743631305e-01 1.735116225003621448e-01 1.187248396459145150e-03
9.848333760555837424e-01 1.734994356457469633e-01 1.084663722518160785e-03
9.848275920046741794e-01 1.735328484912668223e-01 9.868043366620946662e-04
9.848141462592534534e-01 1.736096417773891620e-01 8.937984629785565441e-04
9.847934303360614816e-01 1.737275441659576480e-01 8.057512398820137253e-04
9.847658386725192114e-01 1.738842428069873325e-01 7.227453919460044129e-04
9.847317677942771796e-01 1.740773935726884492e-01 6.448419538642780925e-04
9.846916155014194816e-01 1.743046309348102452e-01 5.720810414269214637e-04
9.846457800672345773e-01 1.745635774639688331e-01 5.044826644337395806e-04
9.845946594447050337e-01 1.748518529321676507e-01 4.420475765244591317e-04
9.845386504770782254e-01 1.751670830022253877e-01 3.847581569824120597e-04
9.844781481100437492e-01 1.755069074902830817e-01 3.325793196639407188e-04
9.844135446041420989e-01 1.758689881899619945e-01 2.854594443185011596e-04
9.843452287470521034e-01 1.762510162490760202e-01 2.433313256929780719e-04
9.842735850663387742e-01 1.766507190920610926e-01 2.061131359567271691e-04
9.841989930440806500e-01 1.770658668834605431e-01 1.737093961399209150e-04
9.841218263355292484e-01 1.774942785298929959e-01 1.460119524455684675e-04
9.840424519945819570e-01 1.779338272199244841e-01 1.229009534736871627e-04
9.839612297093653925e-01 1.783824455031604028e-01 1.042458245832037899e-04
9.838785110516368171e-01 1.788381299116656997e-01 8.990623581187369277e-05
9.837946387440118512e-01 1.792989451285051383e-01 7.973305997549710671e-05
9.837099459492247844e-01 1.797630277097715112e-01 7.356931777368339769e-05
9.836247555857252634e-01 1.802285893679320405e-01 7.125110693906579694e-05
9.835393796739213546e-01 1.806939198256740375e-01 7.260851267897500431e-05
9.834541187172964882e-01 1.811573892506672390e-01 7.746649687192836038e-05
9.833692611224675861e-01 1.816174502827836157e-01 8.564576369473288404e-05
9.832850826620218587e-01 1.820726396663266689e-01 9.696359956846093287e-05
9.832018459836762148e-01 1.825215795007219532e-01 1.112346855219668959e-04
9.831198001689573918e-01 1.829629781239116293e-01 1.282718802790605876e-04
9.830391803442122267e-01 1.833956306433812689e-01 1.478869725789954347e-04
9.829602073463324929e-01 1.838184191303283976e-01 1.698914014387918527e-04
9.828830874451276456e-01 1.842303124929653146e-01 1.940969432593285483e-04
9.828080121238090827e-01 1.846303660453357531e-01 2.203163648644585208e-04
9.827351579185731323e-01 1.850177207883206276e-01 2.483640417430556767e-04
9.826646863177858071e-01 1.853916024197179713e-01 2.780565409373637453e-04
9.825967437207984156e-01 1.857513200904096773e-01 3.092131681869074032e-04
9.825314614559560455e-01 1.860962649236785615e-01 3.416564790951659610e-04
9.824689558569122960e-01 1.864259083147186413e-01 3.752127542359553602e-04
9.824093283959375311e-01 1.867398000272937342e-01 4.097124382578143809e-04
9.823526658725050265e-01 1.870375661043502946e-01 4.449905431775145028e-04
9.822990406550702325e-01 1.873189066091850707e-01 4.808870161780541682e-04
9.822485109736182052e-01 1.875835932135100081e-01 5.172470723421534024e-04
9.822011212602513863e-01 1.878314666484530437e-01 5.539214928593657033e-04
9.821569025348235726e-01 1.880624340341865153e-01 5.907668893436031571e-04
9.821158728323966525e-01 1.882764661034906362e-01 6.276459349882350814e-04
9.820780376691068403e-01 1.884735943341417086e-01 6.644275633681656894e-04
9.820433905428738175e-01 1.886539080045671057e-01 7.009871357726402304e-04
9.820119134652738335e-01 1.888175511867366818e-01 7.372065780191889520e-04
9.819835775208189954e-01 1.889647196897644432e-01 7.729744877583822433e-04
9.819583434498445618e-01 1.890956579671816962e-01 8.081862133311932227e-04
9.819361622511979526e-01 1.892106560003128379e-01 8.427439052860496473e-04
9.819169758009476112e-01 1.893100461696438364e-01 8.765565417014090045e-04
9.819007174833849216e-01 1.893942001255212171e-01 9.095399284922037024e-04
9.818873128306744302e-01 1.894635256689608527e-01 9.416166759050938759e-04
9.818766801676136469e-01 1.895184636527807165e-01 9.727161524284455053e-04
9.818687312580949289e-01 1.895594849127053005e-01 1.002774417358602652e-03
9.818633719500102774e-01 1.895870872375196581e-01 1.031734133274688024e-03
9.818605028155070746e-01 1.896017923867839572e-01 1.059544459680077360e-03
9.818600197836826471e-01 1.896041431640528019e-01 1.086160929070198889e-03
9.818618147630002735e-01 1.895947005529816098e-01 1.111545306683626002e-03
9.818657762509096498e-01 1.895740409231445878e-01 1.135665435186873412e-03
9.818717899283642137e-01 1.895427533118381191e-01 1.158495065533086173e-03
9.818797392371412247e-01 1.895014367875987038e-01 1.180013675221207661e-03
9.818895059380857715e-01 1.894506979006297387e-01 1.200206275165431992e-03
9.819009706486157008e-01 1.893911482248043787e-01 1.219063206365032315e-03
9.819140133580380736e-01 1.893234019953960179e-01 1.236579927542207340e-03
9.819285139194379175e-01 1.892480738461824741e-01 1.252756794890626897e-03
9.819443525171053233e-01 1.891657766490768000e-01 1.267598835050051231e-03
9.819614101086669988e-01 1.890771194589566384e-01 1.281115512392970272e-03
9.819795688412762402e-01 1.889827055658962751e-01 1.293320491677811459e-03
9.819987124414012447e-01 1.888831306565519619e-01 1.304231397090077063e-03
9.820187265779213304e-01 1.887789810860113771e-01 1.313869568657982309e-03
9.820394991984048305e-01 1.886708322609936261e-01 1.322259816992891633e-03
9.820609208385928657e-01 1.885592471348775390e-01 1.329430177267308189e-03
9.820828849052538612e-01 1.884447748146427515e-01 1.335411663304452920e-03
9.821052879327021312e-01 1.883279492794314725e-01 1.340238022613770121e-03
9.821280298133915343e-01 1.882092882100796227e-01 1.343945493166135352e-03
9.821510140030996761e-01 1.880892919286229481e-01 1.346572562661264459e-03
9.821741477013137267e-01 1.879684424464591053e-01 1.348159730997978978e-03
9.821973420075107430e-01 1.878472026195396605e-01 1.348749276615690638e-03
9.822205120540977719e-01 1.877260154086764499e-01 1.348385027332876318e-03
9.822435771168389618e-01 1.876053032427763001e-01 1.347112136265541521e-03
9.822664607036477591e-01 1.874854674825655876e-01 1.344976863365845944e-03
9.822890906226646734e-01 1.873668879821318578e-01 1.342026363078322685e-03
9.823113990305747389e-01 1.872499227453945370e-01 1.338308478568559423e-03
9.823333224621421111e-01 1.871349076744197593e-01 1.333871542936976122e-03
9.823548018419581140e-01 1.870221564063158648e-01 1.328764187788508125e-03
9.823757824794069338e-01 1.869119602352857790e-01 1.323035159487732015e-03
9.823962140478583738e-01 1.868045881162708199e-01 1.316733143388325138e-03
9.824160505490940887e-01 1.867002867464963023e-01 1.309906596285856199e-03
9.824352502639647211e-01 1.865992807211230287e-01 1.302603587303850785e-03
9.824537756902657071e-01 1.865017727591199159e-01 1.294871647384955495e-03
9.824715934688010854e-01 1.864079439954011153e-01 1.286757627521915208e-03
9.824886742985859955e-01 1.863179543352157519e-01 1.278307565827089837e-03
9.825049928421147882e-01 1.862319428667392751e-01 1.269566563504408900e-03
9.825205276215984718e-01 1.861500283277922330e-01 1.260578669754085787e-03
9.825352609070457932e-01 1.860723096226036544e-01 1.251386775608164014e-03
9.825491785970351666e-01 1.859988663845432155e-01 1.242032516664066250e-03
9.825622700929935727e-01 1.859297595807658521e-01 1.232556184653856544e-03
9.825745281677693566e-01 1.858650321547471174e-01 1.222996647758927942e-03
9.825859488292526533e-01 1.858047097027330785e-01 1.213391279553321109e-03
9.825965311797670854e-01 1.857488011801876893e-01 1.203775896433945765e-03
9.826062772719240668e-01 1.856972996343897730e-01 1.194184703372565964e-03
9.826151919615999653e-01 1.856501829594124353e-01 1.184650247802620203e-03
9.826232827586649510e-01 1.856074146698077076e-01 1.175203381433727583e-03
9.826305596760619432e-01 1.855689446894187022e-01 1.165873229768134419e-03
9.826370350778041995e-01 1.855347101518490804e-01 1.156687169076352955e-03
9.826427235264297844e-01 1.855046362092352685e-01 1.147670810573838676e-03
9.826476416304240624e-01 1.854786368460888957e-01 1.138847991526750151e-03
9.826518078920912780e-01 1.854566156951054923e-01 1.130240773002589693e-03
9.826552425563312987e-01 1.854384668519691026e-01 1.121869443970834870e-03
9.826579674607495152e-01 1.854240756863212158e-01 1.113752531449505251e-03
9.826600058875025745e-01 1.854133196462046107e-01 1.105906816385938702e-03
9.826613824172586442e-01 1.854060690534388156e-01 1.098347354953827784e-03
9.826621227856252583e-01 1.854021878875318774e-01 1.091087504943775727e-03
9.826622537423749248e-01 1.854015345558834016e-01 1.084138956921194526e-03
9.826618029137762500e-01 1.854039626481857328e-01 1.077511769823269981e-03
9.826607986683146834e-01 1.854093216730817451e-01 1.071214410665891070e-03
9.826592699860661195e-01 1.854174577752905062e-01 1.065253798031832186e-03
9.826572463319653838e-01 1.854282144315635150e-01 1.059635349013039350e-03
9.826547575331904261e-01 1.854414331239849500e-01 1.054363029282540153e-03
9.826518336608626170e-01 1.854569539892785279e-01 1.049439405975213183e-03
9.826485049162434482e-01 1.854746164429309507e-01 1.044865703061358770e-03
9.826448015215895060e-01 1.854942597770859736e-01 1.040641858902644021e-03
9.826407536158067169e-01 1.855157237313054264e-01 1.036766585686491006e-03
9.826363911550266561e-01 1.855388490354314690e-01 1.033237430442264298e-03
9.826317438182099462e-01 1.855634779239195842e-01 1.030050837350650426e-03
9.826268409178624541e-01 1.855894546211419305e-01 1.027202211066318783e-03
9.826217113159323446e-01 1.856166257972878264e-01 1.024685980783259951e-03
9.826163833449395035e-01 1.856448409946095945e-01 1.022495664782060998e-03
9.826108847343703045e-01 1.856739530238794011e-01 1.020623935208709318e-03
9.826052425423548176e-01 1.857038183310345536e-01 1.019062682845285790e-03
9.825994830926267909e-01 1.857342973340961323e-01 1.017803081644026676e-03
9.825936319167519750e-01 1.857652547305471413e-01 1.016835652807675109e-03
9.825877137015922580e-01 1.857965597754526466e-01 1.016150328210716587e-03
9.825817522419612038e-01 1.858280865306952412e-01 1.015736512967967521e-03
9.825757703984099312e-01 1.858597140857839725e-01 1.015583146969007084e-03
9.825697900600695034e-01 1.858913267507746880e-01 1.015678765209042942e-03
9.825638321124618990e-01 1.859228142219131463e-01 1.016011556758949098e-03
9.825579164101800878e-01 1.859540717206807636e-01 1.016569422229358617e-03
9.825520617543237467e-01 1.859850001069848491e-01 1.017340029595784848e-03
9.825462858745684924e-01 1.860155059672927713e-01 1.018310868263745542e-03
9.825406054157336255e-01 1.860455016785602933e-01 1.019469301264732623e-03
9.825350359287038371e-01 1.860749054488504417e-01 1.020802615485579944e-03
9.825295918655528871e-01 1.861036413355799390e-01 1.022298069845275006e-03
9.825242865787066071e-01 1.861316392423653931e-01 1.023942941344526108e-03
9.825191323239770291e-01 1.861588348954718863e-01 1.025724568924408229e-03
9.825141402672908919e-01 1.861851698008915590e-01 1.027630395081105714e-03
9.825093204949321146e-01 1.862105911831004879e-01 1.029648005194185555e-03
9.825046820271101655e-01 1.862350519065575638e-01 1.031765164535871282e-03
9.825002328346648106e-01 1.862585103810207310e-01 1.033969852938502630e-03
9.824959798587117321e-01 1.862809304517625830e-01 1.036250297106683285e-03
9.824919290330329513e-01 1.863022812757699487e-01 1.038595000569550062e-03
9.824880853090131039e-01 1.863225371850114886e-01 1.040992771277132137e-03
9.824844526829225044e-01 1.863416775378516355e-01 1.043432746852874203e-03
9.824810342253461615e-01 1.863596865596813534e-01 1.045904417522093349e-03
9.824778321125611225e-01 1.863765531738239278e-01 1.048397646743396859e-03
9.824748476596629754e-01 1.863922708237590875e-01 1.050902689576904084e-03
9.824720813552468845e-01 1.864068372876908075e-01 1.053410208829508006e-03
9.824695328974485387e-01 1.864202544864634048e-01 1.055911289023343325e-03
9.824672012311568281e-01 1.864325282858071975e-01 1.058397448239136330e-03
9.824650845862111792e-01 1.864436682938692136e-01 1.060860647891169158e-03
9.824631805164024678e-01 1.864536876549570954e-01 1.063293300495215393e-03
9.824614859391008759e-01 1.864626028403941760e-01 1.065688275494998958e-03
9.824599971753401606e-01 1.864704334373522288e-01 1.068038903216495189e-03
9.824587099901923581e-01 1.864772019364957234e-01 1.070338977022739727e-03
9.824576196332749367e-01 1.864829335192366155e-01 1.072582753744750952e-03
9.824567208792375217e-01 1.864876558453631150e-01 1.074764952466704653e-03
9.824560080680831975e-01 1.864913988417697122e-01 1.076880751745649565e-03
9.824554751451861634e-01 1.864941944929774109e-01 1.078925785347807946e-03
9.824551157008756253e-01 1.864960766340959808e-01 1.080896136584908558e-03
9.824549230094614671e-01 1.864970807468406544e-01 1.082788331335035256e-03
9.824548900675877938e-01 1.864972437591771726e-01 1.084599329833169784e-03
9.824550096318060977e-01 1.864966038491295830e-01 1.086326517316974719e-03
9.824552742552681295e-01 1.864952002532464237e-01 1.087967693613411295e-03
9.824556763234474355e-01 1.864930730801810654e-01 1.089521061751544395e-03
9.824562080888048499e-01 1.864902631298039903e-01 1.090985215686337542e-03
9.824568617043227814e-01 1.864868117182253981e-01 1.092359127217452279e-03
9.824576292558389046e-01 1.864827605090689511e-01 1.093642132185984736e-03
9.824585027931197478e-01 1.864781513512995537e-01 1.094833916030790852e-03
9.824594743596203328e-01 1.864730261238715103e-01 1.095934498784503948e-03
9.824605360208844562e-01 1.864674265874271541e-01 1.096944219587636790e-03
9.824616798915467575e-01 1.864613942432406524e-01 1.097863720797211552e-03
9.824628981609055955e-01 1.864549701995677211e-01 1.098693931764271620e-03
9.824641831170413120e-01 1.864481950455285364e-01 1.099436052352352131e-03
9.824655271694616721e-01 1.864411087326186822e-01 1.100091536266581144e-03
9.824669228702628265e-01 1.864337504639124732e-01 1.100662074260528580e-03
9.824683629337994661e-01 1.864261585909926522e-01 1.101149577285266950e-03
9.824698402548641685e-01 1.864183705186120976e-01 1.101556159642339341e-03
9.824713479253804893e-01 1.864104226170657796e-01 1.101884122199477340e-03
9.824728792496210117e-01 1.864023501422254203e-01 1.102135935724987909e-03
9.824744277579646745e-01 1.863941871631642488e-01 1.102314224393743242e-03
9.824759872192136978e-01 1.863859664972766506e-01 1.102421749514664222e-03
9.824775516514938634e-01 1.863777196527750257e-01 1.102461393526534385e-03
9.824791153317661285e-01 1.863694767784261630e-01 1.102436144305876317e-03
9.824806728039813253e-01 1.863612666203702806e-01 1.102349079827527265e-03
9.824822188859125838e-01 1.863531164858481803e-01 1.102203353215445557e-03
9.824837486747038939e-01 1.863450522136461673e-01 1.102002178218194689e-03
9.824852575511752173e-01 1.863370981510530100e-01 1.101748815140476652e-03
9.824867411829277808e-01 1.863292771371103940e-01 1.101446557259047783e-03
9.824881955262946276e-01 1.863216104919259430e-01 1.101098717748359669e-03
9.824896168271846086e-01 1.863141180118076945e-01 1.100708617138312180e-03
9.824910016208674435e-01 1.863068179699688409e-01 1.100279571323613866e-03
9.824923467307520308e-01 1.862997271225444174e-01 1.099814880141421290e-03
9.824936492662081911e-01 1.862928607196542574e-01 1.099317816531167379e-03
9.824949066194852421e-01 1.862862325212413239e-01 1.098791616287815489e-03
9.824961164617800335e-01 1.862798548174100233e-01 1.098239468417173525e-03
9.824972767385085071e-01 1.862737384529863649e-01 1.097664506099398866e-03
9.824983856638346280e-01 1.862678928560192182e-01 1.097069798264416803e-03
9.824994417145102021e-01 1.862623260699416694e-01 1.096458341780646344e-03
9.825004436230799776e-01 1.862570447891108982e-01 1.095833054256224346e-03
9.825013903705051010e-01 1.862520543974465759e-01 1.095196767449804764e-03
9.825022811782579968e-01 1.862473590098894793e-01 1.094552221286001830e-03
9.825031154999407379e-01 1.862429615164051810e-01 1.093902058468657545e-03
9.825038930124789793e-01 1.862388636282610310e-01 1.093248819683326645e-03
9.825046136069418568e-01 1.862350659263095343e-01 1.092594939378705365e-03
9.825052773790362570e-01 1.862315679110161937e-01 1.091942742115159948e-03
9.825058846193257533e-01 1.862283680539759678e-01 1.091294439467079946e-03
9.825064358032189471e-01 1.862254638506688487e-01 1.090652127464436906e-03
9.825069315807747339e-01 1.862228518742124750e-01 1.090017784557713049e-03
9.825073727663674594e-01 1.862205278298770528e-01 1.089393270089252961e-03
9.825077603282545979e-01 1.862184866101361524e-01 1.088780323253097596e-03
9.825080953780880311e-01 1.862167223500352242e-01 1.088180562524465600e-03
9.825083791604080075e-01 1.862152284826692206e-01 1.087595485539262453e-03
9.825086130421575303e-01 1.862139977945689306e-01 1.087026469403327674e-03
9.825087985022520343e-01 1.862130224808063450e-01 1.086474771410546368e-03
9.825089371212384348e-01 1.862122941996380010e-01 1.085941530148482395e-03
9.825090305710761918e-01 1.862118041265160007e-01 1.085427766969805728e-03
9.825090806050688075e-01 1.862115430073060796e-01 1.084934387807505582e-03
9.825090890479755146e-01 1.862115012105622913e-01 1.084462185311687666e-03
9.825090577863281327e-01 1.862116687787183922e-01 1.084011841285637684e-03
9.825089887589777415e-01 1.862120354780657516e-01 1.083583929398821517e-03
9.825088839478940406e-01 1.862125908473985514e-01 1.083178918154537604e-03
9.825087453692366024e-01 1.862133242452164716e-01 1.082797174090072145e-03
9.825085750647182259e-01 1.862142248953859158e-01 1.082438965187411785e-03
9.825083750932755988e-01 1.862152819311700680e-01 1.082104464472840363e-03
9.825081475230627026e-01 1.862164844375487072e-01 1.081793753784072217e-03
9.825078944237809475e-01 1.862178214917575847e-01 1.081506827683985242e-03
9.825076178593555865e-01 1.862192822019873018e-01 1.081243597500446433e-03
9.825073198809693986e-01 1.862208557441905332e-01 1.081003895472243750e-03
9.825070025204611923e-01 1.862225313969554097e-01 1.080787478981669802e-03
9.825066677840952334e-01 1.862242985744118895e-01 1.080594034854906764e-03
9.825063176467065951e-01 1.862261468571459744e-01 1.080423183711984704e-03
9.825059540462254271e-01 1.862280660211052541e-01 1.080274484348754888e-03
9.825055788785819200e-01 1.862300460644866484e-01 1.080147438134015448e-03
9.825051939929925204e-01 1.862320772326050977e-01 1.080041493405648704e-03
9.825048011876260645e-01 1.862341500407487527e-01 1.079956049850382257e-03
9.825044022056480530e-01 1.862362552950333761e-01 1.079890462852545153e-03
9.825039987316388501e-01 1.862383841112747740e-01 1.079844047797981011e-03
9.825035923883821409e-01 1.862405279319044038e-01 1.079816084320068008e-03
9.826803813844898761e-01 1.852923418585529780e-01 2.454844690634901995e-03
9.829683260117089150e-01 1.837366445606094245e-01 3.758525721951783052e-03
9.833587097375120489e-01 1.816060647305259013e-01 4.989694889900146008e-03
9.838419639453034327e-01 1.789335384542820317e-01 6.147469601962906628e-03
9.844078813251007087e-01 1.757522282240844558e-01 7.231235693778641227e-03
9.850458179466581310e-01 1.720954458022240507e-01 8.240635185554314596e-03
9.857448827156918281e-01 1.679965773701962428e-01 9.175554975491316892e-03
9.864941131482907188e-01 1.634890096855982355e-01 1.003611635487029231e-02
9.872826366129859865e-01 1.586060562601621926e-01 1.082266520975645914e-02
9.880998163888008445e-01 1.533808828572898464e-01 1.153576276252997988e-02
9.889353820747488477e-01 1.478464318795345012e-01 1.217617670187942994e-02
9.897795440647055853e-01 1.420353454696700601e-01 1.274487255171666798e-02
9.906230919734465568e-01 1.359798873784153761e-01 1.324300513682546976e-02
9.914574770661128689e-01 1.297118638537160529e-01 1.367191001505892872e-02
9.922748789047399764e-01 1.232625439779145293e-01 1.403309476165070027e-02
9.930682565812957163e-01 1.166625800183477835e-01 1.432823000980187021e-02
9.938313850557880524e-01 1.099419284630468868e-01 1.455914017226488978e-02
9.945588772588018767e-01 1.031297724863451948e-01 1.472779379031853401e-02
9.952461927483515769e-01 9.625444663026631875e-02 1.483629347851328495e-02
9.958896338290891270e-01 8.934336449829020921e-02 1.488686545513089390e-02
9.964248704897284981e-01 8.340018529661173685e-02 1.348721883841350749e-02
9.968721120360266585e-01 7.809888609878666565e-02 1.210681602482588382e-02
9.972424348301094366e-01 7.343015613159489807e-02 1.074976271130038442e-02
9.975456546920530299e-01 6.938264602263591319e-02 9.419905704382062345e-03
9.977903468980943158e-01 6.594312370457701411e-02 8.120826800880595608e-03
9.979838841768045032e-01 6.309662865189377690e-02 6.855838806242912226e-03
9.981324903282063898e-01 6.082662343988640141e-02 5.627983465328443777e-03
9.982413070604791994e-01 5.911514188142782955e-02 4.440031086851702578e-03
9.983144716565299781e-01 5.794293322716231875e-02 3.294481654568251310e-03
9.983552031409121952e-01 5.728960210754278221e-02 2.193567233950675238e-03
9.983658947093374536e-01 5.713374404982108495e-02 1.139255501346583647e-03
9.983482103019003517e-01 5.745307652107678464e-02 1.332542422664252050e-04
9.983031833413290590e-01 5.822456553200634766e-02 -8.229833145057851348e-04
9.982313158139610731e-01 5.942454788885298544e-02 -1.728252440713975296e-03
9.981326760392791320e-01 6.102884920654971790e-02 -2.581590225680331988e-03
9.980069936498729977e-01 6.301289779929106216e-02 -3.382268345252836643e-03
9.978537504843281170e-01 6.535183454993682972e-02 -4.129785346702069364e-03
9.976722662779281547e-01 6.802061883146365284e-02 -4.823858501350930701e-03
9.974617782177406244e-01 7.099413051651705386e-02 -5.464415266885378625e-03
9.972215136074739084e-01 7.424726806906881138e-02 -6.051584393880963045e-03
9.969507550615342995e-01 7.775504266892613314e-02 -6.585686705980306650e-03
9.966488978152645561e-01 8.149266827855773665e-02 -7.067225580181994357e-03
9.963154988978554227e-01 8.543564752504287374e-02 -7.496877152601067081e-03
9.959503180644861953e-01 8.955985323999401948e-02 -7.875480275540596223e-03
9.955533505236111580e-01 9.384160547856391921e-02 -8.204026253450617812e-03
9.951248516228521357e-01 9.825774382607870006e-02 -8.483648388011270566e-03
9.946653537717335958e-01 1.027856947978743746e-01 -8.715611365830277374e-03
9.941756759807404142e-01 1.074035341445106345e-01 -8.901300525774790903e-03
9.936569264833112758e-01 1.120900438902290575e-01 -9.042211046473517394e-03
9.931104989800594307e-01 1.168247639564964080e-01 -9.139937097770060165e-03
9.925380631025975120e-01 1.215880382536265875e-01 -9.196161002665636380e-03
9.919415497379580060e-01 1.263610551604995857e-01 -9.212642458385742611e-03
9.913231318840780570e-01 1.311258823538481444e-01 -9.191207866513716532e-03
9.906852017227344431e-01 1.358654959929544437e-01 -9.133739822572910921e-03
9.900303445994537155e-01 1.405638043113834057e-01 -9.042166814970930069e-03
9.893613105912471006e-01 1.452056657131248485e-01 -8.918453181846922734e-03
9.886809843236680218e-01 1.497769015148846250e-01 -8.764589372125684147e-03
9.879923536699110054e-01 1.542643035180591704e-01 -8.582582554050140894e-03
9.872984779278081158e-01 1.586556366321317801e-01 -8.374447610731521052e-03
9.866024560270371113e-01 1.629396368050207988e-01 -8.142198557937494613e-03
9.859073952700376786e-01 1.671060045446741971e-01 -7.887840414558625404e-03
9.852163810574390279e-01 1.711453943395303268e-01 -7.613361551084725509e-03
9.845324479935682049e-01 1.750494003031407009e-01 -7.320726536118385419e-03
9.838585527111017859e-01 1.788105383802502946e-01 -7.011869495582256223e-03
9.831975486972976963e-01 1.824222254580922520e-01 -6.688687993960861985e-03
9.825521633485393425e-01 1.858787557278605007e-01 -6.353037441766776552e-03
9.819249774260502273e-01 1.891752746376727246e-01 -6.006726028531061620e-03
9.813184070343577980e-01 1.923077507703219169e-01 -5.651510176069693761e-03
9.807346881960254947e-01 1.952729459672906120e-01 -5.289090502635724472e-03
9.801758640518231092e-01 1.980683840054696665e-01 -4.921108284879053066e-03
9.796437746752129083e-01 2.006923181153957569e-01 -4.549142401333710131e-03
9.791400494540297705e-01 2.031436976102139191e-01 -4.174706738453028143e-03
9.786661019606349710e-01 2.054221338735766345e-01 -3.799248038018652324e-03
9.782231272046464365e-01 2.075278659328668174e-01 -3.424144163050252179e-03
9.778121011395222162e-01 2.094617258219930722e-01 -3.050702758118695613e-03
9.774337822756493654e-01 2.112251039160091270e-01 -2.680160279187159943e-03
9.770887152379753582e-01 2.128199143983551256e-01 -2.313681367736212299e-03
9.767772360953566047e-01 2.142485610009422226e-01 -1.952358543929083156e-03
9.764994792814196689e-01 2.155139031378767167e-01 -1.597212193897735739e-03
9.762553859225210351e-01 2.166192225355574874e-01 -1.249190826832552578e-03
9.760447133870546743e-01 2.175681904453320714e-01 -9.091715783918042455e-04
9.758670458715555940e-01 2.183648355099591931e-01 -5.779609379656244165e-04
9.757218058424892426e-01 2.190135123418477658e-01 -2.562956784889068476e-04
9.756082661579782433e-01 2.195188708594247584e-01 5.515603124306672593e-05
9.755255627007207719e-01 2.198858264179938127e-01 3.557933504814916751e-04
9.754727073617150968e-01 2.201195307630136877e-01 6.450813440304252813e-04
9.754486012238690051e-01 2.202253438267580687e-01 9.225494293846076693e-04
9.754520478049040211e-01 2.202088063837006338e-01 1.187789708214651279e-03
9.754817662299400949e-01 2.200756135755737586e-01 1.440455195650464136e-03
9.755364042155768578e-01 2.198315893137361421e-01 1.680257959617212620e-03
9.756145507589861765e-01 2.194826615641096990e-01 1.906967181363633393e-03
9.757147484373468460e-01 2.190348385183653324e-01 2.120407147299793824e-03
9.758355052347367220e-01 2.184941856541057215e-01 2.320455181336705981e-03
9.759753058252322866e-01 2.178668036863758706e-01 2.507039526096547805e-03
9.761326222523353247e-01 2.171588074127958623e-01 2.680137180639810372e-03
9.763059239558630198e-01 2.163763054548388798e-01 2.839771701732195838e-03
9.764936871080103220e-01 2.155253808981580366e-01 2.986010975145174124e-03
9.766944032303624956e-01 2.146120728353051732e-01 3.118964963043667493e-03
9.769065870731344914e-01 2.136423588145962837e-01 3.238783433154949262e-03
9.771287837467991233e-01 2.126221381991943715e-01 3.345653675126054102e-03
9.773595751044984459e-01 2.115572164406411826e-01 3.439798209253694655e-03
9.775975853811800231e-01 2.104532902710313791e-01 3.521472492601361495e-03
9.778414861022483029e-01 2.093159338177541517e-01 3.590962627393298832e-03
9.780900002806495186e-01 2.081505856442055491e-01 3.648583076484959373e-03
9.783419059267158824e-01 2.069625367190914556e-01 3.694674390645148829e-03
9.785960388997869686e-01 2.057569193158950149e-01 3.729600952337744704e-03
9.788512951345996749e-01 2.045386968427795882e-01 3.753748740652620292e-03
9.791066322787230769e-01 2.033126546016567060e-01 3.767523121998986053e-03
9.793610707799178527e-01 2.020833914733862202e-01 3.771346671133382882e-03
9.796136944642569455e-01 2.008553125241207271e-01 3.765657027043521447e-03
9.798636506471821717e-01 1.996326225256873088e-01 3.750904788143502068e-03
9.801101498204237705e-01 1.984193203806483286e-01 3.727551451151973373e-03
9.803524649579204997e-01 1.972191944403351160e-01 3.696067397919794700e-03
9.805899304835855590e-01 1.960358187017356146e-01 3.656929934345811394e-03
9.808219409430127822e-01 1.948725498666771527e-01 3.610621385367401241e-03
9.810479494200593509e-01 1.937325252443086177e-01 3.557627249836178927e-03
9.812674657377183918e-01 1.926186614754867577e-01 3.498434418888958161e-03
9.814800544808623961e-01 1.915336540553378708e-01 3.433529461200792669e-03
9.816853328763387454e-01 1.904799776280256263e-01 3.363396978262022871e-03
9.818829685635879212e-01 1.894598870256344603e-01 3.288518032556711490e-03
9.822489620873029459e-01 1.875259765648140398e-01 4.583945250740858492e-03
9.827172738774302418e-01 1.850218806277763028e-01 5.804489600362186530e-03
9.832774249321544202e-01 1.819814299035113769e-01 6.949414258648244427e-03
9.839183867880665346e-01 1.784386341296290701e-01 8.018247579525945509e-03
9.846287861534719354e-01 1.744276081066522821e-01 9.010771119070630844e-03
9.853970956603403941e-01 1.699824990501700439e-01 9.927008632697147464e-03
9.862118097713382658e-01 1.651374140717207228e-01 1.076721590323869403e-02
9.870616050863346702e-01 1.599263468904313923e-01 1.153187124292190391e-02
9.879354844868880603e-01 1.543831031778242768e-01 1.222166650415103598e-02
9.888229047413851225e-01 1.485412242210142897e-01 1.283749843313340341e-02
9.897138873706317064e-01 1.424339088491038408e-01 1.338046020582758788e-02
9.905991127456521550e-01 1.360939337993816445e-01 1.385183299655018407e-02
9.914699975570864243e-01 1.295535729004669845e-01 1.425307744488591918e-02
9.923187559588036999e-01 1.228445156163795182e-01 1.458582490535176822e-02
9.931384448462795556e-01 1.159977856272481483e-01 1.485186838561822729e-02
9.939229938813666232e-01 1.090436602185854698e-01 1.505315310206592136e-02
9.946672210173083117e-01 1.020115913122818518e-01 1.519176660517191149e-02
9.953668344089156017e-01 9.493012900013270139e-02 1.526992845085663533e-02
9.960184217103627002e-01 8.782684843702652511e-02 1.528997941673493691e-02
9.966194278647763083e-01 8.072828091880991652e-02 1.525437028354992980e-02
9.971156009262214237e-01 7.463844963067937932e-02 1.377009885369273080e-02
9.975248481293025327e-01 6.922954130262044814e-02 1.230787036917052255e-02
9.978590908358846434e-01 6.449086060704468937e-02 1.087197231586592254e-02
9.981288021042432623e-01 6.040958441106134003e-02 9.466412292893331554e-03
9.983430383107045891e-01 5.697093224339644379e-02 8.094912276940424700e-03
9.985094903756510654e-01 5.415833377098294710e-02 6.760905194598459088e-03
9.986345518407183652e-01 5.195359229502354015e-02 5.467533533089797247e-03
9.987234010346032198e-01 5.033704358324320172e-02 4.217649731561895661e-03
9.987800946079057329e-01 4.928770961651227078e-02 3.013818112568155457e-03
9.988076698038657053e-01 4.878344704232994572e-02 1.858318134840248204e-03
9.988082529534132448e-01 4.880109029523747866e-02 7.531487724438238902e-04
9.987831718321742436e-01 4.931658946724829656e-02 -2.999661494662104935e-04
9.987330696873953917e-01 5.030514309337049544e-02 -1.299571806992050240e-03
9.986580189285345632e-01 5.174132606278617624e-02 -2.244475538580564811e-03
9.985576326716982809e-01 5.359921288044297571e-02 -3.133739413228362521e-03
9.984311725311584285e-01 5.585249649227663066e-02 -3.966672284296053792e-03
9.982776512574490502e-01 5.847460285570525718e-02 -4.742821390311890810e-03
9.980959290281560259e-01 6.143880139099606313e-02 -5.461963550029697370e-03
9.978848024020217089e-01 6.471831139389629117e-02 -6.124095987957474049e-03
9.976430851472540828e-01 6.828640443040508157e-02 -6.729426818529114437e-03
9.973696803490567087e-01 7.211650267506222733e-02 -7.278365211878895687e-03
9.970636433876672866e-01 7.618227309834432748e-02 -7.771511261533981148e-03
9.967242355550230970e-01 8.045771735972045979e-02 -8.209645573933570598e-03
9.963509682441139548e-01 8.491725722296834811e-02 -8.593718601137187094e-03
9.959436377987934685e-01 8.953581528113938037e-02 -8.924839740994720827e-03
9.955023512521101736e-01 9.428889076107276057e-02 -9.204266233004441272e-03
9.950275433070394637e-01 9.915263017195960482e-02 -9.433391882677482493e-03
9.945199850240002970e-01 1.041038925689479477e-01 -9.613735652075653879e-03
9.939807847740812496e-01 1.091203092204708486e-01 -9.746930158945562445e-03
9.934113820950760676e-01 1.141803374957717915e-01 -9.834710131231088476e-03
9.928135351491045313e-01 1.192633088255755508e-01 -9.878900867453993540e-03
9.921893025258941012e-01 1.243494706323542975e-01 -9.881406756309014244e-03
9.915410201651270183e-01 1.294200221753730451e-01 -9.844199910681852503e-03
9.908712741852889749e-01 1.344571443078100559e-01 -9.769308972078219119e-03
9.901828704060975372e-01 1.394440231969014676e-01 -9.658808141114741050e-03
9.894788013379883784e-01 1.443648681115061727e-01 -9.514806488282104638e-03
9.887622113866108009e-01 1.492049234331240259e-01 -9.339437596703675099e-03
9.880363609843003658e-01 1.539504750948151035e-01 -9.134849585171869735e-03
9.873045903156318914e-01 1.585888516964691353e-01 -8.903195555470625258e-03
9.865702832520313326e-01 1.631084205835188206e-01 -8.646624503027562636e-03
9.860097038448800699e-01 1.665415127192571565e-01 -6.988130929574227004e-03
9.855624871006491983e-01 1.692266766249359289e-01 -5.381654697967979892e-03
9.852306269215418411e-01 1.711899153088020376e-01 -3.830367918628122675e-03
9.850140728813032709e-01 1.724582909279588350e-01 -2.337080925424871343e-03
9.849109326429131839e-01 1.730597749160890930e-01 -9.042578808697761001e-04
9.849176789903916207e-01 1.730231137110607165e-01 4.659677020452384234e-04
9.850293583047701196e-01 1.723777080534763806e-01 1.771777788778395885e-03
9.852397976937050661e-01 1.711535038054505520e-01 3.011655199646094162e-03
9.855418083373040927e-01 1.693808922895252977e-01 4.184369666025044426e-03
9.859273829375920783e-01 1.670906182572023668e-01 5.288964641424333951e-03
9.863878854558049136e-01 1.643136937523764218e-01 6.324744892903149188e-03
9.869142315920000907e-01 1.610813163252573510e-01 7.291264856557167634e-03
9.874970587079012763e-01 1.574247902664674403e-01 8.188317706865544041e-03
9.881268841195660624e-01 1.533754497592766664e-01 9.015925063367022721e-03
9.887942508946302445e-01 1.489645830818592531e-01 9.774327239053148125e-03
9.894898604826389832e-01 1.442233572235450956e-01 1.046397392254395063e-02
9.902046916890443473e-01 1.391827425028516751e-01 1.108551517996815734e-02
9.909301056760192461e-01 1.338734369851687367e-01 1.163979266185557852e-02
9.916579368378820591e-01 1.283257906898454814e-01 1.212783090456088196e-02
9.923805695565587337e-01 1.225697297465525859e-01 1.255082862403800008e-02
9.929936371176720789e-01 1.176051814449461386e-01 1.152019052811378147e-02
9.935267368114379938e-01 1.131125330567779586e-01 1.049928810817699586e-02
9.939869154578441224e-01 1.090870472480244407e-01 9.491316499271580318e-03
9.943806301119598734e-01 1.055224227018085048e-01 8.499292941674074092e-03
9.947137401604602136e-01 1.024108933479629946e-01 7.526051032322052768e-03
9.949915101628021841e-01 9.974332906495037010e-02 6.574236326390331224e-03
9.952186223242575069e-01 9.750933706405773282e-02 5.646303203301747051e-03
9.953991974326337200e-01 9.569736328036936024e-02 4.744512907636192107e-03
9.955368230614312086e-01 9.429479320107246598e-02 3.870932674316279135e-03
9.956345878368402236e-01 9.328805165720377435e-02 3.027435848622674931e-03
9.956951205816976236e-01 9.266270118876750173e-02 2.215702914548469023e-03
9.957206331835722901e-01 9.240353866469336319e-02 1.437223349279528320e-03
9.957129660838509588e-01 9.249468989838284527e-02 6.932982267582950449e-04
9.956736353474628931e-01 9.291970204712732273e-02 -1.495650103340117991e-05
9.956038803462502473e-01 9.366163362037456530e-02 -6.866061105860839968e-04
9.955047111706692986e-01 9.470314194886421399e-02 -1.320892660938847649e-03
9.953769549723602283e-01 9.602656798543691974e-02 -1.917230049676975660e-03
9.952213005321923767e-01 9.761401832034896642e-02 -2.475198620293009733e-03
9.950383404428937428e-01 9.944744430073035324e-02 -2.994539366050661625e-03
9.948286103906748279e-01 1.015087181469149918e-01 -3.475147771865354229e-03
9.945926251148996533e-01 1.037797059591647614e-01 -3.917067332787393767e-03
9.943309107175164474e-01 1.062423375080917554e-01 -4.320482785426600983e-03
9.940440330834647842e-01 1.088786727019770972e-01 -4.685713087042063865e-03
9.937326222585890489e-01 1.116709646251246024e-01 -5.013204175964213090e-03
9.933973927118112668e-01 1.146017190441088185e-01 -5.303521546427470389e-03
9.930391594826829538e-01 1.176537502838099214e-01 -5.557342670667515284e-03
9.926588502833142424e-01 1.208102333828050406e-01 -5.775449301169637180e-03
9.922575136845731558e-01 1.240547524481500075e-01 -5.958719686135372819e-03
9.918363235699936276e-01 1.273713451428105659e-01 -6.108120731460085946e-03
9.913965800867925449e-01 1.307445432548104691e-01 -6.224700142689322709e-03
9.909397073616804663e-01 1.341594093152533584e-01 -6.309578580463230148e-03
9.904672482797712840e-01 1.376015692523454015e-01 -6.363941862796694895e-03
9.899808566480075012e-01 1.410572410899221807e-01 -6.389033247124005846e-03
9.894822870803706705e-01 1.445132597212496484e-01 -6.386145824322730924e-03
9.889733829511003771e-01 1.479570978114863322e-01 -6.356615055900048834e-03
9.884560627646502562e-01 1.513768829046276965e-01 -6.301811484169193497e-03
9.879323052876869404e-01 1.547614108324945337e-01 -6.223133643571314780e-03
9.874041337796743978e-01 1.581001555439050521e-01 -6.122001199328715171e-03
9.868735996451143411e-01 1.613832754911710965e-01 -5.999848337379593347e-03
9.863427658129892972e-01 1.646016167281352804e-01 -5.858117427080950824e-03
9.858136901280584175e-01 1.677467128888393277e-01 -5.698252975520477770e-03
9.852884090150593188e-01 1.708107822283843336e-01 -5.521695889499311088e-03
9.847689216512300892e-01 1.737867219174850375e-01 -5.329878058386929539e-03
9.842571748555212219e-01 1.766680997895790084e-01 -5.124217268158549540e-03
9.837550488750089750e-01 1.794491437441434190e-01 -4.906112454053964365e-03
9.832643442209033635e-01 1.821247290121736362e-01 -4.676939296491572362e-03
9.827867696786600771e-01 1.846903634897178736e-01 -4.438046162174673175e-03
9.823239315894972679e-01 1.871421713431173084e-01 -4.190750389776163633e-03
9.818773244744638529e-01 1.894768750853785266e-01 -3.936334917213794166e-03
9.814483230474270181e-01 1.916917763171420985e-01 -3.676045245356206019e-03
9.810381756401981290e-01 1.937847353182596266e-01 -3.411086731048806366e-03
9.806479990416976378e-01 1.957541496673107506e-01 -3.142622200630520741e-03
9.802787747337180502e-01 1.975989320567436702e-01 -2.871769873634140002e-03
9.799313464885689440e-01 1.993184874609606194e-01 -2.599601585125211299e-03
9.796064192787274916e-01 2.009126898038369469e-01 -2.327141294133151447e-03
9.793045594355740402e-01 2.023818582610820704e-01 -2.055363864855009812e-03
9.790261959833398420e-01 2.037267333217291920e-01 -1.785194106754900856e-03
9.787716230654605054e-01 2.049484527220574726e-01 -1.517506059325422242e-03
9.785410033735401081e-01 2.060485273545638041e-01 -1.253122507103845637e-03
9.783343724839684841e-01 2.070288172443401353e-01 -9.928147105264821179e-04
9.781516440037825166e-01 2.078915076754838387e-01 -7.373023383391974885e-04
9.779926154254854342e-01 2.086390855410511502e-01 -4.872535875401320981e-04
9.778569745900940191e-01 2.092743159816170540e-01 -2.432854771918034457e-04
9.777443066585325138e-01 2.098002193697606765e-01 -5.964302884074062540e-06
9.776541014934805318e-01 2.102200486907716825e-01 2.241937608619770737e-04
9.775857613567778825e-01 2.105372673635662606e-01 4.467219224041620788e-04
9.775386088313396948e-01 2.107555275401934991e-01 6.612019105727877854e-04
9.775118948811158948e-01 2.108786489173746503e-01 8.672629990161676884e-04
9.775048069678047291e-01 2.109105980892076460e-01 1.064580927662528908e-03
9.775164771486832826e-01 2.108554684664385170e-01 1.252876731066974308e-03
9.775459900859322371e-01 2.107174607844958247e-01 1.431915482833727177e-03
9.775923909041059900e-01 2.105008642197451207e-01 1.601504964750208012e-03
9.776546928388326618e-01 2.102100381310875454e-01 1.761494268746314866e-03
9.777318846263345353e-01 2.098493944420401769e-01 1.911772339303684926e-03
9.778229375898577214e-01 2.094233806767353268e-01 2.052266463488346734e-03
9.779268123855222594e-01 2.089364636618060989e-01 2.182940715367278402e-03
9.780424653763768461e-01 2.083931139048314229e-01 2.303794361195085627e-03
9.781688546095249626e-01 2.077977906588487633e-01 2.414860231420338631e-03
9.783049453770162884e-01 2.071549276813599849e-01 2.516203065260284866e-03
9.784497153467414110e-01 2.064689196952187999e-01 2.607917833325131517e-03
9.786021592547841097e-01 2.057441095577630108e-01 2.690128043535861945e-03
9.787612931555511597e-01 2.049847761435133198e-01 2.762984035369110431e-03
9.789261582304897846e-01 2.041951229446819782e-01 2.826661267275289418e-03
9.790958241603033851e-01 2.033792673926012595e-01 2.881358601948065274e-03
9.792693920692707721e-01 2.025412309019839485e-01 2.927296593970563510e-03
9.794459970535629445e-01 2.016849296386573065e-01 2.964715784222555096e-03
9.796248103083312619e-01 2.008141660100681847e-01 2.993875005299709464e-03
9.798050408708099956e-01 1.999326208764403701e-01 3.015049702067437287e-03
9.799859369987491409e-01 1.990438464789822670e-01 3.028530271344775406e-03
9.801667872051783581e-01 1.981512600800002799e-01 3.034620424585467505e-03
9.803469209718096433e-01 1.972581383081840334e-01 3.033635577291482217e-03
9.805257091643412304e-01 1.963676122007025071e-01 3.025901268756708840e-03
9.807025641735400701e-01 1.954826629321025633e-01 3.011751615593888810e-03
9.808769398062799905e-01 1.946061182183460025e-01 2.991527802344782962e-03
9.810483309507255223e-01 1.937406493826732135e-01 2.965576612311342838e-03
9.812162730395938004e-01 1.928887690683575851e-01 2.934249001573766176e-03
9.813803413349349025e-01 1.920528295818278997e-01 2.897898718979713319e-03
9.815401500571655502e-01 1.912350218481025932e-01 2.856880974697790804e-03
9.816953513802013642e-01 1.904373749590112797e-01 2.811551159728181877e-03
9.818456343134891462e-01 1.896617562932904066e-01 2.762263618554715739e-03
9.819907234905640436e-01 1.889098721863396724e-01 2.709370476906653499e-03
9.821303778824811426e-01 1.881832691262273205e-01 2.653220526376111939e-03
9.822643894531152275e-01 1.874833354514406081e-01 2.594158167409557191e-03
9.823925817719155740e-01 1.868113035249024667e-01 2.532522411960509701e-03
9.825148085982663426e-01 1.861682523579211435e-01 2.468645946856892585e-03
9.826309524501559700e-01 1.855551106570105246e-01 2.402854258701712670e-03
9.827409231684259838e-01 1.849726602659175767e-01 2.335464820891459611e-03
9.828446564864623536e-01 1.844215399747223261e-01 2.266786343104084875e-03
9.829421126138314646e-01 1.839022496675337126e-01 2.197118083379087563e-03
9.830332748410586241e-01 1.834151547800912940e-01 2.126749222687376178e-03
9.831181481715136616e-01 1.829604910384963479e-01 2.055958301669405259e-03
9.831967579852131101e-01 1.825383694503322773e-01 1.985012719007781239e-03
9.832691487382791973e-01 1.821487815195904081e-01 1.914168290696112093e-03
9.833353827008222137e-01 1.817916046570881294e-01 1.843668869270303004e-03
9.833955387351308586e-01 1.814666077584469184e-01 1.773746021882611481e-03
9.834497111152764592e-01 1.811734569221810642e-01 1.704618765923307392e-03
9.834980083885518365e-01 1.809117212810298081e-01 1.636493360730342881e-03
9.835405522785820587e-01 1.806808789203368237e-01 1.569563153774585244e-03
9.835774766294536064e-01 1.804803228580366958e-01 1.504008479567246846e-03
9.836089263898105672e-01 1.803093670616398858e-01 1.439996609407551359e-03
9.836350566355546166e-01 1.801672524785091212e-01 1.377681749972554286e-03
9.836560316295566153e-01 1.800531530566834015e-01 1.317205088647551651e-03
9.836720239166318880e-01 1.799661817345239723e-01 1.258694883404694103e-03
9.836832134519462034e-01 1.799053963785224863e-01 1.202266594959214719e-03
9.836897867609954993e-01 1.798698056497171072e-01 1.148023058867004122e-03
9.836919361293304798e-01 1.798583747803025601e-01 1.096054695173887591e-03
9.836898588202763749e-01 1.798700312431853743e-01 1.046439753185679110e-03
9.836837563190113931e-01 1.799036702984221914e-01 9.992445888985759979e-04
9.836738336015165007e-01 1.799581604016783076e-01 9.545239726113621988e-04
9.836602984270811367e-01 1.800323484610505675e-01 9.123214242338250528e-04
9.836433606532397622e-01 1.801250649298072604e-01 8.726695738093064557e-04
9.836232315722168718e-01 1.802351287238020128e-01 8.355905447829178748e-04
9.836001232681644835e-01 1.803613519535136600e-01 8.010963575701744808e-04
9.835742479946851802e-01 1.805025444618445774e-01 7.691893510130808900e-04
9.835458175723371665e-01 1.806575181599714419e-01 7.398626193514913022e-04
9.835150428060093208e-01 1.808250911546803175e-01 7.131004623862963925e-04
9.834821329222400710e-01 1.810040916617287610e-01 6.888788465670586149e-04
9.834472950267151292e-01 1.811933617008567587e-01 6.671658747995505611e-04
9.834107335823289997e-01 1.813917605691135193e-01 6.479222628376249231e-04
9.833726499083199624e-01 1.815981680901743722e-01 6.311018201983610663e-04
9.835069493766608328e-01 1.808595355364463475e-01 1.992811427798772683e-03
9.837491670053591930e-01 1.795183730210954676e-01 3.285321356511924050e-03
9.840913033592229020e-01 1.776064581702509748e-01 4.507396016871144558e-03
9.845244837839635110e-01 1.751559066658723851e-01 5.658081105584221622e-03
9.850391648827349078e-01 1.721990883904571112e-01 6.736690473191180722e-03
9.856253306588795837e-01 1.687685478947537343e-01 7.742793928895501734e-03
9.862726769830131301e-01 1.648969276650452398e-01 8.676205914689316678e-03
9.869707832780975076e-01 1.606168929313563920e-01 9.536974951913379864e-03
9.877092705317984667e-01 1.559610570278218700e-01 1.032537374259031963e-02
9.884779449452409938e-01 1.509619065832363272e-01 1.104188979467463777e-02
9.892669267147889967e-01 1.456517260764470523e-01 1.168721643410963219e-02
9.900667636215156886e-01 1.400625215317862216e-01 1.226224406653149065e-02
9.908685292736444383e-01 1.342259433492657417e-01 1.276805155682257838e-02
9.916639060116493321e-01 1.281732084588806664e-01 1.320589760466174371e-02
9.924452526443444667e-01 1.219350221551813301e-01 1.357721200790238877e-02
9.932056573368683861e-01 1.155415001053324703e-01 1.388358672217884955e-02
9.939389761170881465e-01 1.090220911301601342e-01 1.412676664376119086e-02
9.946398576042290163e-01 1.024055014330590985e-01 1.430864006253972781e-02
9.953037546907799182e-01 9.571962099679247327e-02 1.443122875235997374e-02
9.959269240240715693e-01 8.899145288462149972e-02 1.449667768604267180e-02
9.964446007981305753e-01 8.322432227574499963e-02 1.311259981671825808e-02
9.968769813415591097e-01 7.809180295518891590e-02 1.174841217358685297e-02
9.972347259792431196e-01 7.358425883892602548e-02 1.040813410876854916e-02
9.975272616079614574e-01 6.969006509511070646e-02 9.095527157341538188e-03
9.977628047878964734e-01 6.639576186322572460e-02 7.814089411434655200e-03
9.979484020560898117e-01 6.368620619637910263e-02 6.567051955173236477e-03
9.980899851226875397e-01 6.154472128218001908e-02 5.357377141680489362e-03
9.981924385902681829e-01 5.995324224992305828e-02 4.187758500685176237e-03
9.982596778615753230e-01 5.889245808921587944e-02 3.060622077468476768e-03
9.982947349644422097e-01 5.834194938592639212e-02 1.978129019581104878e-03
9.982998501178880213e-01 5.828032172535977523e-02 9.421792457482622545e-04
9.982765669840973910e-01 5.868533472129941475e-02 -4.558394945180328436e-05
9.982258296917463358e-01 5.953402670549721304e-02 -9.837684821639492740e-04
9.981480798720129277e-01 6.080283515877459022e-02 -1.871227365320928936e-03
9.980433521153609933e-01 6.246771298608214812e-02 -2.707051984878145433e-03
9.979113664311376475e-01 6.450424073800055391e-02 -3.490564841082040640e-03
9.977516164700072077e-01 6.688773486472077145e-02 -4.221311815896525849e-03
9.975634524485267329e-01 6.959335205994400531e-02 -4.899054016255439611e-03
9.973461578933674465e-01 7.259618971561694611e-02 -5.523759233715049531e-03
9.970990194977172871e-01 7.587138246786845341e-02 -6.095593054319444620e-03
9.968213895523971857e-01 7.939419477342261888e-02 -6.614909647941688564e-03
9.965127405775240366e-01 8.314010941712600411e-02 -7.082242263828569112e-03
9.961727119356441618e-01 8.708491181750720178e-02 -7.498293458303771294e-03
9.958011483527833274e-01 9.120476997039626832e-02 -7.863925081280498733e-03
9.953981304086003679e-01 9.547630985192709363e-02 -8.180148050083881420e-03
9.949639971797205051e-01 9.987668609255169472e-02 -8.448111941761348928e-03
9.944993613304763391e-01 1.043836477333324325e-01 -8.669094438246051013e-03
9.940051170419725857e-01 1.089755988846162482e-01 -8.844490662131773012e-03
9.934824412531164661e-01 1.136316541247054668e-01 -8.975802444141469869e-03
9.929327887557131138e-01 1.183316885014664144e-01 -9.064627566383784071e-03
9.923578817398481799e-01 1.230563820318419377e-01 -9.112649027990622416e-03
9.917596944257340841e-01 1.277872586316514958e-01 -9.121624381555179864e-03
9.911404334443688624e-01 1.325067194494514156e-01 -9.093375189829694394e-03
9.905025146423573901e-01 1.371980706221158086e-01 -9.029776652325526703e-03
9.898485369868885719e-01 1.418455455147277500e-01 -8.932747450757299104e-03
9.891812542361376748e-01 1.464343215519503250e-01 -8.804239860698505685e-03
9.885035450194032958e-01 1.509505317909995981e-01 -8.646230174413307989e-03
9.878183819413528521e-01 1.553812714265402906e-01 -8.460709476671832499e-03
9.871288002871676515e-01 1.597145994543197334e-01 -8.249674811540822633e-03
9.864378668615234602e-01 1.639395357523877328e-01 -8.015120773781352070e-03
9.857486494455975912e-01 1.680460538657637670e-01 -7.759031553704779510e-03
9.850641873040182350e-01 1.720250698020504843e-01 -7.483373459266427601e-03
9.843874631191580349e-01 1.758684271615879313e-01 -7.190087933943004050e-03
9.837213766746447652e-01 1.795688789363043547e-01 -6.881085083668954036e-03
9.830687205545267648e-01 1.831200663166165921e-01 -6.558237720914904777e-03
9.824321580701778078e-01 1.865164948458631899e-01 -6.223375928982561624e-03
9.818142035746246776e-01 1.897535082572301968e-01 -5.878282144855581821e-03
9.812172052742439421e-01 1.928272603194452761e-01 -5.524686754560519976e-03
9.806433306012964923e-01 1.957346850052253950e-01 -5.164264191015399685e-03
9.800945541679945139e-01 1.984734652811547817e-01 -4.798629520819244071e-03
9.795726482840499960e-01 2.010420007999454417e-01 -4.429335503391878051e-03
9.790791759851388276e-01 2.034393747564888499e-01 -4.057870103322771226e-03
9.786154864895207917e-01 2.056653201483169546e-01 -3.685654434730574903e-03
9.781827129741894611e-01 2.077201856595918550e-01 -3.314041114859608145e-03
9.777817725402944138e-01 2.096049013660266636e-01 -2.944313003024087109e-03
9.774133682200419893e-01 2.113209444366424272e-01 -2.577682300325432468e-03
9.770779928636209588e-01 2.128703049873649222e-01 -2.215289985276216577e-03
9.767759347346834931e-01 2.142554522214777102e-01 -1.858205560525260681e-03
9.765072846362476966e-01 2.154793009731282016e-01 -1.507427086248124947e-03
9.762719443852895251e-01 2.165451787526282978e-01 -1.163881476400312285e-03
9.760696364534446889e-01 2.174567933763358052e-01 -8.284250348813396083e-04
9.758999145928408669e-01 2.182182012495357259e-01 -5.018442096818344919e-04
9.757621752698153461e-01 2.188337763579970285e-01 -1.848565442403196472e-04
9.756556697348524043e-01 2.193081800127570369e-01 1.218881935185480380e-04
9.755795165642107136e-01 2.196463313831414632e-01 4.178067226934197606e-04
9.755327145171412973e-01 2.198533788449917870e-01 7.023808183723120359e-04
9.755141555620651106e-01 2.199346721644478142e-01 9.751557536517014950e-04
9.755226379353659771e-01 2.198957355323075680e-01 1.235738629025026191e-03
9.755568791073401247e-01 2.197422414598300955e-01 1.483796602229838814e-03
9.756155285411427514e-01 2.194799855437238600e-01 1.719055030485160335e-03
9.756971801421110424e-01 2.191148621058321144e-01 1.941295535974846102e-03
9.758003843064695371e-01 2.186528407115452821e-01 2.150354004447861938e-03
9.759236594900011497e-01 2.180999435701000411e-01 2.346118525917787519e-03
9.760655032286722488e-01 2.174622238195334789e-01 2.528527285654022169e-03
9.762244025543351800e-01 2.167457446990210812e-01 2.697566412965796308e-03
9.763988437593953407e-01 2.159565596115259611e-01 2.853267794684584673e-03
9.765873214746521036e-01 2.151006930800185846e-01 2.995706859746232430e-03
9.767883470343328156e-01 2.141841226008991128e-01 3.125000340854894830e-03
