1.000000000000000000e+00 0.000000000000000000e+00 0.000000000000000000e+00
1.000000000000000000e+00 0.000000000000000000e+00 0.000000000000000000e+00
1.000000000000000000e+00 0.000000000000000000e+00 0.000000000000000000e+00
1.000000000000000000e+00 0.000000000000000000e+00 0.000000000000000000e+00
1.000000000000000000e+00 0.000000000000000000e+00 0.000000000000000000e+00
1.000000000000000000e+00 0.000000000000000000e+00 0.000000000000000000e+00
1.000000000000000000e+00 0.000000000000000000e+00 0.000000000000000000e+00
1.000000000000000000e+00 0.000000000000000000e+00 0.000000000000000000e+00
1.000000000000000000e+00 0.000000000000000000e+00 0.000000000000000000e+00
1.000000000000000000e+00 0.000000000000000000e+00 0.000000000000000000e+00
1.000000000000000000e+00 0.000000000000000000e+00 0.000000000000000000e+00
1.000000000000000000e+00 0.000000000000000000e+00 0.000000000000000000e+00
1.000000000000000000e+00 0.000000000000000000e+00 0.000000000000000000e+00
1.000000000000000000e+00 0.000000000000000000e+00 0.000000000000000000e+00
1.000000000000000000e+00 0.000000000000000000e+00 0.000000000000000000e+00
1.000000000000000000e+00 0.000000000000000000e+00 0.000000000000000000e+00
1.000000000000000000e+00 0.000000000000000000e+00 0.000000000000000000e+00
1.000000000000000000e+00 0.000000000000000000e+00 0.000000000000000000e+00
1.000000000000000000e+00 0.000000000000000000e+00 0.000000000000000000e+00
1.000000000000000000e+00 0.000000000000000000e+00 0.000000000000000000e+00
1.000000000000000000e+00 0.000000000000000000e+00 0.000000000000000000e+00
1.000000000000000000e+00 0.000000000000000000e+00 0.000000000000000000e+00
9.999377307285186589e-01 4.355763217076023298e-03 -1.027435590403106766e-02
9.997372724532397337e-01 1.025771419018156605e-02 -2.049795778026335807e-02
9.993732521318710038e-01 1.769588012049268244e-02 -3.065877164653693643e-02
9.988139345158528748e-01 2.665739916939491305e-02 -4.074444200178892889e-02
9.980214770815875047e-01 3.712622185797662122e-02 -5.074227091849395355e-02
9.969522414383064080e-01 4.908277514672122754e-02 -6.063920820971036019e-02
9.955571645810191717e-01 6.250359748395656334e-02 -7.042185414653145958e-02
9.937821929980393820e-01 7.736095440757259634e-02 -8.007647600194360560e-02
9.915687819933930447e-01 9.362244551168294460e-02 -8.958903944627090443e-02
9.888544616304513202e-01 1.112506146983810312e-01 -9.894525551505381489e-02
9.855734694422415565e-01 1.302025765665652812e-01 -1.081306435120826387e-01
9.816574484987946603e-01 1.504296724811908514e-01 -1.171306098009280150e-01
9.770362076023425546e-01 1.718771702508549160e-01 -1.259305419835847484e-01
9.716385383454423375e-01 1.944840213544988816e-01 -1.345159174744301744e-01
9.653930815824434131e-01 2.181826892408606777e-01 -1.428724249651680822e-01
9.582292336165906255e-01 2.428990613307272506e-01 -1.509860967591636072e-01
9.500780801948347509e-01 2.685524559531460298e-01 -1.588434494523015827e-01
9.408733443433680010e-01 2.950557335364501488e-01 -1.664316299754984574e-01
9.305523322886006810e-01 3.223155189742340498e-01 -1.737385636159164970e-01
9.190568603096078704e-01 3.502325392462350973e-01 -1.807531003243286749e-01
9.063341444690601323e-01 3.787020771762024118e-01 -1.874651554177174939e-01
8.923376348630646104e-01 4.076145387642873819e-01 -1.938658407182174415e-01
8.770277763833927986e-01 4.368561279764101579e-01 -1.999475822457278118e-01
8.603726790327950180e-01 4.663096193619630236e-01 -2.057042208088613322e-01
8.423486825721335780e-01 4.958552155680845952e-01 -2.111310922162931425e-01
8.229408026630352646e-01 5.253714738864567746e-01 -2.162250843484156693e-01
8.021430486177414387e-01 5.547362835576273854e-01 -2.209846689693962252e-01
7.799586062585963653e-01 5.838278737953268571e-01 -2.254099068964934560e-01
7.563998830735226830e-01 6.125258314730920306e-01 -2.295024259447869808e-01
7.314884166613324634e-01 6.407121071912290633e-01 -2.332653718950409294e-01
7.052546512136621537e-01 6.682719890224448900e-01 -2.367033335521311899e-01
6.777375903040999683e-01 6.950950245825241458e-01 -2.398222437339050106e-01
6.489843373904073953e-01 7.210758741087239798e-01 -2.426292587212962870e-01
6.190495380490877997e-01 7.461150798371181114e-01 -2.451326192811811577e-01
5.879947399531728625e-01 7.701197400073442889e-01 -2.473414968221228083e-01
5.558876879131734450e-01 7.930040791285184465e-01 -2.492658285463114354e-01
5.228015719076417600e-01 8.146899095473008057e-01 -2.509161456137270485e-01
4.888142459531020778e-01 8.351069827075228158e-01 -2.523033983402068192e-01
4.540074349578464563e-01 8.541932316349442056e-01 -2.534387823204634627e-01
4.184659454536465706e-01 8.718949089982201972e-01 -2.543335691170030555e-01
3.822768944080895404e-01 8.881666274940647199e-01 -2.549989448075443699e-01
3.455289683046565696e-01 9.029713112181134704e-01 -2.554458592607642964e-01
3.083117224584621674e-01 9.162800680817432264e-01 -2.556848885376336589e-01
2.707149282298096926e-01 9.280719942171503645e-01 -2.557261123171865602e-01
2.328279735125682870e-01 9.383339217021354761e-01 -2.555790077431580043e-01
1.947393197024251954e-01 9.470601208769695578e-01 -2.552523606004091228e-01
1.565360163662767312e-01 9.542519680785649383e-01 -2.547541942727139519e-01
1.183032730943109345e-01 9.599175888519487776e-01 -2.540917165177222770e-01
8.012408655756420028e-02 9.640714856904353258e-01 -2.532712837283485618e-01
4.207891963485065057e-02 9.667341581787018967e-01 -2.522983820365494734e-01
4.245428616973884184e-03 9.679317221383568759e-01 -2.511776243564582400e-01
-3.330176606738667611e-02 9.676955330682290857e-01 -2.499127622576778618e-01
-7.049127045187666973e-02 9.660618178878189743e-01 -2.485067114028378377e-01
-1.072550738563252393e-01 9.630713177789382851e-01 -2.469615891716664957e-01
-1.435286766736228181e-01 9.587689438144556542e-01 -2.452787630214696146e-01
-1.792511935300645509e-01 9.532034460914456941e-01 -2.434589080954412121e-01
-2.143654357682956701e-01 9.464270962669398823e-01 -2.415020725802062007e-01
-2.488179766459931996e-01 9.384953827376021351e-01 -2.394077493273756574e-01
-2.825592020285615513e-01 9.294667172123894927e-01 -2.371749522862640902e-01
-3.155433487134481352e-01 9.194021510957397503e-01 -2.348022963425678566e-01
-3.477285318867840425e-01 9.083650999190188147e-01 -2.322880792177630660e-01
-3.790767626056358863e-01 8.964210740166446145e-01 -2.296303641539751694e-01
-4.095539556427995054e-01 8.836374137241002069e-01 -2.268270621874378667e-01
-4.391299275431316818e-01 8.700830275592258412e-01 -2.238760128992225151e-01
-4.677783843340327374e-01 8.558281321155257748e-01 -2.207750626238702552e-01
-4.954768980168530179e-01 8.409439927257302827e-01 -2.175221391942992744e-01
-5.222068707457137027e-01 8.255026643244183226e-01 -2.141153224043812753e-01
-5.479534854767668106e-01 8.095767323295337548e-01 -2.105529094783391841e-01
-5.727056418420529704e-01 7.932390537546013531e-01 -2.068334749479401324e-01
-5.964558760624927292e-01 7.765624991384242337e-01 -2.029559244534748508e-01
-6.192002638560779593e-01 7.596196962211058112e-01 -1.989195421016157483e-01
-6.409383055096229409e-01 7.424827765908660338e-01 -1.947240311310779737e-01
-6.616727925533105736e-01 7.252231267644991819e-01 -1.903695477539794068e-01
-6.814096557932747267e-01 7.079111453375266372e-01 -1.858567281551349593e-01
-7.001577948044360733e-01 6.906160079432359655e-01 -1.811867087413231991e-01
-7.179288893494264467e-01 6.734054417909738355e-01 -1.763611398358789495e-01
-7.347371935557556188e-01 6.563455115143109753e-01 -1.713821931088798656e-01
-7.505993140393186769e-01 6.395004179527566945e-01 -1.662525631179135044e-01
-7.655339734961630338e-01 6.229323113227258624e-01 -1.609754634073480850e-01
-7.795617615860477301e-01 6.067011200126519732e-01 -1.555546176738742958e-01
-7.931499893969502502e-01 5.880655976381702343e-01 -1.584044681647772124e-01
-8.065450232117286067e-01 5.687693193562708416e-01 -1.612036456082784619e-01
-8.197114662533384610e-01 5.488126405230230320e-01 -1.639445830224579292e-01
-8.326130306146810600e-01 5.281983596228120303e-01 -1.666195153830249964e-01
-8.452127111894613964e-01 5.069318677237608650e-01 -1.692205166775189173e-01
-8.574729805510299396e-01 4.850212847471128685e-01 -1.717395414146148658e-01
-8.693560040121871557e-01 4.624775794675895502e-01 -1.741684704251004190e-01
-8.808238736462947749e-01 4.393146701449989200e-01 -1.764991606946630376e-01
-8.918388595750806891e-01 4.155495027433227517e-01 -1.787234988674521463e-01
-9.023636763428874996e-01 3.912021038295332431e-01 -1.808334579559270072e-01
-9.123617617143940928e-01 3.662956054658331184e-01 -1.828211566896730533e-01
-9.217975647682834506e-01 3.408562397187090975e-01 -1.846789208369094548e-01
-9.306368397293303119e-01 3.149133008059441519e-01 -1.863993457408143206e-01
-9.388469416029010528e-01 2.884990733849669975e-01 -1.879753592321717071e-01
-9.463971193656944836e-01 2.616487260454039010e-01 -1.894002840137758437e-01
-9.532588022405481532e-01 2.344001696944919833e-01 -1.906678985638878276e-01
-9.594058744553328744e-01 2.067938812015648053e-01 -1.917724955788183694e-01
-9.648149338677675102e-01 1.788726933793085283e-01 -1.927089369708377131e-01
-9.694655299374067559e-01 1.506815531043568523e-01 -1.934727044587954969e-01
-9.733403767470187873e-01 1.222672500955139657e-01 -1.940599448359050794e-01
-9.779658852710019223e-01 9.793610909994393543e-02 -1.843672315792615757e-01
-9.817982402317716462e-01 7.494632504468538847e-02 -1.745144488918258796e-01
-9.849309822759483302e-01 5.334790521591223356e-02 -1.645144036395713993e-01
-9.874541622569467103e-01 3.318423502378595874e-02 -1.543797613791737244e-01
-9.894536658995951584e-01 1.449262504196661278e-02 -1.441229772511394835e-01
-9.910106095649523494e-01 -2.695127121649373153e-03 -1.337562439633813438e-01
-9.922008054463568039e-01 -1.835217338675564080e-02 -1.232914568678901979e-01
-9.930942933266284633e-01 -3.245606261255586100e-02 -1.127401957467581428e-01
-9.937549351332140013e-01 -4.498821027970934666e-02 -1.021137225891383116e-01
-9.942400679461338431e-01 -5.593340076663524951e-02 -9.142299435671286112e-02
-9.946002108346946313e-01 -6.527933139617053682e-02 -8.067868949854634097e-02
-9.948788209057993770e-01 -7.301620626320594332e-02 -6.989124678188210482e-02
-9.951120942150276649e-01 -7.913638669695573225e-02 -5.907091484756598482e-02
-9.953288076920042693e-01 -8.363410407808766212e-02 -4.822781077104474484e-02
-9.955501989307342647e-01 -8.650523962643096032e-02 -3.737198580614806143e-02
-9.957898815576854412e-01 -8.774717469603032782e-02 -2.651349640363057092e-02
-9.960537948775477490e-01 -8.735871405020613489e-02 -1.566247852529382978e-02
-9.963401875691297871e-01 -8.534008352362866534e-02 -4.829223214384744875e-03
-9.966396363203583464e-01 -8.169300239109168749e-02 5.975748667521938243e-03
-9.969351014084826268e-01 -7.642082963193885803e-02 1.674161466738905563e-02
-9.971200723285449374e-01 -7.386141911157449724e-02 1.720678404761933483e-02
-9.973034653202428323e-01 -7.123300605332495705e-02 1.765441041050803267e-02
-9.974845844881868873e-01 -6.853824758151012830e-02 1.808407122431490016e-02
-9.976627446413627309e-01 -6.577986669001742448e-02 1.849536171534735263e-02
-9.978372739685559267e-01 -6.296064967567097104e-02 1.888789533625469599e-02
-9.980075166581516832e-01 -6.008344346790199519e-02 1.926130421917597244e-02
-9.981728354517696022e-01 -5.715115285620034347e-02 1.961523961240868585e-02
-9.983326141214139415e-01 -5.416673761734393938e-02 1.994937229926295810e-02
-9.984862598600861006e-01 -5.113320954492511089e-02 2.026339299777275837e-02
-9.986332055761236726e-01 -4.805362938421522956e-02 2.055701273995259870e-02
-9.987729120818922279e-01 -4.493110367592802884e-02 2.082996322931479280e-02
-9.989048701678673314e-01 -4.176878151295247005e-02 2.108199717539868331e-02
-9.990286025535960457e-01 -3.856985121462387645e-02 2.131288860410931671e-02
-9.991436657075287719e-01 -3.533753692358285875e-02 2.152243314271828564e-02
-9.992496515282508485e-01 -3.207509513073102114e-02 2.171044827844383074e-02
-9.993461888802211979e-01 -2.878581113422662083e-02 2.187677358960023188e-02
-9.994329449777450414e-01 -2.547299543886825252e-02 2.202127094838747523e-02
-9.995096266115526262e-01 -2.213998010258654697e-02 2.214382469448076055e-02
-9.995759812130406985e-01 -1.879011503709989567e-02 2.224434177867467763e-02
-9.996317977519368903e-01 -1.542676427008661359e-02 2.232275187593842081e-02
-9.996769074638803820e-01 -1.205330217648079363e-02 2.237900746734516888e-02
-9.997111844051587148e-01 -8.673109686709510463e-03 2.241308389045007857e-02
-9.997345458326084566e-01 -5.289570479853494128e-03 2.242497935780622675e-02
-9.997469524074590330e-01 -1.906067169830263138e-03 2.241471494342552051e-02
-9.997484082226828495e-01 1.474022507232979323e-03 2.238233453711090809e-02
-9.997389606541965401e-01 4.847329496250192896e-03 2.232790476670645438e-02
-9.997187000370387766e-01 8.210497208894624449e-03 2.225151488843183853e-02
-9.996877591684231179e-01 1.156018528370667334e-02 2.215327664558679882e-02
-9.996463126403248856e-01 1.489307331264097360e-02 2.203332409602782108e-02
-9.995945760050072293e-01 1.820586452627600757e-02 2.189181340893325139e-02
-9.995328047776143032e-01 2.149528943012853424e-02 2.172892263148304068e-02
-9.994612932806624661e-01 2.475810938477723822e-02 2.154485142618449076e-02
-9.993803733359304386e-01 2.799112012280267903e-02 2.133982077967516364e-02
-9.992904128098907268e-01 3.119115519589109320e-02 2.111407268392755457e-02
-9.991918140194302467e-01 3.435508934582474222e-02 2.086786979086666799e-02
-9.990850120051750771e-01 3.747984179348787942e-02 2.060149504149055150e-02
-9.989704726802617341e-01 4.056237944045122668e-02 2.031525127065483480e-02
-9.988486908628796401e-01 4.359971997815547534e-02 2.000946078874461798e-02
-9.987201882013505561e-01 4.658893490019139216e-02 1.968446494151058351e-02
-9.985855110008997615e-01 4.952715241366673765e-02 1.934062364939051482e-02
-9.979602162877628801e-01 5.675371593585345348e-02 2.923088095304509498e-02
-9.970912380963623534e-01 6.545724921408724306e-02 3.904400277972656930e-02
-9.959434666020495763e-01 7.562000618563971543e-02 4.876730027193434264e-02
-9.944764710513925854e-01 8.722062104778580127e-02 5.838780988208983058e-02
-9.926448743743453429e-01 1.002337976678029097e-01 6.789230312295853331e-02
-9.903987864769338012e-01 1.146299855225498404e-01 7.726730873554042700e-02
-9.876842973770537659e-01 1.303750521889927294e-01 8.649914807170631936e-02
-9.844440304076256254e-01 1.474299632930438086e-01 9.557398419350951468e-02
-9.806177545217049651e-01 1.657504815218477923e-01 1.044778848519077458e-01
-9.761430533112155361e-01 1.852868967612013029e-01 1.131968991285263598e-01
-9.709560467275174522e-01 2.059837995819850942e-01 1.217171471118824178e-01
-9.649921597162210984e-01 2.277799101176827823e-01 1.300249215440535400e-01
-9.581869301139288586e-01 2.506079738072555241e-01 1.381067999280928271e-01
-9.504768462782446914e-01 2.743947344938918453e-01 1.459497651464052859e-01
-9.418002031231011983e-01 2.990609939568630304e-01 1.535413322240158362e-01
-9.320979636053512429e-01 3.245217651174707174e-01 1.608696784979554706e-01
-9.213146113542319826e-01 3.506865239305163584e-01 1.679237741451762023e-01
-9.093989791476877471e-01 3.774595624040799624e-01 1.746935097960546357e-01
-8.963050374033741940e-01 4.047404423612955271e-01 1.811698178360991729e-01
-8.819926268352280552e-01 4.324245465691207713e-01 1.873447839888354727e-01
-8.664281199733930849e-01 4.604037208297603323e-01 1.932117458870349913e-01
-8.495849973724023396e-01 4.885669976913137313e-01 1.987653755805530997e-01
-8.314443260245800715e-01 5.168013897206300555e-01 2.040017432934629893e-01
-8.119951297046088534e-01 5.449927379241694680e-01 2.089183602203966705e-01
-7.912346436176240783e-01 5.730265990195655412e-01 2.135141987248604101e-01
-7.691684486999448289e-01 6.007891539475119780e-01 2.177896889477615450e-01
-7.458104841001234053e-01 6.281681193377047778e-01 2.217466915248994253e-01
-7.211829396064933784e-01 6.550536436370613114e-01 2.253884468173216749e-01
-6.953160329397952699e-01 6.813391702699780339e-01 2.287195017469108582e-01
-6.682476797551785141e-01 7.069222514893399589e-01 2.317456159711607788e-01
-6.400230667709223553e-01 7.317052984203751276e-01 2.344736496986953300e-01
-6.106941405579974225e-01 7.555962550964292479e-01 2.369114359182579732e-01
-5.803190261098136737e-01 7.785091869150072563e-01 2.390676401721972821e-01
-5.489613903217047675e-01 8.003647767708362837e-01 2.409516112411359268e-01
-5.166897659342202243e-01 8.210907250142231995e-01 2.425732262166893083e-01
-4.835768513537720414e-01 8.406220522073684087e-01 2.439427334275398318e-01
-4.496988011069373847e-01 8.589013062916027730e-01 2.450705965604457748e-01
-4.151345205814666040e-01 8.758786781370287988e-01 2.459673430961539231e-01
-3.799649772445643503e-01 8.915120314482768427e-01 2.466434198783552523e-01
-3.442725388033886502e-01 9.057668545967328955e-01 2.471090582713945660e-01
-3.119352914341517180e-01 9.180210540203893599e-01 2.448137682698899031e-01
-2.794757779314415158e-01 9.289745441353907118e-01 2.426924987687466839e-01
-2.469223440216040677e-01 9.386519595860581822e-01 2.407528153517465019e-01
-2.142996187730608626e-01 9.470766222850911520e-01 2.390012729337726294e-01
-1.816288914533280563e-01 9.542702013929018623e-01 2.374434507230350766e-01
-1.489285038124031901e-01 9.602524230787693460e-01 2.360839865139159888e-01
-1.162142533918385234e-01 9.650408280137148243e-01 2.349266092000491246e-01
-8.349980419123306796e-02 9.686505744656308536e-01 2.339741685821314365e-01
-5.079710167315318325e-02 9.710942849173991309e-01 2.332286617217568803e-01
-1.811678964201930003e-02 9.723819342838065927e-01 2.326912552602961870e-01
1.453137301537005266e-02 9.725207780394674595e-01 2.323623032804790767e-01
4.713809739472371585e-02 9.715153188654661598e-01 2.322413604385488717e-01
7.969415287511305568e-02 9.693673107562328362e-01 2.323271902378553910e-01
1.121899599586203000e-01 9.660757998806515090e-01 2.326177684520807920e-01
1.446151889309511551e-01 9.616372018440277891e-01 2.331102818396709186e-01
1.769583657085392336e-01 9.560454153324872140e-01 2.338011224222057427e-01
2.092064864205994412e-01 9.492919724212925958e-01 2.346858777299789534e-01
2.413446425512024707e-01 9.413662260763366874e-01 2.357593175492807003e-01
2.733556588291649048e-01 9.322555755566087621e-01 2.370153778386731858e-01
3.052197464927700610e-01 9.219457305176623763e-01 2.384471426162404484e-01
3.380448474087712762e-01 9.110692579513428591e-01 2.359630299584943580e-01
3.700320050098839797e-01 8.992394302653383686e-01 2.333341490629264048e-01
4.011447520532510080e-01 8.865245587736012567e-01 2.305583592306948704e-01
4.313506570113456173e-01 8.729946742351659683e-01 2.276334146775924605e-01
4.606213166943229909e-01 8.587212568365372167e-01 2.245570468104688411e-01
4.889323375398518245e-01 8.437769672235796437e-01 2.213270432185877878e-01
5.162633044785668313e-01 8.282353778435224134e-01 2.179413224779088720e-01
5.425977361154941114e-01 8.121707042681621802e-01 2.143980039784813274e-01
5.679230249021542942e-01 7.956575365880531603e-01 2.106954721020291021e-01
5.922303610059628243e-01 7.787705713744815794e-01 2.068324341975482095e-01
6.155146387053083146e-01 7.615843450834218764e-01 2.028079719262316782e-01
6.377743443399435108e-01 7.441729701080008752e-01 1.986215856719206752e-01
6.590114251145705593e-01 7.266098749606018092e-01 1.942732318379245537e-01
6.792311383746830744e-01 7.089675502730443668e-01 1.897633529736071911e-01
6.984418813328043818e-01 6.913173024369213548e-01 1.850929007925901371e-01
7.166550016048301996e-01 6.737290167630743953e-01 1.802633522566765012e-01
7.338845893050717217e-01 6.562709320194664020e-01 1.752767190035670608e-01
7.501472518304005410e-01 6.390094281134808263e-01 1.701355504901353732e-01
7.654618728255231375e-01 6.220088285237905801e-01 1.648429313046589628e-01
7.798493571514593103e-01 6.053312188665832538e-01 1.594024731694581032e-01
7.937331732207553170e-01 5.862300980865218225e-01 1.622404843893286153e-01
8.074004469900138981e-01 5.664546848299554238e-01 1.650262443126707390e-01
8.208146652249883601e-01 5.460060871750237466e-01 1.677518743327509054e-01
8.339384387784162245e-01 5.248879907073401574e-01 1.704093040962997574e-01
8.467336908779558025e-01 5.031068101333434628e-01 1.729903115446107809e-01
8.591618671682498265e-01 4.806718260393634812e-01 1.754865675840996952e-01
8.711841665462231044e-01 4.575953035274780700e-01 1.778896851815209013e-01
8.827617913385901183e-01 4.338925894657227889e-01 1.801912725746280253e-01
8.938562148603932389e-01 4.095821851773035482e-01 1.823829901803920017e-01
9.044294638764881489e-01 3.846857915684390172e-01 1.844566106727807964e-01
9.144444129795517018e-01 3.592283239622287017e-01 1.864040815938188822e-01
9.238650874153164771e-01 3.332378942684787182e-01 1.882175897587868574e-01
9.326569704463124610e-01 3.067457585752560445e-01 1.898896266228181362e-01
9.407873109677105106e-01 2.797862287918354562e-01 1.914130536956994699e-01
9.482254267907536116e-01 2.523965475953861004e-01 1.927811670281821266e-01
9.549429988071657105e-01 2.246167266219493974e-01 1.939877597500648532e-01
9.609143511560107598e-01 1.964893485789058758e-01 1.950271816207328479e-01
9.661167125436844749e-01 1.680593347207920418e-01 1.958943945590631008e-01
9.705304540250305756e-01 1.393736798999172799e-01 1.965850231531195980e-01
9.741392988413041243e-01 1.104811581528798714e-01 1.970953992113566311e-01
9.785531617271376881e-01 8.569797740516785223e-02 1.873222390090654721e-01
9.821689341837239740e-01 6.227138066680690254e-02 1.773880308127935568e-01
9.850830751911899830e-01 4.025136538693507848e-02 1.673057529029620127e-01
9.873884739298720570e-01 1.968114129712420640e-02 1.570882093156242554e-01
9.891737611779407580e-01 5.977080741705817490e-04 1.467479580322100519e-01
9.905226949481553689e-01 -1.696755159128498711e-02 1.362972570662247807e-01
9.915136183361773492e-01 -3.298827729769401168e-02 1.257480284338376442e-01
9.922189862852206499e-01 -4.744254747206511080e-02 1.151118395972003938e-01
9.927049570310504389e-01 -6.031231894774190944e-02 1.043999016270057562e-01
9.930310433797506775e-01 -7.158290022571979494e-02 9.362308304271349524e-02
9.932498186787659389e-01 -8.124246786333497172e-02 8.279193805112683435e-02
9.934066723506674856e-01 -8.928163422606993915e-02 7.191674771096334684e-02
9.935396101430724602e-01 -9.569307365044604774e-02 6.100757239605699572e-02
9.936790947763201043e-01 -1.004712129143984362e-01 5.007431380577476165e-02
9.938479234085946246e-01 -1.036119908014894453e-01 3.912678467122666232e-02
9.940611392495611875e-01 -1.051126904726667061e-01 2.817478422366782864e-02
9.943259756999227594e-01 -1.049718473118157469e-01 1.722817742201939589e-02
9.946418325358423740e-01 -1.031892338705792250e-01 6.296975876015575846e-03
9.950002848525821841e-01 -9.976592248094826032e-02 -4.608581651807098362e-03
9.953851266878089854e-01 -9.470442500592540780e-02 -1.547795132822610970e-02
9.957724524163767965e-01 -8.800890803421462794e-02 -2.630021111550505386e-02
9.961307800970162774e-01 -7.968548057214941416e-02 -3.706399464532674631e-02
9.964212219065299303e-01 -6.974254992789064023e-02 -4.775743432864308635e-02
9.965977075656966555e-01 -5.819124001014550074e-02 -5.836811590691243223e-02
9.966072671883732248e-01 -4.504586467758378565e-02 -6.888304659110131012e-02
9.963903802163447398e-01 -3.032444708996220872e-02 -7.928863882908232519e-02
9.958813969844606540e-01 -1.404927425688760195e-02 -8.957071157908960690e-02
9.950090389457280082e-01 3.752525799207651058e-03 -9.971451073658163522e-02
9.936969826353510005e-01 2.304839859020145140e-02 -1.097047500554899774e-01
9.918645310404718973e-01 4.379978536693779345e-02 -1.195256735161333433e-01
9.894273741607674255e-01 6.596157034001626229e-02 -1.291611396183451332e-01
9.862984382089519109e-01 8.948157136938469924e-02 -1.385947275215511920e-01
9.823888201514003882e-01 1.143000932411075421e-01 -1.478098643212294727e-01
9.776088011993482318e-01 1.403495627768766851e-01 -1.567899720573354139e-01
9.718689295338255318e-01 1.675542645098915817e-01 -1.655186323155667938e-01
9.650811591167229864e-01 1.958301944280842199e-01 -1.739797655340458438e-01
9.571600280674307237e-01 2.250850472796565305e-01 -1.821578213992576800e-01
9.480238569511233448e-01 2.552183501421463330e-01 -1.900379760435255416e-01
9.375959446236540318e-01 2.861217514063417733e-01 -1.976063311819889479e-01
9.258057372003662966e-01 3.176794701029463930e-01 -2.048501098898674044e-01
9.125899444374374614e-01 3.497689057379304023e-01 -2.117578434574287349e-01
8.978935774794278846e-01 3.822614036861857190e-01 -2.183195437008294271e-01
8.816708826352759321e-01 4.150231659479032276e-01 -2.245268552726920330e-01
8.638861476396587635e-01 4.479162919521649799e-01 -2.303731829157296129e-01
8.445143597145777781e-01 4.807999293638872684e-01 -2.358537892308833206e-01
8.235416985756283115e-01 5.135315107727831396e-01 -2.409658593687207251e-01
8.009658521709005496e-01 5.459680489487541699e-01 -2.457085300656258742e-01
7.767961481824671166e-01 5.779674612235192743e-01 -2.500828815887367051e-01
7.510534999020721525e-01 6.093898926282049766e-01 -2.540918923705148824e-01
7.237701707299275533e-01 6.400990077335148021e-01 -2.577403573447255569e-01
6.949893669501903126e-01 6.699632226783428512e-01 -2.610347721789348374e-01
6.647646733375693895e-01 6.988568515346282872e-01 -2.639831866763935886e-01
6.331593503121605293e-01 7.266611447746106345e-01 -2.665950315420342331e-01
6.002455146023232269e-01 7.532652019625966089e-01 -2.688809234339896714e-01
5.661032275801498592e-01 7.785667456333209557e-01 -2.708524537276390531e-01
5.308195165514524305e-01 8.024727483746070256e-01 -2.725219666922198414e-01
4.944873543305204899e-01 8.248999101399218103e-01 -2.739023328232564891e-01
4.572046214887406368e-01 8.457749875360901504e-01 -2.750067229030494498e-01
4.190730738655197296e-01 8.650349810597205424e-01 -2.758483880024328871e-01
3.801973354365953406e-01 8.826271898370108282e-01 -2.764404501238333367e-01
3.448837343978711223e-01 8.977767277235305654e-01 -2.739566566175095641e-01
3.093066731522531865e-01 9.113367587781372459e-01 -2.716519594545231953e-01
2.735131964887003164e-01 9.233310918019069780e-01 -2.695372321702434459e-01
2.375455440592215695e-01 9.337829968729388641e-01 -2.676219773218955766e-01
2.014415852668723361e-01 9.427146640727185334e-01 -2.659143538450639555e-01
1.652352925881474532e-01 9.501467345496921180e-01 -2.644212072014585635e-01
1.289572448993711595e-01 9.560979031123111316e-01 -2.631481003797391249e-01
9.263515339159633655e-02 9.605845909676341554e-01 -2.620993440932852248e-01
5.629440360201476423e-02 9.636206868928485214e-01 -2.612780248034279329e-01
1.995860792676441148e-02 9.652173550062018714e-01 -2.606860294786897403e-01
-1.634983631572166363e-02 9.653829073498202407e-01 -2.603240662768160907e-01
-5.260918764803378112e-02 9.641227396686501416e-01 -2.601916806052200215e-01
-8.879780400898315551e-02 9.614393290268783421e-01 -2.602872662765032263e-01
-1.248935929005355189e-01 9.573322922063598472e-01 -2.606080717294111393e-01
-1.608734718072787062e-01 9.517985041428039805e-01 -2.611502015328341364e-01
-1.967128426912115868e-01 9.448322759380405333e-01 -2.619086136323101055e-01
-2.323850846177139273e-01 9.364255922052154846e-01 -2.628771130357058783e-01
-2.678610689579736248e-01 9.265684076242011180e-01 -2.640483428675970412e-01
-3.031087021191207764e-01 9.152490025743268420e-01 -2.654137739497138826e-01
-3.380925013506045351e-01 9.024543975401837503e-01 -2.669636942859252016e-01
-3.727732098327597998e-01 8.881708256258284973e-01 -2.686872000414808892e-01
-4.071074579334578725e-01 8.723842619390591580e-01 -2.705721898029480599e-01
-4.410474781769426755e-01 8.550810078015809168e-01 -2.726053640810929268e-01
-4.745408820544279038e-01 8.362483266908654622e-01 -2.747722321658017108e-01
-5.075305072615249324e-01 8.158751275225275545e-01 -2.770571285502727576e-01
-5.399543442105930735e-01 7.939526893468259461e-01 -2.794432412000094068e-01
-5.717455506707322943e-01 7.704754197822112349e-01 -2.819126539384297359e-01
-6.028325630676474312e-01 7.454416375817694007e-01 -2.844464051425791840e-01
-6.331393122660970985e-01 7.188543676823296869e-01 -2.870245647772211028e-01
-6.625855505025097791e-01 6.907221349977186176e-01 -2.896263315325651733e-01
-6.910872944906956139e-01 6.610597411834390202e-01 -2.922301514616491569e-01
-7.185573875640866026e-01 6.298890067342753918e-01 -2.948138590332749498e-01
-7.449061810429683517e-01 5.972394592080516595e-01 -2.973548409258880976e-01
-7.700423318545678297e-01 5.631489472364924476e-01 -2.998302221937075296e-01
-7.938737098526539304e-01 5.276641594282461822e-01 -3.022170736529797841e-01
-8.163084043847201876e-01 4.908410274223886649e-01 -3.044926384857082891e-01
-8.372558155807062752e-01 4.527449933271980309e-01 -3.066345751710115586e-01
-8.566278117653403079e-01 4.134511236620614372e-01 -3.086212129683940653e-01
-8.743399305337761218e-01 3.730440547509233928e-01 -3.104318153368963440e-01
-8.903125976036834199e-01 3.316177582816600133e-01 -3.120468459276061757e-01
-9.065053647234787570e-01 2.931059912468985673e-01 -3.038700262633340921e-01
-9.206836128541726616e-01 2.551113958240753821e-01 -2.953979520796267688e-01
-9.329549333259473665e-01 2.177881899625322970e-01 -2.866417348552921518e-01
-9.434345656783568179e-01 1.812785090003060928e-01 -2.776137749781281139e-01
-9.522438685755852950e-01 1.457121400547225221e-01 -2.683275438159193893e-01
-9.595087994937641085e-01 1.112064463298623601e-01 -2.587973569754966618e-01
-9.653584280794638151e-01 7.786647261182103041e-02 -2.490381457719883784e-01
-9.699235055233732528e-01 4.578521899070084333e-02 -2.390652333172896549e-01
-9.733351090760085089e-01 1.504406636240786591e-02 -2.288941208738807520e-01
-9.757233771686298907e-01 -1.428666539029765925e-02 -2.185402892573586331e-01
-9.772163467074821419e-01 -4.214704743235676843e-02 -2.080190191569942504e-01
-9.779389001838663109e-01 -6.848678208170938531e-02 -1.973452333227848909e-01
-9.780118264624425573e-01 -9.326437503483192559e-02 -1.865333626781139897e-01
-9.775509956199465167e-01 -1.164462612903182509e-01 -1.755972375899743365e-01
-9.766666451156010842e-01 -1.380059053307217953e-01 -1.645500047862924753e-01
-9.754627719571483668e-01 -1.579228946890282592e-01 -1.534040697665975117e-01
-9.740366234240152021e-01 -1.761820443056205387e-01 -1.421710640148995397e-01
-9.724782773343207953e-01 -1.927725271962819065e-01 -1.308618358923108183e-01
-9.708703017844410033e-01 -2.076870450100042897e-01 -1.194864637562881582e-01
-9.692874837200436966e-01 -2.209210501481415345e-01 -1.080542896137939440e-01
-9.677966155750948873e-01 -2.324720293153766937e-01 -9.657397145457781440e-02
-9.664563294923580461e-01 -2.423388567296436147e-01 -8.505355231377020875e-02
-9.653169692645995337e-01 -2.505212237646280427e-01 -7.350054406486043745e-02
-9.644204910598187519e-01 -2.570191505486527084e-01 -6.192202392979129222e-02
-9.638003851689570523e-01 -2.618325839951191614e-01 -5.032474169799844299e-02
-9.634816123975432633e-01 -2.649610858754152254e-01 -3.871523565774086240e-02
-9.634805502750785067e-01 -2.664036138363162776e-01 -2.709995524973614345e-02
-9.638049459434123722e-01 -2.661583976713656763e-01 -1.548538844573016902e-02
-9.644538743768342748e-01 -2.642229126324699418e-01 -3.878191826317239910e-03
-9.654177024525991690e-01 -2.605939510609178722e-01 7.714678721252490878e-03
-9.666780613011140000e-01 -2.552677930691492070e-01 1.928583884498880768e-02
-9.682078312872516301e-01 -2.482404763568703543e-01 3.082735037551530971e-02
-9.699711458702817701e-01 -2.395081644389996378e-01 4.233060217174244855e-02
-9.719234224143604717e-01 -2.290676115430219373e-01 5.378619969845273990e-02
-9.740114297196911242e-01 -2.169167211505414750e-01 6.518386601272589675e-02
-9.761734035509995744e-01 -2.030551935730151303e-01 7.651235696787520024e-02
-9.783392226783585999e-01 -1.874852560398637402e-01 8.775939354637679601e-02
-9.804306588287575730e-01 -1.702124665321957941e-01 9.891161428705731729e-02
-9.823617143800513762e-01 -1.512465800346019795e-01 1.099545507543660400e-01
-9.840390615126525242e-01 -1.306024630464535929e-01 1.208726288855820341e-01
-9.861893526120759645e-01 -1.125785088883815427e-01 1.214772017483904398e-01
-9.880313988510129874e-01 -9.443735983083131891e-02 1.219656116218080510e-01
-9.895590321156524372e-01 -7.620186647262268409e-02 1.223366993594754704e-01
-9.907673822773522820e-01 -5.789528439874319643e-02 1.225895623343326579e-01
-9.916529096271536892e-01 -3.954117927122172138e-02 1.227235613842850015e-01
-9.922134283629809870e-01 -2.116332880625888813e-02 1.227383258873568361e-01
-9.924481208187417858e-01 -2.785622625339229802e-03 1.226337568997931810e-01
-9.923575422436772264e-01 1.556803899639480279e-02 1.224100283161746322e-01
-9.919436160635238808e-01 3.387384644285686142e-02 1.220675860370800947e-01
-9.912096196797122172e-01 5.210818108846140828e-02 1.216071451566092809e-01
-9.901601609862854536e-01 7.024771362291831744e-02 1.210296852085958746e-01
-9.888011459038453799e-01 8.826949937822052561e-02 1.203364435360431417e-01
-9.871397373431166633e-01 1.061510697172603490e-01 1.195289068726639869e-01
-9.851843061153541248e-01 1.238705186091834387e-01 1.186088012479149106e-01
-9.829443744007522188e-01 1.414065835956918871e-01 1.175780803471417335e-01
-9.804305524675227534e-01 1.587387204430839582e-01 1.164389124760368266e-01
-9.776544694020210535e-01 1.758471708746754125e-01 1.151936662932527694e-01
-9.746286986632533011e-01 1.927130228850310600e-01 1.138448954865183133e-01
-9.713666793127222476e-01 2.093182632487065320e-01 1.123953225758405616e-01
-9.678826337927085577e-01 2.256458219495115491e-01 1.108478220323179525e-01
-9.641914831329800872e-01 2.416796083692752950e-01 1.092054029027828416e-01
-9.603087604581624914e-01 2.574045391854725695e-01 1.074711911290671673e-01
-9.562505236465249636e-01 2.728065580327974637e-01 1.056484117463367678e-01
-9.520332679569269985e-01 2.878726470830300643e-01 1.037403711379248916e-01
-9.476738393955702611e-01 3.025908307887854587e-01 1.017504395147165452e-01
-9.431893495395917704e-01 3.169501721187202858e-01 9.968203377573117696e-02
-9.385970924721217523e-01 3.309407616835650101e-01 9.753860089348394269e-02
-9.339144644149716123e-01 3.445537002133330917e-01 9.532360195334699249e-02
-9.291588865723595658e-01 3.577810748959106557e-01 9.304049696085547883e-02
-9.243477316237358465e-01 3.706159301259249750e-01 9.069273051506887562e-02
-9.194982542274440229e-01 3.830522332405512653e-01 8.828371843004917396e-02
-9.146275258211392645e-01 3.950848358362012980e-01 8.581683537056808420e-02
-9.097523739309151258e-01 4.067094312674908174e-01 8.329540355258867323e-02
-9.048893261301326207e-01 4.179225089283098438e-01 8.072268254412723332e-02
-9.000545587219800359e-01 4.287213059051366293e-01 7.810186018799609997e-02
-8.952638501576154484e-01 4.391037565759464689e-01 7.543604465482249555e-02
-8.905325391449658845e-01 4.490684407052115135e-01 7.272825762275922368e-02
-8.858754873523084772e-01 4.586145305576294073e-01 6.998142856953744328e-02
-8.813070465659090802e-01 4.677417375213984152e-01 6.719839015301157237e-02
-8.768410301223465986e-01 4.764502586970834619e-01 6.438187464813061034e-02
-8.724906884036969235e-01 4.847407238713347111e-01 6.153451140132795011e-02
-8.682686881573417059e-01 4.926141432568074685e-01 5.865882525761795252e-02
-8.641870953815743439e-01 5.000718563413727447e-01 5.575723591116491656e-02
-8.602573615030867371e-01 5.071154821518060185e-01 5.283205812667447071e-02
-8.564903125624627744e-01 5.137468712001930227e-01 4.988550277656194493e-02
-8.528961411185682628e-01 5.199680593458060329e-01 4.691967863738022437e-02
-8.494844005817713262e-01 5.257812237715915327e-01 4.393659488833784321e-02
-8.462640016888055561e-01 5.311886412429880355e-01 4.093816425480110294e-02
-8.432432108383465241e-01 5.361926487878012626e-01 3.792620674034538619e-02
-8.404296500155787886e-01 5.407956069094514984e-01 3.490245389209576526e-02
-8.378302980457557059e-01 5.449998654221680505e-01 3.186855354567492277e-02
-8.354514929306158244e-01 5.488077319756525796e-01 2.882607499796084952e-02
-8.332989350371413639e-01 5.522214433183346705e-01 2.577651455795839860e-02
-8.313776909252029723e-01 5.552431393325212294e-01 2.272130142832448976e-02
-8.296921976188317283e-01 5.578748398613642134e-01 1.966180387238130461e-02
-8.282462671449286606e-01 5.601184243364948356e-01 1.659933562373762383e-02
-8.270430911829458331e-01 5.619756142061981263e-01 1.353516249785583804e-02
-8.260852456892470164e-01 5.634479581569420414e-01 1.047050916699948306e-02
-8.253746953803224873e-01 5.645368201156888421e-01 7.406566061929055478e-03
-8.249127979796563315e-01 5.652433700164875008e-01 4.344496365446180036e-03
-8.247003081537079838e-01 5.655685773121174043e-01 1.285443064388225917e-03
-8.247373810830900265e-01 5.655132072097868168e-01 -1.769463972074880424e-03
-8.250235756355175365e-01 5.650778196088290795e-01 -4.819100919008488006e-03
-8.255578571274190258e-01 5.642627707177381158e-01 -7.862342957608643018e-03
-8.263385996811728473e-01 5.630682173274893509e-01 -1.089805730246478158e-02
-8.273635882047220003e-01 5.614941237176623856e-01 -1.392509632408400928e-02
-8.286300200397762605e-01 5.595402711711748855e-01 -1.694229079669512528e-02
-8.301345063438767546e-01 5.572062700722171247e-01 -1.994844330172938426e-02
-8.318730732902219760e-01 5.544915745600270673e-01 -2.294232181798878945e-02
-8.338411631872554297e-01 5.513954997082431975e-01 -2.592265353033604974e-02
-8.360336356375217548e-01 5.479172411955207656e-01 -2.888811888974212108e-02
-8.384447688720935155e-01 5.440558974277088788e-01 -3.183734595867092343e-02
-8.410682614128476287e-01 5.398104940649891548e-01 -3.476890507702412592e-02
-8.438972342298756146e-01 5.351800108988253868e-01 -3.768130388516448270e-02
-8.469242335751865358e-01 5.301634110132396049e-01 -4.057298274183098602e-02
-8.501412346864118952e-01 5.247596721527205688e-01 -4.344231057599511059e-02
-8.535396465652405062e-01 5.189678202049142763e-01 -4.628758121282190025e-02
-8.571103180445591718e-01 5.127869646901183076e-01 -4.910701021482498374e-02
-8.608435453655008951e-01 5.062163361315125121e-01 -5.189873227997034155e-02
-8.647290814905315148e-01 4.992553251600638786e-01 -5.466079923881501240e-02
-8.687561473810542223e-01 4.919035231862546320e-01 -5.739117869268841460e-02
-8.729134454674855048e-01 4.841607644473553407e-01 -6.008775333435841665e-02
-8.771891755360616827e-01 4.760271692141281319e-01 -6.274832099149547926e-02
-8.815710532494859253e-01 4.675031879148753289e-01 -6.537059543148243668e-02
-8.860463315076466673e-01 4.585896459079956133e-01 -6.795220796364502547e-02
-8.906018248397883363e-01 4.492877886070849036e-01 -7.049070987173619574e-02
-8.952239370004826391e-01 4.395993266355995299e-01 -7.298357570544107553e-02
-8.998986919183745714e-01 4.295264806617231090e-01 -7.542820745473664823e-02
-9.046117681188674542e-01 4.190720255389419613e-01 -7.782193962511123331e-02
-9.093485367096328931e-01 4.082393333545869529e-01 -8.016204522491184037e-02
-9.140941029811622265e-01 3.970324149679260728e-01 -8.244574266844888200e-02
-9.188333516336578688e-01 3.854559596020157852e-01 -8.467020358997559559e-02
-9.235509955966806350e-01 3.735153720401668265e-01 -8.683256155432611534e-02
-9.282316283594956863e-01 3.612168069692843764e-01 -8.892992163991844667e-02
-9.328597796785036422e-01 3.485672000092101541e-01 -9.095937085910982267e-02
-9.374199744741396056e-01 3.355742949701833733e-01 -9.291798936966322309e-02
-9.418967946739131847e-01 3.222466668902478903e-01 -9.480286241950218462e-02
-9.462749437017280441e-01 3.085937404213614510e-01 -9.661109295517859852e-02
-9.505393132572304005e-01 2.946258031574975345e-01 -9.833981481276184156e-02
-9.546750519737670082e-01 2.803540135304152803e-01 -9.998620639840258284e-02
-9.585427673426226702e-01 2.698168076724923869e-01 -9.162271648246682332e-02
-9.618930277358400671e-01 2.604637120026619956e-01 -8.318969989715055413e-02
-9.647573601852453828e-01 2.523163433102119657e-01 -7.469783619787617734e-02
-9.671636796246119161e-01 2.453927808139291511e-01 -6.615789827597495787e-02
-9.691360864336294734e-01 2.397076795516667747e-01 -5.758074054930678587e-02
-9.706947018941251004e-01 2.352723696455981672e-01 -4.897729073307946490e-02
-9.718555419820009700e-01 2.320949386891914268e-01 -4.035854453038173473e-02
-9.726304298190718844e-01 2.301802951268423214e-01 -3.173556249598272899e-02
-9.730269470468640991e-01 2.295302111639222487e-01 -2.311946826075669814e-02
-9.730484243466988037e-01 2.301433444431359998e-01 -1.452144725831120212e-02
-9.726939713026643286e-01 2.320152384420591241e-01 -5.952745070575743772e-03
-9.719585457710552268e-01 2.351383022759124253e-01 2.575335494278411380e-03
-9.708330628659258554e-01 2.395017713179517227e-01 1.105143945975669770e-02
-9.693045435803551158e-01 2.450916507654650189e-01 1.946416770234213334e-02
-9.673563029227736365e-01 2.518906449694126026e-01 2.780208870075627156e-02
-9.649681772450221517e-01 2.598780759961420994e-01 3.605375469249989806e-02
-9.621167901640533815e-01 2.690297954850188744e-01 4.420772280982014635e-02
-9.587758561259988044e-01 2.793180943897179969e-01 5.225258163898260921e-02
-9.549165202273056652e-01 2.907116156259228479e-01 6.017698349874924663e-02
-9.505077323949235879e-01 3.031752749764605182e-01 6.796968256834345912e-02
-9.475424199626963917e-01 3.127513228957260472e-01 6.595488422298972919e-02
-9.445794829011091576e-01 3.220056589763507504e-01 6.389076876189073162e-02
-9.416296788034073106e-01 3.309333518831668597e-01 6.177976030091002213e-02
-9.387035857549790308e-01 3.395299681353742272e-01 5.962426450500690062e-02
-9.358115680921126334e-01 3.477915487115873505e-01 5.742666345851494408e-02
-9.329637443578221445e-01 3.557145844359408393e-01 5.518931110281251329e-02
-9.301699574768340639e-01 3.632959904162719744e-01 5.291452924693200444e-02
-9.274397471489854716e-01 3.705330797981514768e-01 5.060460415142709056e-02
-9.247823244395688702e-01 3.774235370892405350e-01 4.826178368098760219e-02
-9.222065485266986995e-01 3.839653912974482219e-01 4.588827501688223787e-02
-9.197209055496444741e-01 3.901569891139762825e-01 4.348624291633283040e-02
-9.173334894883098389e-01 3.959969683588772105e-01 4.105780850238324037e-02
-9.150519849926316285e-01 4.014842318925119224e-01 3.860504856471601298e-02
-9.128836520715810643e-01 4.066179221815421352e-01 3.612999534917837874e-02
-9.108353125446110310e-01 4.113973966930746240e-01 3.363463681148724099e-02
-9.089133381537031209e-01 4.158222042755051473e-01 3.112091730866728065e-02
-9.071236402315177028e-01 4.198920626696709402e-01 2.859073870020955449e-02
-9.054716608204059769e-01 4.236068372792727299e-01 2.604596182969009383e-02
-9.039623651380664926e-01 4.269665213152906702e-01 2.348840835662685533e-02
-9.026002352882612767e-01 4.299712174153935695e-01 2.091986290764621600e-02
-8.994491492795434473e-01 4.361551694956004033e-01 2.756754880210137565e-02
-8.957723588531678605e-01 4.432009651257137750e-01 3.413004528361113232e-02
-8.915577917474174496e-01 4.510837291250184844e-01 4.059862439917842625e-02
-8.867922641012203622e-01 4.597758897989618898e-01 4.696474407365017895e-02
-8.814617100303179242e-01 4.692472199472608185e-01 5.322007836516983587e-02
-8.755514243886616255e-01 4.794648897649915753e-01 5.935654898816292852e-02
-8.690463161204700082e-01 4.903935334567924853e-01 6.536635784517484671e-02
-8.619311693803736185e-01 5.019953312179361582e-01 7.124202023849819654e-02
-8.541909093969366484e-01 5.142301080078338638e-01 7.697639836723416118e-02
-8.458108698873264553e-01 5.270554502551669795e-01 8.256273465755357976e-02
-8.367770587066915011e-01 5.404268412950566924e-01 8.799468442568968152e-02
-8.270764183430439065e-01 5.542978159553253459e-01 9.326634733665252475e-02
-8.166970778542735898e-01 5.686201342907555301e-01 9.837229709857461812e-02
-8.056285928940452035e-01 5.833439740228421044e-01 1.033076088243798374e-01
-7.938621705915690496e-01 5.984181407907567252e-01 1.080678835000672966e-01
-7.813908762382199003e-01 6.137902948709691442e-01 1.126492690227542948e-01
-7.682098189908457275e-01 6.294071925924978883e-01 1.170484773116027000e-01
-7.543163141239231928e-01 6.452149402762641373e-01 1.212627970501459762e-01
-7.397100197444193004e-01 6.611592581739376140e-01 1.252901016880453855e-01
-7.243930463157870481e-01 6.771857515861035015e-01 1.291288524120877967e-01
-7.118463335242808387e-01 6.909905778589884306e-01 1.257255223398721089e-01
-6.993933613391070114e-01 7.041921959689371180e-01 1.223207482722450251e-01
-6.870577080139232962e-01 7.168054661277585282e-01 1.189189547781857315e-01
-6.748613694402156860e-01 7.288459210211800654e-01 1.155242125660052577e-01
-6.628247878468059850e-01 7.403296255854644459e-01 1.121402442125491866e-01
-6.509668896054384701e-01 7.512730463137683445e-01 1.087704318304602708e-01
-6.393051307279218332e-01 7.616929303088973979e-01 1.054178263729385612e-01
-6.278555487212176267e-01 7.716061941386347378e-01 1.020851582927609497e-01
-6.166328195583806737e-01 7.810298224117107058e-01 9.877484929191233942e-02
-6.056503186217531143e-01 7.899807758759774812e-01 9.548902491926872238e-02
-5.949201845771437958e-01 7.984759087442975245e-01 9.222952779568723003e-02
-5.844533852412053809e-01 8.065318948765970442e-01 8.899793126802910126e-02
-5.742597846066205269e-01 8.141651623868311205e-01 8.579555331559537978e-02
-5.643482102892327656e-01 8.213918361995028450e-01 8.262347055380810101e-02
-5.547265207564940903e-01 8.282276880500784033e-01 7.948253220042456046e-02
-5.454016717864983432e-01 8.346880934053723111e-01 7.637337388890477752e-02
-5.363797816906906712e-01 8.407879947720247049e-01 7.329643123160592411e-02
-5.276661949106077332e-01 8.465418708619351085e-01 7.025195305215292674e-02
-5.192655436694710858e-01 8.519637110914523026e-01 6.724001422158011609e-02
-5.111818074230651820e-01 8.570669949048721481e-01 6.426052804664349194e-02
-5.034183699111715038e-01 8.618646754311343194e-01 6.131325817108775056e-02
-4.959780736611117402e-01 8.663691670044358917e-01 5.839782996166215795e-02
-4.888632718389735454e-01 8.705923361038437891e-01 5.551374136038004364e-02
-4.820758773822083065e-01 8.745454952930644676e-01 5.266037319298619290e-02
-4.756174093799112046e-01 8.782393997686174236e-01 4.983699893092236738e-02
-4.694890366946414817e-01 8.816842461521784413e-01 4.704279391035620650e-02
-4.636916188425542762e-01 8.848896731903284074e-01 4.427684401715822893e-02
-4.582257441673321940e-01 8.878647640519791162e-01 4.153815385116950420e-02
-4.530917653583467763e-01 8.906180499400463413e-01 3.882565438679196762e-02
-4.482898323750568736e-01 8.931575147592762942e-01 3.613821014994233333e-02
-4.438199228482488934e-01 8.954906006063321211e-01 3.347462593382376228e-02
-4.396818700347015496e-01 8.976242138712102747e-01 3.083365307786482129e-02
-4.358753884055480698e-01 8.995647317607051718e-01 2.821399533562598747e-02
-4.324000969503195568e-01 9.013180090749569606e-01 2.561431435854626473e-02
-4.292555402786570329e-01 9.028893850870942650e-01 2.303323482315704218e-02
-4.264412076002298546e-01 9.042836903936635196e-01 2.046934922988138950e-02
-4.239565496607154427e-01 9.055052536199568181e-01 1.792122240181331927e-02
-4.218009937079799099e-01 9.065579078795853452e-01 1.538739571197582021e-02
-4.199739565580268286e-01 9.074449969017729378e-01 1.286639106752673380e-02
-4.184748558250057093e-01 9.081693807529505058e-01 1.035671467925011920e-02
-4.155503206264302696e-01 9.094895559252993422e-01 1.211484102371354794e-02
-4.123840032302936720e-01 9.109049151277935907e-01 1.384775103385277317e-02
-4.089793459444228674e-01 9.124111182833450906e-01 1.555431153743162993e-02
-4.053399080594397574e-01 9.140036425205732007e-01 1.723343344573890351e-02
-4.014693673432040422e-01 9.156777980048519394e-01 1.888407298507797927e-02
-3.973715213530050194e-01 9.174287440367904223e-01 2.050523277124510421e-02
-3.930502885307490257e-01 9.192515053604207731e-01 2.209596272475974552e-02
-3.885097090487939497e-01 9.211409886228510979e-01 2.365536082547755117e-02
-3.837539453767687125e-01 9.230919989269177339e-01 2.518257370609010282e-02
-3.787872825426513712e-01 9.250992564184503664e-01 2.667679708489035378e-02
-3.736141280645270957e-01 9.271574128501510748e-01 2.813727603905227803e-02
-3.682390115327645597e-01 9.292610680647833687e-01 2.956330512053164869e-02
-3.626665838257986385e-01 9.314047863413739137e-01 3.095422831753551901e-02
-3.569016159462455318e-01 9.335831125494364890e-01 3.230943886532487708e-02
-3.509489974676612833e-01 9.357905880578326618e-01 3.362837891090134784e-02
-3.448137345858472980e-01 9.380217663467744771e-01 3.491053903687903887e-02
-3.385009477721641624e-01 9.402712282736337412e-01 3.615545765055047656e-02
-3.320158690298020132e-01 9.425335969456377638e-01 3.736272024481566284e-02
-3.253638387573337676e-01 9.448035521551790827e-01 3.853195853825041456e-02
-3.185503022271138907e-01 9.470758443363259671e-01 3.966284950213972565e-02
-3.115808056891497535e-01 9.493453080041648340e-01 4.075511428278989767e-02
-3.044609921139365127e-01 9.516068746418115953e-01 4.180851702785602642e-02
-2.971965965903887175e-01 9.538555850032626182e-01 4.282286362577641947e-02
-2.897934413973982659e-01 9.560866008036947861e-01 4.379800036769075644e-02
-2.822574307696887885e-01 9.582952157723324538e-01 4.473381254143252161e-02
-2.745945453805033187e-01 9.604768660465493602e-01 4.563022296732825028e-02
-2.668108365652527292e-01 9.626271398894358233e-01 4.648719048560636530e-02
-2.589124203115574785e-01 9.647417867166049321e-01 4.730470840521770748e-02
-2.509054710421404488e-01 9.668167254215090933e-01 4.808280292379975979e-02
-2.427962152177718380e-01 9.688480519919621115e-01 4.882153152837959836e-02
-2.345909247879400250e-01 9.708320464138873174e-01 4.952098138620900092e-02
-2.262959105171303553e-01 9.727651788615159223e-01 5.018126773486285275e-02
-2.179175152145541028e-01 9.746441151763187705e-01 5.080253228041273911e-02
-2.094621068948933074e-01 9.764657216398552331e-01 5.138494161211544509e-02
-2.009360718971340831e-01 9.782270690484429210e-01 5.192868564163626716e-02
-1.923458079878679339e-01 9.799254361000839797e-01 5.243397607436401514e-02
-1.836977174745692554e-01 9.815583121064123118e-01 5.290104491987401847e-02
-1.749982003533264441e-01 9.831233990445499282e-01 5.333014304806232841e-02
-1.662536475143379655e-01 9.846186129656657737e-01 5.372153879691458911e-02
-1.574704340272022884e-01 9.860420847787265686e-01 5.407551663729162628e-02
-1.498542968221634741e-01 9.872862902054169165e-01 5.300531098086587456e-02
-1.423774841488673892e-01 9.884464496684686186e-01 5.198423113640133347e-02
-1.350340158115575506e-01 9.895270243479838967e-01 5.101151677209482538e-02
-1.278179278952541742e-01 9.905321898807377679e-01 5.008642873512818283e-02
-1.207232777475077817e-01 9.914658494133061772e-01 4.920825052263620020e-02
-1.137441481075990302e-01 9.923316460111786252e-01 4.837628958097309195e-02
-1.068746504591152613e-01 9.931329744242703983e-01 4.758987844917352689e-02
-1.001089276763699465e-01 9.938729922122108151e-01 4.684837576128893233e-02
-9.344115602997797587e-02 9.945546302351891965e-01 4.615116712112453390e-02
-8.686554661206094541e-02 9.951806025180559567e-01 4.549766586180786776e-02
-8.037634623703190928e-02 9.957534154968663564e-01 4.488731370158461492e-02
-7.396783786969556018e-02 9.962753766581610160e-01 4.431958130626125619e-02
-6.763434062849091322e-02 9.967486025820614381e-01 4.379396876779394904e-02
-6.137020940809269354e-02 9.971750264007509523e-01 4.331000600765741448e-02
-5.516983416226579201e-02 9.975564046841595145e-01 4.286725311281323197e-02
-4.902763888482432331e-02 9.978943237647014408e-01 4.246530061133119149e-02
-4.293808032377421924e-02 9.981902055127620521e-01 4.210376969399703267e-02
-3.689564646120431501e-02 9.984453125743221191e-01 4.178231238756179022e-02
-3.089485478922680134e-02 9.986607530816631328e-01 4.150061168464865002e-02
-2.493025041024270888e-02 9.988374848475424228e-01 4.125838163472966141e-02
-1.848821952556715942e-02 9.989826547248650268e-01 4.113312374501216367e-02
-1.208913864938677279e-02 9.990866939230741428e-01 4.098442774713850073e-02
-5.736702155401674809e-03 9.991503964465826559e-01 4.081259716840295038e-02
5.654654384256666694e-04 9.991746371671257343e-01 4.061794237138625918e-02
6.813811346079866500e-03 9.991603682389955665e-01 4.040078043723725060e-02
1.300485627570885025e-02 9.991086154085447868e-01 4.016143506703459543e-02
1.913519607858877453e-02 9.990204742283882444e-01 3.990023649963193170e-02
2.520150328584993410e-02 9.988971061865904444e-01 3.961752144433123429e-02
3.120052853422723357e-02 9.987397347609735521e-01 3.931363302668353793e-02
3.712910188233147640e-02 9.985496414085258676e-01 3.898892074568216515e-02
4.298413401915254783e-02 9.983281614997289166e-01 3.864374044059172564e-02
4.876261736670300245e-02 9.980766802074588773e-01 3.827845426564570330e-02
5.446162707889160709e-02 9.977966283599493114e-01 3.789343067084598865e-02
6.007832193888145572e-02 9.974894782671367421e-01 3.748904438710930209e-02
6.560994515733725718e-02 9.971567395295410918e-01 3.706567641402696428e-02
7.105382507410223925e-02 9.967999548386613506e-01 3.662371400853595832e-02
7.640737576596669245e-02 9.964206957776986506e-01 3.616355067283996000e-02
8.166809756329937442e-02 9.960205586312453896e-01 3.568558613996828527e-02
8.683357747840911300e-02 9.956011602124067439e-01 3.519022635541833172e-02
9.190148954858821939e-02 9.951641337156466038e-01 3.467788345339201106e-02
9.686959509686242364e-02 9.947111246034736620e-01 3.414897572620864685e-02
1.017357429135334057e-01 9.942437865349041948e-01 3.360392758555509618e-02
1.064978693616510791e-01 9.937637773434550015e-01 3.304316951431771066e-02
1.111539984095931549e-01 9.932727550722360021e-01 3.246713800782980580e-02
1.157022415939593651e-01 9.927723740735193703e-01 3.187627550346149724e-02
1.201407979160078743e-01 9.922642811799657903e-01 3.127103029757612174e-02
1.244679536748710680e-01 9.917501119544880339e-01 3.065185644897759978e-02
1.286820822407878651e-01 9.912314870255215515e-01 3.001921366807590655e-02
1.327816437715796383e-01 9.907100085142552803e-01 2.937356719110267161e-02
1.367651848755769006e-01 9.901872565601519405e-01 2.871538763881483977e-02
1.406313382241743126e-01 9.896647859508529432e-01 2.804515085923120141e-02
1.443788221171514174e-01 9.891441228623217841e-01 2.736333775405345656e-02
1.480064400038476335e-01 9.886267617148249975e-01 2.667043408853013095e-02
1.515130799632201930e-01 9.881141621500907357e-01 2.596693028462718905e-02
1.548977141457453244e-01 9.876077461347100295e-01 2.525332119747345644e-02
1.581593981800435700e-01 9.871088951945633516e-01 2.453010587515121188e-02
1.612972705470230861e-01 9.866189477847632228e-01 2.379778730200218448e-02
1.643105519242365753e-01 9.861391967992970686e-01 2.305687212571625594e-02
1.671985445030418349e-01 9.856708872242434527e-01 2.230787036856401659e-02
1.699606312810409692e-01 9.852152139381074036e-01 2.155129512322442528e-02
1.725962753321499399e-01 9.847733196624898211e-01 2.078766223374510502e-02
1.751050190565198450e-01 9.843462930659605536e-01 2.001748996225460181e-02
1.774864834123925650e-01 9.839351670236547998e-01 1.924129864212321267e-02
1.797403671318296425e-01 9.835409170347508834e-01 1.845961031834131294e-02
1.818664459221020768e-01 9.831644597996225254e-01 1.767294837595129176e-02
1.838645716543735598e-01 9.828066519580842542e-01 1.688183715743103372e-02
1.857346715411495042e-01 9.824682889897703442e-01 1.608680156998315569e-02
1.874767473038011778e-01 9.821501042773028711e-01 1.528836668373479216e-02
1.890908743313082785e-01 9.818527683325207756e-01 1.448705732189741087e-02
1.905772008311961141e-01 9.815768881856493655e-01 1.368339764397498957e-02
1.919359469734757129e-01 9.813230069369011099e-01 1.287791072314164662e-02
1.931674040282285176e-01 9.810916034696092192e-01 1.207111811893662318e-02
1.942719334973113110e-01 9.808830923236043775e-01 1.126353944644517026e-02
1.952499662404947600e-01 9.806978237271607446e-01 1.045569194314864038e-02
1.961020015961900675e-01 9.805360837854535383e-01 9.648090034635712492e-03
1.968286064967644522e-01 9.803980948230947012e-01 8.841244900369490609e-03
1.974304145782979081e-01 9.802840158779411173e-01 8.035664040702161781e-03
1.979081252844933081e-01 9.801939433430083559e-01 7.231850846320141309e-03
1.982625029643187153e-01 9.801279117529682061e-01 6.430304171288344153e-03
1.984943759628366444e-01 9.800858947113657571e-01 5.631517910842541094e-03
1.986046357045610500e-01 9.800678059543608267e-01 4.835980585053889155e-03
1.985942357685788751e-01 9.800735005464784599e-01 4.044174929459885999e-03
1.984641909545803717e-01 9.801027762035510182e-01 3.256577493721410192e-03
1.982155763388624148e-01 9.801553747377433901e-01 2.473658249326442845e-03
1.978495263192999176e-01 9.802309836192808490e-01 1.695880207317782169e-03
1.973672336482258094e-01 9.803292376492445115e-01 9.236990469748458275e-04
1.967699484521172326e-01 9.804497207375602041e-01 1.575627563288206244e-04
1.960589772369571715e-01 9.805919677800902789e-01 -6.020887146637246556e-04
1.952356818781244563e-01 9.807554666285398515e-01 -1.354823787520784487e-03
1.943014785936640343e-01 9.809396601467094134e-01 -2.100219574500200841e-03
1.932578368997995566e-01 9.811439483464723388e-01 -2.837862183084144223e-03
1.921062785475755874e-01 9.813676905967192443e-01 -3.567347005100648862e-03
1.908483764395530191e-01 9.816102078983995893e-01 -4.288278989965662799e-03
1.894857535255312642e-01 9.818707852187006369e-01 -5.000272901595877000e-03
1.880200816763315519e-01 9.821486738773367309e-01 -5.702953558610287556e-03
1.864530805347480724e-01 9.824430939778775462e-01 -6.395956057506604030e-03
1.847865163428566160e-01 9.827532368770209859e-01 -7.078925978566934750e-03
1.830222007449624488e-01 9.830782676847182877e-01 -7.751519574315272540e-03
1.811619895655707524e-01 9.834173277880814412e-01 -8.413403940416834537e-03
1.792077815618718095e-01 9.837695373920475328e-01 -9.064257168975931381e-03
1.780142415195926642e-01 9.839962382900170335e-01 -7.900967556203062833e-03
1.769850361365364055e-01 9.841904679803858969e-01 -6.746270841528441073e-03
1.761191267601875943e-01 9.843529830732868913e-01 -5.599139374247739942e-03
1.754156031922692593e-01 9.844844234123502069e-01 -4.458551293088531577e-03
1.748736837239851238e-01 9.845853145486421765e-01 -3.323490043076976139e-03
1.744927150926777193e-01 9.846560698291560998e-01 -2.192943879017199022e-03
1.742721723673350265e-01 9.846969921058551511e-01 -1.065905358829307217e-03
1.742116587688227469e-01 9.847082750704876375e-01 5.862917014733148337e-05
1.743109054292143745e-01 9.846900042195984026e-01 1.181660088889420739e-03
1.745697710931300717e-01 9.846421574533579246e-01 2.304185025549986866e-03
1.749882417625626130e-01 9.845646053110311824e-01 3.427199372584861098e-03
1.755664302852595338e-01 9.844571108451077857e-01 4.551696799314777601e-03
1.763045758853303835e-01 9.843193291353277141e-01 5.678669757093953406e-03
1.772030436333503767e-01 9.841508064430605218e-01 6.809109974231104465e-03
1.782623238518246389e-01 9.839509790057382466e-01 7.944008937757651712e-03
1.794830314504524682e-01 9.837191714703100720e-01 9.084358359060277013e-03
1.808659051841779719e-01 9.834545949639804663e-01 1.023115062029084261e-02
1.824118068255234371e-01 9.831563447998227234e-01 1.138537919833568571e-02
1.841217202411648546e-01 9.828233978142292271e-01 1.254803906296795418e-02
1.859967503611159312e-01 9.824546093325787766e-01 1.372012704562049386e-02
1.873793733709253062e-01 9.822025236400711012e-01 1.293311334496640569e-02
1.886373072393007222e-01 9.819717749784995231e-01 1.214462411128511971e-02
1.897708759534006417e-01 9.817627856331335723e-01 1.135516706136844786e-02
1.907804718748515871e-01 9.815759163342264726e-01 1.056524770098649438e-02
1.916665548837589161e-01 9.814114663784752057e-01 9.775368907727942716e-03
1.924296515160549559e-01 9.812696738986290690e-01 8.986030513615414841e-03
1.930703540941294261e-01 9.811507162786811120e-01 8.197728888618985299e-03
1.935893198505544421e-01 9.810547107117341126e-01 7.410956526184763089e-03
1.939872700445910425e-01 9.809817148972901357e-01 6.626201631883981737e-03
1.942649890710467508e-01 9.809317278743853175e-01 5.843947716271429699e-03
1.944233235609450494e-01 9.809046909866733222e-01 5.064673193020553105e-03
1.944631814733683017e-01 9.809004889752526157e-01 4.288850983376273941e-03
1.943855311777473449e-01 9.809189511947413731e-01 3.516948127935759852e-03
1.941914005257924514e-01 9.809598529478235074e-01 2.749425406732263540e-03
1.938818759121936353e-01 9.810229169332255195e-01 1.986736968557987950e-03
1.934581013231636004e-01 9.811078148018366196e-01 1.229329970418973836e-03
1.929212773718532725e-01 9.812141688154527586e-01 4.776442279685389532e-04
1.922726603196392992e-01 9.813415536024131525e-01 -2.678881222838843876e-04
