1.000000000000000000e+00 0.000000000000000000e+00 0.000000000000000000e+00
9.999982661755848490e-01 9.849120509714032103e-04 -1.580475355070906076e-03
9.999912100168308893e-01 2.782875135845366832e-03 -3.136276493516314962e-03
9.999746731280079182e-01 5.379137689254092150e-03 -4.660391834787970360e-03
9.999427847565778293e-01 8.755327868118816664e-03 -6.146003128463741090e-03
9.998881473356473482e-01 1.288954005677706710e-02 -7.586514610289987748e-03
9.998020561258341710e-01 1.775643309470549547e-02 -8.975582082928913047e-03
9.996747482079716418e-01 2.332734223697172093e-02 -1.030714191996776746e-02
9.994956755239561286e-01 2.957040696250835474e-02 -1.157543990774316522e-02
9.992537961834083715e-01 3.645071668966386874e-02 -1.277505975312500687e-02
9.989378778632602707e-01 4.393047624130028833e-02 -1.390095100136490465e-02
9.985368068420229504e-01 5.196919252982672849e-02 -1.494845603118330826e-02
9.980398960468241931e-01 6.052388342059265153e-02 -1.591333572893681089e-02
9.974371854646871816e-01 6.954930910199649818e-02 -1.679179339398917739e-02
9.967197283926433338e-01 7.899822557105706800e-02 -1.758049639663416749e-02
9.958798572825779960e-01 8.882165906799499577e-02 -1.827659510052699957e-02
9.949114233790247175e-01 9.896919950033367108e-02 -1.887773857496779367e-02
9.938100049476136233e-01 1.093893101258055778e-01 -1.938208665877791045e-02
9.925730796373969378e-01 1.200296500533614696e-01 -1.978831799594279670e-02
9.912001573933045817e-01 1.308374055097919486e-01 -2.009563374150068887e-02
9.896928713101051933e-01 1.417596253382353844e-01 -2.030375673108637466e-02
9.880550248652053558e-01 1.527435558699720974e-01 -2.041292601492904202e-02
9.862925950488480309e-01 1.637369701601113225e-01 -2.042388677210860495e-02
9.844136919888342163e-01 1.746884866096634625e-01 -2.033787573825406036e-02
9.824284767046295164e-01 1.855478722101007727e-01 -2.015660239428968339e-02
9.803490395864482565e-01 1.962663260315421487e-01 -1.988222627019289868e-02
9.781892430464914634e-01 2.067967391133240795e-01 -1.951733081142919754e-02
9.759645325056168774e-01 2.170939275799440571e-01 -1.906489433294487196e-02
9.736917204401381865e-01 2.271148365648041345e-01 -1.852825864345025025e-02
9.713887486089172185e-01 2.368187133441161663e-01 -1.791109595940468258e-02
9.690744338073128405e-01 2.461672489278258769e-01 -1.721737474291802281e-02
9.667682025566122217e-01 2.551246881884004503e-01 -1.645132509108378216e-02
9.644898200470488625e-01 2.636579093994347311e-01 -1.561740427740103410e-02
9.622591184269634335e-01 2.717364747761080723e-01 -1.472026300109117655e-02
9.600957291920099168e-01 2.793326542357085773e-01 -1.376471284006870743e-02
9.580188240011666689e-01 2.864214251118223364e-01 -1.275569533130436507e-02
9.560468677564373241e-01 2.929804509496036213e-01 -1.169825302176369722e-02
9.541973872558520142e-01 2.989900427769978664e-01 -1.059750274747745143e-02
9.524867581883317280e-01 3.044331063885347688e-01 -9.458611310920893647e-03
9.509300127050221985e-01 3.092950791996844084e-01 -8.286773640787852349e-03
9.495406692921761760e-01 3.135638601399181047e-01 -7.087193436107588722e-03
9.483305861989248520e-01 3.172297358635070563e-01 -5.865066220700654309e-03
9.476145310108911035e-01 3.194008807097155067e-01 -3.127788126194678241e-03
9.473403501038318852e-01 3.202282093608682101e-01 -4.004256775607785770e-04
9.475091306753226084e-01 3.197203947621084508e-01 2.307034368177577309e-03
9.481148004601990253e-01 3.178891066035245405e-01 4.984765115629481193e-03
9.491443278879498902e-01 3.147490136448928277e-01 7.623072437460250150e-03
9.505780021724159479e-01 3.103178671177511672e-01 1.021237118523051282e-02
9.523897915061989572e-01 3.046166570705731713e-01 1.274316686925095615e-02
9.545477782126404742e-01 2.976698308485941080e-01 1.520604474410025553e-02
9.570146700008785867e-01 2.895055604793244086e-01 1.759166796009402692e-02
9.597483862914137909e-01 2.801560436083864181e-01 1.989078611657577045e-02
9.627027178776854655e-01 2.696578208549245681e-01 2.209425518125118088e-02
9.658280569443826735e-01 2.580520911042781251e-01 2.419306932330398188e-02
9.690721926945733422e-01 2.453850054129301517e-01 2.617840475175503903e-02
9.723811656050994623e-01 2.317079199576630444e-01 2.804167516305067567e-02
9.757001707348763597e-01 2.170775889044258278e-01 2.977459789596175604e-02
9.789744976960246259e-01 2.015562792747603582e-01 3.136926938470702142e-02
9.821504920410898398e-01 1.852117918935643759e-01 3.281824801404262248e-02
9.851765201258748661e-01 1.681173753169589169e-01 3.411464203736788020e-02
9.880039171960179889e-01 1.503515232189560624e-01 3.525219984693479108e-02
9.905878967342603980e-01 1.319976499599882780e-01 3.622539961006530224e-02
9.928883981923583013e-01 1.131436438103978204e-01 3.702953513039247690e-02
9.948708502758020211e-01 9.388130234478571368e-02 3.766079477706354983e-02
9.965068280531165223e-01 7.430565960219204236e-02 3.811633045876128972e-02
9.977745843556907746e-01 5.451421943899251166e-02 3.839431390529741278e-02
9.986594391704023410e-01 3.460611379723211450e-02 3.849397794905041331e-02
9.991540148764594953e-01 1.468120810067354703e-02 3.841564105277758129e-02
9.992583100365592941e-01 -5.160821553095506359e-03 3.816071398080707333e-02
9.989796097579680678e-01 -2.482141347635445291e-02 3.773168822107424158e-02
9.983322360906705661e-01 -4.420402184150294678e-02 3.713210649474717878e-02
9.973371472139310745e-01 -6.321496988003560968e-02 3.636651639556771898e-02
9.960213989804176382e-01 -8.176423268187563154e-02 3.544040884178153994e-02
9.944174864789784296e-01 -9.976613092073012556e-02 3.436014356422680688e-02
9.925625864439695523e-01 -1.171399210736380619e-01 3.313286426741984120e-02
9.904977234555794041e-01 -1.338102724371701691e-01 3.176640636882969992e-02
9.882668838968684533e-01 -1.497076261759738292e-01 3.026920033816258432e-02
9.859161015922374149e-01 -1.647684364867726403e-01 2.865017362698837541e-02
9.834925380505238346e-01 -1.789352984671444269e-01 2.691865401225288987e-02
9.810435784296912543e-01 -1.921569712337963254e-01 2.508427689523623841e-02
9.786159619208791849e-01 -2.043883080861114976e-01 2.315689872538754038e-02
9.762549624260767889e-01 -2.155901079639969409e-01 2.114651828370335551e-02
9.742488286022236155e-01 -2.247935759860697769e-01 1.752391502985988989e-02
9.725832637830034155e-01 -2.321413631755240847e-01 1.386363723553876368e-02
9.713030355418861284e-01 -2.376273931722825417e-01 1.018097156899295912e-02
9.704409766422352757e-01 -2.412513139643768234e-01 6.490845983762602057e-03
9.700177354865637813e-01 -2.430179535539945535e-01 2.807863279974867361e-03
9.700417162588119702e-01 -2.429369421425320585e-01 -8.536541539954662500e-04
9.705091976601150083e-01 -2.410225084840392495e-01 -4.479613991765126965e-03
9.714046217244467485e-01 -2.372934497899180650e-01 -8.056103521995233718e-03
9.727010469655539282e-01 -2.317732667333117225e-01 -1.156934439530970214e-02
9.743607626002429578e-01 -2.244904477489567673e-01 -1.500565749070955669e-02
9.763360624085778428e-01 -2.154788800054925624e-01 -1.835144232236641387e-02
9.785701775833354210e-01 -2.047783582235035149e-01 -2.159317476485953652e-02
9.809983674220795757e-01 -1.924351570533409661e-01 -2.471742609321896100e-02
9.835491647546285021e-01 -1.785026281991966002e-01 -2.771090541441185301e-02
9.861457695197177742e-01 -1.630417801227736774e-01 -3.056052651582618837e-02
9.887075789807227011e-01 -1.461217962649915547e-01 -3.325349899036117440e-02
9.911518369165188691e-01 -1.278204475850525101e-01 -3.577744224659182987e-02
9.933953771000263444e-01 -1.082243571062669607e-01 -3.812051972100639202e-02
9.953564289796987818e-01 -8.742907828082525923e-02 -4.027158933776416733e-02
9.969564463157137846e-01 -6.553895542696992760e-02 -4.222036508325856252e-02
9.981219132704631791e-01 -4.266674317611250655e-02 -4.395758356003745537e-02
9.987860778023144315e-01 -1.893297252572417183e-02 -4.547516864093602978e-02
9.988905597958364080e-01 5.534936747509443949e-03 -4.676638693599792507e-02
9.983867816829976594e-01 3.060380456686156297e-02 -4.782598677148378052e-02
9.972371726700418604e-01 5.613603417038454113e-02 -4.865031379573118292e-02
9.954161041314010250e-01 8.199113298224301738e-02 -4.923739717166377566e-02
9.929105230302881502e-01 1.080273625281473332e-01 -4.958700155452627767e-02
9.897202618626367299e-01 1.341034614447423057e-01 -4.970064161400807035e-02
9.858580168452744097e-01 1.600803811100577900e-01 -4.958155763940950284e-02
9.813489999614776194e-01 1.858229724737973654e-01 -4.923465264037904521e-02
9.762302840446940300e-01 2.112015653481502109e-01 -4.866639319024726462e-02
9.705498723622920654e-01 2.360933874771115326e-01 -4.788467792484087798e-02
9.643655343240898903e-01 2.603837796002135829e-01 -4.689867899523002259e-02
9.577434563649838140e-01 2.839671737139827790e-01 -4.571866279479480655e-02
9.507567613807443863e-01 3.067478139302650120e-01 -4.435579689108593709e-02
9.434839512558915731e-01 3.286402118197854771e-01 -4.282195028042964924e-02
9.360073252026339663e-01 3.495693400549791940e-01 -4.112949387255016714e-02
9.284114222407215955e-01 3.694705788055230866e-01 -3.929110755736552052e-02
9.207815297566545043e-01 3.882894381569020892e-01 -3.731959938097668961e-02
9.132022923376195145e-01 4.059810864919055629e-01 -3.522774134818120600e-02
9.061851420542812452e-01 4.216991181426811841e-01 -3.159749876836738525e-02
8.997159781810415424e-01 4.355832297219613403e-01 -2.790099970407996371e-02
8.938876821372064851e-01 4.476399308982136893e-01 -2.415282769365459728e-02
8.887805403232680312e-01 4.578803439242239981e-01 -2.036652471881968823e-02
8.844619188111587649e-01 4.663186787400833699e-01 -1.655465264058681926e-02
8.809861189488235045e-01 4.729709141625977886e-01 -1.272888476435728514e-02
8.783943732289538620e-01 4.778537064309986149e-01 -8.900121106153867367e-03
8.767149457826619585e-01 4.809835377610424123e-01 -5.078621158723953428e-03
8.759633082394164827e-01 4.823761105616620748e-01 -1.274148293710289283e-03
8.761423689043602581e-01 4.820459874172522419e-01 2.503879684311645197e-03
8.772427407904530572e-01 4.800064725568643498e-01 6.246238945438978285e-03
8.792430416333761878e-01 4.762697269824877622e-01 9.943751788388001389e-03
8.821102263033335777e-01 4.708471063557319591e-01 1.358714705393835806e-02
8.857999587445711809e-01 4.637497078020880736e-01 1.716693309583645910e-02
8.902570364779618384e-01 4.549891086818244612e-01 2.067328743279133602e-02
8.954158855571406894e-01 4.445782768587511757e-01 2.409596704380869911e-02
9.012011474319301385e-01 4.325326279214943836e-01 2.742424308279903938e-02
9.075283811943727352e-01 4.188712001314419675e-01 3.064686353238850469e-02
9.143049049138618489e-01 4.036179126643062443e-01 3.375204694318062471e-02
9.214307979803179061e-01 3.868028671891272086e-01 3.672750986671206169e-02
9.288000823902182734e-01 3.684636473375418331e-01 3.956052984805338152e-02
9.363020946407510925e-01 3.486465656346342534e-01 4.223804487018956860e-02
9.438230513860547122e-01 3.274078035743251403e-01 4.474678892875807307e-02
9.512478014747230981e-01 3.048143883760797146e-01 4.707346197909940272e-02
9.584617448558943043e-01 2.809449502103176788e-01 4.920493088395192643e-02
9.653528857625633952e-01 2.558902069109965094e-01 5.112845627699821177e-02
9.718139744192894058e-01 2.297531298309902215e-01 5.283193855228559416e-02
9.777446793122335222e-01 2.026487547185635285e-01 5.430417462383965721e-02
9.830537219310647723e-01 1.747036151594807407e-01 5.553511581872965647e-02
9.876608989579708231e-01 1.460547927279704505e-01 5.651611641457968821e-02
9.914989141067821476e-01 1.168485966345038096e-01 5.724016203475970621e-02
9.945149438933139630e-01 8.723890513246829181e-02 5.770206746051562835e-02
9.966718688372220303e-01 5.738521980061216110e-02 5.789863444618325444e-02
9.979491137699300074e-01 2.745050051685834352e-02 5.782876180560671958e-02
9.983430573671039365e-01 -2.401137970289669160e-03 5.749350228321977591e-02
9.978669905969217435e-01 -3.200677867460617609e-02 5.689606338000648134e-02
9.965506249903192115e-01 -6.120701229434679508e-02 5.604175217501636275e-02
9.944391728252894858e-01 -8.984811562657499251e-02 5.493786704510554564e-02
9.915920408083946924e-01 -1.177840183355827186e-01 5.359354181762610719e-02
9.880811951615661171e-01 -1.448779913316334544e-01 5.201955009709823691e-02
9.839892680631975308e-01 -1.710040069316109412e-01 5.022807913842006200e-02
9.794074824911606081e-01 -1.960477399425644141e-01 4.823248360759512660e-02
9.744334745130602826e-01 -2.199071982894287847e-01 4.604702985402139848e-02
9.691690892804918356e-01 -2.424929903515652962e-01 4.368664095633337935e-02
9.637182201150302774e-01 -2.637282525684845336e-01 4.116665188843918188e-02
9.581847501012129564e-01 -2.835482742447921756e-01 3.850258281124099152e-02
9.526706436388837629e-01 -3.018998663240207159e-01 3.570993687379437481e-02
9.472742225729045007e-01 -3.187405270722761252e-01 3.280402715108204914e-02
9.420886488290088900e-01 -3.340374602936212467e-01 2.979983558608116992e-02
9.372006237779531013e-01 -3.477665013083623413e-01 2.671190514942830413e-02
9.326893044424773294e-01 -3.599110030344673805e-01 2.355426495944778001e-02
9.286254285382924412e-01 -3.704607297602192650e-01 2.034038686688844147e-02
9.250706343715064950e-01 -3.794108002154928938e-01 1.708317102262584333e-02
9.220769577886048785e-01 -3.867607149096883856e-01 1.379495720971788027e-02
9.196864865390269594e-01 -3.925134958770183924e-01 1.048755821310428868e-02
9.179311523153527164e-01 -3.966749603079803288e-01 7.172311189413717140e-03
9.168326420755290584e-01 -3.992531432834215965e-01 3.860142849074239303e-03
9.164024126937471149e-01 -4.002578790888322025e-01 5.616442362330691628e-04
9.166417961985255936e-01 -3.997005454034200378e-01 -2.712849044554013506e-03
9.175421865193703619e-01 -3.975939699931413385e-01 -5.953175179536873002e-03
9.194258412651493684e-01 -3.931205351387634939e-01 -1.060374373669296585e-02
9.221932612099862370e-01 -3.864311927764064181e-01 -1.518544626803056477e-02
9.257829943308171217e-01 -3.775426376487859836e-01 -1.968460737263210553e-02
9.301167176667876069e-01 -3.664734486460342611e-01 -2.408707561378074097e-02
9.351001798362813533e-01 -3.532455610540620738e-01 -2.837810358510262435e-02
9.406243473756088491e-01 -3.378859761476858958e-01 -3.254227318987479300e-02
9.465667955023864266e-01 -3.204286437446723923e-01 -3.656347278766738929e-02
9.527933817990421606e-01 -3.009164417531139946e-01 -4.042493170355479504e-02
9.591602343020468879e-01 -2.794031653363188705e-01 -4.410931600631094046e-02
9.655160733320902189e-01 -2.559554281574362156e-01 -4.759888737760902683e-02
9.717048692218860362e-01 -2.306543706049659914e-01 -5.087572429596348006e-02
9.775688164681290981e-01 -2.035970664627454740e-01 -5.392200169283339201e-02
9.829515798788895919e-01 -1.748975216915393815e-01 -5.672032182627767538e-02
9.877017417135306454e-01 -1.446871681248581565e-01 -5.925408556288445927e-02
9.916763528511112202e-01 -1.131147717653323143e-01 -6.150788983807309318e-02
9.947444682784324366e-01 -8.034570010342073632e-02 -6.346793410780536548e-02
9.967905303776007919e-01 -4.656052467636968839e-02 -6.512241645910266108e-02
9.977174551074328157e-01 -1.195297217924098931e-02 -6.646189903337575144e-02
9.974492781045735112e-01 2.327272283690732385e-02 -6.747962277895620808e-02
9.959332309204246281e-01 5.890497163847396161e-02 -6.817175340691244978e-02
9.931411418002052960e-01 9.472836467464759713e-02 -6.853754373921995546e-02
9.890700890528159039e-01 1.305274311661404341e-01 -6.857940220293431977e-02
9.837422754271250014e-01 1.660904553308981957e-01 -6.830286267505347730e-02
9.772041354012707126e-01 2.012131759497221561e-01 -6.771645674210001464e-02
9.695247298925485646e-01 2.357022050534276492e-01 -6.683149517366764047e-02
9.607935207126697685e-01 2.693780223470757518e-01 -6.566177050413325722e-02
9.511176468646196369e-01 3.020774322852689542e-01 -6.422319663931093381e-02
9.406188442710816666e-01 3.336554072760173351e-01 -6.253340405958437986e-02
9.294301587586581981e-01 3.639862796768069120e-01 -6.061131034837138887e-02
9.176925993823145111e-01 3.929642834644501703e-01 -5.847668547299986891e-02
9.055518668437747554e-01 4.205034806075301779e-01 -5.614972966804976373e-02
8.931552720121257449e-01 4.465371349453445271e-01 -5.365067920780151184e-02
8.806489349923520837e-01 4.710166164358813301e-01 -5.099945214926231846e-02
8.681753284595267184e-01 4.939099305903285608e-01 -4.821534263192749775e-02
8.558712024805565921e-01 5.151999722057183373e-01 -4.531676885273337035e-02
8.438659037120662676e-01 5.348826002040001359e-01 -4.232107665014735176e-02
8.322800810468129473e-01 5.529646229266323987e-01 -3.924439790901054076e-02
8.212247532482699341e-01 5.694617722049657438e-01 -3.610156083828756912e-02
8.108007021025543937e-01 5.843967314654358036e-01 -3.290604760769751808e-02
8.010981469468233529e-01 5.977972693842465990e-01 -2.966999383052214972e-02
7.927147346531875360e-01 6.090737413114033494e-01 -2.515256950125991514e-02
7.855991416330149191e-01 6.183915727359426961e-01 -2.063919371648075679e-02
7.798143873134871784e-01 6.258028664685774123e-01 -1.613750762572926586e-02
7.754075008606526875e-01 6.313537221759696338e-01 -1.165381961746442957e-02
7.724103690613882689e-01 6.350831477892155963e-01 -7.193381011568964097e-03
7.708404919850975201e-01 6.370223258081819662e-01 -2.760665684611538287e-03
7.707016147416250185e-01 6.371942096130496225e-01 1.640351065213019842e-03
7.719842171475508330e-01 6.356134278095564305e-01 6.005918053226297348e-03
7.746658554256441453e-01 6.322864788114064272e-01 1.033224108241654303e-02
7.787113613535689982e-01 6.272122025028794567e-01 1.461522574312358255e-02
7.840729147602222282e-01 6.203825202135444528e-01 1.885023270046796290e-02
7.906900151395580556e-01 6.117834377350630515e-01 2.303184830195997151e-02
7.984893875408473063e-01 6.013963081384585685e-01 2.715367385669055847e-02
8.073848668120753302e-01 5.891993511865794009e-01 3.120813764627712594e-02
8.172773125739621891e-01 5.751694237231577134e-01 3.518633455224883660e-02
8.280546146544701669e-01 5.592840301885321219e-01 3.907789903334484699e-02
8.395918545856648763e-01 5.415235541267134911e-01 4.287091794889374974e-02
8.517516924293945246e-01 5.218736801655767810e-01 4.655189027224197057e-02
8.643850487668194305e-01 5.003279616938790531e-01 5.010574092762844212e-02
8.773321481780582687e-01 4.768904728903620716e-01 5.351589566508128948e-02
8.904239819879606888e-01 4.515784658546050934e-01 5.676442291818785402e-02
9.034842336665079854e-01 4.244249357637305820e-01 5.983224685269853543e-02
9.163316896049557014e-01 3.954809810776010459e-01 6.269943324367317772e-02
9.287831311513926602e-01 3.648178340171074896e-01 6.534554642486403719e-02
9.406566716269925132e-01 3.325284311787337077e-01 6.775007144527857295e-02
9.517754662619247741e-01 2.987283974376674367e-01 6.989289096887101038e-02
9.619716861730687185e-01 2.635563299793443615e-01 7.175480170633725951e-02
9.710906129955890753e-01 2.271732942902504049e-01 7.331805071623356818e-02
9.789946823824290378e-01 1.897614799519440065e-01 7.456686826130830281e-02
9.855672861195230450e-01 1.515220094221571279e-01 7.548797156240504014e-02
9.907161373451045527e-01 1.126719445068212200e-01 7.607101319185625987e-02
9.943760134589787469e-01 7.344058853699303446e-02 7.630894927709569453e-02
9.965107172992924145e-01 3.406523219312958956e-02 7.619830621552428629e-02
9.971141376944528956e-01 -5.213467821702205685e-03 7.573933005463633072e-02
9.962103423323938056e-01 -4.415626010650081090e-02 7.493600963903609968e-02
9.938526942554750665e-01 -8.252999135420852062e-02 7.379597243606098034e-02
9.901220424983565582e-01 -1.201119986399914186e-01 7.233025987051920624e-02
9.851240916319168317e-01 -1.566940029656511690e-01 7.055299625702979305e-02
9.789860991556399439e-01 -1.920853439524151662e-01 6.848097133917159518e-02
9.718530800800724290e-01 -2.261154437927926086e-01 6.613316053567966368e-02
9.638837127624746426e-01 -2.586354416954030344e-01 6.353020900344914790e-02
9.552461391278176395e-01 -2.895189928066741469e-01 6.069390555796279341e-02
9.461138375680718804e-01 -3.186622733016495346e-01 5.764667057440212017e-02
9.366617210884482514e-01 -3.459832724703580942e-01 5.441107862675170076e-02
9.270625803955772071e-01 -3.714204810702113613e-01 5.100943230124833222e-02
9.174839554723250856e-01 -3.949311022968478024e-01 4.746339885570751566e-02
9.080854832793536779e-01 -4.164889180357596032e-01 4.379371665150961351e-02
8.990167363971204306e-01 -4.360819401271644469e-01 4.001997393194440394e-02
8.904155396451500781e-01 -4.537099663052632792e-01 3.616045881562299225e-02
8.824067300802960201e-01 -4.693821455628493511e-01 3.223207645554183182e-02
8.751013105937717196e-01 -4.831146401520406974e-01 2.825032721722547935e-02
8.685959382973545972e-01 -4.949284531676613197e-01 2.422933840499663649e-02
8.629726852950735383e-01 -5.048474731577088370e-01 2.018194140936276776e-02
8.582990103313921093e-01 -5.128967714952281653e-01 1.611978602512780315e-02
8.546278841716939967e-01 -5.191011749244418549e-01 1.205348395356113309e-02
8.519980184306649162e-01 -5.234841249857129508e-01 7.992774013291858298e-03
8.504341560605568340e-01 -5.260668278600055814e-01 3.946702220779304410e-03
8.499473911376359547e-01 -5.268676922731544421e-01 -7.618943786146751412e-05
8.505354953912206417e-01 -5.259020490448567120e-01 -4.067671111360512959e-03
8.521832386953113181e-01 -5.231821431625435226e-01 -8.019635121972644443e-03
8.552789752765280751e-01 -5.179977948073773986e-01 -1.327794775185390033e-02
8.596995790263000092e-01 -5.104660283936796050e-01 -1.847203647534078133e-02
8.653675252590129485e-01 -5.005822919548073013e-01 -2.359168850632278880e-02
8.721848392035351782e-01 -4.883383470065312815e-01 -2.862555380476398958e-02
8.800334572637025232e-01 -4.737245434134620403e-01 -3.356089329755088113e-02
8.887757350995006966e-01 -4.567325005613961375e-01 -3.838338235464920645e-02
8.982551994977797660e-01 -4.373581431104243133e-01 -4.307698038212356972e-02
9.082976468302838002e-01 -4.156050208364442389e-01 -4.762387763474618813e-02
9.187126899681726799e-01 -3.914878190239375888e-01 -5.200452994523304534e-02
9.292958462470667369e-01 -3.650359398573185254e-01 -5.619779073987217488e-02
9.398312400534332145e-01 -3.362970084194876197e-01 -6.018114722295296593e-02
9.500949639520287482e-01 -3.053401322272232266e-01 -6.393106380626349672e-02
9.598591020176475697e-01 -2.722587243898923481e-01 -6.742343070531545135e-02
9.688963694642681590e-01 -2.371726915244842804e-01 -7.063410926742945406e-02
9.769852666096687788e-01 -2.002297924258709949e-01 -7.353955839524532745e-02
9.839155871105824680e-01 -1.616059953248399628e-01 -7.611751895791099565e-02
9.894940660818217770e-01 -1.215047020060801980e-01 -7.834772610513120183e-02
9.935499098410511820e-01 -8.015476556779410622e-02 -8.021261379478572540e-02
9.959399222341562830e-01 -3.780730204229073438e-02 -8.169797248922879007e-02
9.965529383109928974e-01 5.268621319676397574e-03 -8.279352059836371514e-02
9.953132978306037382e-01 4.879125452506474780e-02 -8.349335328530883837e-02
9.921831388686580544e-01 9.247214769469938589e-02 -8.379623872860088307e-02
9.871633623497406695e-01 1.360225470932207581e-01 -8.370574141329734097e-02
9.802932049962832517e-01 1.791598686649222283e-01 -8.323016362365927290e-02
9.716484518841391749e-01 2.216139077744437302e-01 -8.238230882891796336e-02
9.613384103401675373e-01 2.631324677774080634e-01 -8.117908274292916226e-02
9.495018446294553049e-01 3.034861403915254385e-01 -7.964095821676532572e-02
9.363021280665619894e-01 3.424720411659363806e-01 -7.779133777241316328e-02
9.219219012121175894e-01 3.799163850644860507e-01 -7.565585189293980162e-02
9.065575305648744253e-01 4.156758709890194248e-01 -7.326163200292541700e-02
8.904136438339897985e-01 4.496379213973549227e-01 -7.063659469608526975e-02
8.736979802721280830e-01 4.817198873020463457e-01 -6.780876883161149338e-02
8.566167440014460510e-01 5.118673756770439898e-01 -6.480569046756179397e-02
8.393705915241842508e-01 5.400518841241159773e-01 -6.165388312458502940e-02
8.221513278750401943e-01 5.662679374017605127e-01 -5.837843339869380754e-02
8.051393341030624873e-01 5.905299147105177449e-01 -5.500266512568238730e-02
7.885017053436406131e-01 6.128687391248643923e-01 -5.154790959029258851e-02
7.723910454188719354e-01 6.333285752846077310e-01 -4.803336490432913441e-02
7.569448410355448242e-01 6.519636522240406240e-01 -4.447603469596331238e-02
7.422853255037212827e-01 6.688352982569428784e-01 -4.089073456057669420e-02
7.285197370452416443e-01 6.840092466038906194e-01 -3.729015413182523719e-02
7.157408784240758548e-01 6.975532455840994794e-01 -3.368496290410349231e-02
7.040278909730111057e-01 7.095349865942034429e-01 -3.008394882989156444e-02
6.934471654194933610e-01 7.200203470534117800e-01 -2.649418000157616540e-02
6.840533227954852524e-01 7.290719338571128860e-01 -2.292118121543456136e-02
6.758902100336295904e-01 7.367479052098387937e-01 -1.936911875462752480e-02
6.689918658013825903e-01 7.431010444089229949e-01 -1.584098820824897044e-02
6.633834221867126457e-01 7.481780575746866946e-01 -1.233880149138485809e-02
6.590819167405402856e-01 7.520190678424262254e-01 -8.863770403628139574e-03
6.560969970032356491e-01 7.546572805785575211e-01 -5.416485040575829552e-03
6.544315060296537201e-01 7.561187972738631080e-01 -1.997086150838875591e-03
6.540819427037524170e-01 7.564225595049244300e-01 1.394568883122376118e-03
6.550387949787065400e-01 7.555804084268182841e-01 4.758746355747456996e-03
6.572867477978142636e-01 7.535972494221531148e-01 8.095682514188597828e-03
6.608047705588205867e-01 7.504713155938734781e-01 1.140543537976635574e-02
6.655660917855797942e-01 7.461945276000422345e-01 1.468774173760900234e-02
6.715380713540675117e-01 7.407529507580823402e-01 1.794187908127187203e-02
6.786819833455635109e-01 7.341273532718957107e-01 2.116653257448177991e-02
6.869527254945279049e-01 7.262938717329209259e-01 2.435966746795191831e-02
6.962984743454921910e-01 7.172247915795961770e-01 2.751840787409841685e-02
7.071008456218599303e-01 7.063991837218386305e-01 3.176190391135524926e-02
7.192351055022185857e-01 6.938351091140981808e-01 3.597133716405078591e-02
7.326037813237936680e-01 6.794708483765580231e-01 4.014100529399900613e-02
7.470951574818638363e-01 6.632419142236326559e-01 4.426313940133505542e-02
7.625824229280266930e-01 6.450834967305603129e-01 4.832773163952863021e-02
7.789230037130799866e-01 6.249332467636616872e-01 5.232240024241775755e-02
7.959581834955949953e-01 6.027343892341799902e-01 5.623230351788096465e-02
8.135131228219348865e-01 5.784391355552599423e-01 6.004011568914245645e-02
8.313973909849924349e-01 5.520123369771590127e-01 6.372607811697422742e-02
8.494061201776016423e-01 5.234352882490234116e-01 6.726813912053443423e-02
8.673218782550413675e-01 4.927095560790206163e-01 7.064219403799908148e-02
8.849173318192556925e-01 4.598606719016724576e-01 7.382243408158474518e-02
9.019587344016243291e-01 4.249414972597467255e-01 7.678180779696835989e-02
9.182102253510383560e-01 3.880350472067913836e-01 7.949259255029282600e-02
9.334388654058618506e-01 3.492565474391318148e-01 8.192706567512321458e-02
9.474202685897563647e-01 3.087545089770005746e-01 8.405825621649661017e-02
9.599446227608021687e-01 2.667106335866432643e-01 8.586074937304337407e-02
9.708228302243372410e-01 2.233384151579539401e-01 8.731150773977194857e-02
9.798924534803753472e-01 1.788803754653033595e-01 8.839066738129608414e-02
9.870231272427815172e-01 1.336039623989463965e-01 8.908226365762679511e-02
9.921211024020485381e-01 8.779623694988378246e-02 8.937484238756512878e-02
9.951326235609353477e-01 4.175757165953435796e-02 8.926191676124169139e-02
9.960459080385444253e-01 -4.205333397611782376e-03 8.874223925681069824e-02
9.948915853442765744e-01 -4.978675126383370897e-02 8.781986995234464244e-02
9.917415627863135352e-01 -9.468915127622044847e-02 8.650403682248693216e-02
9.867063933352970828e-01 -1.386299577366632563e-01 8.480879831102226818e-02
9.799313237329201343e-01 -1.813474984934825007e-01 8.275253203416234327e-02
9.715912831249212678e-01 -2.226058681386351989e-01 8.035728443786860353e-02
9.618851273023277804e-01 -2.621985205113592232e-01 7.764802355794488131e-02
9.510294771748194487e-01 -2.999505038437424442e-01 7.465184021313261975e-02
9.392524829351817095e-01 -3.357193480820677145e-01 7.139714207339709073e-02
9.267878118232703022e-01 -3.693946981751159431e-01 6.791288066080104768e-02
9.138691043920611490e-01 -4.008968527169770590e-01 6.422784437765301224e-02
9.007250798544080839e-01 -4.301744108351790996e-01 6.037004219456336418e-02
8.875754034461862396e-01 -4.572012513619533314e-01 5.636619372948913770e-02
8.746273645926305740e-01 -4.819730694243292146e-01 5.224133300980627476e-02
8.620733590074322050e-01 -5.045036806531640883e-01 4.801852589341226718e-02
8.500891236662113659e-01 -5.248212770572538988e-01 4.371869532350901311e-02
8.388326419778283638e-01 -5.429647860607879073e-01 3.936054444656292978e-02
8.284436170202789107e-01 -5.589804495190747735e-01 3.496056507393305313e-02
8.190434019641051888e-01 -5.729187060677397580e-01 3.053311781504060296e-02
8.107352767524803605e-01 -5.848314302679410437e-01 2.609057017578246887e-02
8.036049665412373644e-01 -5.947695570600721737e-01 2.164347969619795017e-02
7.977213082339209560e-01 -6.027811005875300943e-01 1.720081050466273909e-02
7.931369848809358691e-01 -6.089095624326615885e-01 1.277017323725334469e-02
7.898892623349269559e-01 -6.131927152238038081e-01 8.358079904031758336e-03
7.880006773507920448e-01 -6.156617426755075506e-01 3.970206823430978346e-03
7.874796406353783418e-01 -6.163407155438035412e-01 -3.883399163956413602e-04
7.883209318368046281e-01 -6.152463838196947643e-01 -4.712760941991878463e-03
7.905060759902265977e-01 -6.123882678848642236e-01 -8.998305733090813593e-03
7.940036025288633725e-01 -6.077690345144858286e-01 -1.324002367205595262e-02
7.987691987266559712e-01 -6.013851468064247419e-01 -1.743252711161179247e-02
8.047457794748658078e-01 -5.932277796896280320e-01 -2.156976969309933045e-02
8.118635046779481002e-01 -5.832839940317110505e-01 -2.564484350479440816e-02
8.200397842608567744e-01 -5.715381620109746263e-01 -2.964979920323107185e-02
8.291793186569829111e-01 -5.579736339056163841e-01 -3.357549385864628394e-02
8.391742293825855681e-01 -5.425746314501601608e-01 -3.741147194126174386e-02
8.499043394205297863e-01 -5.253283452244837948e-01 -4.114588543449675812e-02
8.612376659938120183e-01 -5.062272031748353829e-01 -4.476545942589131577e-02
8.730311881422959663e-01 -4.852712645718291196e-01 -4.825550955756112426e-02
8.854505706351791794e-01 -4.617012556173892279e-01 -5.300466589907960879e-02
8.982820203343372389e-01 -4.356290095985773658e-01 -5.759377611430512023e-02
9.112930549163296146e-01 -4.070642265351370193e-01 -6.199965715195822347e-02
9.242369132136044607e-01 -3.760376959397391250e-01 -6.619715282138784185e-02
9.368561304221244557e-01 -3.426054945162070875e-01 -7.015953125654744715e-02
9.488870109378868545e-01 -3.068527181899208811e-01 -7.385901666950284161e-02
9.600649640242325811e-01 -2.688964889279937820e-01 -7.726744837989488190e-02
9.701305923741629922e-01 -2.288879738119867502e-01 -8.035705045165407456e-02
9.788363428384115883e-01 -1.870131740207088833e-01 -8.310128484080096800e-02
9.859534501380220473e-01 -1.434922881786142024e-01 -8.547575081530647823e-02
9.912788379529232641e-01 -9.857752829269854355e-02 -8.745908483225850460e-02
9.946415974943737526e-01 -5.254936370528694861e-02 -8.903380939069585609e-02
9.959086504055530975e-01 -5.711281431055439950e-03 -9.018707779836335203e-02
9.949892264122283114e-01 4.161673141015289484e-02 -9.091126507084230923e-02
9.918378477931877324e-01 8.910566917908083195e-02 -9.120436348711415120e-02
9.864556082590899555e-01 1.364255541517885306e-01 -9.107015410236735109e-02
9.788896537692363120e-01 1.832535977260409954e-01 -9.051814151654749563e-02
9.692309037467444766e-01 2.292820168942939218e-01 -8.956325663759369393e-02
9.576101778064459724e-01 2.742250798673061540e-01 -8.822534903989917576e-02
9.441930009486316777e-01 3.178250262420073691e-01 -8.652850487620275532e-02
9.296366296530804707e-01 3.590003668133108228e-01 -8.303502102371913829e-02
9.140500621890621513e-01 3.977771756468011510e-01 -7.928513781013790673e-02
8.977281245154377087e-01 4.340647857497061390e-01 -7.531465567072002931e-02
8.809594359875394520e-01 4.678111552989804856e-01 -7.115832912475116012e-02
8.640207248874567370e-01 4.989986835290590728e-01 -6.684913080166007826e-02
8.471723716661321291e-01 5.276393704007126262e-01 -6.241768239009205799e-02
8.306551669836724772e-01 5.537696470823191275e-01 -5.789185160380723449e-02
8.146881996629873335e-01 5.774451587832076793e-01 -5.329650480747538666e-02
7.994677398008552816e-01 5.987357254738921997e-01 -4.865339843168275946e-02
7.851669533973095749e-01 6.177206472416990612e-01 -4.398118858066761561e-02
7.719362739504813664e-01 6.344844653648661348e-01 -3.929553689546824713e-02
7.599042595454639226e-01 6.491132415510353360e-01 -3.460929124803335116e-02
7.491787768854026863e-01 6.616913782562310331e-01 -2.993272165102439999e-02
7.398483726691825746e-01 6.722989731841400030e-01 -2.527379436093382670e-02
7.319837145733186778e-01 6.810096805180236856e-01 -2.063847010117543512e-02
7.256390064861858447e-01 6.878890390646774655e-01 -1.603101530949285758e-02
7.208533039739104531e-01 6.929932218798269261e-01 -1.145431809031461148e-02
7.176516752990309556e-01 6.963681616115355855e-01 -6.910202981693635074e-03
7.160461702689361330e-01 6.980490093397132556e-01 -2.399740648647417061e-03
7.160365737591685154e-01 6.980598908690347493e-01 2.076449841568898946e-03
7.176109332024679377e-01 6.964139322069844429e-01 6.517907421492146608e-03
7.207458600838423379e-01 6.931135344698421408e-01 1.092404471663064452e-02
7.254066150353704057e-01 6.881508869999829470e-01 1.529387340993085091e-02
7.315469949889109591e-01 6.815087154484628096e-01 1.962573980336653964e-02
7.391090494795375943e-01 6.731612684410587244e-01 2.391707159325720533e-02
7.480226619616898720e-01 6.630755516909749847e-01 2.816413767449188824e-02
7.582050411298587589e-01 6.512128215302867007e-01 3.236182385169939640e-02
7.695601767710369412e-01 6.375303502720367499e-01 3.650342860770049158e-02
7.819783244382118026e-01 6.219834730468022377e-01 4.058048448879179176e-02
7.953355927805213499e-01 6.045279192718564509e-01 4.458261211587656592e-02
8.094937159607985544e-01 5.851224212917215395e-01 4.849741519384772465e-02
8.243001001967164010e-01 5.637315777474191103e-01 5.231042601008377424e-02
8.395882367604955432e-01 5.403289299669086221e-01 5.600511159675360118e-02
8.551785722415132796e-01 5.149001866423977836e-01 5.956295076871822441e-02
8.708799189242726335e-01 4.874465063664982223e-01 6.296359142155566468e-02
8.864914723070883573e-01 4.579877210059649095e-01 6.618509558606575083e-02
9.018054780425012185e-01 4.265653578676157354e-01 6.920427664663598988e-02
9.166105566076930833e-01 3.932452982451617451e-01 7.199712879952285816e-02
9.306956515515455441e-01 3.581198977132691863e-01 7.453934335218544149e-02
9.438545182594214600e-01 3.213093929529580173e-01 7.680690011879953705e-02
9.557481254827350226e-01 2.838601205135142802e-01 7.726145024181975407e-02
9.662178715189015943e-01 2.458296390539217446e-01 7.740279662293025886e-02
9.751969969263258875e-01 2.074321399738888183e-01 7.722113382096022771e-02
9.826449983383506170e-01 1.688927528459739369e-01 7.670998965606909414e-02
9.885490340845946022e-01 1.304433429315939863e-01 7.586643350586988466e-02
9.929244553388999472e-01 9.231806413233317743e-02 7.469117131553049127e-02
9.958144234285798424e-01 5.474887215632442267e-02 7.318852255738957091e-02
9.972886279307591195e-01 1.796120561209048339e-02 7.136628159158943385e-02
9.974411725987926136e-01 -1.782997036976289446e-02 6.923547288415148049e-02
9.963877420521105588e-01 -5.242359106411623865e-02 6.681001567364777682e-02
9.942621974716685518e-01 -8.563526185378539379e-02 6.410631840159632111e-02
9.912127716240327624e-01 -1.172992893327121089e-01 6.114282618053221152e-02
9.873980414104708281e-01 -1.472699413813509939e-01 5.793954563334426100e-02
9.829828504706450421e-01 -1.754219507413798396e-01 5.451757068148573721e-02
9.781343372118666002e-01 -2.016503177790063273e-01 5.089863055384014762e-02
9.730181979784660040e-01 -2.258695008011619709e-01 4.710467782253058289e-02
9.677952843564388008e-01 -2.480121050526442883e-01 4.315753009434064591e-02
9.626186012213904242e-01 -2.680271941719110651e-01 3.907857453787448587e-02
9.576307410553679400e-01 -2.858783512285129058e-01 3.488854009128715405e-02
9.529617625827617733e-01 -3.015416120256594334e-01 3.060733826796226131e-02
9.487274994338341649e-01 -3.150033830267757184e-01 2.625397014943710999e-02
9.450282681042107003e-01 -3.262584420330517099e-01 2.184649451760842243e-02
9.419479340516612176e-01 -3.353081034183589271e-01 1.740205013793794803e-02
9.395532899645190339e-01 -3.421586128192614096e-01 1.293692390439454311e-02
9.378937003140737083e-01 -3.468198197846918962e-01 8.466655797396865565e-03
9.370009703381348976e-01 -3.493041617055332448e-01 4.006171272151505536e-03
9.368894045925262315e-01 -3.496259786883663678e-01 -4.300683290016033347e-04
9.375560291579816408e-01 -3.478011669236644732e-01 -4.827906561579848460e-03
9.389809615649535868e-01 -3.438471673186568878e-01 -9.173332766583389836e-03
9.411279226380272478e-01 -3.377832763782330217e-01 -1.345233156849250447e-02
9.439448939824534035e-01 -3.296312571367007727e-01 -1.765074903212746071e-02
9.473649330250834000e-01 -3.194162190153911340e-01 -2.175418299779833392e-02
9.513071637307641826e-01 -3.071677265556961300e-01 -2.574790448339896176e-02
9.556779647574958902e-01 -2.929210879652784927e-01 -2.961681626037910089e-02
9.603723773846245537e-01 -2.767187654331640934e-01 -3.334545371970894928e-02
9.652757526579992531e-01 -2.586118405638038187e-01 -3.691803188716791945e-02
9.702656506197385733e-01 -2.386614606293655239e-01 -4.031854088053681701e-02
9.752139942313986509e-01 -2.169401854258615481e-01 -4.353089020554710975e-02
9.799894669542467129e-01 -1.935331512667884946e-01 -4.653910008026542616e-02
9.844601265622330288e-01 -1.685389690271422158e-01 -4.932753552222293725e-02
9.884961896489742328e-01 -1.420702780459070780e-01 -5.188117634293855363e-02
9.919729228234556162e-01 -1.142538877563193250e-01 -5.418591363368759073e-02
9.947735594283751981e-01 -8.523045440173633580e-02 -5.622886099761520429e-02
9.967921465686253590e-01 -5.515366085198735585e-02 -5.799866691216420955e-02
9.979362180752882061e-01 -2.418889249992453236e-02 -5.948581341513532739e-02
9.981291862593522080e-01 7.488569978142681910e-03 -6.068288598768069309e-02
9.973123499435981865e-01 3.969579156152744370e-02 -6.158480018502206915e-02
9.954464286295880981e-01 7.224478091604330521e-02 -6.218897227835938624e-02
9.925125522846015569e-01 1.049453456325143003e-01 -6.249542385185923032e-02
9.885126618308223145e-01 1.376080876010066789e-01 -6.250681377247623016e-02
9.834693049900808948e-01 1.700474120299467762e-01 -6.222839495069432125e-02
9.774248432002917708e-01 2.020844228980572810e-01 -6.166789750646644447e-02
9.704401152069872527e-01 2.335495856457129871e-01 -6.083534399202895904e-02
9.625926291228057430e-01 2.642850538189590037e-01 -5.974280586688930639e-02
9.539743751683713580e-01 2.941465785498889041e-01 -5.840411319526772616e-02
9.446893645708226428e-01 3.230049460229104663e-01 -5.683453135838859027e-02
9.348510056165078019e-01 3.507469160163699806e-01 -5.505041936574820577e-02
9.245794258525321663e-01 3.772756618523975258e-01 -5.306888414011791399e-02
9.139988408256062291e-01 4.025107365808351378e-01 -5.090744406227069863e-02
9.032350559631806552e-01 4.263876104208939588e-01 -4.858371328242253734e-02
8.924131709501775811e-01 4.488568394501131764e-01 -4.611511606258301282e-02
8.816555369979802714e-01 4.698829349420413082e-01 -4.351863794087819370e-02
8.710799983638176647e-01 4.894430068327848549e-01 -4.081061802013856432e-02
8.607984317010545228e-01 5.075252541828194630e-01 -3.800658435594184148e-02
8.509155812886144421e-01 5.241273711068096253e-01 -3.512113238340307253e-02
8.415281755075230130e-01 5.392549295084717587e-01 -3.216784465647232194e-02
8.327243003609466898e-01 5.529197911161450874e-01 -2.915924891074518632e-02
8.245829993368261057e-01 5.651385917069272624e-01 -2.610681059429992984e-02
8.171740652391960014e-01 5.759313308138840348e-01 -2.302095550534900489e-02
8.105579883772600081e-01 5.853200912255814847e-01 -1.991111797632015915e-02
8.047860262438969459e-01 5.933279046138087987e-01 -1.678581008775861111e-02
7.999003620700725348e-01 5.999777728939702515e-01 -1.365270761676568717e-02
7.959343229714793688e-01 6.052918495169996582e-01 -1.051874876193963776e-02
7.929126324279323068e-01 6.092907807812822929e-01 -7.390242085724307852e-03
7.908516762431770930e-01 6.119932043250588816e-01 -4.272980530758649712e-03
7.897597656830271928e-01 6.134154000473767132e-01 -1.172358764206557925e-03
7.896373860097384290e-01 6.135710876118062318e-01 1.906508542325993042e-03
7.904774230033000393e-01 6.124713642025874094e-01 4.958669596518563462e-03
7.922653642126807894e-01 6.101247761191546104e-01 7.979221408278600047e-03
7.949794755691378390e-01 6.065375179132599381e-01 1.096320047575713962e-02
7.990405317927342654e-01 6.010860056629658832e-01 1.517113979085668585e-02
8.043326377188027010e-01 5.938651479119613219e-01 1.932660143505451553e-02
8.107927495836160237e-01 5.848647757667787550e-01 2.342301154958800063e-02
8.183450896562186605e-01 5.740714099750874322e-01 2.745286152474116920e-02
8.269011846330440729e-01 5.614697938863286719e-01 3.140754346740640829e-02
8.363599675499504560e-01 5.470446587762960444e-01 3.527721607514246183e-02
8.466079996710256239e-01 5.307827024153328743e-01 3.905070657297328440e-02
8.575198727127684162e-01 5.126747528162389766e-01 4.271545481434162878e-02
8.689588530224359175e-01 4.927180776474133217e-01 4.625750582553605356e-02
8.807778271684563176e-01 4.709187862490257226e-01 4.966155685515579593e-02
8.928206020297191348e-01 4.472942562882959994e-01 5.291106425267256413e-02
9.049236012093356818e-01 4.218755019430845965e-01 5.598841413781061038e-02
9.169179830213252114e-01 3.947093865795899270e-01 5.887515876770978152e-02
9.286321833944345405e-01 3.658605719571071946e-01 6.155231775214467516e-02
9.398948603628490828e-01 3.354130899857172832e-01 6.400073987672520726e-02
9.505381866094976262e-01 3.034714238808773334e-01 6.620151743085327112e-02
9.604014047601271420e-01 2.701609947986284843e-01 6.813644085977010878e-02
9.693345294213125962e-01 2.356279686876049939e-01 6.978847761538060912e-02
9.772020534032899164e-01 2.000383262540418317e-01 7.114225567808449280e-02
9.838864963970436195e-01 1.635761755827719044e-01 7.218452978977933643e-02
9.892916255216297472e-01 1.264413298691653142e-01 7.290460736647927376e-02
9.933451807968733949e-01 8.884621857003949241e-02 7.329471163663593691e-02
9.960009557095241828e-01 5.101224495143013432e-02 7.335026190910461097e-02
9.972401131178387779e-01 1.316574205723570340e-02 7.307005494591389816e-02
9.970716576940442666e-01 -2.446629161247659834e-02 7.245633692362443701e-02
9.955320344428856272e-01 -6.166047920455598047e-02 7.151476195049819018e-02
9.926838740722483401e-01 -9.820117657513230403e-02 7.025423997070255611e-02
9.886139552479535908e-01 -1.338842222464018406e-01 6.868668348451592576e-02
9.834304964333533405e-01 -1.685201684586931647e-01 6.682666823443239590e-02
9.772599223832890702e-01 -2.019368732563432689e-01 6.469102735896593848e-02
9.702432700681784539e-01 -2.339813777191864230e-01 6.229840118524179737e-02
9.625324050504684426e-01 -2.645210386246930057e-01 5.966876571194726364e-02
9.542862128513751596e-01 -2.934439307736035896e-01 5.682296202171520372e-02
9.456669126220217381e-01 -3.206585714303505918e-01 5.378224661934721124e-02
9.368366153102363203e-01 -3.460930493744368008e-01 5.056787939438315421e-02
9.279542187108534845e-01 -3.696936616807997567e-01 4.720076197788639766e-02
9.191727004575269699e-01 -3.914231724362536857e-01 4.370113511923730959e-02
9.106368398987401136e-01 -4.112588099853322077e-01 4.008833970895726850e-02
9.024813730063759865e-01 -4.291901144686404157e-01 3.638064249288067847e-02
8.948295623742247296e-01 -4.452167372077743268e-01 3.259512453917420144e-02
8.882389290149352856e-01 -4.585675393435120761e-01 2.734493665083655850e-02
8.827029214691647363e-01 -4.694131223473322900e-01 2.207261691284700261e-02
8.783137055862870746e-01 -4.777900882655976567e-01 1.679264965352306876e-02
8.751400812732286205e-01 -4.837328803322965554e-01 1.151806651204386953e-02
8.732279395678833600e-01 -4.872720971738054296e-01 6.260754414553854237e-03
8.726007785287464014e-01 -4.884333592991134676e-01 1.031785015224179029e-03
8.732602252623894445e-01 -4.872367185142369994e-01 -4.158246207857448258e-03
8.751865342401713432e-01 -4.836965946872303634e-01 -9.298881843320290497e-03
8.783390543326639044e-01 -4.778222203313602368e-01 -1.437947523295619867e-02
8.826566780997530115e-01 -4.696185703092221608e-01 -1.938888329359511609e-02
8.880583063040075054e-01 -4.590877502269047339e-01 -2.431518867428724556e-02
8.944433778355966869e-01 -4.462308115976089673e-01 -2.914546055449075343e-02
9.016925296068742934e-01 -4.310499536729909265e-01 -3.386556360990522485e-02
9.096684616789538769e-01 -4.135510603664018237e-01 -3.846002483862332594e-02
9.182170889213987497e-01 -3.937465057491877363e-01 -4.291196785066211244e-02
9.271690607413524132e-01 -3.716581435348666473e-01 -4.720312366048842051e-02
9.363417236868805116e-01 -3.473203757292022686e-01 -5.131392576859255400e-02
9.455415870248249366e-01 -3.207831748286819051e-01 -5.522369518654309667e-02
9.545673281080455652e-01 -2.921149148527472650e-01 -5.891091792347619843e-02
9.632133425461132381e-01 -2.614048518874597660e-01 -6.235361328142959708e-02
9.711574193848528935e-01 -2.296927466427045594e-01 -6.399161401746546185e-02
9.782272860142200432e-01 -1.969790525829129280e-01 -6.535328389926145509e-02
9.843166575240211991e-01 -1.634277007314867136e-01 -6.642687577212179340e-02
9.893368534346623777e-01 -1.292161216805643997e-01 -6.720277110344592686e-02
9.932191264092282701e-01 -9.453282721961565882e-02 -6.767378595964761157e-02
9.959164935875155500e-01 -5.957453143441409499e-02 -6.783541445983141960e-02
9.974049733466594514e-01 -2.454292270487324484e-02 -6.768599660143370667e-02
9.976841591880820648e-01 1.035877832817155841e-02 -6.722680126358226982e-02
9.967770973429044279e-01 4.492932508059457875e-02 -6.646201989498246032e-02
9.947294725789780356e-01 7.897286173814660470e-02 -6.539867148726596913e-02
9.916081442010394875e-01 1.123021033237793231e-01 -6.404642447369356117e-02
9.874991080319611703e-01 1.447411491872127587e-01 -6.241734573540263370e-02
9.825049873960122193e-01 1.761278255553276884e-01 -6.052559056470502991e-02
9.767421747629156936e-01 2.063154842066289296e-01 -5.838704995746917675e-02
9.703377547473606146e-01 2.351742185709430888e-01 -5.601897285016435579e-02
9.634263386514427818e-01 2.625914925384598142e-01 -5.343958088852690524e-02
9.561469316985176103e-01 2.884722082656978048e-01 -5.066769214675812677e-02
9.486399382674123304e-01 3.127382651884419995e-01 -4.772236813645340525e-02
9.410443899494194131e-01 3.353276819702211697e-01 -4.462259573636593452e-02
9.334954583861773125e-01 3.561933657124373709e-01 -4.138701263567685223e-02
9.257174677649399053e-01 3.761484262963897263e-01 -3.949554030588567355e-02
9.179193272419093885e-01 3.949940524247634310e-01 -3.747226645485075142e-02
9.101875015033469296e-01 4.126873534078208117e-01 -3.533017407202755644e-02
9.026062213357941566e-01 4.291945331196874713e-01 -3.308202088415520409e-02
8.952563668953780196e-01 4.444900811454921552e-01 -3.074021911441123661e-02
8.882145111213389788e-01 4.585558832937519091e-01 -2.831673984444088230e-02
8.815521235321681637e-01 4.713802877992844254e-01 -2.582304199946625425e-02
8.753349285889512332e-01 4.829571604330053503e-01 -2.327002514816944520e-02
8.696224081248182802e-01 4.932849577989028567e-01 -2.066800464929272746e-02
8.644674340347661134e-01 5.023658437146334421e-01 -1.802670718609837575e-02
8.599160154222557084e-01 5.102048690650852203e-01 -1.535528439660655345e-02
8.560071435724021516e-01 5.168092311446208509e-01 -1.266234211248804323e-02
8.527727182940644246e-01 5.221876244483718565e-01 -9.955982638586248490e-03
8.502375401567515700e-01 5.263496912517405812e-01 -7.243857512515649091e-03
8.484193547554871317e-01 5.293055771846310043e-01 -4.533228254488276196e-03
8.473289371918045765e-01 5.310655943663028511e-01 -1.831032728651037309e-03
8.469702073043869905e-01 5.316399924819985578e-01 8.560451305541292959e-04
8.473403686819884761e-01 5.310388363893004948e-01 3.521504335381118664e-03
8.484300670282566292e-01 5.292719873585273183e-01 6.158956580343636147e-03
8.502235659251301536e-01 5.263491837870103440e-01 8.762058549905370891e-03
8.531180478824534896e-01 5.215642777211619840e-01 1.267484507927535940e-02
8.570075419429844521e-01 5.150390071753064847e-01 1.653020555871735631e-02
8.618372410254450111e-01 5.067781076685361485e-01 2.031934763055336102e-02
8.675406097016836737e-01 4.967857374867375442e-01 2.403291404170452422e-02
8.740397900532286268e-01 4.850666804140751354e-01 2.766087101832969547e-02
8.812461015359563943e-01 4.716277214979709975e-01 3.119242572765191721e-02
8.890606706542699689e-01 4.564791656598913283e-01 3.461597709845364024e-02
8.973752268562432688e-01 4.396364621095200653e-01 3.791910405734464501e-02
9.060730991739538442e-01 4.211218897790091065e-01 4.108859479563711087e-02
9.150304434111166119e-01 4.009662508352171417e-01 4.411051994527673270e-02
9.241177218789135006e-01 3.792105114169541658e-01 4.697035146079051732e-02
9.332014467212846887e-01 3.559073219241850605e-01 4.965312755143373030e-02
9.421461839128925098e-01 3.311223444290028461e-01 5.214366219199443458e-02
9.508167985214092122e-01 3.049353131055664301e-01 5.442679561336462996e-02
9.590809036129710474e-01 2.774407559486111730e-01 5.648767983461813746e-02
9.668114564092415986e-01 2.487483132324262991e-01 5.831209089504000437e-02
9.738894274441385335e-01 2.189826005796270125e-01 5.988675716729041643e-02
9.802064531832346272e-01 1.882825821154046619e-01 6.119969119910095845e-02
9.856673715595440921e-01 1.568004413664352281e-01 6.224051116367762537e-02
9.901925346763325031e-01 1.246999631164007472e-01 6.300073739963935049e-02
9.937197946704562357e-01 9.215446660076576091e-02 6.347404983992116501e-02
9.962060679663694573e-01 5.934435706022134910e-02 6.365649343760551582e-02
9.976283996945886079e-01 2.645438644684578594e-02 6.354662096997222565e-02
9.979844729270632708e-01 -6.329267237248907552e-03 6.314556571107846072e-02
9.972925348994485795e-01 -3.882198072789887905e-02 6.245704018286107884e-02
9.955907422991586708e-01 -7.084360152818718059e-02 6.148726122695475499e-02
9.929359574611995587e-01 -1.022211791447841522e-01 6.024480564755751999e-02
9.894020544144477292e-01 -1.327914043540343314e-01 5.874040432577884441e-02
9.850778159696076397e-01 -1.624026688958474796e-01 5.698668570721791837e-02
9.800645188263861218e-01 -1.909166823835509175e-01 5.499788170293695017e-02
9.744733121301224488e-01 -2.182096101625936035e-01 5.278951020313715770e-02
9.684224959410445699e-01 -2.441727230242312086e-01 5.037804857016696392e-02
9.620348003275268622e-01 -2.687125749626519400e-01 4.778061173574325859e-02
9.554347544620047650e-01 -2.917507468573400931e-01 4.501464703423492530e-02
9.487462197508605977e-01 -3.132232109214316829e-01 4.209765586497565132e-02
9.420901433751943665e-01 -3.330793824297133554e-01 3.904694991554132077e-02
9.355825703050402176e-01 -3.512809316286615857e-01 3.587944720995406289e-02
9.293329343048554181e-01 -3.678004302904842038e-01 3.261151085674639238e-02
9.234426327850125960e-01 -3.826199048767517930e-01 2.925883120508264434e-02
9.180038773250740469e-01 -3.957293626728596303e-01 2.583635026802912765e-02
9.134994912701066561e-01 -4.063023477811608108e-01 2.091516269119916838e-02
9.099099857352797027e-01 -4.144984446435128200e-01 1.597556342448886238e-02
9.073001965306349836e-01 -4.203391490164317679e-01 1.103242236298561905e-02
9.057140826539202827e-01 -4.238456748788885786e-01 6.099677481478736618e-03
9.051749583928203613e-01 -4.250379279099304464e-01 1.190576547033073834e-03
9.056858304674141324e-01 -4.239339379048209233e-01 -3.682068854021378068e-03
9.072298136089813614e-01 -4.205497437956302043e-01 -8.505627569481841871e-03
9.097706149446285195e-01 -4.148997166093901789e-01 -1.326740139137389668e-02
9.132530937964414841e-01 -4.069972982356261371e-01 -1.795439530590598604e-02
9.176039182583737297e-01 -3.968561263928525595e-01 -2.255311458530239246e-02
9.227323524713565428e-01 -3.844915079247936962e-01 -2.704939749874164107e-02
9.285312181572468182e-01 -3.699221929852917201e-01 -3.142829205980275653e-02
9.348780799489598836e-01 -3.531723915438492734e-01 -3.567398471489711259e-02
9.416367056114782752e-01 -3.342739610788751925e-01 -3.976978807780345154e-02
9.486588486778131379e-01 -3.132686808495775965e-01 -4.369819359568064693e-02
9.557863917623830030e-01 -2.902105147083709480e-01 -4.744099327530993532e-02
9.628538735765924672e-01 -2.651677524038227318e-01 -5.097947222668645917e-02
9.696914016021423999e-01 -2.382249104339663193e-01 -5.429467077680055764e-02
9.761279261969012522e-01 -2.094842696323256370e-01 -5.736771133277061147e-02
9.819948220193619459e-01 -1.790669296619175344e-01 -6.018018118915093029e-02
9.871296911793261408e-01 -1.471132719993745730e-01 -6.271455833759101428e-02
9.913802722103781662e-01 -1.137827437306151435e-01 -6.495466339533126354e-02
9.946083129981754256e-01 -7.925290455171016268e-02 -6.688611743022969403e-02
9.966932474613000581e-01 -4.371771764297982532e-02 -6.849678314725704542e-02
9.975355079943063474e-01 -7.385109227088314243e-03 -6.977716599446603940e-02
9.970593105507395970e-01 2.952613178631711965e-02 -7.072075251855981792e-02
9.952147676288194411e-01 6.678999780774788619e-02 -7.132426586151896508e-02
9.919792156624981372e-01 1.041772952808092539e-01 -7.158782254993681371e-02
9.873576851710660351e-01 1.414598827392709035e-01 -7.151498038862552642e-02
9.813824908521862067e-01 1.784149158356027054e-01 -7.111267384781795597e-02
9.741119700437664841e-01 2.148289010482178629e-01 -7.039104022257781923e-02
9.656284467278056782e-01 2.505013749089609609e-01 -6.936314639428914353e-02
9.560355399486692995e-01 2.852480540256739916e-01 -6.804463163391315239e-02
9.454549665697399297e-01 3.189033397128394065e-01 -6.645328607858488890e-02
9.340230064872905302e-01 3.513221055500814205e-01 -6.460858699501155489e-02
9.218868031307051458e-01 3.823807421962376885e-01 -6.253121563253001558e-02
9.092006641884886609e-01 4.119774771042010175e-01 -6.024257648357469325e-02
8.961225091208562255e-01 4.400320239908665498e-01 -5.776433839018187133e-02
8.828105840622568756e-01 4.664846456910727301e-01 -5.511801354832761984e-02
8.694205344153421722e-01 4.912947332427199942e-01 -5.232458649651798577e-02
8.561028939130536086e-01 5.144390137205865354e-01 -4.940420104513102567e-02
8.430010188486755096e-01 5.359095003833413973e-01 -4.637590916265691560e-02
8.302494695585916906e-01 5.557112926728559055e-01 -4.325748235093297006e-02
8.179728193699455918e-01 5.738603223793213859e-01 -4.006528318304696662e-02
8.062848546779380898e-01 5.903811277812761604e-01 -3.681419252121254787e-02
7.952881185899770555e-01 6.053047215478564169e-01 -3.351758647577052219e-02
7.850737442244501985e-01 6.186666021181262964e-01 -3.018735635038435547e-02
7.757215215612439652e-01 6.305049432572329415e-01 -2.683396454506070672e-02
7.673001428572547855e-01 6.408589832746832693e-01 -2.346652954227525928e-02
7.598675751947452373e-01 6.497676243894541237e-01 -2.009293356389294655e-02
7.534715139219571034e-01 6.572682440811130622e-01 -1.671994714760401124e-02
7.481498768898950935e-01 6.633957139116966051e-01 -1.335336565600628127e-02
7.439313059434661257e-01 6.681816170357655071e-01 -9.998153521989580975e-03
7.408356486894589477e-01 6.716536531482236727e-01 -6.658592791840350737e-03
7.388743998703420912e-01 6.738352186246524544e-01 -3.338433210585310066e-03
7.380510875659594960e-01 6.747451497539009857e-01 -4.104167522504678992e-05
7.383615948581804256e-01 6.743976179285025019e-01 3.230450654793306977e-03
7.397944125247427616e-01 6.728021671517789848e-01 6.473004960536300756e-03
7.423308228188021385e-01 6.699638859778921374e-01 9.683536233786278064e-03
7.459450185034703917e-01 6.658837077888889455e-01 1.285878066882542234e-02
7.510653640672737552e-01 6.600044751482697647e-01 1.718559821161640133e-02
7.575736372687726927e-01 6.523969154063995468e-01 2.146821031553856896e-02
7.654041122709005496e-01 6.430368375158753702e-01 2.570229423163427826e-02
7.744783534450336848e-01 6.318945851130788327e-01 2.988232298155958991e-02
7.847048600954698028e-01 6.189366949073759061e-01 3.400136552076463148e-02
7.959787354408777160e-01 6.041278229053463900e-01 3.805091336026409504e-02
8.081814476829414229e-01 5.874329358993942707e-01 4.202073999906990459e-02
8.211807584251465952e-01 5.688197562794474749e-01 4.589880063884387018e-02
8.348308991022193037e-01 5.482614350249185309e-01 4.967118054646396663e-02
8.489730783246053347e-01 5.257394108337413163e-01 5.332210093025909620e-02
8.634364008536571378e-01 5.012463932710236048e-01 5.683399111726426117e-02
8.780392709850971533e-01 4.747893855921038186e-01 6.018763497704261028e-02
8.925913382562236098e-01 4.463926401017593859e-01 6.336239776980670535e-02
9.068960208058355343e-01 4.161004177204595256e-01 6.633653679242373924e-02
9.207536112431827791e-01 3.839794065058040884e-01 6.908759533173572387e-02
9.339649322593398528e-01 3.501206441877217634e-01 7.159287460726172780e-02
9.463354662748936219e-01 3.146407902558542302e-01 7.382997283812225975e-02
9.576798381695870166e-01 2.776826062530767247e-01 7.577737470164283562e-02
9.678264866561671065e-01 2.394145301718434149e-01 7.741506880497790732e-02
9.766223229473164347e-01 2.000292722524855682e-01 7.872516600488313476e-02
9.839371499979427949e-01 1.597414132632542227e-01 7.969248814590124130e-02
9.896676062028667564e-01 1.187840487920222843e-01 8.030509563098488235e-02
9.937404070620262653e-01 7.740458877654721181e-02 8.055472359943278982e-02
9.961146880232375489e-01 3.585988387396669974e-02 8.043710050300340031e-02
9.967833000416554956e-01 -5.589097532323082651e-03 7.995212935306951485e-02
9.957729724206388910e-01 -4.668278198022504655e-02 7.910392033889698804e-02
9.931433292000277913e-01 -8.716841828059036790e-02 7.790067309202390600e-02
9.889848184424174793e-01 -1.268051519547886141e-01 7.635441662795407203e-02
9.834156807393430455e-01 -1.653685081478732666e-01 7.448062394042280487e-02
9.765781375259017238e-01 -2.026540915438634349e-01 7.229772548166066293e-02
9.686340165953388759e-01 -2.384803714899034477e-01 6.982655070351931337e-02
9.597600491885147633e-01 -2.726904860579244527e-01 6.708972914660896181e-02
9.501430703712702153e-01 -3.051530633541562620e-01 6.411108227059009179e-02
9.399753345134237437e-01 -3.357621161088106265e-01 6.091503463720318590e-02
9.294501245743874707e-01 -3.644361120679630028e-01 5.752606872169471058e-02
9.187577924578888000e-01 -3.911163554834887202e-01 5.396824218313206467e-02
9.080823228781560452e-01 -4.157648334573150750e-01 5.026478052489341541e-02
8.975984693874412557e-01 -4.383616860513709357e-01 4.643775230478294769e-02
8.874694718855443698e-01 -4.589024530865579155e-01 4.250782886170388630e-02
8.778453323445588596e-01 -4.773952362290493356e-01 3.849412621006236684e-02
8.688616007730385338e-01 -4.938578952773710062e-01 3.441412345888900798e-02
8.606386067699404174e-01 -5.083153752929426838e-01 3.028364985356582842e-02
8.532810627999809494e-01 -5.207972386830485023e-01 2.611693122839171127e-02
8.468779625070465000e-01 -5.313354552973202916e-01 2.192668614838641505e-02
8.415026996919563462e-01 -5.399624851910257428e-01 1.772426212752589020e-02
8.372133397041484626e-01 -5.467096735528682583e-01 1.351980285145944899e-02
8.340529837280906689e-01 -5.516059655555687335e-01 9.322438132451062870e-03
8.320501767646092395e-01 -5.546769403894085126e-01 5.140489234361835316e-03
8.312193212132327202e-01 -5.559441580746997680e-01 9.816831077142564727e-04
8.315610692665319492e-01 -5.554248092701103978e-01 -3.146630117711641736e-03
8.330626784292527454e-01 -5.531316565820637576e-01 -7.237261380086617603e-03
8.356983251145736480e-01 -5.490732552018404711e-01 -1.128297319770857343e-02
8.394293812818949263e-01 -5.432544404375396763e-01 -1.527628068985447535e-02
8.442046683451652767e-01 -5.356770692990938665e-01 -1.920926724683420447e-02
8.499607109781512904e-01 -5.263410022316891146e-01 -2.307341903476071640e-02
8.566220208161203775e-01 -5.152453089533595154e-01 -2.685948266782524005e-02
8.641014461797198454e-01 -5.023896788143542569e-01 -3.055735057037292299e-02
8.723006285232624002e-01 -4.877760109621995799e-01 -3.415597871038155570e-02
