1.000000000000000000e+00 0.000000000000000000e+00 0.000000000000000000e+00
9.999999874639344810e-01 7.234293603687160846e-05 -1.408515388837052341e-04
9.999999429172344856e-01 1.883150693213126218e-04 -2.805425761007605736e-04
9.999998519012358589e-01 3.475164760101695656e-04 -4.188457320999300413e-04
9.999996947281630799e-01 5.494770500111716745e-04 -5.555370146335476735e-04
9.999994467321079439e-01 7.936576136751219163e-04 -6.903961756472878604e-04
9.999990785597119292e-01 1.079451137361156672e-03 -8.232070603796601011e-04
9.999985564980695685e-01 1.406184065515742564e-03 -9.537579481479834757e-04
9.999978428371368855e-01 1.773117746761737352e-03 -1.081841884310064030e-03
9.999968962637068026e-01 2.179449965350063745e-03 -1.207257002903710250e-03
9.999956722838226897e-01 2.624316571183287101e-03 -1.329806839479639232e-03
9.999941236703242531e-01 3.106793205477694376e-03 -1.449300633657303649e-03
9.999922009320744154e-01 3.625897118988435745e-03 -1.565553620947758399e-03
9.999898528012901577e-01 4.180589079581128326e-03 -1.678387313402959985e-03
9.999870267353015985e-01 4.769775365793302302e-03 -1.787629768666882963e-03
9.999836694289909733e-01 5.392309842890526984e-03 -1.893115847020626283e-03
9.999797273341166637e-01 6.046996117785459132e-03 -1.994687456031288015e-03
9.999751471817051041e-01 6.732589769053836867e-03 -2.092193782432874571e-03
9.999698765037003945e-01 7.447800648150225411e-03 -2.185491510886902571e-03
9.999638641500915304e-01 8.191295247798678625e-03 -2.274445029290674859e-03
9.999570607977948944e-01 8.961699133410060830e-03 -2.358926620322488593e-03
9.999494194476507003e-01 9.757599433259316057e-03 -2.438816638935268309e-03
9.999408959059971069e-01 1.057754738304318883e-02 -2.514003675533309310e-03
9.999314492474175031e-01 1.142006092033247787e-02 -2.584384704590940180e-03
9.999210422554049016e-01 1.228362732433369194e-02 -2.649865218496963090e-03
9.999096418378617956e-01 1.316670589628365050e-02 -2.710359346434655561e-03
9.998972194145454573e-01 1.406773067571786238e-02 -2.765789958133857245e-03
9.998837512737795974e-01 1.498511318778017985e-02 -2.816088752359198390e-03
9.998692188959795724e-01 1.591724521667786663e-02 -2.861196330026729347e-03
9.998536092417823484e-01 1.686250160033353485e-02 -2.901062251870051550e-03
9.998369150028265651e-01 1.781924304124385752e-02 -2.935645080606401076e-03
9.998191348134953804e-01 1.878581892852522126e-02 -2.964912407582918907e-03
9.998002734222128929e-01 1.976057016610871173e-02 -2.988840863913440338e-03
9.997803418211658188e-01 2.074183200204176084e-02 -3.007416116146435087e-03
9.997593573336155393e-01 2.172793685386120721e-02 -3.020632846535117703e-03
9.997373436582558393e-01 2.271721712502312168e-02 -3.028494718011094222e-03
9.997143308703682063e-01 2.370800800740814618e-02 -3.031014323993083508e-03
9.996903553798185404e-01 2.469865026496765106e-02 -3.028213123192148842e-03
9.996654598462336727e-01 2.568749299363531566e-02 -3.020121359604329998e-03
9.996396930519797497e-01 2.667289635270087000e-02 -3.006777967910493482e-03
9.996131097338468718e-01 2.765323426292711981e-02 -2.988230464531460313e-03
9.995857703746167111e-01 2.862689706678784099e-02 -2.964534824613941372e-03
9.995577409559502913e-01 2.959229414631212376e-02 -2.935755345249360312e-03
9.995290926742845805e-01 3.054785649413968920e-02 -2.901964495253206433e-03
9.994999016216631338e-01 3.149203923352098672e-02 -2.863242751857004390e-03
9.994702484336472903e-01 3.242332408313490510e-02 -2.819678424688241980e-03
9.994402179066604885e-01 3.334022176274469701e-02 -2.771367467435579234e-03
9.994098985873061114e-01 3.424127433586888342e-02 -2.718413277617294423e-03
9.993793823363696927e-01 3.512505748580690978e-02 -2.660926484890165870e-03
9.993487638703646425e-01 3.599018272152915837e-02 -2.599024728353771952e-03
9.993181402836117666e-01 3.683529951011607628e-02 -2.532832423321499434e-03
9.992876105539509890e-01 3.765909733261074005e-02 -2.462480518044356075e-03
9.992572750352707311e-01 3.846030766033291942e-02 -2.388106240886967140e-03
9.992272349401055687e-01 3.923770584888877644e-02 -2.309852838466907275e-03
9.991975918155967529e-01 3.999011294729863664e-02 -2.227869305278788736e-03
9.991684470161303899e-01 4.071639741985461775e-02 -2.142310105333319458e-03
9.991399011759679594e-01 4.141547677850952042e-02 -2.053334886348874913e-03
9.991120536851609835e-01 4.208631912378749812e-02 -1.961108187039080440e-03
9.990850021719976937e-01 4.272794459239517145e-02 -1.865799138044463030e-03
9.990588419951657029e-01 4.333942670989782142e-02 -1.767581157059533621e-03
9.990336657487284278e-01 4.391989364700928794e-02 -1.666631638708705081e-03
9.990095627829103098e-01 4.446852937822494412e-02 -1.563131639725345119e-03
9.989866187435628708e-01 4.498457474170462767e-02 -1.457265559988074046e-03
9.989649151330425303e-01 4.546732839948613991e-02 -1.349220819967207564e-03
9.989445288950772328e-01 4.591614769727972445e-02 -1.239187535132119057e-03
9.989255320260255200e-01 4.633044942325915266e-02 -1.127358187867308912e-03
9.989079912147464935e-01 4.670971046542629623e-02 -1.013927297441222231e-03
9.988919675131028297e-01 4.705346836728228899e-02 -8.990910885674123845e-04
9.988775160389091745e-01 4.736132178169046719e-02 -7.830471590925941732e-04
9.988646857129199752e-01 4.763293082296370107e-02 -6.659941473405342439e-04
9.988535190312244350e-01 4.786801731735171317e-02 -5.481313996346508797e-04
9.988440518741833474e-01 4.806636495224280575e-02 -4.296586385157192731e-04
9.988363133528046500e-01 4.822781932452925580e-02 -3.107756321642375207e-04
9.988303256932125063e-01 4.835228788871652472e-02 -1.916818655298714851e-04
9.988261041596223633e-01 4.843973980548386266e-02 -7.257621366299593754e-05
9.988236570159892969e-01 4.849020569152822507e-02 4.634338226427357982e-05
9.988229855262568124e-01 4.850377727164457281e-02 1.648802357679842172e-04
9.988240839928909098e-01 4.848060693411442718e-02 2.828392322216037157e-04
9.988269398331511839e-01 4.842090719059099352e-02 4.000271419212094413e-04
9.988315336923200283e-01 4.832495004178368608e-02 5.162529285914962615e-04
9.988378395928877440e-01 4.819306625035770647e-02 6.313280528859626555e-04
9.988458251184790804e-01 4.802564452257601646e-02 7.450667704432723968e-04
9.988554516311002329e-01 4.782313060032130497e-02 8.572864240706085624e-04
9.988666745200927011e-01 4.758602626524538470e-02 9.678077296338600567e-04
9.988794434809991074e-01 4.731488825690222805e-02 1.076455055243736702e-03
9.988937028223769943e-01 4.701032710682945259e-02 1.183056693336418698e-03
9.989093917984417370e-01 4.667300589065100785e-02 1.287445125257163057e-03
9.989264449652813793e-01 4.630363890038167313e-02 1.389457277965427126e-03
9.989447925582610743e-01 4.590299023922117527e-02 1.488934772490591160e-03
9.989643608881267900e-01 4.547187234123292038e-02 1.585724163778287534e-03
9.989850727532283425e-01 4.501114441840873420e-02 1.679677171578734373e-03
9.990068478652064377e-01 4.452171083772683141e-02 1.770650902040348581e-03
9.990296032854335539e-01 4.400451943091537865e-02 1.858508059684327611e-03
9.990532538694595344e-01 4.346055973973777381e-02 1.943117149448873263e-03
9.990777127166924343e-01 4.289086119971838307e-02 2.024352668505317605e-03
9.991028916225433987e-01 4.229649126532806364e-02 2.102095287562623458e-03
9.991287015302773300e-01 4.167855347974747798e-02 2.176232021391609570e-03
9.991550529798475244e-01 4.103818549242217728e-02 2.246656388315787598e-03
9.991818565510387495e-01 4.037655702771628802e-02 2.313268558431931608e-03
9.992090232983125153e-01 3.969486780806123771e-02 2.375975490340414761e-03
9.992364651748295579e-01 3.899434543508123463e-02 2.434691056182963775e-03
9.992640954432238098e-01 3.827624323225824882e-02 2.489336154803755731e-03
9.992918290708153739e-01 3.754183805277507002e-02 2.539838812868751468e-03
9.993195831070756929e-01 3.679242805624532292e-02 2.586134273797734834e-03
9.993472770412999973e-01 3.602933045810376156e-02 2.628165074383745272e-03
9.993748331385915451e-01 3.525387925548776474e-02 2.665881108995354562e-03
9.994021767524277067e-01 3.446742293349179531e-02 2.699239681278544842e-03
9.994292366122475846e-01 3.367132215572000292e-02 2.728205543296717984e-03
9.994559450846830506e-01 3.286694744309751059e-02 2.752750922069561318e-03
9.994822384072433730e-01 3.205567684492831304e-02 2.772855533494033523e-03
9.995080568934558984e-01 3.123889360620644290e-02 2.788506583653569109e-03
9.995333451086652055e-01 3.041798383519711199e-02 2.799698757544629660e-03
9.995580520158940940e-01 2.959433417530538818e-02 2.806434195272907665e-03
9.995821310913725055e-01 2.876932948524180481e-02 2.808722455794705405e-03
9.996055404095446351e-01 2.794435053147680328e-02 2.806580468302212038e-03
9.996282426975681146e-01 2.712077169694899342e-02 2.800032471374469447e-03
9.996502053595180959e-01 2.629995870995602628e-02 2.789109940038713657e-03
9.996714004707067946e-01 2.548326639711143496e-02 2.773851500909365556e-03
9.996918047427207910e-01 2.467203646419612040e-02 2.754302835594188165e-03
9.997113994599639009e-01 2.386759530866961257e-02 2.730516572578915377e-03
9.997301703886726232e-01 2.307125186753390678e-02 2.702552167822928290e-03
9.997481076595392535e-01 2.228429550416186761e-02 2.670475774319217965e-03
9.997663776211147546e-01 2.143568496021369674e-02 2.775180449773733803e-03
9.997845832652771936e-01 2.055535982939731346e-02 2.874767344904420856e-03
9.998026110351667661e-01 1.964493540662158588e-02 2.969094482595314218e-03
9.998203495903725813e-01 1.870606975365899163e-02 3.058029298708716485e-03
9.998376905264687586e-01 1.774046075137325831e-02 3.141448822845159874e-03
9.998545290683832354e-01 1.674984309526119514e-02 3.219239842475392008e-03
9.998707647332245596e-01 1.573598523944869446e-02 3.291299050178282237e-03
9.998863019584325329e-01 1.470068629440994187e-02 3.357533173746828775e-03
9.999010506913856844e-01 1.364577288379863543e-02 3.417859088954092878e-03
9.999149269368888815e-01 1.257309596588934361e-02 3.472203914801810787e-03
9.999278532592774660e-01 1.148452762522479860e-02 3.520505091106562127e-03
9.999397592362052611e-01 1.038195784015000407e-02 3.562710438311595534e-03
9.999505818615320729e-01 9.267291231985441691e-03 3.598778199446605458e-03
9.999602658950905720e-01 8.142443801648652918e-03 3.628677064192782457e-03
9.999687641574864783e-01 7.009339659575132206e-03 3.652386175046189436e-03
9.999760377684713264e-01 5.869907754815293331e-03 3.669895115608765024e-03
9.999820563278167818e-01 4.726078609193654599e-03 3.681203881072877496e-03
9.999867980380161558e-01 3.579781062408949298e-03 3.686322831002155232e-03
9.999902497685324576e-01 2.432939033929415115e-03 3.685272624548143524e-03
9.999924070617087768e-01 1.287468307495895662e-03 3.678084138278967137e-03
9.999932740808460396e-01 1.452733439866685933e-04 3.664798366832474480e-03
9.999928635013364264e-01 -9.917558716777228212e-04 3.645466306642066757e-03
9.999911963461136644e-01 -2.121746944003575705e-03 3.620148823018446479e-03
9.999883017670448959e-01 -3.242848135289352202e-03 3.588916500904652113e-03
9.999842167742337695e-01 -4.353231383533356057e-03 3.551849479654808645e-03
9.999789859155375771e-01 -5.451095264668569598e-03 3.509037272218895435e-03
9.999726609089105711e-01 -6.534667894062074454e-03 3.460578569146333539e-03
9.999653002304782490e-01 -7.602209762382152597e-03 3.406581027850210958e-03
9.999569686615168429e-01 -8.652016501113858962e-03 3.347161047601377674e-03
9.999477367977541720e-01 -9.682421573192434572e-03 3.282443530747352223e-03
9.999376805246297240e-01 -1.069179888442232766e-02 3.212561630674892581e-03
9.999268804623424600e-01 -1.167856531155648733e-02 3.137656487057145869e-03
9.999154213846797035e-01 -1.264118314312485947e-02 3.057876948946428551e-03
9.999033916157568092e-01 -1.357816242932134015e-02 2.973379286291896826e-03
9.998908824089027814e-01 -1.448806323748360290e-02 2.884326890477594864e-03
9.998779873120052786e-01 -1.536949780992895309e-02 2.790889964490653966e-03
9.998648015236748510e-01 -1.622113262114051671e-02 2.693245203341734870e-03
9.998514212446060201e-01 -1.704169033153041940e-02 2.591575465370234577e-03
9.998379430285012637e-01 -1.782995163523910798e-02 2.486069435075320862e-03
9.998244631368813362e-01 -1.858475699966151765e-02 2.376921278120607862e-03
9.998110769020380761e-01 -1.930500829462047582e-02 2.264330289165298639e-03
9.997978781022861527e-01 -1.998967030933460412e-02 2.148500533177979867e-03
9.997849583535487472e-01 -2.063777215555141417e-02 2.029640480891061003e-03
9.997724065211607281e-01 -2.124840855543535731e-02 1.907962639054196522e-03
9.997603081556004634e-01 -2.182074101301492014e-02 1.783683176144019392e-03
9.997487449556643480e-01 -2.235399886820190613e-02 1.657021544185274375e-03
9.997377942623816294e-01 -2.284748023259936672e-02 1.528200097335050568e-03
9.997275285867281980e-01 -2.330055280651209884e-02 1.397443707877420041e-03
9.997180151739459841e-01 -2.371265457676493757e-02 1.264979380270485733e-03
9.997093156070006037e-01 -2.408329439511935552e-02 1.131035863881733579e-03
9.997014854514291171e-01 -2.441205243725783763e-02 9.958432650407915594e-04
9.996945739435303402e-01 -2.469858054247872636e-02 8.596326590313019007e-04
9.996886237235459438e-01 -2.494260243441145594e-02 7.226357026357184974e-04
9.996836706151670526e-01 -2.514391382322392343e-02 5.850842478385217703e-04
9.996797434523801984e-01 -2.530238238995038275e-02 4.472099572846828996e-04
9.996768639543452961e-01 -2.541794765372007089e-02 3.092439220812630762e-04
9.996750466486747921e-01 -2.549062072281427574e-02 1.714162825208628783e-04
9.996742988431576160e-01 -2.552048393062315845e-02 3.395585229627997507e-05
9.996746206456552652e-01 -2.550769035771384072e-02 -1.029102532337737694e-04
9.996760050315774970e-01 -2.545246324135850419e-02 -2.389569841776853054e-04
9.996784379580417879e-01 -2.535509527400613486e-02 -3.739617181022348138e-04
9.996818985235171873e-01 -2.521594779231434158e-02 -5.077046163516080873e-04
9.996863591714666430e-01 -2.503544985848905891e-02 -6.399689741735847728e-04
9.996917859362250969e-01 -2.481409723581010779e-02 -7.705415641425367428e-04
9.996981387290888588e-01 -2.455245126035008468e-02 -8.992129723792357610e-04
9.997053716623441888e-01 -2.425113761102300897e-02 -1.025777927078057837e-03
9.997134334087349750e-01 -2.391084498022799654e-02 -1.150035618863033291e-03
9.997222675936576763e-01 -2.353232364748200287e-02 -1.271790012505368125e-03
9.997318132171809646e-01 -2.311638395856459305e-02 -1.390850149546625416e-03
9.997420051028168553e-01 -2.266389471282668003e-02 -1.507030441383744790e-03
9.997527743698205738e-01 -2.217578146144436393e-02 -1.620150952384569101e-03
9.997640489256717222e-01 -2.165302471952809324e-02 -1.730037672615594106e-03
9.997757539752847311e-01 -2.109665809512622364e-02 -1.836522779777322294e-03
9.997878125434165320e-01 -2.050776633829056589e-02 -1.939444889956942796e-03
9.998001460066857637e-01 -1.988748331349897425e-02 -2.038649296823131628e-03
9.998126746315838531e-01 -1.923698989885645402e-02 -2.133988198903616091e-03
9.998253181148525348e-01 -1.855751181562083699e-02 -2.225320914602826015e-03
9.998379961226182555e-01 -1.785031739172136117e-02 -2.312514084634494180e-03
9.998506288247142049e-01 -1.711671526305803478e-02 -2.395441861562487909e-03
9.998631374206847777e-01 -1.635805201648556431e-02 -2.473986086162502113e-03
9.998761998760757885e-01 -1.550338479980694663e-02 -2.688871778302015948e-03
9.998894652138327066e-01 -1.458283195411744747e-02 -2.898003055575646206e-03
9.999027309949575226e-01 -1.359823685563532440e-02 -3.101058413716300654e-03
9.999157883885924081e-01 -1.255154121159999386e-02 -3.297727928369609349e-03
9.999284238888843657e-01 -1.144478143994498084e-02 -3.487713722688266793e-03
9.999404210591035236e-01 -1.028008490203726616e-02 -3.670730414166995491e-03
9.999515622906547385e-01 -9.059665993905959003e-03 -3.846505539954104061e-03
9.999616305646090719e-01 -7.785822101723871916e-03 -4.014779959889454818e-03
9.999704112034478731e-01 -6.460929427658419766e-03 -4.175308236536154349e-03
9.999776936008631933e-01 -5.087438692570059144e-03 -4.327858991494708783e-03
9.999832729176898471e-01 -3.667870722403755463e-03 -4.472215237314056298e-03
9.999869517323548562e-01 -2.204811925487722580e-03 -4.608174684343909269e-03
9.999885416346167011e-01 -7.009096683201249296e-04 -4.735550021907460917e-03
9.999878647518293251e-01 8.411324422157636510e-04 -4.854169173212690910e-03
9.999847551974981874e-01 2.418559361918368351e-03 -4.963875523464316569e-03
9.999790604324942933e-01 4.028569488992917412e-03 -5.064528120686785650e-03
9.999706425299533796e-01 5.668319611496210227e-03 -5.156001848821458768e-03
9.999593793356077454e-01 7.334929913270606290e-03 -5.238187572718087416e-03
9.999451655160688235e-01 9.025489028871971908e-03 -5.310992254701598844e-03
9.999279134883973796e-01 1.073705913776209185e-02 -5.374339042459700365e-03
9.999075542251559812e-01 1.246668108783573203e-02 -5.428167328064567934e-03
9.998840379300335535e-01 1.421137953818899131e-02 -5.472432778012441094e-03
9.998573345800515488e-01 1.596816811091150007e-02 -5.507107334237803034e-03
9.998274343313027224e-01 1.773405454160239050e-02 -5.532179186133525176e-03
9.997943477861328532e-01 1.950604581827048919e-02 -5.547652713684311440e-03
9.997581061206355368e-01 2.128115329828414101e-02 -5.553548401897420890e-03
9.997187610722965134e-01 2.305639779308587059e-02 -5.549902726791438451e-03
9.996763847885805632e-01 2.482881461048222493e-02 -5.536768013280166968e-03
9.996310695381960265e-01 2.659545854445891783e-02 -5.514212265363956610e-03
9.995829272876969318e-01 2.835340880265522362e-02 -5.482318969114426642e-03
9.995320891469773317e-01 3.009977386185788001e-02 -5.441186869009952305e-03
9.994787046880772019e-01 3.183169624214185478e-02 -5.390929718248007978e-03
9.994229411425414877e-01 3.354635719059095161e-02 -5.331676003725931492e-03
9.993649824833563677e-01 3.524098126587244667e-02 -5.263568646443484399e-03
9.993050283982143345e-01 3.691284081531428368e-02 -5.186764678138279863e-03
9.992432931615379266e-01 3.855926033653662988e-02 -5.101434895018368623e-03
9.991800044133083425e-01 4.017762071611899466e-02 -5.007763489504738971e-03
9.991154018533023873e-01 4.176536333823532843e-02 -4.905947660939892138e-03
9.990497358598292577e-01 4.331999405665847014e-02 -4.796197206256853918e-03
9.989832660424839972e-01 4.483908702401836338e-02 -4.678734091635803477e-03
9.989162597387869491e-01 4.632028837269087235e-02 -4.553792006202921072e-03
9.988489904648593098e-01 4.776131974219209597e-02 -4.421615898848014516e-03
9.987817363304961615e-01 4.915998164845256785e-02 -4.282461499254090753e-03
9.987147784291353636e-01 5.051415669084253351e-02 -4.136594824243370119e-03
9.986483992132865195e-01 5.182181259331015977e-02 -3.984291670550466763e-03
9.985828808659764633e-01 5.308100507647516703e-02 -3.825837095134840878e-03
9.985185036786937696e-01 5.428988055798792539e-02 -3.661524884141391378e-03
9.984555444461679086e-01 5.544667867891522883e-02 -3.491657011610528518e-03
9.983942748881077245e-01 5.654973465434660201e-02 -3.316543089027626772e-03
9.983349601077491364e-01 5.759748144682606125e-02 -3.136499806786737735e-03
9.982778570967247855e-01 5.858845176160253077e-02 -2.951850368625300643e-03
9.982232132953755555e-01 5.952127986305564417e-02 -2.762923920065719387e-03
9.981712652171738087e-01 6.039470321199148783e-02 -2.570054971876530210e-03
9.981222371454318010e-01 6.120756392381417055e-02 -2.373582819540913380e-03
9.980763399099222832e-01 6.195881004786370910e-02 -2.173850959693948617e-03
9.980337697504521044e-01 6.264749666846880505e-02 -1.971206504462703901e-03
9.979947072738051261e-01 6.327278682849465929e-02 -1.765999594615427944e-03
9.979593165098136209e-01 6.383395227637267411e-02 -1.558582812398178223e-03
9.979277440716305403e-01 6.433037403778112118e-02 -1.349310594909547021e-03
9.979001184245663847e-01 6.476154281330551155e-02 -1.138538648837099636e-03
9.978765492671249904e-01 6.512705920354651401e-02 -9.266233673530397058e-04
9.978571270271308080e-01 6.542663376326303404e-02 -7.139212499417348003e-04
9.978419224750864069e-01 6.566008688624187795e-02 -5.007883259083337982e-04
9.978309864561434317e-01 6.582734852267453640e-02 -2.875795822959690846e-04
9.978243497413118446e-01 6.592845773089942019e-02 -7.464839691912771350e-05
9.978220229977800004e-01 6.596356206543671497e-02 1.376540227971911575e-04
9.978239968774732516e-01 6.593291680330512494e-02 3.489791944988879908e-04
9.978302422222491419e-01 6.583688401066871421e-02 5.589819084450435354e-04
9.978407103834119329e-01 6.567593145191936987e-02 7.673207672633237768e-04
9.978553336525384232e-01 6.545063134335980803e-02 9.736587172807942975e-04
9.978740257999388907e-01 6.516165895371447969e-02 1.177663570800649385e-03
9.978966827164399422e-01 6.480979105376519223e-02 1.379008518701922053e-03
9.979231831535698705e-01 6.439590421748517257e-02 1.577372632744329867e-03
9.979533895566576884e-01 6.392097297713254800e-02 1.772441356964251378e-03
9.979871489848258781e-01 6.338606783486298857e-02 1.963906987550662845e-03
9.980242941113685040e-01 6.279235313353304093e-02 2.151469140591971696e-03
9.980646442975606991e-01 6.214108478949108977e-02 2.334835207086359294e-03
9.981080067325492911e-01 6.143360789029347901e-02 2.513720794609778687e-03
9.981541776316236181e-01 6.067135416043834689e-02 2.687850155037497472e-03
9.982029434848688210e-01 5.985583929838050182e-02 2.856956597717307412e-03
9.982579042817587567e-01 5.891656991092414364e-02 3.161394854179544901e-03
9.983173332811891010e-01 5.788381805105800165e-02 3.459158076768178124e-03
9.983808258086506182e-01 5.675972062779963134e-02 3.749783540666828605e-03
9.984479538807345955e-01 5.554655569680543720e-02 4.032822197564081557e-03
9.985182692465355281e-01 5.424673836378111902e-02 4.307839351841564503e-03
9.985913065360511043e-01 5.286281648015115492e-02 4.574415315496338334e-03
9.986665864941315363e-01 5.139746613379196638e-02 4.832146040742614848e-03
9.987436192781156130e-01 4.985348693809451420e-02 5.080643729196029218e-03
9.988219077970129645e-01 4.823379712315047779e-02 5.319537416507159541e-03
9.989009510699584649e-01 4.654142843344703795e-02 5.548473531280905501e-03
9.989802475816711436e-01 4.477952083710242531e-02 5.767116427095781567e-03
9.990592986128027375e-01 4.295131705237023589e-02 5.975148886423137587e-03
9.991376115233550070e-01 4.106015689787779338e-02 6.172272595241674875e-03
9.992147029677840298e-01 3.910947147383281308e-02 6.358208587148085969e-03
9.992901020209845608e-01 3.710277718222457916e-02 6.532697655780797356e-03
9.993633531950643079e-01 3.504366959485046701e-02 6.695500734401064330e-03
9.994340193276626261e-01 3.293581717880572635e-02 6.846399241514330644e-03
9.995016843235452475e-01 3.078295488987359274e-02 6.985195391464900025e-03
9.995659557322998934e-01 2.858887764503334136e-02 7.111712468998508500e-03
9.996264671461695395e-01 2.635743368605562159e-02 7.225795066860100056e-03
9.996828804033743854e-01 2.409251784686715012e-02 7.327309285577596892e-03
9.997348875836870041e-01 2.179806473803087494e-02 7.416142894676122817e-03
9.997822127845226170e-01 1.947804186229400158e-02 7.492205454670331811e-03
9.998246136673821782e-01 1.713644267569647273e-02 7.555428399294281984e-03
9.998618827661240882e-01 1.477727960919895077e-02 7.605765077547792415e-03
9.998938485502306683e-01 1.240457706617557887e-02 7.643190755264241132e-03
9.999203762379658134e-01 1.002236441141722036e-02 7.667702576036201575e-03
9.999413683560767208e-01 7.634668967501043527e-03 7.679319481470855795e-03
9.999567650444604050e-01 5.245509034499030998e-03 7.678082090885478099e-03
9.999665441059851778e-01 2.858886949019258297e-03 7.664052540693059960e-03
9.999707208034110950e-01 4.787821984987691501e-04 7.637314283868015113e-03
9.999693474070801003e-01 -1.890855393503796267e-03 7.597971850020436221e-03
9.999625124987339131e-01 -4.246112395532415651e-03 7.546150566743269235e-03
9.999503400384508467e-01 -6.583118394847109651e-03 7.481996243028684289e-03
9.999329882032619299e-01 -8.898052507741761874e-03 7.405674815676635721e-03
9.999106480074984038e-01 -1.118714975940620499e-02 7.317371959738923348e-03
9.998835417163285388e-01 -1.344670731977292213e-02 7.217292664154953408e-03
9.998519210652503375e-01 -1.567309058245795750e-02 7.105660773839865205e-03
9.998160652995093933e-01 -1.786273907463602553e-02 6.982718499580922375e-03
9.997762790485005269e-01 -2.001217218647276253e-02 6.848725897183337991e-03
9.997328900511831540e-01 -2.211799470956407956e-02 6.703960317381464119e-03
9.996862467493831117e-01 -2.417690217469403019e-02 6.548715828095118610e-03
9.996367157665678738e-01 -2.618568598010941051e-02 6.383302610663439507e-03
9.995846792902651767e-01 -2.814123830241183066e-02 6.208046331729995954e-03
9.995305323767391670e-01 -3.004055678307678001e-02 6.023287492482895175e-03
9.994746801968487082e-01 -3.188074898451513650e-02 5.829380756972570021e-03
9.994175352421876823e-01 -3.365903661048676859e-02 5.626694261238056154e-03
9.993595145106449751e-01 -3.537275948654976937e-02 5.415608904970353570e-03
9.993010366904296893e-01 -3.701937929707488362e-02 5.196517627429475886e-03
9.992425193613861945e-01 -3.859648307616542207e-02 4.969824669310687025e-03
9.991843762320755662e-01 -4.010178645059212649e-02 4.735944822225985826e-03
9.991270144306337864e-01 -4.153313663357436486e-02 4.495302667429995451e-03
9.990708318668368726e-01 -4.288851516890924281e-02 4.248331805375919756e-03
9.990162146821138789e-01 -4.416604042556457332e-02 3.995474077638183803e-03
9.989635348034591189e-01 -4.536396984340770877e-02 3.737178782684715504e-03
9.989131476163114476e-01 -4.648070193123798183e-02 3.473901886924641962e-03
9.988653897705007667e-01 -4.751477801872518170e-02 3.206105232397461844e-03
9.988205771323134252e-01 -4.846488376423001287e-02 2.934255742408532850e-03
9.987790028946136323e-01 -4.932985042079609389e-02 2.658824626354010495e-03
9.987409358557807204e-01 -5.010865586285863371e-02 2.380286584917106624e-03
9.987066188769930797e-01 -5.080042537641482614e-02 2.099119016757619582e-03
9.986762675261171562e-01 -5.140443221554935604e-02 1.815801227758979345e-03
9.986500689151532884e-01 -5.192009792830875464e-02 1.530813643842258813e-03
9.986281807368547758e-01 -5.234699245497582976e-02 1.244637028305468473e-03
9.986107305047876581e-01 -5.268483400181527693e-02 9.577517045994991471e-04
9.985978149997364328e-01 -5.293348869334926765e-02 6.706367854098240454e-04
9.985894999239993686e-01 -5.309297000618384138e-02 3.837694088758893682e-04
9.985858197637625944e-01 -5.316343798734897430e-02 9.762398274827351671e-05
9.985867778584013310e-01 -5.314519826004414360e-02 -1.873285627426432348e-04
9.985923466742385735e-01 -5.303870081960316424e-02 -4.706215125535385718e-04
9.986024682790041185e-01 -5.284453862241319383e-02 -7.517930942928510371e-04
9.986170550119823908e-01 -5.256344597044986661e-02 -1.030387194755563469e-03
9.986359903436324847e-01 -5.219629669402854610e-02 -1.305954064805129374e-03
9.986591299173015468e-01 -5.174410213532681241e-02 -1.578051011879692128e-03
9.986863027645533908e-01 -5.120800893521046393e-02 -1.846243079395509931e-03
9.987173126845912963e-01 -5.058929662589896348e-02 -2.110103712312490134e-03
9.987519397772824936e-01 -4.988937503204041168e-02 -2.369215408115501499e-03
9.987899421183906723e-01 -4.910978148283453443e-02 -2.623170352451338703e-03
9.988310575648008394e-01 -4.825217783794683718e-02 -2.871571038645561423e-03
9.988750056767804475e-01 -4.731834733010088084e-02 -3.114030870306625648e-03
9.989214897436653473e-01 -4.631019122741895228e-02 -3.350174746207550645e-03
9.989701988987962356e-01 -4.522972531880548042e-02 -3.579639626618589827e-03
9.990208103090579828e-01 -4.407907622593174729e-02 -3.802075080248751900e-03
9.990729914239997456e-01 -4.286047754568379081e-02 -4.017143810940347788e-03
9.991264022692343261e-01 -4.157626582727635273e-02 -4.224522163249731961e-03
9.991806977686384927e-01 -4.022887638861170206e-02 -4.423900606039792710e-03
9.992355300797957085e-01 -3.882083897687013674e-02 -4.614984193206171474e-03
9.992905509271476916e-01 -3.735477327875511705e-02 -4.797493000660293765e-03
9.993454139174450246e-01 -3.583338428627622779e-02 -4.971162538698593002e-03
9.993997768223101819e-01 -3.425945752443249059e-02 -5.135744138899282947e-03
9.994533038130508640e-01 -3.263585414765182713e-02 -5.291005314706104593e-03
9.995056676332803036e-01 -3.096550591234428773e-02 -5.436730094882889601e-03
9.995565516954155738e-01 -2.925141003343088159e-02 -5.572719329053846087e-03
9.996056520877293350e-01 -2.749662393321071138e-02 -5.698790964582198422e-03
9.996526794793212378e-01 -2.570425989142046189e-02 -5.814780294084329233e-03
9.996973609111474701e-01 -2.387747960581584894e-02 -5.920540172927739146e-03
9.997394414620981440e-01 -2.201948867305869931e-02 -6.015941206118801191e-03
9.997786857800282645e-01 -2.013353100011974414e-02 -6.100871904050200918e-03
9.998148794686363416e-01 -1.822288315680062332e-02 -6.175238806647737749e-03
9.998478303221215446e-01 -1.629084868033369923e-02 -6.238966575531393680e-03
9.998775079488634310e-01 -1.426842641080384826e-02 -6.432835243291871487e-03
9.999038481419325608e-01 -1.218765795256501749e-02 -6.614811924805911493e-03
9.999264574435112740e-01 -1.005229015312577960e-02 -6.784647937517150271e-03
9.999449640211216517e-01 -7.866145282051850360e-03 -6.942116068744129224e-03
9.999590204584303255e-01 -5.633114242551598427e-03 -7.087010892263265367e-03
9.999683063655721016e-01 -3.357149661765146398e-03 -7.219149045966318651e-03
9.999725307920275252e-01 -1.042258873153093998e-03 -7.338369469666182650e-03
9.999714344265494548e-01 1.307503194893952763e-03 -7.444533602222609160e-03
9.999647915701985745e-01 3.688041209437529794e-03 -7.537525537267901823e-03
9.999524118702053377e-01 6.095226686979702754e-03 -7.617252136930799736e-03
9.999341418041094443e-01 8.524905295151617712e-03 -7.683643103083757225e-03
9.999098659054321825e-01 1.097290418576057566e-02 -7.736651005773395422e-03
9.998795077239887030e-01 1.343503934251032844e-02 -7.776251268634869207e-03
9.998430305158423348e-01 1.590712292646285358e-02 -7.802442111236838028e-03
9.998004376598174092e-01 1.838497060216516196e-02 -7.815244448453250933e-03
9.997517727994127412e-01 2.086440882732421009e-02 -7.814701747109738944e-03
9.996971197108768248e-01 2.334128208897863488e-02 -7.800879840304550047e-03
9.996366019001029501e-01 2.581146006928745559e-02 -7.773866699955088617e-03
9.995703819328655149e-01 2.827084472433208373e-02 -7.733772168269778188e-03
9.994986605047320172e-01 3.071537725970603996e-02 -7.680727648989586070e-03
9.994216752587343766e-01 3.314104498714278563e-02 -7.614885759382784142e-03
9.993396993605572209e-01 3.554388804700078786e-02 -7.536419944108968885e-03
9.992530398425868432e-01 3.792000598207969503e-02 -7.445524052192824954e-03
9.991620357296510102e-01 4.026556414897535657e-02 -7.342411878463414934e-03
9.990670559606567025e-01 4.257679995398536837e-02 -7.227316670919953397e-03
9.989684971215923026e-01 4.485002890144215021e-02 -7.100490605579202336e-03
9.988667810064925101e-01 4.708165044326741849e-02 -6.962204230442108586e-03
9.987623520239660158e-01 4.926815361949977989e-02 -6.812745880287561853e-03
9.986556744677461683e-01 5.140612248053576250e-02 -6.652421064058811583e-03
9.985472296704459572e-01 5.349224128283297519e-02 -6.481551826652933064e-03
9.984375130602743953e-01 5.552329945084156365e-02 -6.300476086955772610e-03
9.983270311408992681e-01 5.749619629894622136e-02 -6.109546953984135165e-03
9.982162984149253182e-01 5.940794550820512748e-02 -5.909132023003916580e-03
9.981058342715937171e-01 6.125567935365499456e-02 -5.699612653487880730e-03
9.979961598593040106e-01 6.303665267890318225e-02 -5.481383230760413644e-03
9.978877949634118449e-01 6.474824661564045070e-02 -5.254850413149592808e-03
9.977812549094776662e-01 6.638797204657322093e-02 -5.020432366430113702e-03
9.976770475117259229e-01 6.795347281108590765e-02 -4.778557987294959446e-03
9.975756700859396142e-01 6.944252865369557326e-02 -4.529666117540228319e-03
9.974776065453588858e-01 7.085305791604847025e-02 -4.274204750587298242e-03
9.973833245973865447e-01 7.218311997382680090e-02 -4.012630231900707507e-03
9.972932730580323923e-01 7.343091742048209192e-02 -3.745406454789880404e-03
9.972078793000664909e-01 7.459479800018675721e-02 -3.473004053009379460e-03
9.971275468497977634e-01 7.567325629279808563e-02 -3.195899591496867854e-03
9.970526531462657882e-01 7.666493515395847447e-02 -2.914574756511596493e-03
9.969835474754368265e-01 7.756862691371534113e-02 -2.629515546360143563e-03
9.969205490907356859e-01 7.838327433723496496e-02 -2.341211463821385105e-03
9.968639455299371788e-01 7.910797135131092395e-02 -2.050154711310310345e-03
9.968139911370887951e-01 7.974196354043414092e-02 -1.756839389751227226e-03
9.967709057967534259e-01 8.028464841620232273e-02 -1.461760702066024556e-03
9.967348738864516555e-01 8.073557546380820404e-02 -1.165414162123171258e-03
9.967060434517593936e-01 8.109444596926453086e-02 -8.682948099387453357e-04
9.966845256070850922e-01 8.136111263090566037e-02 -5.708964338724763481e-04
9.966703941637200526e-01 8.153557895855886861e-02 -2.737108005200162490e-04
9.966636854853326843e-01 8.161799846360920374e-02 2.277310703230925153e-05
9.966643985696735930e-01 8.160867364299853599e-02 3.180698419519810958e-04
9.966724953538743659e-01 8.150805476000919092e-02 6.116982367866398125e-04
9.966879012393746740e-01 8.131673842449275991e-02 9.031821363688977145e-04
9.967105058311968024e-01 8.103546597502250814e-02 1.192051119903367144e-03
9.967401638850209578e-01 8.066512166528048977e-02 1.477841211640329097e-03
9.967822197212060642e-01 8.013485338649230239e-02 1.900499243335772260e-03
9.968342170770129185e-01 7.947433920756635795e-02 2.318028799494017186e-03
9.968957708673088502e-01 7.868526290558518210e-02 2.729766182274917172e-03
9.969664362871232255e-01 7.776950894655978996e-02 3.135059910807559518e-03
9.970457122785043591e-01 7.672915896227849863e-02 3.533271674336941476e-03
9.971330453334147359e-01 7.556648797447260146e-02 3.923777268771255940e-03
9.972278336056453751e-01 7.428396036402576397e-02 4.305967515941375515e-03
9.973294313029872349e-01 7.288422558279999963e-02 4.679249164751498810e-03
9.974371533293234782e-01 7.137011360565920226e-02 5.043045773262161240e-03
9.975502801449116497e-01 6.974463012044462840e-02 5.396798570606782704e-03
9.976680628119184435e-01 6.801095145399696507e-02 5.739967297503353882e-03
9.977897281912574412e-01 6.617241923282468630e-02 6.072031023986657582e-03
9.979144842559746209e-01 6.423253477768514630e-02 6.392488942856294765e-03
9.980415254858274743e-01 6.219495323216536753e-02 6.700861137214429719e-03
9.981700383073285332e-01 6.006347742631606978e-02 6.996689320357148308e-03
9.982992065433637929e-01 5.784205147749295339e-02 7.279537546187062579e-03
9.984282168365705701e-01 5.553475413178042552e-02 7.548992888234427878e-03
9.985562640109576504e-01 5.314579185069949474e-02 7.804666085311606771e-03
9.986825563367829339e-01 5.067949164931612877e-02 8.046192151782901106e-03
9.988063206644675063e-01 4.814029369335046799e-02 8.273230950409981091e-03
9.989268073943157189e-01 4.553274366442092158e-02 8.485467725733539246e-03
9.990432952500299946e-01 4.286148490411961776e-02 8.682613595975130841e-03
9.991550958254452608e-01 4.013125034918563205e-02 8.864406001489908912e-03
9.992615578755599248e-01 3.734685427159782634e-02 9.030609107871238189e-03
9.993620713247906018e-01 3.451318383892881814e-02 9.181014161901656506e-03
9.994560709674235044e-01 3.163519051176379160e-02 9.315439798660887435e-03
9.995430398374566261e-01 2.871788129637230236e-02 9.433732298239502767e-03
9.996225122274092767e-01 2.576630987210805357e-02 9.535765790665250152e-03
9.996940763382045070e-01 2.278556761418280840e-02 9.621442407826363841e-03
9.997573765448843908e-01 1.978077453349914860e-02 9.690692381370540065e-03
9.998121152656767041e-01 1.675707015611826306e-02 9.743474085767540871e-03
9.998580544247765989e-01 1.371960436567022310e-02 9.779774025945379284e-03
9.998950165021098790e-01 1.067352823257517944e-02 9.799606769142007665e-03
9.999228851662876894e-01 7.623984854326274971e-03 9.803014820853973854e-03
9.999416054899189499e-01 4.576100231283616870e-03 9.790068445007685943e-03
9.999511837493912925e-01 1.534974202440342848e-03 9.760865428724981377e-03
9.999516868141439252e-01 -1.494328534553360406e-03 9.715530792299838583e-03
9.999432411333067927e-01 -4.506787295182185932e-03 9.654216445244391889e-03
9.999260313303529601e-01 -7.497434148286666669e-03 9.577100789497338881e-03
9.999002984190777932e-01 -1.046136250203744990e-02 9.484388271113591493e-03
9.998663376567609173e-01 -1.339373551386061241e-02 9.376308881968282993e-03
9.998244960527652436e-01 -1.628979430353540148e-02 9.253117613208669545e-03
9.997751695530633365e-01 -1.914486594984591422e-02 9.115093862372086395e-03
9.997187999232366451e-01 -2.195437125244924237e-02 8.962540796255054690e-03
9.996558713543595154e-01 -2.471383224200764811e-02 8.795784671766471510e-03
9.995869068178365735e-01 -2.741887942310331644e-02 8.615174117125276240e-03
9.995124641967079171e-01 -3.006525873599230972e-02 8.421079375869191391e-03
9.994331322221569058e-01 -3.264883822484034026e-02 8.213891516225504258e-03
9.993495262449491046e-01 -3.516561440169709701e-02 7.994021608457057768e-03
9.992622838722949874e-01 -3.761171829708895992e-02 7.761899872836807227e-03
9.991720605011554790e-01 -3.998342118972282588e-02 7.517974800922676455e-03
9.990795247793136102e-01 -4.227714000937829453e-02 7.262712252801811763e-03
9.989853540256029563e-01 -4.448944240860413374e-02 6.996594532950471158e-03
9.988902296405345327e-01 -4.661705150031174999e-02 6.720119447313969811e-03
9.987948325381954540e-01 -4.865685025975841765e-02 6.433799344151672032e-03
9.986998386297187835e-01 -5.060588559072341092e-02 6.138160141116624606e-03
9.986059143878488475e-01 -5.246137205688910371e-02 5.833740340949821780e-03
9.985137125211697162e-01 -5.422069528053738430e-02 5.521090038067204969e-03
9.984238677854245791e-01 -5.588141501165171804e-02 5.200769918205369428e-03
9.983369929580612201e-01 -5.744126787137103507e-02 4.873350253171634082e-03
9.982585554038631015e-01 -5.882607691666300737e-02 4.398810415881406095e-03
9.981869187079711603e-01 -6.006257673594467966e-02 3.919500303705248691e-03
9.981227062577496811e-01 -6.114945468986105609e-02 3.436236727644379711e-03
9.980664661329804455e-01 -6.208564976531763535e-02 2.949838484132990841e-03
9.980186681197809051e-01 -6.287035244444034998e-02 2.461125059099959940e-03
9.979797013017445151e-01 -6.350300424515326059e-02 1.970915347849086941e-03
9.979498722373345565e-01 -6.398329694461231398e-02 1.480026391118014232e-03
9.979294037287421704e-01 -6.431117149544653133e-02 9.892721275293664320e-04
9.979184341836325745e-01 -6.448681664337985175e-02 4.994621625317135615e-04
9.979170175674745291e-01 -6.451066725337036012e-02 1.140055384353576371e-05
9.979251239404809404e-01 -6.438340234993902844e-02 -4.741153866392686122e-04
9.979426405696116831e-01 -6.410594287590080931e-02 -9.562962745328258685e-04
9.979693736026076234e-01 -6.367944917228594848e-02 -1.434361818302343087e-03
9.980050502876525176e-01 -6.310531818087981859e-02 -1.907541968257895314e-03
9.980493217190163913e-01 -6.238518036954242979e-02 -2.375078049152452159e-03
9.981017660859238250e-01 -6.152089637932089267e-02 -2.836223876232015460e-03
9.981618923989321601e-01 -6.051455339136296158e-02 -3.290246854470513585e-03
9.982291446653079880e-01 -5.936846121079891736e-02 -3.736429060584064120e-03
9.983029064822707133e-01 -5.808514806410106091e-02 -4.174068307263464200e-03
9.983825060145333774e-01 -5.666735610597005424e-02 -4.602479188893630370e-03
9.984672213203403812e-01 -5.511803663154803828e-02 -5.020994107847755010e-03
9.985562859881750297e-01 -5.344034498972803637e-02 -5.428964280255880667e-03
9.986488950445119306e-01 -5.163763519352347620e-02 -5.825760719956252741e-03
9.987442110914253046e-01 -4.971345422388188939e-02 -6.210775199147020899e-03
9.988413706315477647e-01 -4.767153602397133927e-02 -6.583421184069555496e-03
9.989394905368162991e-01 -4.551579518183135331e-02 -6.943134743876579369e-03
9.990376746166507171e-01 -4.325032030035270286e-02 -7.289375430672183527e-03
9.991350202407001113e-01 -4.087936705482030780e-02 -7.621627128560153584e-03
9.992306249710618538e-01 -3.840735093970478603e-02 -7.939398869405115897e-03
9.993235931589462551e-01 -3.583883970800216118e-02 -8.242225612900900764e-03
9.994130424611165076e-01 -3.317854550817672665e-02 -8.529668988454855091e-03
9.994981102320965594e-01 -3.043131672563484033e-02 -8.801317996338015037e-03
9.995779597490977997e-01 -2.760212953762203325e-02 -9.056789665520915272e-03
9.996517862278722077e-01 -2.469607919246411681e-02 -9.295729665614984108e-03
9.997188225892519320e-01 -2.171837102613661044e-02 -9.517812870370847070e-03
9.997783449379710197e-01 -1.867431123121564285e-02 -9.722743870248134676e-03
9.998296777174788819e-01 -1.556929739530771815e-02 -9.910257431666512004e-03
9.998721985068347307e-01 -1.240880882804513800e-02 -1.008011890067427377e-02
9.999053424283965708e-01 -9.198396697639417766e-03 -1.023212454892801805e-02
9.999286061378769297e-01 -5.943673999777902839e-03 -1.036610186006322806e-02
9.999415513714031700e-01 -2.650305383302594461e-03 -1.048190975474925721e-02
9.999438080274741791e-01 6.760031414002345106e-04 -1.057943875296084128e-02
9.999350767651190575e-01 4.029514584068137270e-03 -1.065861107225930457e-02
9.999151311031092559e-01 7.404471417960413818e-03 -1.071938066115696656e-02
9.998838190087296907e-01 1.079510605578484772e-02 -1.076173316693459538e-02
9.998410639683358303e-01 1.419565132831591102e-02 -1.078568583759055219e-02
9.997868655356922929e-01 1.760035093547752949e-02 -1.079128735791771813e-02
9.997212993578628026e-01 2.100346983952697949e-02 -1.077861762002654995e-02
9.996445166821756878e-01 2.439930457009555770e-02 -1.074778742895567824e-02
9.995567433514851441e-01 2.778219341121527727e-02 -1.069893814433146503e-02
9.994582782985613756e-01 3.114652644108376056e-02 -1.063224125935088513e-02
9.993494915539351542e-01 3.448675539618362151e-02 -1.054789791866436385e-02
9.992308217848715479e-01 3.779740333246558309e-02 -1.044613837702311823e-02
9.991027733863214744e-01 4.107307405761156938e-02 -1.032722140082584922e-02
9.989659131476763543e-01 4.430846130989667120e-02 -1.019143361494924752e-02
9.988208665219061588e-01 4.749835766084698624e-02 -1.003908879747306658e-02
9.986683135261770206e-01 5.063766312072048165e-02 -9.870527125111076480e-03
9.985089843052988856e-01 5.372139342779622129e-02 -9.686114372332252712e-03
9.983436543913406513e-01 5.674468800451701322e-02 -9.486241067300456298e-03
9.981731396944513168e-01 5.970281756566513803e-02 -9.271321607874704468e-03
9.980040714884641506e-01 6.251913205851367117e-02 -8.901237910609902798e-03
9.978346927902372876e-01 6.521784275711003942e-02 -8.518183375862858550e-03
9.976661998860757441e-01 6.779508306166154297e-02 -8.122862559933854282e-03
9.974997709692592363e-01 7.024721262558039636e-02 -7.715996031490320040e-03
9.973365585303296532e-01 7.257082127724968912e-02 -7.298319012072547983e-03
9.971776820047849599e-01 7.476273247572029490e-02 -6.870580016874494253e-03
9.970242207232420384e-01 7.682000631457261419e-02 -6.433539498818281223e-03
9.968772072063443179e-01 7.873994208927437288e-02 -5.987968498626500963e-03
9.967376208436972140e-01 8.052008044415576160e-02 -5.534647303277392960e-03
9.966063819929427137e-01 8.215820511560946449e-02 -5.074364114909370692e-03
9.964843465317698712e-01 8.365234428831525015e-02 -4.607913731927978235e-03
9.963723008922173996e-01 8.500077158119774545e-02 -4.136096243764624501e-03
9.962709576030934766e-01 8.620200667946924245e-02 -3.659715740446660166e-03
9.961809513627327695e-01 8.725481562850548323e-02 -3.179579037866343827e-03
9.961028356606618228e-01 8.815821080447468205e-02 -2.696494419385493582e-03
9.960370799630667848e-01 8.891145057561329612e-02 -2.211270394186171974e-03
9.959840674732748367e-01 8.951403866684376487e-02 -1.724714472578209009e-03
9.959440934747921803e-01 8.996572323908859359e-02 -1.237631958303847405e-03
9.959173642607991317e-01 9.026649569318219435e-02 -7.508247577399339290e-04
9.959039966504079633e-01 9.041658920674763844e-02 -2.650902057899803778e-04
9.958975222421904139e-01 9.048822824670492426e-02 7.850358410944842163e-05
9.959005778467597825e-01 9.045364873217634494e-02 4.205945497272479267e-04
9.959131035312771552e-01 9.031341034202206020e-02 7.606274736188751778e-04
9.959349912065369459e-01 9.006824079766544144e-02 1.098053111174178680e-03
9.959660856733668632e-01 8.971903397209929354e-02 1.432329006902325046e-03
9.960061859435411780e-01 8.926684778735637094e-02 1.762920298087202560e-03
9.960550468245567002e-01 8.871290190207734017e-02 2.089300505327117488e-03
9.961123807561131915e-01 8.805857519050423743e-02 2.410952309442862453e-03
9.961778598847150779e-01 8.730540301397735070e-02 2.727368314200438217e-03
9.962511183614708443e-01 8.645507428582563381e-02 3.038051794249928359e-03
9.963317548469280416e-01 8.550942833042196600e-02 3.342517427631428242e-03
9.964193352056350816e-01 8.447045153712912091e-02 3.640292012143772800e-03
9.965133953720909377e-01 8.334027380989481038e-02 3.930915164813425164e-03
9.966134443688180466e-01 8.212116481336713403e-02 4.213940003640638358e-03
9.967189674564908008e-01 8.081553001659599889e-02 4.488933810739317333e-03
9.968294293953685603e-01 7.942590653566258818e-02 4.755478675927233938e-03
9.969442777967272296e-01 7.795495877693583986e-02 5.013172119765881875e-03
9.970629465425553395e-01 7.640547388308949195e-02 5.261627694995556388e-03
9.971848592514910292e-01 7.478035698452280278e-02 5.500475565262595741e-03
9.973094327688176719e-01 7.308262625940643853e-02 5.729363059993366515e-03
9.974403761885863862e-01 7.124343602363475414e-02 6.088459582054666676e-03
9.975754844300042112e-01 6.929454385043556930e-02 6.435809262216878220e-03
9.977138794998733351e-01 6.723964841931223679e-02 6.770888733279828431e-03
9.978546693441023852e-01 6.508260940553599327e-02 7.093196604092995641e-03
9.979969538599405832e-01 6.282744107288958102e-02 7.402254238136883949e-03
9.981398309141066294e-01 6.047830558455204869e-02 7.697606502065240143e-03
9.982824023273259018e-01 5.803950603483319648e-02 7.978822482073872138e-03
9.984237797861268415e-01 5.551547920599071012e-02 8.245496165884097853e-03
9.985630906433380360e-01 5.291078805599074009e-02 8.497247088073978105e-03
9.986994835695757189e-01 5.023011394478024694e-02 8.733720936460128564e-03
9.988321340191143038e-01 4.747824860840504924e-02 8.954590117228287960e-03
9.989602494748850425e-01 4.466008589210584273e-02 9.159554276532904521e-03
9.990830744389468387e-01 4.178061325533163894e-02 9.348340776335230598e-03
9.991998951366074522e-01 3.884490306339991039e-02 9.520705122325929734e-03
9.993100439044365624e-01 3.585810368228085215e-02 9.676431341881687118e-03
9.994129032346864561e-01 3.282543039466443574e-02 9.815332310134974522e-03
9.995079094511110096e-01 2.975215615705938121e-02 9.937250022391016027e-03
9.995945559938286262e-01 2.664360221915063054e-02 1.004205581130443448e-02
9.996723962936928665e-01 2.350512862798450481e-02 1.012965050742834633e-02
9.997410462195924774e-01 2.034212464073996418e-02 1.019996454196852968e-02
9.998003765576007895e-01 1.723231520159786145e-02 1.011212887278039631e-02
9.998497623537935253e-01 1.415242472580829913e-02 1.000811626689704532e-02
9.998894182609148196e-01 1.110747670250196439e-02 9.888174731255364863e-03
9.999196162279231359e-01 8.102411941678324195e-03 9.752578297171552585e-03
9.999406825172703073e-01 5.142080158918142796e-03 9.601626404840364615e-03
9.999529943965564938e-01 2.231231801356176915e-03 9.435643240230589396e-03
9.999569765313131020e-01 -6.254898662467638960e-04 9.254977026695776834e-03
9.999530971074667152e-01 -3.423556398064553016e-03 9.059999273765993386e-03
9.999418637136027188e-01 -6.158561510781257464e-03 8.851103985709837460e-03
9.999238190144682514e-01 -8.826228120270028510e-03 8.628706832555354395e-03
9.998995362482228089e-01 -1.142241505920556233e-02 8.393244286333539569e-03
9.998696145807601798e-01 -1.394312346519526596e-02 8.145172725358777385e-03
9.998346743509829437e-01 -1.638450283076114955e-02 7.884967509387332332e-03
9.997953522412141858e-01 -1.874285670822301367e-02 7.613122028498378081e-03
9.997522964069832652e-01 -2.101464806420415971e-02 7.330146728523276485e-03
9.997061616002257400e-01 -2.319650428008571824e-02 7.036568115808975246e-03
9.996576043195053440e-01 -2.528522179625824692e-02 6.732927744042208583e-03
9.996072780202013286e-01 -2.727777039944484505e-02 6.419781185784360390e-03
9.995558284167228580e-01 -2.917129715368611473e-02 6.097696991274374756e-03
9.995038889077214606e-01 -3.096312997677319948e-02 5.767255636951138312e-03
9.994489381505144987e-01 -3.272304612798616896e-02 5.569817983090631815e-03
9.993930598616742600e-01 -3.442004431792885372e-02 5.364050072962800279e-03
9.993366581744599353e-01 -3.605160535549264272e-02 5.150335623128202492e-03
9.992801367008830038e-01 -3.761533248961723003e-02 4.929069610513793498e-03
9.992238958555446082e-01 -3.910895465262550358e-02 4.700657538120565915e-03
9.991683302278280276e-01 -4.053032945963568057e-02 4.465514689714290310e-03
9.991138260193991316e-01 -4.187744596330391506e-02 4.224065375056731270e-03
9.990607585633298759e-01 -4.314842716375846821e-02 3.976742167189717056e-03
9.990094899404158291e-01 -4.434153227413964449e-02 3.723985133234845868e-03
9.989603667074260507e-01 -4.545515874265598083e-02 3.466241060118339674e-03
9.989137177511071553e-01 -4.648784403250569991e-02 3.203962676574636462e-03
9.988698522807666347e-01 -4.743826716139305094e-02 2.937607872724671242e-03
9.988290579711980310e-01 -4.830525000269259017e-02 2.667638918466430469e-03
9.987915992665852283e-01 -4.908775835058233616e-02 2.394521681857146415e-03
9.987577158548475165e-01 -4.978490275168145907e-02 2.118724848609325820e-03
9.987276213206639497e-01 -5.039593910589295483e-02 1.840719143767467324e-03
9.987015019841612995e-01 -5.092026903927016068e-02 1.560976556579578159e-03
9.986795159309636016e-01 -5.135744005180273991e-02 1.279969569528074383e-03
9.986617922379998902e-01 -5.170714544305748950e-02 9.981703924389507404e-04
9.986484303981507660e-01 -5.196922401861753943e-02 7.160502025466970559e-04
9.986394999455000532e-01 -5.214365958024574921e-02 4.340783913556923329e-04
9.986350402816422944e-01 -5.223058020266018592e-02 1.527218191070303351e-04
9.986350607022003167e-01 -5.223025729975772774e-02 -1.275559223669271475e-04
9.986395406214252368e-01 -5.214310448306192641e-02 -4.062952376394163767e-04
9.986484299914996088e-01 -5.196967621510922841e-02 -6.830412457929735479e-04
9.986616499119452817e-01 -5.171066626042965242e-02 -9.573444878966002377e-04
9.986790934233611416e-01 -5.136690593672934430e-02 -1.228761623129407104e-03
9.987006264785820431e-01 -5.093936216884846491e-02 -1.496856112825619258e-03
9.987260890832756477e-01 -5.042913534805368997e-02 -1.761198891713569798e-03
9.987552965969733743e-01 -4.983745699923437106e-02 -2.021369025615414160e-03
9.987880411845785344e-01 -4.916568725860923084e-02 -2.276954354865288500e-03
9.988240934075077737e-01 -4.841531216461960468e-02 -2.527552122692127042e-03
9.988632039428145815e-01 -4.758794076478828350e-02 -2.772769587799987084e-03
9.989051054179095557e-01 -4.668530204146219970e-02 -3.012224620364189250e-03
9.989495143478437367e-01 -4.570924165953368923e-02 -3.245546280646596435e-03
9.989961331615594409e-01 -4.466171853944937709e-02 -3.472375379418623023e-03
9.990446523030388493e-01 -4.354480125906814297e-02 -3.692365019366869189e-03
9.990947523929004648e-01 -4.236066428821889246e-02 -3.905181116644282531e-03
9.991461064357064492e-01 -4.111158406013368932e-02 -4.110502901720223048e-03
9.991983820580527809e-01 -3.979993488429003218e-02 -4.308023398676381205e-03
9.992512437624222477e-01 -3.842818470558475447e-02 -4.497449882092849002e-03
9.993043551817830661e-01 -3.699889071517775685e-02 -4.678504310670306317e-03
9.993573813200179456e-01 -3.551469481878267304e-02 -4.850923736740871475e-03
9.994099907634681479e-01 -3.397831896863903745e-02 -5.014460690832021894e-03
9.994618578491709648e-01 -3.239256036587181975e-02 -5.168883540465626231e-03
9.995126647757578420e-01 -3.076028654042392563e-02 -5.313976822397746026e-03
9.995621036434600981e-01 -2.908443031623006436e-02 -5.449541547534755837e-03
9.996098784102358525e-01 -2.736798466978052763e-02 -5.575395477797571823e-03
9.996557067516860240e-01 -2.561399749069511594e-02 -5.691373374248455581e-03
9.996993218131570158e-01 -2.382556625338485765e-02 -5.797327215843870243e-03
9.997404738432346116e-01 -2.200583260931664870e-02 -5.893126388232113391e-03
9.997789316987097941e-01 -2.015797690980784818e-02 -5.978657842075654934e-03
9.998144842120352260e-01 -1.828521266965879577e-02 -6.053826220444968702e-03
9.998469414132851174e-01 -1.639078098227638586e-02 -6.118553954902762430e-03
9.998761355996761413e-01 -1.447794489724630110e-02 -6.172781329974378131e-03
9.999019222467899759e-01 -1.254998377157131619e-02 -6.216466515781222772e-03
9.999241807567600393e-01 -1.061018760600455392e-02 -6.249585568698771444e-03
9.999428150398254056e-01 -8.661851378066487764e-03 -6.272132399988307808e-03
9.999577539268192927e-01 -6.708269383440578978e-03 -6.284118712441414019e-03
9.999689514113273558e-01 -4.752729597492678405e-03 -6.285573905167538174e-03
9.999763867214215285e-01 -2.798508068652729233e-03 -6.276544946747033421e-03
9.999800642220372238e-01 -8.488633553333105666e-04 -6.257096217064050947e-03
9.999800131502043499e-01 1.092968982061597559e-03 -6.227309318224851301e-03
9.999762871864648073e-01 3.023781822661650298e-03 -6.187282855056666642e-03
9.999689638668917135e-01 4.940401849045131591e-03 -6.137132185769527369e-03
9.999581438411743184e-01 6.839694822684714952e-03 -6.076989143447666594e-03
9.999439499832272205e-01 8.718570760399221159e-03 -6.007001729117645260e-03
9.999265263617261867e-01 1.057398900166745155e-02 -5.927333777216534962e-03
9.999060370788533936e-01 1.240296315708367021e-02 -5.838164594354816085e-03
9.998826649863491456e-01 1.420256592869616717e-02 -5.739688572334610862e-03
9.998566102887077589e-01 1.596993379346600683e-02 -5.632114776444019019e-03
9.998280890440229829e-01 1.770227154160761152e-02 -5.515666510102365527e-03
9.997973315735695365e-01 1.939685666212115356e-02 -5.390580856978796805e-03
9.997645807917117100e-01 2.105104356839359106e-02 -5.257108201747698328e-03
9.997300904681425404e-01 2.266226765732519757e-02 -5.115511730678772365e-03
9.996941234347856975e-01 2.422804919602637372e-02 -4.966066913287266876e-03
9.996569497499291357e-01 2.574599703072014481e-02 -4.809060966290835092e-03
9.996188448323104492e-01 2.721381211307388748e-02 -4.644792301134030924e-03
9.995800875779327077e-01 2.862929083976476982e-02 -4.473569956349607302e-03
9.995409584723637941e-01 2.999032820165252813e-02 -4.295713016027996253e-03
9.994988832088871344e-01 3.136719259657580472e-02 -4.252327762083293362e-03
9.994554213273164622e-01 3.272928625246446926e-02 -4.201808901527948233e-03
9.994107064323214384e-01 3.407441042503845524e-02 -4.144275361427813241e-03
9.993648816265039425e-01 3.540040579968236484e-02 -4.079857199981977260e-03
9.993180987468387455e-01 3.670515591600186783e-02 -4.008695326967752839e-03
9.992705175445403265e-01 3.798659049624059786e-02 -3.930941207188711796e-03
9.992223048139764474e-01 3.924268867225721991e-02 -3.846756547628717333e-03
9.991736334765444205e-01 4.047148210607214025e-02 -3.756312969041370950e-03
9.991246816256758034e-01 4.167105799931122151e-02 -3.659791662727607513e-03
9.990756315393443110e-01 4.283956198719802294e-02 -3.557383033274274728e-03
9.990266686666122720e-01 4.397520091307415696e-02 -3.449286328043456740e-03
9.989779805948693081e-01 4.507624547975697810e-02 -3.335709254216056262e-03
9.989297560044875235e-01 4.614103277437331396e-02 -3.216867584203823762e-03
9.988821836176434710e-01 4.716796866363472118e-02 -3.092984750251679803e-03
9.988354511480380671e-01 4.815553005684238691e-02 -2.964291429056967013e-03
9.987897442581821217e-01 4.910226703422623101e-02 -2.831025117234309101e-03
9.987452455308094557e-01 5.000680483853157249e-02 -2.693429698454237377e-03
9.987021334608293666e-01 5.086784572806633126e-02 -2.551755003080831766e-03
9.986605814740432407e-01 5.168417068971103284e-02 -2.406256361128520597e-03
9.986207569786219596e-01 5.245464101067178614e-02 -2.257194149351122742e-03
9.985869460708941547e-01 5.310606062167307073e-02 -1.964183513653933177e-03
9.985575416103360524e-01 5.366609795549812101e-02 -1.669304052391350516e-03
9.985327218515874792e-01 5.413426517570481961e-02 -1.373053760925108243e-03
9.985126328534086326e-01 5.451022799464397967e-02 -1.075930391547065936e-03
9.984973878227001443e-01 5.479380536723931633e-02 -7.784306551536702328e-04
9.984870666812666329e-01 5.498496895983721877e-02 -4.810494302044331615e-04
9.984817158559188277e-01 5.508384239729976345e-02 -1.842789797641803903e-04
9.984813482910691596e-01 5.509070029140807762e-02 1.113918226008769733e-04
9.984859436815570755e-01 5.500596705352770593e-02 4.054782573265636723e-04
9.984954489220528862e-01 5.483021549436999792e-02 6.975005130240409870e-04
9.985097787680393688e-01 5.456416521357068672e-02 9.869844296042889868e-04
9.985288167020600625e-01 5.420868078170534149e-02 1.273462229640089658e-03
9.985524159976723046e-01 5.376476971727776888e-02 1.556473237251318259e-03
9.985804009723423524e-01 5.323358026115718872e-02 1.835564583793758593e-03
9.986125684193890573e-01 5.261639895090882563e-02 2.110291899621560222e-03
9.986486892080189692e-01 5.191464799746463299e-02 2.380219991179461682e-03
9.986885100395090920e-01 5.112988246662076436e-02 2.644923502663735267e-03
9.987317553466882325e-01 5.026378726792880142e-02 2.903987561471217844e-03
9.987781293230481028e-01 4.931817395367173174e-02 3.157008406634587323e-03
9.988273180670874662e-01 4.829497733078425004e-02 3.403593999420066567e-03
9.988760820379917194e-01 4.726843208602968943e-02 3.502665768156475352e-03
9.989251802314348394e-01 4.621207426324756146e-02 3.595705919167959449e-03
9.989744346504011441e-01 4.512779715029684169e-02 3.682587486208608284e-03
9.990236713157127912e-01 4.401753210904629787e-02 3.763194288874395412e-03
9.990727211240189032e-01 4.288324521922139837e-02 3.837421083605446932e-03
9.991214206616743088e-01 4.172693387278431087e-02 3.905173696113198832e-03
9.991696129699455531e-01 4.055062332462722186e-02 3.966369134984853995e-03
9.992171482573481978e-01 3.935636320550477130e-02 4.020935686250609077e-03
9.992638845553050153e-01 3.814622400326368040e-02 4.068812988733889677e-03
9.993096883137270181e-01 3.692229351854590252e-02 4.109952090041177689e-03
9.993544349335472532e-01 3.568667330124387915e-02 4.144315483085792701e-03
9.993980092336822718e-01 3.444147507407187281e-02 4.171877123079011443e-03
9.994403058503553705e-01 3.318881714968471147e-02 4.192622424962013511e-03
9.994812295671836599e-01 3.193082084782362939e-02 4.206548241293115754e-03
9.995206955749046385e-01 3.066960691899759187e-02 4.213662820646355521e-03
9.995586296600964538e-01 2.940729198121685289e-02 4.213985746619559533e-03
9.995949683227245419e-01 2.814598497628320595e-02 4.207547857592256607e-03
9.996296588228192892e-01 2.688778365210825819e-02 4.194391147416006924e-03
9.996626591570606513e-01 2.563477107747695258e-02 4.174568647261662699e-03
9.996939379665003012e-01 2.438901219559893793e-02 4.148144288889476887e-03
9.997234743771000742e-01 2.315255042269519573e-02 4.115192749648689634e-03
9.997512577751924701e-01 2.192740429775259792e-02 4.075799279552919617e-03
9.997772875203816412e-01 2.071556418944506955e-02 4.030059510816274594e-03
9.998015725987916547e-01 1.951898906606798489e-02 3.978079250272248055e-03
9.998241312199354081e-01 1.833960333416308208e-02 3.919974255133124377e-03
9.998449903608158662e-01 1.717929375132594069e-02 3.855869992581499681e-03
9.998641852611833691e-01 1.603990641848791754e-02 3.785901383717583252e-03
9.998817588741550910e-01 1.492324385675100964e-02 3.710212532415949928e-03
9.998977612766490886e-01 1.383106217362868595e-02 3.628956439673361109e-03
9.999122490443057565e-01 1.276506832330972889e-02 3.542294704054978899e-03
9.999252845957474767e-01 1.172691746531735052e-02 3.450397208869769149e-03
9.999369355111782376e-01 1.071821042568352200e-02 3.353441796727041520e-03
9.999472738304323594e-01 9.740491264500349133e-03 3.251613932144909423e-03
9.999563753356598417e-01 8.795244953447871675e-03 3.145106352897956026e-03
9.999643188238714897e-01 7.883895166632345214e-03 3.034118710805595517e-03
9.999711853745733015e-01 7.007802187802339260e-03 2.918857202674560690e-03
9.999770576176832959e-01 6.168260936743152727e-03 2.799534192118680997e-03
9.999820190068584580e-01 5.366499117384456591e-03 2.676367822986730222e-03
