1.000000000000000000e+00 0.000000000000000000e+00 0.000000000000000000e+00
9.999887069102423309e-01 2.432408736106891640e-03 -4.083006132823044365e-03
9.999442845345163366e-01 6.756873639191805433e-03 -8.110241078735792863e-03
9.998434230602547546e-01 1.294326918023328520e-02 -1.206678050679911574e-02
9.996533989928635400e-01 2.095406412905637117e-02 -1.593794536525070665e-02
9.993329530802055327e-01 3.074415767687571632e-02 -1.970933972573937765e-02
9.988333386301334604e-01 4.226068766117992842e-02 -2.336690158772042683e-02
9.980995264805113676e-01 5.544284059456628527e-02 -2.689696818872074069e-02
9.970715493842206012e-01 7.022169579383327753e-02 -3.028635641777380552e-02
9.956859644204242299e-01 8.652013690670821988e-02 -3.352245790530168634e-02
9.938774074373603051e-01 1.042528633799017224e-01 -3.659334730570475147e-02
9.915802087720514413e-01 1.233265318045458775e-01 -3.948790124946955499e-02
9.887300349623177054e-01 1.436400526018714041e-01 -4.219592447670546947e-02
9.852655173035660408e-01 1.650850612724408806e-01 -4.470827883413458492e-02
9.811298253584962437e-01 1.875465756528039429e-01 -4.701701018233011425e-02
9.762721423218386763e-01 2.109038416627783963e-01 -4.911546787292849631e-02
9.706489998138778663e-01 2.350313603661079720e-01 -5.099841135821344545e-02
9.642254324394795573e-01 2.598000793853964541e-01 -5.266209871207437609e-02
9.569759173556696696e-01 2.850787224431616251e-01 -5.410435237432377475e-02
9.488850710103848840e-01 3.107352226814590890e-01 -5.532459825799945080e-02
9.399480838344632661e-01 3.366382190230546301e-01 -5.632387543576822947e-02
9.301708835119832930e-01 3.626585706432544076e-01 -5.710481487981160231e-02
9.206683474539237855e-01 3.866032328782834093e-01 -5.392403711093415181e-02
9.111676765134173461e-01 4.089141199240073909e-01 -5.062382623211730825e-02
9.017959911657753569e-01 4.295745526193737174e-01 -4.722028100892430857e-02
8.926732118098931190e-01 4.485782008755742067e-01 -4.372862663114902848e-02
8.839109695708841086e-01 4.659274388169796777e-01 -4.016311099260010814e-02
8.756117924589826851e-01 4.816317002594802110e-01 -3.653694206845634063e-02
8.678685388997517958e-01 4.957058837864934953e-01 -3.286226299957771546e-02
8.607640455417595593e-01 5.081688471143600561e-01 -2.915016078333193539e-02
8.543709537688608524e-01 5.190420211632126302e-01 -2.541070409189844989e-02
8.487516790873186334e-01 5.283481657604807147e-01 -2.165300563379192467e-02
8.439584890751322677e-01 5.361102815180635028e-01 -1.788530457891863990e-02
8.400336584313007338e-01 5.423506862994982303e-01 -1.411506481893706061e-02
8.370096734456743404e-01 5.470902598593523347e-01 -1.034908517533855710e-02
8.349094625842308215e-01 5.503478566237651748e-01 -6.593618047794733324e-03
8.337466345757198471e-01 5.521398840487645732e-01 -2.854493374583864842e-03
8.335257101850470640e-01 5.524800423571832875e-01 8.627548753957952135e-04
8.342423386162075571e-01 5.513792205069724117e-01 4.552762164861775401e-03
8.358834940997219576e-01 5.488455427661453889e-01 8.210209061866379637e-03
8.384276526168730204e-01 5.448845600480122231e-01 1.182970122516804022e-02
8.418449528461917630e-01 5.394995799913087087e-01 1.540565571473180920e-02
8.460973492442526167e-01 5.326921294668832685e-01 1.893219561746812760e-02
8.511387686459686019e-01 5.244625425915327988e-01 2.240305500595886345e-02
8.569152848281004209e-01 5.148106662933716882e-01 2.581149630948056592e-02
8.633653280414158582e-01 5.037366738978388270e-01 2.915024225072698066e-02
8.704199484749591820e-01 4.912419750251388328e-01 3.241142456310862341e-02
8.780031538389502233e-01 4.773302072926731698e-01 3.558655172422200974e-02
8.860323415901342203e-01 4.620082919406601762e-01 3.866649789100900375e-02
8.944188456145716337e-01 4.452875316515444437e-01 4.164151507095293497e-02
9.030686152731339789e-01 4.271847246913807461e-01 4.450127028292673315e-02
9.118830414754719449e-01 4.077232653158717746e-01 4.723490902713622930e-02
9.207599398002054292e-01 3.869341964779968723e-01 4.983114577985716526e-02
9.295946946204610706e-01 3.648571776309876835e-01 5.227838145039424150e-02
9.382815608249700512e-01 3.415413282616011625e-01 5.456484679443159014e-02
9.467151112697870241e-01 3.170459071437070064e-01 5.667876969643095841e-02
9.547918089145123188e-01 2.914407885672284371e-01 5.860856305942872824e-02
9.624116731851296569e-01 2.648067002869113340e-01 6.034302883744109558e-02
9.694800010758908293e-01 2.372351938313208564e-01 6.187157259366782291e-02
9.759090955478972873e-01 2.088283261177979744e-01 6.318442195774259806e-02
9.816199476194826801e-01 1.796980418224750353e-01 6.427284158190497976e-02
9.865438148446775690e-01 1.499652582144566648e-01 6.512933674780072013e-02
9.906236381887387754e-01 1.197586675185527139e-01 6.574783772505266022e-02
9.938152419826643547e-01 8.921328547936292763e-02 6.612385737590094348e-02
9.960882677599868229e-01 5.846878770563086747e-02 6.625461534874298175e-02
9.974268021402145079e-01 2.766768659886341755e-02 6.613912347964208405e-02
9.978296710153772286e-01 -3.046589685759899108e-03 6.577822865739907376e-02
9.973103863446742823e-01 -3.353164945599744484e-02 6.517461130192847563e-02
9.958967468960187031e-01 -6.364805250358490651e-02 6.433273962869599794e-02
9.936301092205866992e-01 -9.326112187200692738e-02 6.325878188174870187e-02
9.905643589453511089e-01 -1.222425923306788287e-01 6.196048057355225958e-02
9.867646241756935499e-01 -1.504720447266755801e-01 6.044699434627257700e-02
9.823057816832314604e-01 -1.778380870318622686e-01 5.872871426904934661e-02
9.772708121552268201e-01 -2.042392560633967680e-01 5.681706214828722429e-02
9.717490629458830353e-01 -2.295846275458843788e-01 5.472427873210952698e-02
9.658344756341028514e-01 -2.537941354601933597e-01 5.246320955371110151e-02
9.596238316460753426e-01 -2.767986136693701971e-01 5.004709563248689597e-02
9.532150628204891785e-01 -2.985395829973614967e-01 4.748937541222271463e-02
9.467056657654835394e-01 -3.189688148553528890e-01 4.480350325249093935e-02
9.401912498986618738e-01 -3.380477079854918854e-01 4.200278859705355167e-02
9.337642398579386604e-01 -3.557465179529288868e-01 3.910025871098232741e-02
9.275127441163648623e-01 -3.720434798653662334e-01 3.610854668387453864e-02
9.225139657014453931e-01 -3.848516516908774276e-01 2.927893887409017265e-02
9.185501623412020145e-01 -3.946669872887934027e-01 2.244180887685442299e-02
9.157150502052987529e-01 -4.015249526839392291e-01 1.561172108447649032e-02
9.140718412972111961e-01 -4.054568563510710932e-01 8.801946593022660220e-03
9.136537588556170597e-01 -4.064883494527153363e-01 2.024879839572005062e-03
9.144645765073629029e-01 -4.046386652373076265e-01 -4.707528576889228981e-03
9.164791440879480611e-01 -3.999205835311598345e-01 -1.138333818415323238e-02
9.196438949518134232e-01 -3.923410992386084928e-01 -1.799019843337261448e-02
9.238773601732637175e-01 -3.819027674320329413e-01 -2.451495599586869106e-02
9.290707433409463034e-01 -3.686056899191171299e-01 -3.094330357883277524e-02
9.350886346441550367e-01 -3.524500973385367719e-01 -3.725948459453453515e-02
9.417699633827251171e-01 -3.334394654955272763e-01 -4.344606840264240294e-02
9.489293023464910881e-01 -3.115840840280942325e-01 -4.948381101204592236e-02
9.563586438580187199e-01 -2.869049695807220912e-01 -5.535161574059571654e-02
9.638297636413477587e-01 -2.594379853883654885e-01 -6.102660702976536039e-02
9.710972731427983673e-01 -2.292379965618229209e-01 -6.648432805535581247e-02
9.779024320190494723e-01 -1.963828585844704655e-01 -7.169906869462507049e-02
9.839777496797632583e-01 -1.609770097990788629e-01 -7.664432466818711653e-02
9.890523489065762286e-01 -1.231544219480702473e-01 -8.129338133504308839e-02
9.928579983959169297e-01 -8.308066129393731902e-02 -8.562000700005795162e-02
9.951356493958143368e-01 -4.095383106445008720e-02 -8.959923129850029533e-02
9.956422412083060225e-01 2.995793010322218841e-03 -9.320817512507108271e-02
9.941574794368900347e-01 4.850755789109350430e-02 -9.642689074651300540e-02
9.904902481672341885e-01 9.529369778411070357e-02 -9.923916531603986513e-02
9.844843006040147060e-01 1.430440068068430659e-01 -1.016332390222038362e-01
9.760228875244297830e-01 1.914317531629966818e-01 -1.036023912745372005e-01
9.650320310702686921e-01 2.401205687312745196e-01 -1.051453548916754521e-01
9.514822302476348970e-01 2.887719661418438610e-01 -1.062665288643099143e-01
9.353884869112684131e-01 3.370530816068684765e-01 -1.069759739717640323e-01
9.168086562122159666e-01 3.846442230665141904e-01 -1.072891909123325771e-01
8.958402406813875674e-01 4.312458220965488254e-01 -1.072266959698409822e-01
8.726158495165187157e-01 4.765844419182880265e-01 -1.068134228900504967e-01
8.472976235001420386e-01 5.204175755933850844e-01 -1.060779901607337566e-01
8.200709742180646300e-01 5.625370676492914557e-01 -1.050518793424792541e-01
7.911380012760093061e-01 6.027710971127805406e-01 -1.037685721418542401e-01
7.607109348779741431e-01 6.409847588736471424e-01 -1.022626918015595437e-01
7.290059089201208486e-01 6.770793642168044801e-01 -1.005691888319179411e-01
6.962373094748641744e-01 7.109906441460477344e-01 -9.872260315959623111e-02
6.626128738353260772e-01 7.426860781483849427e-01 -9.675642556860086785e-02
6.283296443045868207e-01 7.721615868707384367e-01 -9.470257193446708632e-02
5.935708153124044095e-01 7.994378228144427556e-01 -9.259097508815010424e-02
5.585034568806584998e-01 8.245562731317348515e-01 -9.044929180810129532e-02
5.232770544826652603e-01 8.475753580578743174e-01 -8.830271676425965888e-02
4.880227756107414216e-01 8.685666723790166355e-01 -8.617389131340257025e-02
4.528533560809254177e-01 8.876114798548332407e-01 -8.408289276532106282e-02
4.178634925005188516e-01 9.047975349284164137e-01 -8.204728886999969328e-02
3.831306291485069293e-01 9.202162745454083304e-01 -8.008224251880878553e-02
3.487160354101935256e-01 9.339603966757589193e-01 -7.820065269516954243e-02
3.146660816725047050e-01 9.461218215925301100e-01 -7.641331926211702985e-02
2.810136353636301654e-01 9.567900169326912785e-01 -7.472912098959447191e-02
2.477795131504310078e-01 9.660506574833284121e-01 -7.315519811052460797e-02
2.149739391345812933e-01 9.739845847365303788e-01 -7.169713251286229105e-02
1.825979715229125722e-01 9.806670287020748944e-01 -7.035912033445104741e-02
1.506448712986445948e-01 9.861670544496323743e-01 -6.914413317810015613e-02
1.191013957283215685e-01 9.905471976466279083e-01 -6.805406538611571965e-02
8.794900710833358781e-02 9.938632563527207697e-01 -6.708986580874246042e-02
5.716499309527697803e-02 9.961642100372493092e-01 -6.625165328615216509e-02
2.672349944696414056e-02 9.974922408279947028e-01 -6.553881566362018685e-02
-3.403520777307593448e-03 9.978828361065094077e-01 -6.495009260304700216e-02
-3.324543534826117364e-02 9.973649555502743791e-01 -6.448364277035770198e-02
-6.270065994675240451e-02 9.959507855016445088e-01 -6.442758746843058049e-02
-9.213344680242244178e-02 9.936486826604301603e-01 -6.460632377234655499e-02
-1.216232939230048049e-01 9.904447740358307550e-01 -6.501674283751075756e-02
-1.512464612177386869e-01 9.863133814177168501e-01 -6.565571784155840862e-02
-1.810750149697308298e-01 9.812171904576579839e-01 -6.652002811787380288e-02
-2.111758038754488198e-01 9.751073899064903738e-01 -6.760625701785891173e-02
-2.416093396189605003e-01 9.679238053834854361e-01 -6.891066330132336604e-02
-2.724285581878737039e-01 9.595950582143518703e-01 -7.042902572735382227e-02
-3.036774422803937834e-01 9.500387864952992700e-01 -7.215646058705298127e-02
-3.353894906063561443e-01 9.391619725908190164e-01 -7.408721223233315223e-02
-3.675860271155133030e-01 9.268614285925769192e-01 -7.621441726600784727e-02
-4.002743526966058285e-01 9.130244985232338628e-01 -7.852984402691250143e-02
-4.334457541831603922e-01 8.975300427155082916e-01 -8.102361038901711998e-02
-4.670734010188055674e-01 8.802497750302248347e-01 -8.368388474730448223e-02
-5.011101789707741450e-01 8.610500263036117152e-01 -8.649657741844195280e-02
-5.354865328622392395e-01 8.397940062360441660e-01 -8.944503253903778039e-02
-5.701084160297495984e-01 8.163446291762099793e-01 -9.250973384164867808e-02
-6.048554721126524480e-01 7.905679550498821984e-01 -9.566804129339373519e-02
-6.395796030799740794e-01 7.623372731466607766e-01 -9.889397925611936868e-02
-6.741041033980534891e-01 7.315378219886083944e-01 -1.021581002096608182e-01
-7.074616346546508394e-01 6.992805882249442107e-01 -1.024934105934669631e-01
-7.393550634186529802e-01 6.654386112764103522e-01 -1.026925004426695043e-01
-7.696647873719443256e-01 6.301295079421399548e-01 -1.027283941497287439e-01
-7.982765153056321505e-01 5.934923361392450136e-01 -1.025751248774578739e-01
-8.250849161649266295e-01 5.556874683739958520e-01 -1.022082280751561989e-01
-8.499972822905572656e-01 5.168957323003662285e-01 -1.016052352822548188e-01
-8.729370447220405893e-01 4.773168018539590829e-01 -1.007461477552611812e-01
-8.938469712743009055e-01 4.371668627874518154e-01 -9.961386841833327899e-02
-9.126918824081289294e-01 3.966756193501342898e-01 -9.819457114851753987e-02
-9.294607365604260485e-01 3.560827506072679061e-01 -9.647798857577144505e-02
-9.441679651330726619e-01 3.156339614678577155e-01 -9.445760334187305873e-02
-9.568539759140859413e-01 2.755768011102666115e-01 -9.213073287219426810e-02
-9.675847892228990332e-01 2.361564371694114262e-01 -8.949850375453761997e-02
-9.764508195347431085e-01 1.976115760052675752e-01 -8.656571825453893143e-02
-9.835648623604401619e-01 1.601707073326705810e-01 -8.334062174028881997e-02
-9.890593875434285920e-01 1.240488267167790815e-01 -7.983458527765685542e-02
-9.930832724313506388e-01 8.944475452944071481e-02 -7.606172192767764184e-02
-9.957981292871117551e-01 5.653912847194011992e-02 -7.203845801632503820e-02
-9.973743899019804626e-01 2.549310269144093935e-02 -6.778308172483263339e-02
-9.979873071147988828e-01 -3.552256249812178052e-03 -6.331529081682421567e-02
-9.978130194580145940e-01 -3.047592441056000065e-02 -5.865575938362124764e-02
-9.970248039123094097e-01 -5.517630537669879209e-02 -5.382574046825254477e-02
-9.957896156583874170e-01 -7.757014637584416783e-02 -4.884671769563632415e-02
-9.942649857024874471e-01 -9.759110047832170176e-02 -4.374011496914035485e-02
-9.925963199603505815e-01 -1.151880548429749795e-01 -3.852706923129223249e-02
-9.909146189266886395e-01 -1.303233427028610281e-01 -3.322826749951925118e-02
-9.893346169061634221e-01 -1.429709486702255838e-01 -2.786384606470613048e-02
-9.879533247529141970e-01 -1.531148045865396157e-01 -2.245334698655124944e-02
-9.868489503777111427e-01 -1.607472580823182950e-01 -1.701572486812264959e-02
-9.860801666646051844e-01 -1.658677795449607362e-01 -1.156939531988480756e-02
-9.856856962587603466e-01 -1.684819563159299094e-01 -6.132315471834234172e-03
-9.856841860689937729e-01 -1.686008063202178442e-01 -7.220862852513861355e-04
-9.860743502608768640e-01 -1.662404273427406098e-01 4.643933823586731194e-03
-9.868353679323053074e-01 -1.614219829442445353e-01 9.948514471091459560e-03
-9.879275294998530743e-01 -1.541720115363046928e-01 1.517444800544734060e-02
-9.892931330623589981e-01 -1.445230313307054870e-01 2.030446295546039712e-02
-9.908576377060727136e-01 -1.325144006878278269e-01 2.532116496554709384e-02
-9.925310840387988609e-01 -1.181933808602072533e-01 3.020701289069862433e-02
-9.942097924983215318e-01 -1.016163364742807412e-01 3.494433637187216446e-02
-9.957783466728302724e-01 -8.284999872943427102e-02 3.951539953843559438e-02
-9.971296207153399482e-01 -6.439137320247895202e-02 3.982933325891230975e-02
-9.981497166553393585e-01 -4.580154543722746163e-02 3.999333774010169901e-02
-9.988303414754952092e-01 -2.715646874947398939e-02 4.000725794352347903e-02
-9.991684306169069663e-01 -8.532309997945325408e-03 3.987169833790197432e-02
-9.991661476481679127e-01 9.995145173319723575e-03 3.958802223899594158e-02
-9.988307889820690066e-01 2.835108224522468051e-02 3.915834041128937737e-02
-9.981745964953407935e-01 4.646222910569505760e-02 3.858548925244217193e-02
-9.972144834309778494e-01 6.425739574503511187e-02 3.787299921933716396e-02
-9.959716812447758638e-01 8.166797073680448493e-02 3.702505445907589704e-02
-9.944713169964691790e-01 9.862836463856107516e-02 3.604644486558240130e-02
-9.927419324037056736e-01 1.150763925410708127e-01 3.494251198194004565e-02
-9.908149567245049250e-01 1.309535903075514374e-01 3.371909030331263213e-02
-9.887241461912652518e-01 1.462054614568659983e-01 3.238244560237391739e-02
-9.865050027965708290e-01 1.607816540393740279e-01 3.093921189958138626e-02
-9.841941848642117296e-01 1.746360691242653529e-01 2.939632863889721573e-02
-9.818289210859046934e-01 1.877269045713244877e-01 2.776097951311183587e-02
-9.794464386389588606e-01 2.000166395268223041e-01 2.604053422133180765e-02
-9.770834147057141372e-01 2.114719665133244775e-01 2.424249424532206112e-02
-9.747754592780903948e-01 2.220636790496889890e-01 2.237444351258031233e-02
-9.725566356333181783e-01 2.317665234343347924e-01 2.044400458332918530e-02
-9.704590233854977210e-01 2.405590236640828827e-01 1.845880076621043281e-02
-9.685123276164278039e-01 2.484232884691333076e-01 1.642642434218878622e-02
-9.667435363189670339e-01 2.553448091592130931e-01 1.435441086524172002e-02
-9.651766272831965310e-01 2.613122564402935444e-01 1.225021931732610085e-02
-9.638323246413945666e-01 2.663172836220410455e-01 1.012121772768952675e-02
-9.627279045701313542e-01 2.703543427395415089e-01 7.974673725113328587e-03
-9.618770491222933261e-01 2.734205191023280079e-01 5.817749377108782233e-03
-9.612897468139534052e-01 2.755153886985025613e-01 3.657499582375732528e-03
-9.609722383980173754e-01 2.766409017556865635e-01 1.500873221160336363e-03
-9.609270061898825821e-01 2.768012946221196091e-01 -6.452837687774080205e-04
-9.611528053374773783e-01 2.760030310037849821e-01 -2.774224236593702143e-03
-9.616447355146433562e-01 2.742547724959278344e-01 -4.879295421302256609e-03
-9.623943516283333111e-01 2.715673772953669518e-01 -6.953935123359917397e-03
-9.633898122333700575e-01 2.679539249869915540e-01 -8.991669208345586320e-03
-9.646160644131172024e-01 2.634297643761427943e-01 -1.098611114202465225e-02
-9.660550638839001669e-01 2.580125805005181183e-01 -1.293096417558123670e-02
-9.676860289939682724e-01 2.517224762138603467e-01 -1.482002670403106785e-02
-9.694857270987897735e-01 2.445820631032594727e-01 -1.664720121098419575e-02
-9.714287914949346625e-01 2.366165559979694910e-01 -1.840650709042385841e-02
-9.734880666836248642e-01 2.278538649667691263e-01 -2.009209750279027443e-02
-9.756349792190508463e-01 2.183246784999001711e-01 -2.169828028068948589e-02
-9.778399307907059690e-01 2.080625315464789682e-01 -2.321954275186901770e-02
-9.800727095161516633e-01 1.971038522427285278e-01 -2.465058019724842772e-02
-9.823029147109805237e-01 1.854879815302583057e-01 -2.598632751394663182e-02
-9.845003896927425613e-01 1.732571604311580193e-01 -2.722199351216752009e-02
-9.866356565063509887e-01 1.604564805148547546e-01 -2.835309714567715855e-02
-9.886803458737034589e-01 1.471337940488694485e-01 -2.937550486382334292e-02
-9.906076152137809343e-01 1.333395814506004584e-01 -3.028546818392729642e-02
-9.923925472924813862e-01 1.191267749189665881e-01 -3.107966052132288270e-02
-9.940125219795061806e-01 1.045505384825848871e-01 -3.175521228446757938e-02
-9.954475537399393170e-01 8.966800610628995749e-02 -3.230974324741926751e-02
-9.966805878870829138e-01 7.453798089511391722e-02 -3.274139125314837195e-02
-9.976977492742036269e-01 5.922059976571027867e-02 -3.304883637854896805e-02
-9.984885379958108320e-01 4.377696916075347888e-02 -3.323131980372578953e-02
-9.990459677796392768e-01 2.826877840657173943e-02 -3.328865677044225146e-02
-9.993666440412400931e-01 1.275789810963455506e-02 -3.322124318208756477e-02
-9.994507799954207572e-01 -2.694028484746358726e-03 -3.303005558327862939e-02
-9.993021507157729966e-01 -1.802599301332450527e-02 -3.271664445329840187e-02
-9.989279865434174122e-01 -3.317802030584642015e-02 -3.228312094541760380e-02
-9.983388087061603189e-01 -4.809154976331997400e-02 -3.173213739508851799e-02
-9.975482113598768130e-01 -6.270979272584148445e-02 -3.106686209580804270e-02
-9.965725954522266505e-01 -7.697805964096404718e-02 -3.029094899481636280e-02
-9.954308607918405105e-01 -9.084405193069280959e-02 -2.940850308576197641e-02
-9.941440634531354403e-01 -1.042581146868306746e-01 -2.842404236770404782e-02
-9.927350461407422610e-01 -1.171734476420455279e-01 -2.734245729684318948e-02
-9.912280493747610555e-01 -1.295462732081253121e-01 -2.616896867854012765e-02
-9.896483113484179084e-01 -1.413359616863253676e-01 -2.490908493363942766e-02
-9.880216640743829659e-01 -1.525051149858904220e-01 -2.356855962757456457e-02
-9.863741330055074696e-01 -1.630196112920423435e-01 -2.215335007718263055e-02
-9.847315467270929545e-01 -1.728486140697699791e-01 -2.066957775353029519e-02
-9.831191626118198634e-01 -1.819645495507691002e-01 -1.912349108484587626e-02
-9.815613135468769235e-01 -1.903430574143586407e-01 -1.752143113757858445e-02
-9.800810800258286104e-01 -1.979629197353866277e-01 -1.586980052127228216e-02
-9.786999910818143800e-01 -2.048059734378819552e-01 -1.417503572958213158e-02
-9.774377567549914492e-01 -2.108570114744591772e-01 -1.244358300004054681e-02
-9.763120340605107028e-01 -2.161036777656319130e-01 -1.068187765305343880e-02
-9.753382277716429183e-01 -2.205363606013680811e-01 -8.896326759272307760e-03
-9.745293267668397874e-01 -2.241480887527173005e-01 -7.093294886365604165e-03
-9.738957762137415708e-01 -2.269344339882396200e-01 -5.279092593000619081e-03
-9.734453854756550673e-01 -2.288934230620337240e-01 -3.459967270592737443e-03
-9.731832713199135565e-01 -2.300254615600644259e-01 -1.642095882579119480e-03
-9.731118357717915002e-01 -2.303332712802759197e-01 1.684208833194927087e-04
-9.732307777782801539e-01 -2.298218420988622224e-01 1.965563552463796097e-03
-9.735371377071554422e-01 -2.284983985574165211e-01 3.743398395312463531e-03
-9.740253735917105971e-01 -2.263723807091746199e-01 5.496082046585145688e-03
-9.746874679238357597e-01 -2.234554381014541569e-01 7.217866677462668294e-03
-9.755130636825375401e-01 -2.197614351587850456e-01 8.903106147012063154e-03
-9.764896281482428053e-01 -2.153064656793837739e-01 1.054626350730526740e-02
-9.776026428848245686e-01 -2.101088736781321631e-01 1.214192017417186492e-02
-9.788358180640830408e-01 -2.041892774130846522e-01 1.368478700354557737e-02
-9.801713290580952309e-01 -1.975705931300933693e-01 1.516971743347560013e-02
-9.815900729342542652e-01 -1.902780548608784539e-01 1.659172276584331904e-02
-9.830719421610577546e-01 -1.823392265219874186e-01 1.794598957166710154e-02
-9.845961124791008379e-01 -1.737840025920120712e-01 1.922789911186810821e-02
-9.861413415245265934e-01 -1.646445937962061901e-01 2.043304857403418703e-02
-9.876862744280400230e-01 -1.549554945022650898e-01 2.155727383779735065e-02
-9.892097522708058754e-01 -1.447534289258017859e-01 2.259667339982136466e-02
-9.906911189801166362e-01 -1.340772737520728175e-01 2.354763301702162900e-02
-9.921105220141454017e-01 -1.229679553902601752e-01 2.440685056638180681e-02
-9.934492020371207266e-01 -1.114683207718591695e-01 2.517136057425066811e-02
-9.946897667424694500e-01 -9.962298136463197673e-02 2.583855783959057226e-02
-9.958164440569801101e-01 -8.747813087324646242e-02 2.640621956607447363e-02
-9.968153101642363012e-01 -7.508133790894375159e-02 2.687252542829276364e-02
-9.976744881251482511e-01 -6.248131570305168192e-02 2.723607502795089355e-02
-9.983843133456459240e-01 -4.972767168184449860e-02 2.749590224626509080e-02
-9.989374627380518401e-01 -3.687064038295807117e-02 2.765148606735284842e-02
-9.993290451283158848e-01 -2.396080374862534154e-02 2.770275753195297619e-02
-9.995566512551442573e-01 -1.104880325482127980e-02 2.765010257819468936e-02
-9.996203625630831757e-01 1.814951390061908532e-03 2.749436063261522303e-02
-9.995227188802067175e-01 1.458057212958284096e-02 2.723681892598448645e-02
-9.992686459605916172e-01 2.719897623024039590e-02 2.687920262027330975e-02
-9.988653447304621791e-01 3.962215915495406054e-02 2.642366094083299990e-02
-9.983221448745622784e-01 5.180345241757532831e-02 2.587274960730734721e-02
-9.976503261090571284e-01 6.369776269241667066e-02 2.522940994420042396e-02
-9.968629110868698628e-01 7.526178905780309125e-02 2.449694512424891585e-02
-9.959744343543631695e-01 8.645421593984831121e-02 2.367899405246209898e-02
-9.950006921146377081e-01 9.723588006206065892e-02 2.277950343444174949e-02
-9.939584777489984813e-01 1.075699104671221928e-01 2.180269858883495185e-02
-9.928653081072735809e-01 1.174218414291246931e-01 2.075305356084530817e-02
-9.917391455083531815e-01 1.267596987897533500e-01 1.963526107277960980e-02
-9.905981202080583747e-01 1.355540609058666079e-01 1.845420281047266409e-02
-9.894602578094341405e-01 1.437780959684298032e-01 1.721492049348856759e-02
-9.883432157303482235e-01 1.514075779284988765e-01 1.592258811499602106e-02
-9.872640324255407274e-01 1.584208836347020533e-01 1.458248566712433934e-02
-9.862388926055344340e-01 1.647989740432252437e-01 1.319997459244727847e-02
-9.852829112224107400e-01 1.705253625051360855e-01 1.178047512495227975e-02
-9.844099385196126706e-01 1.755860731705668198e-01 1.032944560717476840e-02
-9.836323879841271101e-01 1.799695924818558723e-01 8.852363796568936058e-03
-9.829610886059387820e-01 1.836668165679725684e-01 7.354710105765632777e-03
-9.824051624494918311e-01 1.866709971121477685e-01 5.841952659881555730e-03
-9.819719281796730481e-01 1.889776879566257839e-01 4.319534000861003850e-03
-9.816668308620625227e-01 1.905846943465390742e-01 2.792859224956135283e-03
-9.814933980726431306e-01 1.914920263129753775e-01 1.267285305548041668e-03
-9.814532221022851388e-01 1.917018572670395327e-01 -2.518886700628934338e-04
-9.815459678208597882e-01 1.912184884353178016e-01 -1.759430634424102207e-03
-9.817694055683249266e-01 1.900483193251843728e-01 -3.250184331663501063e-03
-9.821194682585576707e-01 1.881998239776459803e-01 -4.719078047550050517e-03
-9.825903317090443068e-01 1.856835323568978569e-01 -6.161133541795140930e-03
-9.831745170392959254e-01 1.825120158496362222e-01 -7.571475421336749598e-03
-9.838630138075613596e-01 1.786998755127715000e-01 -8.945341160284638743e-03
-9.846454223750198409e-01 1.742637314239685042e-01 -1.027809193221861615e-02
-9.855101137968665936e-01 1.692222112629111486e-01 -1.156522437473116692e-02
-9.864444053402645629e-01 1.635959360887878355e-01 -1.280238335573557693e-02
-9.874347495218264159e-01 1.574075011864295437e-01 -1.398537575749792330e-02
-9.884669343460465996e-01 1.506814498335749264e-01 -1.511018523909628611e-02
-9.895262922168384101e-01 1.434442378969809362e-01 -1.617298788266945467e-02
-9.905979147947218122e-01 1.357241872957224149e-01 -1.717016857507530636e-02
-9.916668708913313202e-01 1.275514265740543829e-01 -1.809833792616192746e-02
-9.927184243407671804e-01 1.189578170993436240e-01 -1.895434947947971863e-02
-9.937382486742615262e-01 1.099768637360600265e-01 -1.973531693257900288e-02
-9.947126353607937954e-01 1.006436092354513895e-01 -2.043863105355819484e-02
-9.956286923708467240e-01 9.099451201077392304e-02 -2.106197595955737814e-02
-9.964745298810900875e-01 8.106730742620131547e-02 -2.160334441245713097e-02
-9.972394300698564917e-01 7.090085319850251977e-02 -2.206105178782272885e-02
-9.979139981596280018e-01 6.053495997784247296e-02 -2.243374838540886096e-02
-9.984902921431044742e-01 5.001020862072440981e-02 -2.272042977315008941e-02
-9.989619289802453839e-01 3.936775607752253381e-02 -2.292044489088993636e-02
-9.993241654681594976e-01 2.864913217366247405e-02 -2.303350168407836823e-02
-9.995739524539640763e-01 1.789602985352367268e-02 -2.305967008980576785e-02
-9.997099615701408037e-01 7.150091668321785845e-03 -2.299938225599069963e-02
-9.998232331897813907e-01 -1.115764551247466069e-03 -1.877121237446599880e-02
-9.998673210205014650e-01 -7.401666187131773940e-03 -1.451397883072082749e-02
-9.998791569509465349e-01 -1.169757326337959175e-02 -1.024391003966484970e-02
-9.998841619245956158e-01 -1.400131408611236111e-02 -5.977080728538163891e-03
-9.998960428823988611e-01 -1.431827228866491830e-02 -1.729394617817606519e-03
-9.999168108746157024e-01 -1.266118279652036875e-02 2.483426304427048190e-03
-9.999370144987889120e-01 -9.050039846358839957e-03 6.645850547309608246e-03
-9.999361822940640021e-01 -3.512112076305933320e-03 1.074254844799428510e-02
-9.998834671453974421e-01 3.917947987553254199e-03 1.475841028425270429e-02
-9.997384848018137093e-01 1.319791975539045398e-02 1.867857488002499025e-02
-9.994523370256748196e-01 2.427778155490990797e-02 2.248847173293576363e-02
-9.989688074819277341e-01 3.709945962531017299e-02 2.617387885063886949e-02
-9.982257151667807138e-01 5.159659361785636639e-02 2.972099750490627551e-02
-9.971564060003718089e-01 6.769435512920975173e-02 3.311654402984916951e-02
-9.956913583278635960e-01 8.530935600887255832e-02 3.634785764392334945e-02
-9.937598727698013779e-01 1.043496814190448679e-01 3.940302211446692487e-02
-9.912918115251745377e-01 1.247150788022248491e-01 4.227099796744034077e-02
-9.882193473307406828e-01 1.462973280571699397e-01 4.494176093936640831e-02
-9.844786783322236889e-01 1.689808105005421446e-01 4.740644154130061599e-02
-9.800116626356177862e-01 1.926432849127480418e-01 4.965746002106542073e-02
-9.754833938087822398e-01 2.148391761467839944e-01 4.771196421993943032e-02
-9.706795099715512798e-01 2.360093703698857848e-01 4.561817641667026413e-02
-9.656779214569917169e-01 2.560934036611438036e-01 4.338743966889044290e-02
-9.605571399023791201e-01 2.750392005579909149e-01 4.103127884154053606e-02
-9.553950606085521713e-01 2.928027510011307344e-01 3.856126807569316972e-02
-9.502678394327921385e-01 3.093476577553612716e-01 3.598891334289150423e-02
-9.452488787557944416e-01 3.246445819000028932e-01 3.332555203447487568e-02
-9.404079313502594628e-01 3.386706146101983728e-01 3.058227074236220464e-02
-9.358103257782841577e-01 3.514086028786050364e-01 2.776984165246463784e-02
-9.315163124627064972e-01 3.628464552850593772e-01 2.489867732042437554e-02
-9.275805259407691183e-01 3.729764516545391873e-01 2.197880304746665028e-02
-9.240515560716904275e-01 3.817945776898643562e-01 1.901984562810837484e-02
-9.209716191264588625e-01 3.892999026408027752e-01 1.603103689970485080e-02
-9.183763186839047910e-01 3.954940149571805619e-01 1.302123027874331658e-02
-9.162944860029620386e-01 4.003805278117776312e-01 9.998928308768171430e-03
-9.147480899263781273e-01 4.039646634693369043e-01 6.972319156007509254e-03
-9.137522072742962909e-01 4.062529227817884836e-01 3.949319956738220512e-03
-9.133150459827262813e-01 4.072528436331088741e-01 9.376249314729987426e-04
-9.134380148106751030e-01 4.069728499381593534e-01 -2.055243776824507498e-03
-9.141158351660860770e-01 4.054221907952639259e-01 -5.021884519725699006e-03
-9.153366923786507847e-01 4.026109675651970976e-01 -7.954965716637786913e-03
-9.170824254797891317e-01 3.985502449558291360e-01 -1.084717839688051702e-02
-9.193287561478827863e-01 3.932522405878456917e-01 -1.369119342502706296e-02
-9.220455588592211260e-01 3.867305859643334065e-01 -1.647962501537468191e-02
-9.251971753784328234e-01 3.790006502380360298e-01 -1.920500201866820120e-02
-9.287427774602539099e-01 3.700799166523063288e-01 -2.185974832226139641e-02
-9.326367819595936526e-01 3.599884000311765475e-01 -2.443617353774074977e-02
-9.368293224117749673e-01 3.487490922370367064e-01 -2.692647495143128331e-02
-9.412667805158830836e-01 3.363884211488790132e-01 -2.932275147757756537e-02
-9.458923798151483986e-01 3.229367075079929150e-01 -3.161703007730073262e-02
-9.506468422249926276e-01 3.084286030169527959e-01 -3.380130478705604957e-02
-9.554691059439345269e-01 2.929034924599879797e-01 -3.586758813989219391e-02
-9.602971007574100382e-01 2.764058424423572191e-01 -3.780797436692251434e-02
-9.650685739047792921e-01 2.589854797240562778e-01 -3.961471334503018082e-02
-9.697219566533199497e-01 2.406977831364659481e-01 -4.128029382442104794e-02
-9.741972586679696899e-01 2.216037747821677506e-01 -4.279753404489189395e-02
-9.784369743641937456e-01 2.017700986552951603e-01 -4.415967745470331801e-02
-9.823869828802476167e-01 1.812688779645444670e-01 -4.536049090499403441e-02
-9.859974213023805500e-01 1.601774462236048024e-01 -4.639436243043403019e-02
-9.892235095063200978e-01 1.385779514700409276e-01 -4.725639556634503302e-02
-9.920263045942252500e-01 1.165568376071784706e-01 -4.794249711301924732e-02
-9.943733635150197037e-01 9.420421161370923224e-02 -4.844945535262506348e-02
-9.962392941040523198e-01 7.161310998117087490e-02 -4.877500595823268392e-02
-9.976061774420947881e-01 4.887868195602508570e-02 -4.891788320433811121e-02
-9.984638480173644304e-01 2.609731072493281026e-02 -4.887785458043465009e-02
-9.988100225114870945e-01 3.365696363460814883e-03 -4.865573750114756540e-02
-9.986502728958480679e-01 -1.922007400501963420e-02 -4.825339746789876483e-02
-9.979978446509738532e-01 -4.156544292984311328e-02 -4.767372773211357717e-02
-9.968733260197415458e-01 -6.357826105214235690e-02 -4.692061119996848023e-02
-9.953041789892705937e-01 -8.516960391430999922e-02 -4.599886596531899130e-02
-9.933241469062858986e-01 -1.062545067413291078e-01 -4.491417642590627562e-02
-9.909725570530377725e-01 -1.267526004923982264e-01 -4.367301239954296532e-02
-9.882935389939336845e-01 -1.465886367890670283e-01 -4.228253899124184700e-02
-9.853351809661201610e-01 -1.656928939628791730e-01 -4.075052015805976507e-02
-9.821486470222186016e-01 -1.840014611658516708e-01 -3.908521897427126579e-02
-9.787872770998204963e-01 -2.014564020025615687e-01 -3.729529752279488880e-02
-9.753056908068857833e-01 -2.180058032588262085e-01 -3.538971914455030232e-02
-9.717589136341692191e-01 -2.336037178510147472e-01 -3.337765548623653628e-02
-9.682015417206386587e-01 -2.482100139871162847e-01 -3.126840042294907335e-02
-9.646869584004285070e-01 -2.617901446554383171e-01 -2.907129252041540379e-02
-9.612666127394301485e-01 -2.743148529297338434e-01 -2.679564726702347854e-02
-9.579893672973768259e-01 -2.857598292348116908e-01 -2.445069987051292498e-02
-9.549009195714607268e-01 -2.961053367224129040e-01 -2.204555899698110166e-02
-9.520432991019888158e-01 -3.053358203547393290e-01 -1.958917144536874780e-02
-9.494544401268908418e-01 -3.134395142865359918e-01 -1.709029740913005357e-02
-9.471678280041181397e-01 -3.204080607831812366e-01 -1.455749568449538241e-02
-9.452122163928088350e-01 -3.262361523141597552e-01 -1.199911794405562372e-02
-9.436114113832566597e-01 -3.309212067102803023e-01 -9.423311004779687250e-03
-9.423841183591175064e-01 -3.344630834463824809e-01 -6.838025878223550486e-03
-9.415438473142696552e-01 -3.368638472702508158e-01 -4.251032293341198628e-03
-9.410988725720319525e-01 -3.381275835880285241e-01 -1.669937323969146025e-03
-9.410522433004548937e-01 -3.382602682667317784e-01 8.977932713773997472e-04
-9.414018418158046630e-01 -3.372696928430807817e-01 3.444812385002648039e-03
-9.421404873489507281e-01 -3.351654445427493245e-01 5.963868928450816002e-03
-9.432560836501984181e-01 -3.319589390169410126e-01 8.447786539284109220e-03
-9.447318094651844245e-01 -3.276635022925919460e-01 1.088944485921012999e-02
-9.465463514710834581e-01 -3.222944971073331555e-01 1.328176452483151825e-02
-9.486741796683140215e-01 -3.158694875624558640e-01 1.561769690143327040e-02
-9.510858654356022512e-01 -3.084084348835861578e-01 1.789021945978275935e-02
-9.537484424419911955e-01 -2.999339160435159912e-01 2.009233754519215015e-02
-9.566258103448237460e-01 -2.904713560962127739e-01 2.221709311650290480e-02
-9.596791806763768085e-01 -2.800492643245590663e-01 2.425758084014628321e-02
-9.628675635355492535e-01 -2.686994637525037533e-01 2.620697171189483379e-02
-9.661482926714134445e-01 -2.564573032551893950e-01 2.805854414853295800e-02
-9.694775853048517300e-01 -2.433618414599999780e-01 2.980572224722644048e-02
-9.728111316312947343e-01 -2.294559919069196485e-01 3.144212065743637319e-02
-9.761047074456014050e-01 -2.147866195611840279e-01 3.296159525620900865e-02
-9.793148018069731675e-01 -1.994045797669014020e-01 3.435829857168471585e-02
-9.823992502057986576e-01 -1.833646921034873256e-01 3.562673867218314749e-02
-9.853178624001741603e-01 -1.667256433442624586e-01 3.676184004056409771e-02
-9.880330330530442406e-01 -1.495498157829957819e-01 3.775900479721008840e-02
-9.905103226112638160e-01 -1.319030395305929304e-01 3.861417253071734723e-02
-9.927189956025554984e-01 -1.138542699087748827e-01 3.932387695241313513e-02
-9.946325037430290283e-01 -9.547519367874125751e-02 3.988529761584501399e-02
-9.962289019788639344e-01 -7.683977042378843658e-02 4.029630503883190745e-02
-9.974911868332412279e-01 -5.802371783094036756e-02 4.055549773306689476e-02
-9.984075481636703886e-01 -3.910395176342215673e-02 4.066222987995789934e-02
-9.989715275934785144e-01 -2.015799376814180963e-02 4.061662868254831832e-02
-9.991820793733287021e-01 -1.263359923283410152e-03 4.041960075934789010e-02
-9.990435321396722301e-01 1.750305437036165507e-02 4.007282731103807560e-02
-9.985654528367922111e-01 3.606557895377826561e-02 3.957874816757573494e-02
-9.977624168209759947e-01 5.435034863799256821e-02 3.894053519267221680e-02
-9.966536907362870679e-01 7.228584498720035112e-02 3.816205586693414975e-02
-9.952628370213771891e-01 8.980338864013209799e-02 3.724782817383107819e-02
-9.936172507770986151e-01 1.068375726627297517e-01 3.620296816065928652e-02
-9.917476411241831213e-01 1.233266297395772398e-01 3.503313173001978975e-02
-9.896874700690163618e-01 1.392127285062061681e-01 3.374445233039014697e-02
-9.874723622657501920e-01 1.544421968724214445e-01 3.234347625578475743e-02
-9.851394989372723732e-01 1.689656726672086329e-01 3.083709723695609445e-02
-9.827270086449337860e-01 1.827381842410780166e-01 2.923249191630127378e-02
-9.802733666471725726e-01 1.957191657034230703e-01 2.753705765459753610e-02
-9.778168133440687804e-01 2.078724131848011802e-01 2.575835393079131327e-02
-9.753948008592312480e-01 2.191659898551782115e-01 2.390404837819821993e-02
-9.730434752534367071e-01 2.295720883807484680e-01 2.198186826365390242e-02
-9.707972002818430202e-01 2.390668600667773536e-01 1.999955797179135339e-02
-9.686881270740295147e-01 2.476302201326069097e-01 1.796484281491304152e-02
-9.667458126959118658e-01 2.552456384317193239e-01 1.588539925848285114e-02
-9.649968892918944219e-01 2.618999245080000926e-01 1.376883143988225783e-02
-9.634647844358573687e-01 2.675830152175225352e-01 1.162265366870812028e-02
-9.621694924568827689e-01 2.722877722930126532e-01 9.454278433739127935e-03
-9.611273958522104088e-01 2.760097962336276467e-01 7.271009306427910976e-03
-9.603511354459624005e-01 2.787472618098195687e-01 5.080038023784027093e-03
-9.598495276780050212e-01 2.805007793205445688e-01 2.888444954238345019e-03
-9.596275272857456295e-01 2.812732845606629728e-01 7.032020973061926111e-04
-9.596862336402520732e-01 2.810699592769341226e-01 -1.468822259995802501e-03
-9.600229390812876629e-01 2.798981827331440408e-01 -3.620858111708818647e-03
-9.606312177269479280e-01 2.777675138859380111e-01 -5.746228391402069535e-03
-9.615010533763768130e-01 2.746897026071048464e-01 -7.838344548768418421e-03
-9.626190052443901468e-01 2.706787273878167865e-01 -9.890703817270368389e-03
-9.639684103339882792e-01 2.657508560375280715e-01 -1.189688887308039227e-02
-9.655296212405287681e-01 2.599247250571820045e-01 -1.385057049654765844e-02
-9.672802780692196789e-01 2.532214326365671009e-01 -1.574551374313497287e-02
-9.691956129216479088e-01 2.456646396141757283e-01 -1.757558801239225699e-02
-9.712487850607424145e-01 2.372806722613680364e-01 -1.933478127254033632e-02
-9.734112443983972129e-01 2.280986204287171748e-01 -2.101721855654534177e-02
-9.756531203758973536e-01 2.181504244389455560e-01 -2.261718469565695069e-02
-9.779436326428105897e-01 2.074709441445432845e-01 -2.412915110142183420e-02
-9.802515192118642640e-01 1.960980038029029038e-01 -2.554780625103973343e-02
-9.825454770097642454e-01 1.840724068669326585e-01 -2.686808937816834511e-02
-9.847946089973468320e-01 1.714379154475034195e-01 -2.808522672706076015e-02
-9.866973928442615005e-01 1.606089736758184172e-01 -2.516289559382634336e-02
-9.882658220748776756e-01 1.511258370386673600e-01 -2.217664106914073868e-02
-9.895345132321203829e-01 1.430221292876340256e-01 -1.913827009970174575e-02
-9.905341240223450860e-01 1.363245664770248722e-01 -1.605977498702916562e-02
-9.912908106099462824e-01 1.310530259584323509e-01 -1.295326550915264045e-02
-9.918257994430511593e-01 1.272206363437538568e-01 -9.830906940678512881e-03
-9.921550791820481496e-01 1.248338778832891183e-01 -6.704863325799703330e-03
-9.922892158833662712e-01 1.238926849353450266e-01 -3.587245083462410351e-03
-9.922332923609734623e-01 1.243905447726144781e-01 -4.900598311753296722e-04
-9.919869705869838183e-01 1.263145897294776221e-01 2.574834790956233039e-03
-9.915446740638371725e-01 1.296456824950179554e-01 5.595777530202416389e-03
-9.908958852597334888e-01 1.343584970555988245e-01 8.561350328521594166e-03
-9.900255514039664195e-01 1.404216002533545116e-01 1.146042653869366532e-02
-9.889145901570305375e-01 1.477975410294785907e-01 1.428222133682395881e-02
-9.875404848862597840e-01 1.564429560550119058e-01 1.701634483456056571e-02
-9.858779574976519466e-01 1.663087015264389512e-01 1.965285806435699070e-02
-9.838997050295176239e-01 1.773400213504647827e-01 2.218233165214173602e-02
-9.815771845595580025e-01 1.894767617199428489e-01 2.459590662260452421e-02
-9.788814294918944947e-01 2.026536411797182635e-01 2.688535642307136875e-02
-9.757838790690149811e-01 2.168005837199238062e-01 2.904314892321107483e-02
-9.729222240898838248e-01 2.295395769736200131e-01 2.709433995224472952e-02
-9.701171434660516013e-01 2.413389187864115049e-01 2.506845899901528549e-02
-9.674097936705531309e-01 2.521718953741905467e-01 2.297386400022535108e-02
-9.648390270483816478e-01 2.620160246596296427e-01 2.081887821304520547e-02
-9.624409276920812273e-01 2.708527889775468322e-01 1.861175366052901514e-02
-9.602484066542079644e-01 2.786673572314752323e-01 1.636064258207953204e-02
-9.582908570796530023e-01 2.854483071385340853e-01 1.407357658964704904e-02
-9.565938686736715768e-01 2.911873572036413060e-01 1.175845301642836765e-02
-9.551790000424698057e-01 2.958791168802493154e-01 9.423027766465762872e-03
-9.540636068436267880e-01 2.995208620633559859e-01 7.074913831089553462e-03
-9.532607233407486280e-01 3.021123416737682699e-01 4.721584530536577368e-03
-9.527789948370980477e-01 3.036556196735978874e-01 2.370380464284484179e-03
-9.526226585254191637e-01 3.041549554356944296e-01 2.851910910997438112e-05
-9.527915704899291294e-01 3.036167239997056844e-01 -2.296894013114307229e-03
-9.532812768834025841e-01 3.020493764031958461e-01 -4.598853667919776747e-03
-9.540831276292860430e-01 2.994634389909890948e-01 -6.870443780448459714e-03
-9.551844313194741698e-01 2.958715493895693882e-01 -9.104827835301924216e-03
-9.565686502497208199e-01 2.912885256945479395e-01 -1.129524172101519126e-02
-9.582156347183035106e-01 2.857314643669376375e-01 -1.343498984667267082e-02
-9.601018957771209061e-01 2.792198613791963546e-01 -1.551744525090010228e-02
-9.616263213772756613e-01 2.740253228136924624e-01 -1.360559900158040889e-02
-9.628766317509249717e-01 2.696898388609269004e-01 -1.166851555175473128e-02
-9.638617415740087235e-01 2.662261500664229730e-01 -9.713457923470118077e-03
-9.645892980166206332e-01 2.636429960165452835e-01 -7.747757522165952052e-03
-9.650655627386550695e-01 2.619451016703863711e-01 -5.778773990639784683e-03
-9.652953358556688457e-01 2.611331845427583565e-01 -3.813855763781854712e-03
-9.652819228122119233e-01 2.612039815465148074e-01 -1.860301376775658384e-03
-9.650271441724888044e-01 2.621502946335221296e-01 7.467844764086047429e-05
-9.645313874303897972e-01 2.639610547252907446e-01 1.983997919068192142e-03
-9.637936990660799230e-01 2.666214037667971604e-01 3.860732489339641256e-03
-9.628119142470412672e-01 2.701127950420450508e-01 5.698154317725467009e-03
-9.615828208000065658e-01 2.744131121319471345e-01 7.489766826864367039e-03
-9.601023533789598829e-01 2.794968070527542592e-01 9.229338245127834822e-03
-9.583658131359741317e-01 2.853350581702530642e-01 1.091093398469373393e-02
-9.563681076790413460e-01 2.918959484310006403e-01 1.252894765497534341e-02
-9.541040056871542552e-01 2.991446642832072400e-01 1.407813046196724170e-02
-9.515684002601036973e-01 3.070437153795455565e-01 1.555361869930791535e-02
-9.487565749198750842e-01 3.155531747719279023e-01 1.695095900002826020e-02
-9.456644661610846825e-01 3.246309388402273677e-01 1.826613099228998130e-02
-9.422889165754065877e-01 3.342330056646566350e-01 1.949556699059337012e-02
-9.394891720246054678e-01 3.421664731678710769e-01 1.680419271126550734e-02
-9.370571912591378894e-01 3.488920419631798553e-01 1.408343942179586701e-02
-9.350222878242068214e-01 3.544077647859587565e-01 1.134182225438101939e-02
-9.334080751663472730e-01 3.587140885879201990e-01 8.587605143796347984e-03
-9.322323548379197744e-01 3.618135437293700241e-01 5.828821633099837835e-03
-9.315070633525861510e-01 3.637104958968466750e-01 3.073301125509147417e-03
-9.312382726062397031e-01 3.644109643585958791e-01 3.286989350457722447e-04
-9.314262396615802242e-01 3.639225082465318284e-01 -2.397471504576842091e-03
-9.320655027077151544e-01 3.622541807531973190e-01 -5.097805880188951630e-03
-9.331450210666206724e-01 3.594165494477011280e-01 -7.764977240976581735e-03
-9.346483581487806669e-01 3.554217793324497832e-01 -1.039170672053744623e-02
-9.365539071896054057e-01 3.502837737687390929e-01 -1.297073812648054207e-02
-9.388351603619062846e-01 3.440183669832674318e-01 -1.549481767577070082e-02
-9.414610224010080408e-01 3.366435605254515795e-01 -1.795668002589503182e-02
-9.443961701499602457e-01 3.281797947825795259e-01 -2.034904160273062756e-02
-9.476014593948289821e-01 3.186502454930766337e-01 -2.266460205340034215e-02
-9.510343799882047255e-01 3.080811341562525452e-01 -2.489605445435647685e-02
-9.546495595409140167e-01 2.965020403602428023e-01 -2.703610468020174393e-02
-9.583993149019084390e-01 2.839462033888459636e-01 -2.907750008750559223e-02
-9.622342492673944259e-01 2.704508000800238676e-01 -3.101306739216996150e-02
-9.656263200875002672e-01 2.583244801376304300e-01 -2.888714822663938225e-02
-9.686121982636132222e-01 2.471411607165430735e-01 -2.668049667164024141e-02
-9.712165426178386296e-01 2.369455457026180822e-01 -2.440137521971102313e-02
-9.734634530900967420e-01 2.277773499956348147e-01 -2.205843170949326956e-02
-9.753759476307717335e-01 2.196711383552886754e-01 -1.966063802628401774e-02
-9.769754814320303904e-01 2.126562099549181295e-01 -1.721722990960650873e-02
-9.782815182940468590e-01 2.067565231411872539e-01 -1.473764843791503312e-02
-9.793111624123270742e-01 2.019906547103367533e-01 -1.223148355462555688e-02
-9.800788572777401342e-01 1.983717881879019651e-01 -9.708419803635230660e-03
-9.805961567493471920e-01 1.959077261001247461e-01 -7.178184266516849169e-03
-9.808715717286847768e-01 1.946009219984466965e-01 -4.650496546098970355e-03
-9.809104942592746790e-01 1.944485289795695737e-01 -2.135020528645560980e-03
-9.807151993139099355e-01 1.954424625616981437e-01 3.586824163157955637e-04
-9.802849230245671563e-01 1.975694769583705435e-01 2.821199171123086116e-03
-9.796160146608685615e-01 2.008112549602082408e-01 5.243309902788243285e-03
-9.787021582764336980e-01 2.051445127203684049e-01 7.616032706812186914e-03
-9.775346586229339829e-01 2.105411216755667669e-01 9.930668090373653140e-03
-9.761027846875042213e-01 2.169682505636793546e-01 1.217884340840161977e-02
-9.743941630540932097e-01 2.243885309742301715e-01 1.435255722844228261e-02
-9.723952122434187384e-01 2.327602500554273313e-01 1.644422344824282567e-02
-9.700916082758599401e-01 2.420375738813256017e-01 1.844671483279775037e-02
-9.674687709585803042e-01 2.521708045516403152e-01 2.035340548488848850e-02
-9.645123598574611989e-01 2.631066733679496283e-01 2.215821162453385229e-02
-9.612087686115186047e-01 2.747886714335412428e-01 2.385562993739258342e-02
-9.575456062149482195e-01 2.871574178060007365e-01 2.544077266813523155e-02
-9.535121541557538549e-01 3.001510639519499590e-01 2.690939858872366114e-02
-9.490997888758897494e-01 3.137057317835754700e-01 2.825793896802190897e-02
-9.443023599085922370e-01 3.277559810756816017e-01 2.948351771049680103e-02
-9.391165152413140094e-01 3.422353006518529250e-01 3.058396491767143358e-02
-9.335419669181876934e-01 3.570766164687148581e-01 3.155782325355985934e-02
-9.275816915889332215e-01 3.722128086908094713e-01 3.240434665911241796e-02
-9.212420625719242029e-01 3.875772290957718025e-01 3.312349115310068287e-02
-9.145329119568071929e-01 4.031042097246904654e-01 3.371589766849063252e-02
-9.074675232485603926e-01 4.187295536210581259e-01 3.418286709368265758e-02
-9.000625569698683659e-01 4.343909987882290102e-01 3.452632790609359847e-02
-8.923379134147725322e-01 4.500286471238172381e-01 3.474879699076706407e-02
-8.843165383141707858e-01 4.655853510249249316e-01 3.485333441935532794e-02
-8.760241784755048444e-01 4.810070515492532173e-01 3.484349311683294925e-02
-8.674890954529332898e-01 4.962430634006623764e-01 3.472326445863146982e-02
-8.587417459659490993e-01 5.112463035128427258e-01 3.449702091579909258e-02
-8.510362976279418623e-01 5.242086803644110393e-01 3.070328861771188383e-02
-8.440738910703007303e-01 5.355527474830488188e-01 2.688368653620916079e-02
-8.379206542484179954e-01 5.453054290288099626e-01 2.304728243867717671e-02
-8.326321499908884149e-01 5.534936221446156157e-01 1.920218061277838631e-02
-8.282535933884903612e-01 5.601431963006719972e-01 1.535562886753282993e-02
-8.248201156836921788e-01 5.652781724432595079e-01 1.151413789441450841e-02
-8.223570486852060935e-01 5.689200803814001839e-01 7.683609297233060312e-03
-8.208802089136860713e-01 5.710874903422386017e-01 3.869469058745692285e-03
-8.203961659192505751e-01 5.717957131548672134e-01 7.680362865968405964e-05
-8.209024843482888301e-01 5.710566628443142223e-01 -3.689503831554632237e-03
-8.223879342810811455e-01 5.688788752882032451e-01 -7.424639241075762022e-03
-8.248326690584635301e-01 5.652676767695219429e-01 -1.112372743931086885e-02
-8.282083742347237099e-01 5.602254965244256590e-01 -1.478170798427140206e-02
-8.324783954138689213e-01 5.537523175264816855e-01 -1.839321880213943064e-02
-8.375978565215499438e-01 5.458462595823868613e-01 -2.195248962820301603e-02
-8.435137834932910916e-01 5.365042881786432627e-01 -2.545324727713900101e-02
-8.501652513541402278e-01 5.257230412839628553e-01 -2.888863490681491467e-02
-8.574835751272295026e-01 5.134997643850761628e-01 -3.225114756843460578e-02
-8.653925668077681044e-01 4.998333413660692726e-01 -3.553258643719015009e-02
-8.738088816128567471e-01 4.847254054403832280e-01 -3.872403415879273336e-02
-8.818018755618804994e-01 4.700705646587421960e-01 -3.820140190405215547e-02
-8.894255618253757989e-01 4.555330029467141162e-01 -3.757769605971857108e-02
-8.966692441857113671e-01 4.411647646902105424e-01 -3.685303670807746346e-02
-9.035249723500381469e-01 4.270185368054885133e-01 -3.602807533113203120e-02
-9.099875166655555514e-01 4.131472572286473688e-01 -3.510400530214821679e-02
-9.160542974156822282e-01 3.996037159495162139e-01 -3.408256638338875988e-02
-9.217252696441010640e-01 3.864401548706608014e-01 -3.296604321530646059e-02
-9.270027656529736815e-01 3.737078726140931617e-01 -3.175725791845003532e-02
-9.318912984656362308e-01 3.614568400483884059e-01 -3.045955705664618943e-02
-9.363973305908664946e-01 3.497353317879839385e-01 -2.907679332347475748e-02
-9.405290133387019802e-01 3.385895782536295084e-01 -2.761330240928961885e-02
-9.442959026871684536e-01 3.280634421140469215e-01 -2.607387557976775100e-02
-9.477086582637758161e-01 3.181981220939084087e-01 -2.446372854714307099e-02
-9.507787323726961670e-01 3.090318862741075479e-01 -2.278846724117311942e-02
-9.535180561643796793e-01 3.005998361680826680e-01 -2.105405108908075737e-02
-9.559387300133543874e-01 2.929337020706591632e-01 -1.926675439401681622e-02
-9.580527249535212286e-01 2.860616694763554180e-01 -1.743312636286633091e-02
-9.598716016354684744e-01 2.800082357784483000e-01 -1.555995028017168741e-02
-9.614062527382920553e-01 2.747940960065798910e-01 -1.365420225985273031e-02
-9.626666741126571614e-01 2.704360560491677612e-01 -1.172300993485819731e-02
-9.636617691768252225e-01 2.669469716387846137e-01 -9.773611371514990404e-03
-9.643991902572275343e-01 2.643357113474168463e-01 -7.813314424568593847e-03
-9.648852196827105709e-01 2.626071419303275256e-01 -5.849456684709625209e-03
-9.651246925277370270e-01 2.617621345523190590e-01 -3.889366116118127704e-03
-9.651209619733537304e-01 2.617975907039904460e-01 -1.940322439827581007e-03
-9.648759073322720203e-01 2.627064869403870628e-01 -9.519291256733942302e-06
-9.643899838807517000e-01 2.644779379208490599e-01 1.895972832085403076e-03
-9.636623127685868262e-01 2.670972775673791655e-01 3.769242814027220535e-03
-9.626908084519514297e-01 2.705461584613401693e-01 5.603574318840976246e-03
-9.614723403244515021e-01 2.748026698393922773e-01 7.392480281516209534e-03
-9.600029245217609475e-01 2.798414747079283060e-01 9.129736385812220120e-03
-9.582779412572953737e-01 2.856339666545510414e-01 1.080941338106219604e-02
-9.562923725233449801e-01 2.921484468849414040e-01 1.242590803976762262e-02
-9.540410545767783468e-01 2.993503218498230201e-01 1.397397250949659539e-02
-9.515189393331418000e-01 3.072023215523993489e-01 1.544874176822615651e-02
-9.487213586287556177e-01 3.156647382510607280e-01 1.684575885562700215e-02
-9.456442852861506321e-01 3.246956848110368332e-01 1.816099752709715923e-02
-9.422845850397290057e-01 3.342513714332385755e-01 1.939088196527975760e-02
-9.386402536477227443e-01 3.442863989244696610e-01 2.053230318730890971e-02
-9.347106339304653844e-01 3.547540660992383743e-01 2.158263180623987143e-02
-9.314073913855134279e-01 3.634958900878222932e-01 1.874125741489913316e-02
-9.285103464690175334e-01 3.709676074370767962e-01 1.586806531520502939e-02
-9.260538744585165016e-01 3.771686314292204689e-01 1.297186366634716856e-02
-9.240660565614915445e-01 3.821006676614793207e-01 1.006114790085057067e-02
-9.225685634507359012e-01 3.857673273052167340e-01 7.144128656231048258e-03
-9.215766006227583684e-01 3.881738147118289906e-01 4.228766408345302139e-03
-9.210989087656590302e-01 3.893266936664946387e-01 1.322810902245033678e-03
-9.211378135386497634e-01 3.892337344400757515e-01 -1.566156505332935191e-03
-9.216893205512773912e-01 3.879038418149681755e-01 -4.430679433568375514e-03
-9.227432527884551483e-01 3.853470624413011247e-01 -7.263383773361999432e-03
-9.242834291664532298e-01 3.815746681869140455e-01 -1.005693739039807688e-02
-9.262878842412054503e-01 3.765993105475720637e-01 -1.280401384177267191e-02
-9.287291302472210353e-01 3.704352396560636751e-01 -1.549726160568405328e-02
-9.315744635541689522e-01 3.630985799514532819e-01 -1.812928020065137508e-02
-9.347863182280204963e-01 3.546076531361128659e-01 -2.069260442798740232e-02
-9.383226696228592623e-01 3.449833376663400952e-01 -2.317969780454023562e-02
-9.421374907674794352e-01 3.342494527171027685e-01 -2.558295605765950609e-02
-9.461812637206614696e-01 3.224331533745209422e-01 -2.789472132715669142e-02
-9.504015470402119581e-01 3.095653227989920708e-01 -3.010730745728801630e-02
-9.547435990533083006e-01 2.956809463387425896e-01 -3.221303646514885044e-02
-9.586259395675678086e-01 2.830538181497569417e-01 -3.028339675877154968e-02
-9.620886963951978954e-01 2.712683303184481587e-01 -2.826785822253216965e-02
-9.651535825541147640e-01 2.603723000770049589e-01 -2.617373798029605167e-02
-9.678424879321735341e-01 2.504091298439928281e-01 -2.400879046475620435e-02
-9.701769761291958449e-01 2.414175863791638288e-01 -2.178115067821220774e-02
-9.721778063692848582e-01 2.334316269409820732e-01 -1.949927720798325104e-02
-9.738644907969042919e-01 2.264802686806800525e-01 -1.717189573745960679e-02
-9.752548963243548030e-01 2.205874969027063759e-01 -1.480794362543906215e-02
-9.763648989011468604e-01 2.157722075436145082e-01 -1.241651595339776128e-02
-9.772080966775821276e-01 2.120481792574420155e-01 -1.000681327265393918e-02
-9.777955870794067250e-01 2.094240708171671295e-01 -7.588091129992585206e-03
-9.781358113336016125e-01 2.079034401073540927e-01 -5.169611318889823573e-03
-9.782344685149341190e-01 2.074847817407889927e-01 -2.760594700058272531e-03
-9.780944997389084961e-01 2.081615812228142515e-01 -3.701753638951691371e-04
-9.777161417231082785e-01 2.099223845482256212e-01 1.992644129048852780e-03
-9.770970475852168713e-01 2.127508830830125708e-01 4.319036694729048650e-03
-9.762324714497528921e-01 2.166260144946933475e-01 6.600394091909189340e-03
-9.751155122044102841e-01 2.215220812927021221e-01 8.828369877093164564e-03
-9.737374105906037025e-01 2.274088891731768647e-01 1.099492202719455809e-02
-9.720878927447290652e-01 2.342519077884678280e-01 1.309235519871561337e-02
-9.707780321415876434e-01 2.397204204617621182e-01 1.115208930492541002e-02
-9.696568827568884386e-01 2.442976403808030383e-01 9.188525146289504286e-03
-9.687390561418187662e-01 2.479776497800268709e-01 7.208494741822564500e-03
-9.680360864712889146e-01 2.507571252107438919e-01 5.218750657915108976e-03
-9.675563401860598489e-01 2.526352263776689422e-01 3.225960550089042398e-03
-9.673049659625361230e-01 2.536135038132902308e-01 1.236703918785593635e-03
-9.672838838901282044e-01 2.536958271738871118e-01 -7.425295742414651616e-04
-9.674918126480427372e-01 2.528883350211137970e-01 -2.705340896054831985e-03
-9.679243334314195923e-01 2.511994060520102989e-01 -4.645422201344184994e-03
-9.685739893560471048e-01 2.486396508742240719e-01 -6.556557799546190723e-03
-9.694304190475225846e-01 2.452219226065391888e-01 -8.432626130939837455e-03
-9.704805230728245080e-01 2.409613438308481626e-01 -1.026760329813312944e-02
-9.717086617810726246e-01 2.358753467432855577e-01 -1.205556863099374945e-02
-9.730968829710122669e-01 2.299837227620935287e-01 -1.379071268185218593e-02
-9.746251775854811727e-01 2.233086773607238229e-01 -1.546734795512117767e-02
-9.762717613431678432e-01 2.158748855195652128e-01 -1.707992257295645050e-02
-9.780133798565260328e-01 2.077095429411112693e-01 -1.862303696816039814e-02
-9.798256343589497597e-01 1.988424080630892543e-01 -2.009146357950205436e-02
-9.816833246873937213e-01 1.893058299421218060e-01 -2.148016940570307218e-02
-9.835608056573471591e-01 1.791347572742997551e-01 -2.278434115564924659e-02
-9.854323524492231146e-01 1.683667241722652252e-01 -2.399941261744264337e-02
-9.872725301265858899e-01 1.570418088298757286e-01 -2.512109376152524970e-02
-9.890565619576400236e-01 1.452025618682828978e-01 -2.614540099726751082e-02
-9.907606908434849480e-01 1.328939019578412317e-01 -2.706868792210666633e-02
-9.923625279003837063e-01 1.201629772282967329e-01 -2.788767584130687205e-02
-9.938413821264140413e-01 1.070589919880167440e-01 -2.859948329801078465e-02
-9.951785651282010203e-01 9.363299933820226628e-02 -2.920165384008277520e-02
-9.963576651070700230e-01 7.993766135156965547e-02 -2.969218126401071065e-02
-9.973647847137271372e-01 6.602697954492578458e-02 -3.006953161743128669e-02
-9.981887379749103673e-01 5.195599936801568314e-02 -3.033266131002734095e-02
-9.988212022629479048e-01 3.778049331457973559e-02 -3.048103077567109603e-02
-9.992568221986939392e-01 2.355662799675203173e-02 -3.051461324354183199e-02
-9.994932634199552579e-01 9.340621077658935179e-03 -3.043389830816797814e-02
-9.995312152740585265e-01 -4.811605695765131321e-03 -3.023989013262561379e-02
-9.993743426622326842e-01 -1.884477099257142463e-02 -2.993410026949735320e-02
-9.990291884298998504e-01 -3.270456966458361314e-02 -2.951853523435494717e-02
-9.985050288157256704e-01 -4.633799383649145343e-02 -2.899567911020145897e-02
-9.978136855010463213e-01 -5.969363390089971189e-02 -2.836847159260773299e-02
-9.969692987029500353e-01 -7.272195470225387148e-02 -2.764028199903230398e-02
-9.959880664989894106e-01 -8.537554303856131899e-02 -2.681487985784295619e-02
-9.948879561381270831e-01 -9.760932355778503822e-02 -2.589640275986899651e-02
-9.936883934695233123e-01 -1.093807411338596908e-01 -2.488932219621205200e-02
-9.924099368062803128e-01 -1.206499088320624608e-01 -2.379840812015500059e-02
-9.910739415425424692e-01 -1.313797215733868429e-01 -2.262869295921116769e-02
-9.897022216747021206e-01 -1.415359365449486984e-01 -2.138543576763832568e-02
-9.883167140626707425e-01 -1.510872222461865089e-01 -2.007408715300722929e-02
-9.869391508316653905e-01 -1.600051787832783012e-01 -1.870025553624417997e-02
-9.855907447878711203e-01 -1.682643326086449287e-01 -1.726967521697247293e-02
-9.842918921325775061e-01 -1.758421093378788047e-01 -1.578817661915403459e-02
-9.830618961378871923e-01 -1.827187885591644578e-01 -1.426165899013646064e-02
-9.819187148193279091e-01 -1.888774446827727327e-01 -1.269606572317166955e-02
-9.808787350295188334e-01 -1.943038778683520984e-01 -1.109736237284641124e-02
-9.799565748208702853e-01 -1.989865389275646268e-01 -9.471517337734724346e-03
-9.791649153977117770e-01 -2.029164518442359566e-01 -7.824485097501611766e-03
-9.785143635078603630e-01 -2.060871372007089530e-01 -6.162191814664199838e-03
-9.780133447143116721e-01 -2.084945393656188195e-01 -4.490523045732172994e-03
-9.776680276389725366e-01 -2.101369598031705976e-01 -2.815313253497751279e-03
-9.774822789779427090e-01 -2.110149983251257133e-01 -1.142336772392018055e-03
