1.000000000000000000e+00 0.000000000000000000e+00 0.000000000000000000e+00
1.000000000000000000e+00 0.000000000000000000e+00 0.000000000000000000e+00
1.000000000000000000e+00 0.000000000000000000e+00 0.000000000000000000e+00
1.000000000000000000e+00 0.000000000000000000e+00 0.000000000000000000e+00
1.000000000000000000e+00 0.000000000000000000e+00 0.000000000000000000e+00
1.000000000000000000e+00 0.000000000000000000e+00 0.000000000000000000e+00
1.000000000000000000e+00 0.000000000000000000e+00 0.000000000000000000e+00
1.000000000000000000e+00 0.000000000000000000e+00 0.000000000000000000e+00
1.000000000000000000e+00 0.000000000000000000e+00 0.000000000000000000e+00
1.000000000000000000e+00 0.000000000000000000e+00 0.000000000000000000e+00
1.000000000000000000e+00 0.000000000000000000e+00 0.000000000000000000e+00
1.000000000000000000e+00 0.000000000000000000e+00 0.000000000000000000e+00
1.000000000000000000e+00 0.000000000000000000e+00 0.000000000000000000e+00
1.000000000000000000e+00 0.000000000000000000e+00 0.000000000000000000e+00
1.000000000000000000e+00 0.000000000000000000e+00 0.000000000000000000e+00
1.000000000000000000e+00 0.000000000000000000e+00 0.000000000000000000e+00
1.000000000000000000e+00 0.000000000000000000e+00 0.000000000000000000e+00
1.000000000000000000e+00 0.000000000000000000e+00 0.000000000000000000e+00
1.000000000000000000e+00 0.000000000000000000e+00 0.000000000000000000e+00
1.000000000000000000e+00 0.000000000000000000e+00 0.000000000000000000e+00
1.000000000000000000e+00 0.000000000000000000e+00 0.000000000000000000e+00
1.000000000000000000e+00 0.000000000000000000e+00 0.000000000000000000e+00
9.999953620600880999e-01 1.270504276416323198e-03 -2.767984349842137707e-03
9.999799080918880811e-01 3.113454779511392809e-03 -5.521769814783684255e-03
9.999506244746034778e-01 5.525626941579028784e-03 -8.259314083198653067e-03
9.999035774992770520e-01 8.503339143612490339e-03 -1.097858030921700784e-02
9.998339386961694331e-01 1.204244233466755278e-02 -1.367753668444600043e-02
9.997360137103270539e-01 1.613830740004837394e-02 -1.635415627093733323e-02
9.996032747073110292e-01 2.078581054186696975e-02 -1.900641713455436879e-02
9.994283962877094085e-01 2.597931696714022437e-02 -2.163230281431137436e-02
9.992032948825225747e-01 3.171266320799413785e-02 -2.422980315926060932e-02
9.989191715915743952e-01 3.797913842543652885e-02 -2.679691556010050518e-02
9.985665584136268480e-01 4.477146507220033933e-02 -2.933164659788084494e-02
9.981353677998032747e-01 5.208177931098794539e-02 -3.183201412700586291e-02
9.976149454412808204e-01 5.990161160167923465e-02 -3.429604980420706412e-02
9.969941261781253283e-01 6.822186788430784077e-02 -3.672180206930546198e-02
9.962612928888161523e-01 7.703281179346203877e-02 -3.910733957744792766e-02
9.954044381897713123e-01 8.632404834383952674e-02 -4.145075507613333460e-02
9.944112287414373919e-01 9.608450952561108094e-02 -4.375016971380046166e-02
9.932690719227654785e-01 1.063024422416935372e-01 -4.600373776009990257e-02
9.919651845997554673e-01 1.169653990067192062e-01 -4.820965171129581311e-02
9.904866636768956401e-01 1.280602318092010639e-01 -5.036614774762763341e-02
9.888205580835131014e-01 1.395730895140022132e-01 -5.247151150300383149e-02
9.869539418111022977e-01 1.514894191516895638e-01 -5.452408410120191534e-02
9.848739875834746638e-01 1.637939714047637885e-01 -5.652226840691967902e-02
9.825680407099659508e-01 1.764708105583096542e-01 -5.846453543467280273e-02
9.800236926438392615e-01 1.895033291346313042e-01 -6.034943085377412336e-02
9.772288537443142298e-01 2.028742673783933137e-01 -6.217558152356889717e-02
9.741718247221642368e-01 2.165657377012771556e-01 -6.394170198984008846e-02
9.708413662363257757e-01 2.305592541339231138e-01 -6.564660087093214524e-02
9.672267661031268560e-01 2.448357667688124406e-01 -6.728918706075159850e-02
9.633179035811243462e-01 2.593757011117293620e-01 -6.886847567545449633e-02
9.591053102035618227e-01 2.741590021925892628e-01 -7.038359367137173028e-02
9.545802266473770725e-01 2.891651832198682825e-01 -7.183378506358140125e-02
9.497346551525938096e-01 3.043733784978046586e-01 -7.321841567751662117e-02
9.445614070387289285e-01 3.197624002631703211e-01 -7.453697737007944357e-02
9.390541449052460798e-01 3.353107990399216143e-01 -7.578909166187174085e-02
9.332074191506244398e-01 3.509969270565802546e-01 -7.697451272828546853e-02
9.270166984986260017e-01 3.667990042238412629e-01 -7.809312970422428724e-02
9.204783942800193186e-01 3.826951861296153390e-01 -7.914496826504351101e-02
9.135898782823742570e-01 3.986636334763185019e-01 -8.013019145476163452e-02
9.063494940484846385e-01 4.146825823613873307e-01 -8.104909974156521146e-02
8.987565615743005054e-01 4.307304147872069167e-01 -8.190213028993630073e-02
8.908113754286944852e-01 4.467857287811818345e-01 -8.268985544820829647e-02
8.825151963886475048e-01 4.628274075106346697e-01 -8.341298045982487031e-02
8.738702367532187321e-01 4.788346867904600956e-01 -8.407234041586547635e-02
8.648796395667018855e-01 4.947872204036601329e-01 -8.466889647533820673e-02
8.555474520444767972e-01 5.106651426855146614e-01 -8.520373138816837721e-02
8.458785935531496492e-01 5.264491278604960245e-01 -8.567804436358272824e-02
8.358788185486845101e-01 5.421204456662598314e-01 -8.609314533357549648e-02
8.255546749215466606e-01 5.576610128501441332e-01 -8.645044866723662624e-02
8.149134582357774326e-01 5.730534401794997734e-01 -8.675146639683738170e-02
8.039631623789349479e-01 5.882810746666935486e-01 -8.699780102064369469e-02
7.927124271617043139e-01 6.033280367715795345e-01 -8.719113795042607307e-02
7.811704834196081526e-01 6.181792524074226636e-01 -8.733323767354433942e-02
7.693470961747456149e-01 6.328204796395107135e-01 -8.742592770031874794e-02
7.572525064131017114e-01 6.472383300278878870e-01 -8.747109436718977782e-02
7.448973720231351070e-01 6.614202846257503099e-01 -8.747067456497267801e-02
7.322927084246054763e-01 6.753547047021268845e-01 -8.742664745940170734e-02
7.194498293936190114e-01 6.890308373107121298e-01 -8.734102626822082271e-02
7.063802885613919003e-01 7.024388158754392153e-01 -8.721585015541120922e-02
6.930958220310812212e-01 7.155696560070371470e-01 -8.705317629885944708e-02
6.804776672669072823e-01 7.278204519252843285e-01 -8.501494430861548934e-02
6.679525142726066012e-01 7.395625014902054151e-01 -8.298645519844802254e-02
6.555370698369721305e-01 7.508096086196954788e-01 -8.096967577511339498e-02
6.432468269608064837e-01 7.615758874060011285e-01 -7.896641118403650850e-02
6.310960986637595971e-01 7.718756771569137420e-01 -7.697830919498396818e-02
6.190980559750778323e-01 7.817234639968889676e-01 -7.500686504498597917e-02
6.072647693396590052e-01 7.911338089742302460e-01 -7.305342673646171570e-02
5.956072527279215878e-01 8.001212825546037966e-01 -7.111920069607721717e-02
5.841355097971737687e-01 8.087004053260715697e-01 -6.920525770771335239e-02
5.728585815120746938e-01 8.168855946958398784e-01 -6.731253904086796636e-02
5.617845946912846111e-01 8.246911173232250869e-01 -6.544186270371049607e-02
5.509208110055789920e-01 8.321310470060817588e-01 -6.359392975772654166e-02
5.402736760088031609e-01 8.392192277182543014e-01 -6.176933063833479898e-02
5.298488678364968729e-01 8.459692414826158746e-01 -5.996855143295350826e-02
5.196513452573945369e-01 8.523943807571089382e-01 -5.819198007468110584e-02
5.096853948100115161e-01 8.585076250090686312e-01 -5.643991241599732867e-02
4.999546767999809016e-01 8.643216211552371409e-01 -5.471255815266259925e-02
4.904622699736214675e-01 8.698486675505429089e-01 -5.301004657328380748e-02
4.812107147193968038e-01 8.751007012172753452e-01 -5.133243211482331481e-02
4.722020546815239306e-01 8.800892880171423682e-01 -4.967969970866298324e-02
4.627804434660641730e-01 8.851007391500009813e-01 -4.930467107587056808e-02
4.533838101789812169e-01 8.899715349256834829e-01 -4.892643023741687081e-02
4.440149622847511246e-01 8.947033314057351028e-01 -4.854554483243103680e-02
4.346765564424925343e-01 8.992978743997388502e-01 -4.816256079478767327e-02
4.253710998126862264e-01 9.037569904592052117e-01 -4.777800249222709239e-02
4.161009517236214372e-01 9.080825782082101449e-01 -4.739237291668640939e-02
4.068683256662931624e-01 9.122766000199782344e-01 -4.700615392141942878e-02
3.976752915872247551e-01 9.163410740460942172e-01 -4.661980650059677211e-02
3.885237784495835234e-01 9.202780666026936229e-01 -4.623377110720916505e-02
3.794155770339674438e-01 9.240896849158334314e-01 -4.584846800524351729e-02
3.703523429513503329e-01 9.277780702262760082e-01 -4.546429765226044084e-02
3.613355998418615322e-01 9.313453912521335587e-01 -4.508164110867089042e-02
3.523667427343258884e-01 9.347938380062057462e-01 -4.470086047018618364e-02
3.434470415427853807e-01 9.381256159634020486e-01 -4.432229932009760370e-02
3.345776446775476365e-01 9.413429405723618970e-01 -4.394628319822729140e-02
3.257595827496498342e-01 9.444480321042636461e-01 -4.357312008357926841e-02
3.169937723489713588e-01 9.474431108308397631e-01 -4.320310088790660363e-02
3.082810198775692290e-01 9.503303925227840621e-01 -4.283649995759676588e-02
2.996220254211340306e-01 9.531120842590359299e-01 -4.247357558146046264e-02
2.910173866427644973e-01 9.557903805368499484e-01 -4.211457050218907899e-02
2.829283123064162409e-01 9.582641812170258344e-01 -4.100411018551632092e-02
2.750327429409287205e-01 9.606056597262171426e-01 -3.992198425257856981e-02
2.673272939056924868e-01 9.628215967543130027e-01 -3.886770925428571083e-02
2.598085010483879298e-01 9.649184552392650049e-01 -3.784079329762781579e-02
2.524728352549596155e-01 9.669023919969985670e-01 -3.684073793989583318e-02
2.453167157700336387e-01 9.687792692969364738e-01 -3.586703992185058532e-02
2.383365223644277331e-01 9.705546663308757260e-01 -3.491919274994634975e-02
2.315286064237554176e-01 9.722338905305422108e-01 -3.399668813736760747e-02
2.248893010292579986e-01 9.738219886959925686e-01 -3.309901731326029412e-02
2.184149300989766396e-01 9.753237579031841520e-01 -3.222567220914161756e-02
2.121018166542558980e-01 9.767437561645412325e-01 -3.137614653106132051e-02
2.059462902733952272e-01 9.780863128212619051e-01 -3.054993672566934035e-02
1.999446937910765998e-01 9.793555386504768645e-01 -2.974654284792455430e-02
1.940933892990253928e-01 9.805553356742413573e-01 -2.896546933776151383e-02
1.883887635002356731e-01 9.816894066607501079e-01 -2.820622571261994019e-02
1.828272324660308312e-01 9.827612643111589552e-01 -2.746832718233832224e-02
1.774052458422529788e-01 9.837742401280130666e-01 -2.675129519252045229e-02
1.721192905479940194e-01 9.847314929635544445e-01 -2.605465790210383104e-02
1.669658940075063325e-01 9.856360172481453130e-01 -2.537795060049299889e-02
1.619416269532695796e-01 9.864906509007321800e-01 -2.472071606926994763e-02
1.567778193047786595e-01 9.873299589468251813e-01 -2.450053468551036812e-02
1.516589738907306029e-01 9.881345147935026718e-01 -2.428466540713778224e-02
1.465844237354241575e-01 9.889052032080397625e-01 -2.407310636035488866e-02
1.415534915865947763e-01 9.896428844408732273e-01 -2.386585344527887217e-02
1.365654908415754876e-01 9.903483945157409707e-01 -2.366290046875828626e-02
1.316197264321638249e-01 9.910225455348683488e-01 -2.346423927156255848e-02
1.267154956694196977e-01 9.916661259973694742e-01 -2.326985985009088001e-02
1.218520890496275072e-01 9.922799011291498772e-01 -2.307975047274914496e-02
1.170287910226615047e-01 9.928646132227078036e-01 -2.289389779114467741e-02
1.122448807239925933e-01 9.934209819853395684e-01 -2.271228694624906341e-02
1.074996326715719069e-01 9.939497048943551905e-01 -2.253490166967932889e-02
1.027923174288189051e-01 9.944514575580076787e-01 -2.236172438024722209e-02
9.812220223493178795e-02 9.949268940809340434e-01 -2.219273627592533576e-02
9.348855160372479545e-02 9.953766474329912572e-01 -2.202791742137749989e-02
8.889062789218171723e-02 9.958013298204563268e-01 -2.186724683119906781e-02
8.432769183989716200e-02 9.962015330586377893e-01 -2.171070254901075539e-02
7.979900308055798419e-02 9.965778289450207827e-01 -2.155826172254732276e-02
7.530382062659604636e-02 9.969307696321404455e-01 -2.140990067487990103e-02
7.084140332812115248e-02 9.972608879994435682e-01 -2.126559497190795220e-02
6.641101030721975607e-02 9.975686980234627077e-01 -2.112531948625396075e-02
6.201190136868017788e-02 9.978546951456881420e-01 -2.098904845769089186e-02
5.764333738818034486e-02 9.981193566375756721e-01 -2.085675555022922095e-02
5.330458067894800617e-02 9.983631419621861181e-01 -2.072841390598709546e-02
4.899489533787730611e-02 9.985864931319975435e-01 -2.060399619596377241e-02
4.471354757205910080e-02 9.987898350624817567e-01 -2.048347466783310630e-02
4.045980600665566307e-02 9.989735759210774946e-01 -2.036682119087035447e-02
3.623294197502387182e-02 9.991381074712364363e-01 -2.025400729812211129e-02
3.203222979196408693e-02 9.992838054112549440e-01 -2.014500422592566467e-02
2.785694701094544243e-02 9.994110297076411742e-01 -2.003978295088058859e-02
2.370637466613201294e-02 9.995201249228010676e-01 -1.993831422437190859e-02
1.957979750000805180e-02 9.996114205368576977e-01 -1.984056860474071177e-02
1.547650417737488591e-02 9.996852312634482152e-01 -1.974651648719465483e-02
1.139578748646663184e-02 9.997418573593698232e-01 -1.965612813154749006e-02
7.336944527906958356e-03 9.997815849279723110e-01 -1.956937368787328713e-02
3.299276892204689761e-03 9.998046862162168757e-01 -1.948622322015791664e-02
-7.179091735379367067e-04 9.998114199053453888e-01 -1.940664672802698901e-02
-4.715302609053963721e-03 9.998020313951221372e-01 -1.933061416662639614e-02
-8.693587393849826900e-03 9.997767530816321635e-01 -1.925809546472848771e-02
-1.265344240904767159e-02 9.997358046286342059e-01 -1.918906054113388507e-02
-1.659554130754836362e-02 9.996793932324868903e-01 -1.912347931943605625e-02
-2.049278573724902519e-02 9.996069443472640481e-01 -1.913142053172752627e-02
-2.439296530090750287e-02 9.995189564831364892e-01 -1.915326552637273277e-02
-2.829884737934827699e-02 9.994153124950587719e-01 -1.918898361622447396e-02
-3.221319256866142511e-02 9.992958505822254756e-01 -1.923855341104779154e-02
-3.613875612141687066e-02 9.991603641269322100e-01 -1.930196274774079526e-02
-4.007828936527521591e-02 9.990086014119854418e-01 -1.937920862111144546e-02
-4.403454109626336876e-02 9.988402652170620399e-01 -1.947029711502195823e-02
-4.801025894390369836e-02 9.986550122941659779e-01 -1.957524333367391747e-02
-5.200819070528222426e-02 9.984524527220866030e-01 -1.969407133276804972e-02
-5.603108564501357164e-02 9.982321491395237389e-01 -1.982681405023272239e-02
-6.008169575790844874e-02 9.979936158563168513e-01 -1.997351323617423818e-02
-6.416277699097230891e-02 9.977363178419939027e-01 -2.013421938165972994e-02
-6.827709042116178462e-02 9.974596695906455812e-01 -2.030899164589978698e-02
-7.242740338509726095e-02 9.971630338609268618e-01 -2.049789778135236926e-02
-7.661649055667543728e-02 9.968457202898001190e-01 -2.070101405622222848e-02
-8.084713496824391665e-02 9.965069838784524903e-01 -2.091842517378033131e-02
-8.512212897069001971e-02 9.961460233486565397e-01 -2.115022418787579697e-02
-8.944427512745699305e-02 9.957619793676912856e-01 -2.139651241395810685e-02
-9.381638703713228444e-02 9.953539326398037623e-01 -2.165739933486978894e-02
-9.824129007885251674e-02 9.949209018620750467e-01 -2.193300250060899528e-02
-1.026542490208055131e-01 9.944754730233736906e-01 -2.192367100166610003e-02
-1.070595723698331558e-01 9.940110018729698682e-01 -2.191768137650356926e-02
-1.114578705610328180e-01 9.935274957483197777e-01 -2.191499303331996551e-02
-1.158497444328281806e-01 9.930249510240219957e-01 -2.191556516002118177e-02
-1.202357850821526575e-01 9.925033533569532773e-01 -2.191935671215600179e-02
-1.246165737201870016e-01 9.919626779283210460e-01 -2.192632639971248132e-02
-1.289926815283188866e-01 9.914028896829256698e-01 -2.193643267281650266e-02
-1.333646695140102145e-01 9.908239435659326189e-01 -2.194963370637263017e-02
-1.377330883662767902e-01 9.902257847574610361e-01 -2.196588738368612098e-02
-1.420984783105022908e-01 9.896083489053012494e-01 -2.198515127910401212e-02
-1.464613689623267545e-01 9.889715623560786373e-01 -2.200738263971216760e-02
-1.508222791803670026e-01 9.883153423851888109e-01 -2.203253836612444755e-02
-1.551817169175438160e-01 9.876395974258309618e-01 -2.206057499239938088e-02
-1.595401790708079470e-01 9.869442272974737751e-01 -2.209144866511922670e-02
-1.638981513290738989e-01 9.862291234340911927e-01 -2.212511512166576502e-02
-1.682561080191878333e-01 9.854941691125089775e-01 -2.216152966772690774e-02
-1.726145119497723424e-01 9.847392396812086890e-01 -2.220064715406788042e-02
-1.769738142528082536e-01 9.839642027899371257e-01 -2.224242195260071886e-02
-1.813344542228298995e-01 9.831689186204730646e-01 -2.228680793178574454e-02
-1.856968591536280466e-01 9.823532401189070118e-01 -2.233375843139881467e-02
-1.900614441723707526e-01 9.815170132297906802e-01 -2.238322623669841693e-02
-1.944286120710700949e-01 9.806600771325162391e-01 -2.243516355202691478e-02
-1.987987531353397896e-01 9.797822644802857139e-01 -2.248952197388080429e-02
-2.031722449704054523e-01 9.788834016420351336e-01 -2.254625246348532577e-02
-2.075494523243475720e-01 9.779633089476758023e-01 -2.260530531890946743e-02
-2.119307269085739243e-01 9.770218009370181811e-01 -2.266663014675818211e-02
-2.163164072155367434e-01 9.760586866127430872e-01 -2.273017583347949205e-02
-2.207068183337271838e-01 9.750737696977852531e-01 -2.279589051632517280e-02
-2.251022717599985290e-01 9.740668488974927319e-01 -2.286372155400477960e-02
-2.295030652092872880e-01 9.730377181669254139e-01 -2.293361549707396627e-02
-2.339094824218206359e-01 9.719861669836541429e-01 -2.300551805809937858e-02
-2.383217929679170566e-01 9.709119806264188135e-01 -2.307937408164375745e-02
-2.427402520505065886e-01 9.698149404600016066e-01 -2.315512751411636511e-02
-2.471651003055161389e-01 9.686948242266678610e-01 -2.323272137353550593e-02
-2.515965636002855388e-01 9.675514063445225243e-01 -2.331209771925150248e-02
-2.560348528301991111e-01 9.663844582131259076e-01 -2.339319762168029157e-02
-2.604801637137389991e-01 9.651937485267054750e-01 -2.347596113209965071e-02
-2.649326765861853561e-01 9.639790435952948489e-01 -2.356032725256200153e-02
-2.693925561922109746e-01 9.627401076741234354e-01 -2.364623390597971400e-02
-2.738599514776371979e-01 9.614767033015718667e-01 -2.373361790644095207e-02
-2.783349953806403265e-01 9.601885916459981241e-01 -2.382241492981621023e-02
-2.828178046227184383e-01 9.588755328617309948e-01 -2.391255948471795317e-02
-2.873084794997503022e-01 9.575372864545133034e-01 -2.400398488387796986e-02
-2.918071036734991575e-01 9.561736116566675880e-01 -2.409662321600943014e-02
-2.963137439639370596e-01 9.547842678122411275e-01 -2.419040531822296003e-02
-3.008284501427856417e-01 9.533690147723735686e-01 -2.428526074906846993e-02
-3.053512547286924006e-01 9.519276133011133068e-01 -2.438111776227688821e-02
-3.098821727844826013e-01 9.504598254918927847e-01 -2.447790328127838477e-02
-3.144212017169489282e-01 9.489654151948517802e-01 -2.457554287457616379e-02
-3.189683210796621093e-01 9.474441484551797688e-01 -2.467396073205734702e-02
-3.235234923793082751e-01 9.458957939626253530e-01 -2.477307964232489806e-02
-3.280866588860781308e-01 9.443201235122977710e-01 -2.487282097113702878e-02
-3.326577454486556173e-01 9.427169124768621788e-01 -2.497310464104288141e-02
-3.372366583143733276e-01 9.410859402902008730e-01 -2.507384911230564617e-02
-3.418232849551210428e-01 9.394269909425888576e-01 -2.517497136520660192e-02
-3.464174938996150699e-01 9.377398534873994107e-01 -2.527638688382580212e-02
-3.510191345726523804e-01 9.360243225593252170e-01 -2.537800964139722004e-02
-3.556280371419933695e-01 9.342801989040686594e-01 -2.547975208733831501e-02
-3.602440123735329847e-01 9.325072899194183362e-01 -2.558152513605583406e-02
-3.648668514954363506e-01 9.307054102075946744e-01 -2.568323815763152301e-02
-3.694963260719298370e-01 9.288743821387079880e-01 -2.578479897049305858e-02
-3.741321878874526163e-01 9.270140364251332477e-01 -2.588611383617701531e-02
-3.787741688418859720e-01 9.251242127065648635e-01 -2.598708745629200664e-02
-3.834219808575886623e-01 9.232047601454705932e-01 -2.608762297179125986e-02
-3.880753157989760282e-01 9.212555380326202803e-01 -2.618762196466472778e-02
-3.927338454053884709e-01 9.192764164023180529e-01 -2.628698446216158613e-02
-3.973972212380011970e-01 9.172672766569185399e-01 -2.638560894365430190e-02
-4.020650746415299626e-01 9.152280122001593687e-01 -2.648339235025561761e-02
-4.067370167214911514e-01 9.131585290787901377e-01 -2.658023009729958142e-02
-4.114126383377727514e-01 9.110587466319268746e-01 -2.667601608979733308e-02
-4.160915101152711792e-01 9.089285981475065945e-01 -2.677064274097748151e-02
-4.207731824723428549e-01 9.067680315251634982e-01 -2.686400099401973010e-02
-4.254571856678128206e-01 9.045770099447913992e-01 -2.695598034708886898e-02
-4.301430298672709873e-01 9.023555125400001264e-01 -2.704646888177432082e-02
-4.348302052293744890e-01 9.001035350756184661e-01 -2.713535329503800192e-02
-4.395181820128573058e-01 8.978210906283363713e-01 -2.722251893477052251e-02
-4.442064107049293331e-01 8.955082102695207658e-01 -2.730784983905248930e-02
-4.488943221717248133e-01 8.931649437491824273e-01 -2.739122877921396082e-02
-4.535813278314334562e-01 8.907913601800104830e-01 -2.747253730678090797e-02
-4.582668198507188762e-01 8.883875487203348742e-01 -2.755165580439286957e-02
-4.633921239040394435e-01 8.856810190154054130e-01 -2.892888999481909446e-02
-4.687504731844132633e-01 8.828103254505185182e-01 -3.031388732883162282e-02
-4.743406776014835180e-01 8.797701962149546695e-01 -3.170697087481801069e-02
-4.801614103788251486e-01 8.765551096450872048e-01 -3.310843238207279021e-02
-4.862111919400470272e-01 8.731592961400398423e-01 -3.451853026257509921e-02
-4.924883729972155400e-01 8.695767407015299044e-01 -3.593748747632336676e-02
-4.989911168476552361e-01 8.658011861880852145e-01 -3.736548931977259902e-02
-5.057173808905460755e-01 8.618261373789120050e-01 -3.880268111773864381e-02
-5.126648973809362353e-01 8.576448659476966219e-01 -4.024916582005507587e-02
-5.198311534458751604e-01 8.532504164514722600e-01 -4.170500150530020295e-02
-5.272133703953955086e-01 8.486356134442809562e-01 -4.317019879506087815e-02
-5.348084823700834933e-01 8.437930698296178811e-01 -4.464471818347331283e-02
-5.426131143770136500e-01 8.387151965694341627e-01 -4.612846728818476710e-02
-5.506235597769220114e-01 8.333942138706794678e-01 -4.762129803041862536e-02
-5.588357572976715426e-01 8.278221639728333692e-01 -4.912300375350233533e-02
-5.672452676623400691e-01 8.219909256614525983e-01 -5.063331629103488829e-02
-5.758472499346211082e-01 8.158922306332755392e-01 -5.215190299782736932e-02
-5.846364376996591172e-01 8.095176818376887962e-01 -5.367836375884391109e-02
-5.936071152148839625e-01 8.028587739171716420e-01 -5.521222799359506994e-02
-6.027530936828008334e-01 7.959069158654875631e-01 -5.675295167578220390e-02
-6.116151663815672102e-01 7.891300999926530446e-01 -5.657368401877636149e-02
-6.203655486257576568e-01 7.822836929318918164e-01 -5.638100772101160146e-02
-6.290019983095566092e-01 7.753714798720550139e-01 -5.617439361767585099e-02
-6.375222983880195482e-01 7.683973924112456055e-01 -5.595332485186382820e-02
-6.459242636662433368e-01 7.613655078034757828e-01 -5.571729799369384145e-02
-6.542057475706307690e-01 7.542800476941582399e-01 -5.546582416032588836e-02
-6.623646488706197433e-01 7.471453763377169377e-01 -5.519843013295317596e-02
-6.703989183185494749e-01 7.399659982928256108e-01 -5.491465946670727460e-02
-6.783065651748266811e-01 7.327465555931160779e-01 -5.461407358930997491e-02
-6.860856635852523588e-01 7.254918243936229194e-01 -5.429625288422403745e-02
-6.937343587772809572e-01 7.182067110957286449e-01 -5.396079775400232370e-02
-7.012508730421253000e-01 7.108962479559277625e-01 -5.360732965951122558e-02
-7.086335114699942039e-01 7.035655881863148720e-01 -5.323549213071073621e-02
-7.158806674063701303e-01 6.962200005573019324e-01 -5.284495174471121742e-02
-7.229908275980935217e-01 6.888648635156564559e-01 -5.243539906689553831e-02
-7.299625769991341384e-01 6.815056588335097754e-01 -5.200654955099549837e-02
-7.367946032072828499e-01 6.741479648064773178e-01 -5.155814439414267009e-02
-7.434857005045963918e-01 6.667974490214514383e-01 -5.108995134307541680e-02
-7.500347734762596863e-01 6.594598607169350757e-01 -5.060176544787513969e-02
-7.564408401845867935e-01 6.521410227609695243e-01 -5.009340975982396610e-02
-7.627030348771549617e-01 6.448468232737408767e-01 -4.956473597022203331e-02
-7.688206102105337170e-01 6.375832069238174249e-01 -4.901562498727268097e-02
-7.747929389737239214e-01 6.303561659286437413e-01 -4.844598744843657545e-02
-7.806195152982335905e-01 6.231717307913896553e-01 -4.785576416596765831e-02
-7.862999553446728962e-01 6.160359608075046678e-01 -4.724492650367296404e-02
-7.918339974588195496e-01 6.089549343753455357e-01 -4.661347668328087723e-02
-7.972215017932732239e-01 6.019347391460259100e-01 -4.596144801915571371e-02
-8.024624493940449854e-01 5.949814620481637117e-01 -4.528890508045681218e-02
-8.075569407547003031e-01 5.881011792234802638e-01 -4.459594378020454580e-02
-8.125051938439561416e-01 5.812999459092276222e-01 -4.388269139107993377e-02
-8.173075416159002460e-01 5.745837863031921788e-01 -4.314930648814579300e-02
-8.219644290152250399e-01 5.679586834465477629e-01 -4.239597881903173909e-02
-8.264764094930233673e-01 5.614305691591149339e-01 -4.162292910246989663e-02
-8.308441410517514170e-01 5.550053140606425739e-01 -4.083040875639938616e-02
-8.350683818409009307e-01 5.486887177105667091e-01 -4.001869955717287514e-02
-8.391499853277145649e-01 5.424864988973444602e-01 -3.918811323169451438e-02
-8.430898950699018402e-01 5.364042861069203694e-01 -3.833899098459334076e-02
-8.468891391197513885e-01 5.304476081981793767e-01 -3.747170296278729690e-02
-8.505488240912645326e-01 5.246218853113966407e-01 -3.658664766001840096e-02
-8.540701289239454042e-01 5.189324200337337434e-01 -3.568425126413814902e-02
-8.574542983786588302e-01 5.133843888437731318e-01 -3.476496695009226312e-02
-8.607026363024932181e-01 5.079828338549572386e-01 -3.382927412169518810e-02
-8.638164987008439821e-01 5.027326548756257951e-01 -3.287767760539619943e-02
-8.667972866559431333e-01 4.976386018011523804e-01 -3.191070679932132836e-02
-8.696464391318150522e-01 4.927052673514902836e-01 -3.092891478092815033e-02
-8.723654257061211892e-01 4.879370801652758716e-01 -2.993287737663504616e-02
-8.749557392695820335e-01 4.833382982595221256e-01 -2.892319219678348222e-02
-8.774188887336239473e-01 4.789130028618913681e-01 -2.790047763926281621e-02
-8.797563917866095817e-01 4.746650926205822074e-01 -2.686537186507350142e-02
-8.819697677384712442e-01 4.705982781950180383e-01 -2.581853174902836931e-02
-8.840605304927885433e-01 4.667160772288016513e-01 -2.476063180869502930e-02
-8.860301816843509926e-01 4.630218097048137693e-01 -2.369236311456767233e-02
-8.878802040190242328e-01 4.595185936808936500e-01 -2.261443218432607899e-02
-8.896120548513188897e-01 4.562093414032600824e-01 -2.152755986389618542e-02
-8.912271600334508159e-01 4.530967557937120027e-01 -2.043248019787267944e-02
-8.927269080678955637e-01 4.501833273056981555e-01 -1.932993929170261777e-02
-8.941126445934973743e-01 4.474713311435642438e-01 -1.822069416786262913e-02
-8.953856672331051980e-01 4.449628248386730545e-01 -1.710551161809369114e-02
-8.965472208284898104e-01 4.426596461756461820e-01 -1.598516705358916934e-02
-8.975984930859681743e-01 4.405634114616876484e-01 -1.486044335486670642e-02
-8.989993544848688956e-01 4.376493127205787759e-01 -1.622488284510650164e-02
-9.005113189177470501e-01 4.344771567583932681e-01 -1.757759643686956225e-02
-9.021306804062471096e-01 4.310479725561710551e-01 -1.891792786206048654e-02
-9.038534916259008956e-01 4.273628484762335700e-01 -2.024521222700192621e-02
-9.056755703969712190e-01 4.234229417690180686e-01 -2.155877551611443121e-02
-9.075925066197603197e-01 4.192294885106108704e-01 -2.285793419720317382e-02
-9.095996696840291662e-01 4.147838139206028174e-01 -2.414199493309256844e-02
-9.116922163818144131e-01 4.100873430068864289e-01 -2.541025440404533556e-02
-9.138650993520965882e-01 4.051416114809853752e-01 -2.666199924506134841e-02
-9.161130760844684584e-01 3.999482768844870861e-01 -2.789650610177029852e-02
-9.184307185071478585e-01 3.945091298641663635e-01 -2.911304180820802404e-02
-9.208124231823819894e-01 3.888261055304811920e-01 -3.031086368929655772e-02
-9.232524221294804434e-01 3.829012948313319509e-01 -3.148921999033082314e-02
-9.257447942924058593e-01 3.767369558703474453e-01 -3.264735043520888835e-02
-9.282834776650354947e-01 3.703355250965417733e-01 -3.378448691452726887e-02
-9.308622820829066669e-01 3.636996282900287758e-01 -3.489985430399788341e-02
-9.334749026854806120e-01 3.568320912666368416e-01 -3.599267141292993022e-02
-9.361149340477310510e-01 3.497359502227898598e-01 -3.706215206176019517e-02
-9.387758849742136036e-01 3.424144616409679487e-01 -3.810750628681153218e-02
-9.414511939427365750e-01 3.348711116754862771e-01 -3.912794166961582054e-02
-9.441342451783776291e-01 3.271096249382845489e-01 -4.012266478725892704e-02
-9.468183853319268595e-01 3.191339726049576830e-01 -4.109088277929770494e-02
-9.494969407299418407e-01 3.109483797624216228e-01 -4.203180502586895129e-02
-9.521632351565419983e-01 3.025573319214444612e-01 -4.294464493066641603e-02
-9.548106081199242423e-01 2.939655806198144816e-01 -4.382862180151261139e-02
-9.574324335494238669e-01 2.851781480451928141e-01 -4.468296282030780747e-02
-9.600221388618618290e-01 2.762003306107332912e-01 -4.550690509320921145e-02
-9.625732243290059387e-01 2.670377014213503597e-01 -4.629969777099100098e-02
-9.650792826713135986e-01 2.576961115740860619e-01 -4.706060422867178877e-02
-9.675340187968243244e-01 2.481816902423515103e-01 -4.778890429268282947e-02
-9.699312695982186261e-01 2.385008435008806882e-01 -4.848389650310030302e-02
-9.722650237157608455e-01 2.286602518559953945e-01 -4.914490039779022268e-02
-9.745294411691833858e-01 2.186668664541962792e-01 -4.977125880472760971e-02
-9.767188727576461282e-01 2.085279039511029331e-01 -5.036234012826364126e-02
-9.788278791237953191e-01 1.982508400322957609e-01 -5.091754061473657139e-02
-9.808512493757332029e-01 1.878434015875781460e-01 -5.143628658256430702e-02
-9.827840191594544583e-01 1.773135575504849459e-01 -5.191803660182699870e-02
-9.846214880740724595e-01 1.666695084254052883e-01 -5.236228360835430001e-02
-9.863592363229807258e-01 1.559196745353522151e-01 -5.276855693747965065e-02
-9.879931404960131669e-01 1.450726830340750562e-01 -5.313642426291646098e-02
-9.895193883806873147e-01 1.341373537367478164e-01 -5.346549342665075921e-02
-9.909344927047397666e-01 1.231226838337483587e-01 -5.375541414633068504e-02
-9.922353037173758938e-01 1.120378315619365850e-01 -5.400587958736315086e-02
-9.934190205229173065e-01 1.008920989172181065e-01 -5.421662778779719888e-02
-9.944832010877936446e-01 8.969491350091531034e-02 -5.438744292507474709e-02
-9.954257708500194868e-01 7.845580960044215568e-02 -5.451815641485397573e-02
-9.962450298693399375e-01 6.718440861188020030e-02 -5.460864783334695022e-02
-9.969396584660207283e-01 5.589039891818162881e-02 -5.465884565594830713e-02
-9.975087213066922143e-01 4.458351534179171710e-02 -5.466872780635123608e-02
-9.979516699066068863e-01 3.327351829441538289e-02 -5.463832201183409926e-02
-9.982683435290086171e-01 2.197017274939232906e-02 -5.456770596193880746e-02
-9.984589684738974791e-01 1.068322716365260883e-02 -5.445700726933155184e-02
-9.985241557601689522e-01 -5.776075235229913979e-04 -5.430640323321941215e-02
-9.984648972167629033e-01 -1.180267868871941704e-02 -5.411612040727315637e-02
-9.982825600099347607e-01 -2.298241249561207289e-02 -5.388643397555807624e-02
-9.979788796449188260e-01 -3.410733391869161246e-02 -5.361766694148271950e-02
-9.975559514909543291e-01 -4.516808620360081988e-02 -5.331018913622160432e-02
-9.970162208887691779e-01 -5.615544965390836113e-02 -5.296441605443590050e-02
-9.963624719090413695e-01 -6.706035964086712320e-02 -5.258080752639002209e-02
-9.955978148389842408e-01 -7.787392374034191045e-02 -5.215986623672837219e-02
-9.949761836022652517e-01 -8.732801947609553084e-02 -4.895119516261541709e-02
-9.943198079996679040e-01 -9.611251754920735468e-02 -4.572211395707222875e-02
-9.936464168399344876e-01 -1.042241392945569556e-01 -4.247511392735209279e-02
-9.929724855950445850e-01 -1.116602883109635430e-01 -3.921263815599277530e-02
-9.923131955434081330e-01 -1.184189857169677118e-01 -3.593708144628592754e-02
-9.916823989356167157e-01 -1.244988090993004171e-01 -3.265079115211288324e-02
-9.910925898440360315e-01 -1.298988357122968784e-01 -2.935606881749802319e-02
-9.905548803580330741e-01 -1.346185904161859015e-01 -2.605517254687230583e-02
-9.900789817961543893e-01 -1.386579987729936181e-01 -2.275032002365069347e-02
-9.896731906240969767e-01 -1.420173456512646704e-01 -1.944369209219950698e-02
-9.893443787917762799e-01 -1.446972396252663162e-01 -1.613743681649753084e-02
-9.890979882331208950e-01 -1.466985833909784653e-01 -1.283367392767729639e-02
-9.889380293073021244e-01 -1.480225503600224868e-01 -9.534499572079465496e-03
-9.888670829988494004e-01 -1.486705675336600918e-01 -6.241991271383813544e-03
-9.888863067354191072e-01 -1.486443047019189445e-01 -2.958213006728727286e-03
-9.889954437248139607e-01 -1.479456699575233958e-01 3.147796605537564983e-04
-9.891928357561348140e-01 -1.465768114603271943e-01 3.574934517914270162e-03
-9.894754394526781294e-01 -1.445401253350417914e-01 6.820197765242931587e-03
-9.898388460053667570e-01 -1.418382695329101773e-01 1.004850929651000119e-02
-9.902773044541521852e-01 -1.384741834363029944e-01 1.325779828070804134e-02
-9.906554647840511985e-01 -1.356982295075771228e-01 1.370215388763151680e-02
-9.910378764445278987e-01 -1.328312034630990679e-01 1.413531982681440029e-02
-9.914234680338612771e-01 -1.298753596394127963e-01 1.455700609879818919e-02
-9.918111642157522168e-01 -1.268330160736687862e-01 1.496693073106981214e-02
-9.921998888432549402e-01 -1.237065533359181790e-01 1.536482002900146221e-02
-9.925885680796220356e-01 -1.204984132724275236e-01 1.575040882714244181e-02
-9.929761335071302097e-01 -1.172110976570981400e-01 1.612344074014241888e-02
-9.933615252148819685e-01 -1.138471667484944050e-01 1.648366841254683690e-02
-9.937436948565335770e-01 -1.104092377504309191e-01 1.683085376667094180e-02
-9.941216086688832165e-01 -1.068999831745368612e-01 1.716476824772924029e-02
-9.944942504422724650e-01 -1.033221291037031558e-01 1.748519306537262355e-02
-9.948606244338007443e-01 -9.967845335582264932e-02 1.779191943076588803e-02
-9.952197582144384214e-01 -9.597178354775096065e-02 1.808474878832426122e-02
-9.955707054412431534e-01 -9.220499505994310396e-02 1.836349304121896384e-02
-9.959125485460391669e-01 -8.838100890275529808e-02 1.862797476975892874e-02
-9.962444013321121172e-01 -8.450278948593802075e-02 1.887802744175852768e-02
-9.965654114707035438e-01 -8.057334229338282416e-02 1.911349561400979905e-02
-9.968747628893543933e-01 -7.659571146571679534e-02 1.933423512399189831e-02
-9.971716780444532802e-01 -7.257297729386237573e-02 1.954011327097066389e-02
-9.974554200706869933e-01 -6.850825362719153988e-02 1.973100898566679251e-02
-9.977252948004671218e-01 -6.440468520039956124e-02 1.990681298770236030e-02
-9.979806526468197880e-01 -6.026544488370030872e-02 2.006742793007198697e-02
-9.982208903436713410e-01 -5.609373086139934905e-02 2.021276852992655304e-02
-9.984454525379391487e-01 -5.189276374432941902e-02 2.034276168500391557e-02
-9.986538332283456665e-01 -4.766578362203191532e-02 2.045734657509213142e-02
-9.988455770464065298e-01 -4.341604706093533245e-02 2.055647474796600330e-02
-9.990202803756043082e-01 -3.914682405511391711e-02 2.064011018929691466e-02
-9.991775923053400899e-01 -3.486139493650487753e-02 2.070822937609848036e-02
-9.993172154168561416e-01 -3.056304725171844761e-02 2.076082131333619601e-02
-9.994389063989398414e-01 -2.625507261278944501e-02 2.079788755339740530e-02
-9.995424764918474647e-01 -2.194076352939082486e-02 2.081944219818816083e-02
-9.996277917585255635e-01 -1.762341023015740610e-02 2.082551188369538564e-02
-9.996947731828516037e-01 -1.330629748085087466e-02 2.081613574692562849e-02
-9.997433965952605694e-01 -8.992701407134678915e-03 2.079136537520517164e-02
-9.997736924267700553e-01 -4.685886329719577380e-03 2.075126473789974321e-02
-9.997857452930543065e-01 -3.891016195874553302e-04 2.069591010068505196e-02
-9.997796934108476030e-01 3.894421419096742894e-03 2.062538992257143683e-02
-9.997557278495752264e-01 8.161472630916486934e-03 2.053980473595637748e-02
-9.997140916217119866e-01 1.240886604869387982e-02 2.043926701004714422e-02
-9.996550786159499324e-01 1.663344288347844147e-02 2.032390099806194103e-02
-9.994920446374588874e-01 2.210176118202120815e-02 2.296026054598522895e-02
-9.992777584196410601e-01 2.811203606782300760e-02 2.556724071662323100e-02
-9.990029325528925197e-01 3.465733616255722155e-02 2.814282834206713324e-02
-9.986576155658516418e-01 4.173015231159177274e-02 3.068501911765832146e-02
-9.982312435164533149e-01 4.932237685870687061e-02 3.319181985020580594e-02
-9.977126948533500128e-01 5.742528323461960904e-02 3.566125117242063131e-02
-9.970903484284722174e-01 6.602950630378659480e-02 3.809135072748347228e-02
-9.963521445120734343e-01 7.512502392162315190e-02 4.048017682125829714e-02
-9.954856486292299467e-01 8.470114015690859144e-02 4.282581253303346241e-02
-9.944781180018906763e-01 9.474647063136074077e-02 4.512637026887509478e-02
-9.933165703437731864e-01 1.052489304198209463e-01 4.737999673479101337e-02
-9.919878547173173189e-01 1.161957249399116487e-01 4.958487830001102881e-02
-9.904787241232966277e-01 1.275733442392076034e-01 5.173924671388589747e-02
-9.887759094553453254e-01 1.393675610607837123e-01 5.384138513329473491e-02
-9.868661944144754283e-01 1.515634330344601544e-01 5.588963441113901920e-02
-9.847364909435397662e-01 1.641453093012704978e-01 5.788239959060422629e-02
-9.823739147094817659e-01 1.770968418328744409e-01 5.981815654450427233e-02
-9.797658601330433426e-01 1.904010016562066032e-01 6.169545869430455992e-02
-9.769000744422733362e-01 2.040401001371202061e-01 6.351294373945889915e-02
-9.737647302085647993e-01 2.179958154158201933e-01 6.526934032459835722e-02
-9.703484958128084648e-01 2.322492240222887583e-01 6.696347456997128744e-02
-9.666406032852689068e-01 2.467808376326222353e-01 6.859427638943307870e-02
-9.626309129664982756e-01 2.615706448582702515e-01 7.016078552028652549e-02
-9.583099744483983828e-01 2.765981578907353855e-01 7.166215719042164090e-02
-9.536690832746348434e-01 2.918424637555638301e-01 7.309766735051967390e-02
-9.487003329080317959e-01 3.072822798626874130e-01 7.446671740256663452e-02
-9.433966615091713415e-01 3.228960134766216683e-01 7.576883836053899257e-02
-9.377518931148166592e-01 3.386618246709224844e-01 7.700369438482408679e-02
-9.317607728564221148e-01 3.545576922778324591e-01 7.817108563864048898e-02
-9.254189959171347235e-01 3.705614822972962408e-01 7.927095042232530642e-02
-9.187232299894128040e-01 3.866510181904536658e-01 8.030336654972940191e-02
-9.116711310636209653e-01 4.028041524521434602e-01 8.126855193996246340e-02
-9.042613524495096700e-01 4.189988388355019300e-01 8.216686440719556117e-02
-8.964935470060744205e-01 4.352132045898546853e-01 8.299880064098516530e-02
-8.883683626295572067e-01 4.514256220710036183e-01 8.376499437944937010e-02
-8.798874311229496481e-01 4.676147790907096424e-01 8.446621378741941966e-02
-8.710533506419207983e-01 4.837597473894538203e-01 8.510335806122731883e-02
-8.618696619803323244e-01 4.998400486430010226e-01 8.567745329089804240e-02
-8.523408190222064862e-01 5.158357174482702812e-01 8.618964761903172289e-02
-8.424721537450822195e-01 5.317273607767314392e-01 8.664120574343943393e-02
-8.330877287652256324e-01 5.466082257350816098e-01 8.476023969826018689e-02
-8.236606457719711782e-01 5.609967957804531391e-01 8.285982235016899067e-02
-8.142124800194495693e-01 5.748968285621197660e-01 8.094249972890489586e-02
-8.047640279305872113e-01 5.883129962448305772e-01 7.901070890748766729e-02
-7.953352756809780599e-01 6.012508011800952179e-01 7.706677377609894020e-02
-7.859453752983422969e-01 6.137164925891854805e-01 7.511290182045159136e-02
-7.766126278095343283e-01 6.257169848611481289e-01 7.315118184328260609e-02
-7.673544729350834093e-01 6.372597779885810221e-01 7.118358256340587276e-02
-7.581874848099676711e-01 6.483528805851953569e-01 6.921195202398552904e-02
-7.491273731977470263e-01 6.590047358534125710e-01 6.723801774020425615e-02
-7.401889896622406706e-01 6.692241507983514026e-01 6.526338751616410361e-02
-7.313863381655423268e-01 6.790202289172607708e-01 6.328955086152499021e-02
-7.227325895722276350e-01 6.884023065312648848e-01 6.131788093991342309e-02
-7.142400995560667099e-01 6.973798928695438271e-01 5.934963698338135973e-02
-7.059204294264002089e-01 7.059626139649591847e-01 5.738596711002832279e-02
-6.977843694156206089e-01 7.141601603746896565e-01 5.542791148519366634e-02
-6.898419639960603478e-01 7.219822386995997654e-01 5.347640577026560593e-02
-6.821025388232326847e-01 7.294385268416582191e-01 5.153228480703492959e-02
-6.745747289321083473e-01 7.365386329095072737e-01 4.959628648955195784e-02
-6.672665078433279717e-01 7.432920576579700178e-01 4.766905577954463902e-02
-6.601852172664272045e-01 7.497081603275231876e-01 4.575114882555438023e-02
-6.533375971168442486e-01 7.557961277342005735e-01 4.384303714998563639e-02
-6.467298155923298930e-01 7.615649464486367037e-01 4.194511187219782111e-02
-6.403674990820970025e-01 7.670233778946438097e-01 4.005768793955499091e-02
-6.342557617084019217e-01 7.721799361924397420e-01 3.818100834196017090e-02
-6.283992343250853763e-01 7.770428685690607962e-01 3.631524828881486228e-02
-6.228020928207929074e-01 7.816201381582367214e-01 3.446051933054529448e-02
-6.174680855960827941e-01 7.859194090137527899e-01 3.261687340981531819e-02
-6.124005601033774004e-01 7.899480331637692698e-01 3.078430683029765094e-02
-6.076024883567247015e-01 7.937130395384250914e-01 2.896276413339998398e-02
-6.030764913346423617e-01 7.972211246090714631e-01 2.715214187564363862e-02
-5.988248622139589195e-01 8.004786445844278564e-01 2.535229230147599891e-02
-5.948495883856248501e-01 8.034916090166280833e-01 2.356302690817213552e-02
-5.911523722150053839e-01 8.062656756783455059e-01 2.178411990115556793e-02
-5.877346505192926340e-01 8.088061465808010775e-01 2.001531153955392328e-02
-5.845976127434685532e-01 8.111179650113328199e-01 1.825631137311402308e-02
-5.817422178238235153e-01 8.132057134782271213e-01 1.650680137274451384e-02
-5.791692097344827150e-01 8.150736124595857612e-01 1.476643895794465741e-02
-5.768791317178200151e-01 8.167255198620562151e-01 1.303485992522715291e-02
-5.748723392041475977e-01 8.181649311042171746e-01 1.131168128236233542e-02
-5.725233417410107162e-01 8.198122405631732557e-01 1.117713684787402517e-02
-5.701946374798684269e-01 8.214354545402552388e-01 1.104012755580039036e-02
-5.678867870654190630e-01 8.230344986828537213e-01 1.090073652450793476e-02
-5.656003369247500911e-01 8.246093116193821126e-01 1.075904563724905914e-02
-5.633358192718250779e-01 8.261598444759254978e-01 1.061513551896028917e-02
-5.610937521249529381e-01 8.276860603969822261e-01 1.046908551558906574e-02
-5.588746393367424181e-01 8.291879340708770973e-01 1.032097367587304741e-02
-5.566789706360379952e-01 8.306654512603873775e-01 1.017087673549481493e-02
-5.545072216813294874e-01 8.321186083390861299e-01 1.001887010353399651e-02
-5.523598541251237837e-01 8.335474118338718208e-01 9.865027851138246859e-03
-5.502373156887654382e-01 8.349518779741178509e-01 9.709422702334132363e-03
-5.481400402471932054e-01 8.363320322478413615e-01 9.552126026898836650e-03
-5.460684479231204813e-01 8.376879089652569110e-01 9.393207835213619392e-03
-5.440229451901291702e-01 8.390195508300490879e-01 9.232736775020237291e-03
-5.420039249841718254e-01 8.403270085186658189e-01 9.070780130001936808e-03
-5.400117668229800216e-01 8.416103402679049328e-01 8.907403820111207612e-03
-5.380468369328831324e-01 8.428696114710365617e-01 8.742672403567255945e-03
-5.361094883825489044e-01 8.441048942826748780e-01 8.576649080447008855e-03
-5.342000612231637691e-01 8.453162672325885696e-01 8.409395697794513208e-03
-5.323188826345801594e-01 8.465038148486103697e-01 8.240972756174689759e-03
-5.310584073325234078e-01 8.473094759540386045e-01 6.605677576952308748e-03
-5.300786557476379057e-01 8.479338764985612231e-01 4.977433413133605308e-03
-5.293790939054758837e-01 8.483787651550683817e-01 3.355715249192896786e-03
-5.289590965927581934e-01 8.486455453370609359e-01 1.739995223560007135e-03
-5.288179513811335219e-01 8.487352782527928241e-01 1.297446515768506305e-04
-5.289548615316456148e-01 8.486486860145733280e-01 -1.475563993555751392e-03
-5.293689478002735482e-01 8.483861547917297408e-01 -3.076455134091975012e-03
-5.300592491638296266e-01 8.479477380019296850e-01 -4.673448167686045790e-03
-5.310247224844105718e-01 8.473331595415853901e-01 -6.267055566493658948e-03
-5.322642411295436249e-01 8.465418170619183336e-01 -7.857780988143636333e-03
-5.337765925642076192e-01 8.455727853029827434e-01 -9.446117391515632816e-03
-5.355604749300789669e-01 8.444248195035464200e-01 -1.103254515051494376e-02
-5.376144926267043544e-01 8.430963589102211664e-01 -1.261753015932484331e-02
-5.399371509088825016e-01 8.415855304146466764e-01 -1.420152192294174727e-02
-5.425268495143844572e-01 8.398901523528602420e-01 -1.578495162716096745e-02
-5.453818753363082195e-01 8.380077385062509876e-01 -1.736823018258340165e-02
-5.485003941548880491e-01 8.359355023486952918e-01 -1.895174623765940453e-02
-5.518804414445054318e-01 8.336703615896038366e-01 -2.053586415627878942e-02
-5.555199122730275496e-01 8.312089430676734558e-01 -2.212092195595956670e-02
-5.594165503124639560e-01 8.285475880551136374e-01 -2.370722920328689060e-02
-5.635679359823395629e-01 8.256823580369953008e-01 -2.529506486391238859e-02
-5.679714737501611044e-01 8.226090410351144522e-01 -2.688467510514758532e-02
-5.726243786169610273e-01 8.193231585503512049e-01 -2.847627104997825162e-02
-5.775236618201657901e-01 8.158199732018860395e-01 -3.007002648219433624e-02
-5.826661157910022482e-01 8.120944971457663142e-01 -3.166607550327738690e-02
-5.880482984093540200e-01 8.081415013591296548e-01 -3.326451014271864653e-02
-5.936665166054476694e-01 8.039555258798278814e-01 -3.486537792456045198e-02
-5.995168093650046215e-01 7.995308910941648639e-01 -3.646867939416460064e-02
-6.055949302025622760e-01 7.948617101678815411e-01 -3.807436561051685125e-02
-6.118963291765581181e-01 7.899419027172911445e-01 -3.968233561077824656e-02
-6.184161345294785228e-01 7.847652098184687564e-01 -4.129243385529185462e-02
-6.251491340468947611e-01 7.793252104525216772e-01 -4.290444766284665090e-02
-6.320897562405107806e-01 7.736153394840723507e-01 -4.451810464768594933e-02
-6.392320514723934810e-01 7.676289072680342329e-01 -4.613307017152006029e-02
-6.465696731502810213e-01 7.613591209764143386e-01 -4.774894482565522624e-02
-6.540958591371897057e-01 7.547991077320710396e-01 -4.936526196027175850e-02
-6.618034135323582756e-01 7.479419396299450407e-01 -5.098148527986124529e-02
-6.696846889947489778e-01 7.407806607181021130e-01 -5.259700652584793634e-02
-6.777315697947062789e-01 7.333083160008279089e-01 -5.421114326945256773e-02
-6.859354557937712427e-01 7.255179825138472482e-01 -5.582313683988350539e-02
-6.942872475668344645e-01 7.174028025073665438e-01 -5.743215041493063278e-02
-7.027773328945357001e-01 7.089560187559347249e-01 -5.903726730295908581e-02
-7.113955748667882828e-01 7.001710119949874356e-01 -6.063748944711490341e-02
-7.201313018502066843e-01 6.910413404623062528e-01 -6.223173618422020437e-02
-7.289732995826879725e-01 6.815607814984555590e-01 -6.381884329230592956e-02
-7.379098056670585493e-01 6.717233751335518477e-01 -6.539756236195416739e-02
-7.469285067421390645e-01 6.615234695585351377e-01 -6.696656052754619559e-02
-7.560165386133708143e-01 6.509557683475528655e-01 -6.852442059507943273e-02
-7.651604896258324962e-01 6.400153792643138440e-01 -7.006964160336764946e-02
-7.743464075596149243e-01 6.286978644495639923e-01 -7.160063985511386231e-02
-7.835598103206501408e-01 6.169992917495039642e-01 -7.311575045348578383e-02
-7.927857006887808478e-01 6.049162869064153014e-01 -7.461322937837035207e-02
-8.020085853686953481e-01 5.924460862934769478e-01 -7.609125613438437463e-02
-8.112124985679728395e-01 5.795865898363211643e-01 -7.754793699992335032e-02
-8.203810302995819814e-01 5.663364137249580210e-01 -7.898130890299960571e-02
-8.294973595735110061e-01 5.526949424820440937e-01 -8.038934394532430694e-02
-8.385442926036534850e-01 5.386623799179085514e-01 -8.176995459100608321e-02
-8.475043061115870024e-01 5.242397984701698821e-01 -8.312099953036987399e-02
-8.563595957585797835e-01 5.094291863971260881e-01 -8.444029022275624519e-02
-8.650921296812734695e-01 4.942334922703562339e-01 -8.572559811477591107e-02
-8.733903116179689841e-01 4.796296002881939580e-01 -8.452707191922655128e-02
-8.813225627234801962e-01 4.651182855330319721e-01 -8.327986898869718657e-02
-8.888934637601659805e-01 4.507183681868492386e-01 -8.198401206600168523e-02
-8.961082314320165665e-01 4.364485095781606150e-01 -8.063963977921227710e-02
-9.029726977556414846e-01 4.223271653937601400e-01 -7.924700510391297081e-02
-9.094932854645424447e-01 4.083725402394933757e-01 -7.780647333292065038e-02
-9.156769796339668810e-01 3.946025438765008997e-01 -7.631851958056648511e-02
-9.215312957482005851e-01 3.810347494330578177e-01 -7.478372585281300999e-02
-9.270642444632908319e-01 3.676863538622932581e-01 -7.320277771818772816e-02
-9.322842933455188774e-01 3.545741408832483454e-01 -7.157646061768833945e-02
-9.372003258891653532e-01 3.417144466075163201e-01 -6.990565585441722851e-02
-9.418215981360389399e-01 3.291231280167195572e-01 -6.819133630570405058e-02
-9.461576932337470991e-01 3.168155344179525157e-01 -6.643456190185778598e-02
-9.502184742797615824e-01 3.048064819656893243e-01 -6.463647491644844423e-02
-9.540140358040299917e-01 2.931102313001426873e-01 -6.279829511316062374e-02
-9.575546542443571507e-01 2.817404683142613608e-01 -6.092131479380354098e-02
-9.608507377662383053e-01 2.707102880250221166e-01 -5.900689379103299381e-02
-9.639127757725621803e-01 2.600321814899206885e-01 -5.705645444777669717e-02
-9.667512884389398709e-01 2.497180256770460682e-01 -5.507147662329969079e-02
-9.693767765977486794e-01 2.397790761672275728e-01 -5.305349276335206976e-02
-9.717996722787082264e-01 2.302259625398003773e-01 -5.100408306896201532e-02
-9.740302901963693305e-01 2.210686862698016952e-01 -4.892487079523254873e-02
-9.760787804557276015e-01 2.123166209440793262e-01 -4.681751770803064400e-02
-9.779550827267206037e-01 2.039785145869898730e-01 -4.468371972278420423e-02
-9.796688821170435046e-01 1.960624938731501954e-01 -4.252520274578647924e-02
-9.812295669509422114e-01 1.885760699950831121e-01 -4.034371873450764978e-02
-9.826461886397833689e-01 1.815261459475176753e-01 -3.814104198948638225e-02
-9.839274238086003210e-01 1.749190249874659486e-01 -3.591896568647243160e-02
-9.850815388217813995e-01 1.687604200298617463e-01 -3.367929865366455638e-02
-9.861163568308499716e-01 1.630554637423366759e-01 -3.142386239517974689e-02
-9.870392274481081252e-01 1.578087191094213471e-01 -2.915448835834062724e-02
-9.878569991319332555e-01 1.530241902458693848e-01 -2.687301543901207332e-02
-9.885759943528527049e-01 1.487053332506656222e-01 -2.458128771608601715e-02
-9.892019875942468232e-01 1.448550669073463415e-01 -2.228115240333048211e-02
-9.897401862276683504e-01 1.414757830522692661e-01 -1.997445800420563286e-02
-9.901952142903106546e-01 1.385693564501642439e-01 -1.766305265292302321e-02
-9.905710991810467991e-01 1.361371540354135712e-01 -1.534878262299685034e-02
-9.908712612816190646e-01 1.341800433977985985e-01 -1.303349098281723559e-02
-9.910985065008601769e-01 1.326984004126591232e-01 -1.071901637637149261e-02
-9.912550217321409729e-01 1.316921159373022621e-01 -8.407191906153374181e-03
-9.914861067504721071e-01 1.299118261888614345e-01 -8.844768385687231532e-03
-9.917253822511902239e-01 1.280420240543353461e-01 -9.274625135564594156e-03
-9.919721501394748175e-01 1.260842741282190427e-01 -9.696471926225254390e-03
-9.922256943115352890e-01 1.240402005954648057e-01 -1.011002437639483241e-02
-9.924852828034851360e-01 1.219114864195791348e-01 -1.051500414957804580e-02
-9.927501699778552569e-01 1.196998724826958960e-01 -1.091113915141882044e-02
-9.930195987417202996e-01 1.174071566748650514e-01 -1.129816372766395682e-02
-9.932928027902917512e-01 1.150351929299315568e-01 -1.167581886243099915e-02
-9.935690088697224365e-01 1.125858902055368455e-01 -1.204385237644624990e-02
-9.938474390527765046e-01 1.100612114049556722e-01 -1.240201912488582935e-02
-9.941273130209379305e-01 1.074631722386824167e-01 -1.275008119442152046e-02
-9.944078503464705010e-01 1.047938400239028095e-01 -1.308780809904404839e-02
-9.946882727678971747e-01 1.020553324202273238e-01 -1.341497697420968027e-02
-9.949678064523412857e-01 9.924981610032039547e-02 -1.373137276883181108e-02
-9.952456842381636193e-01 9.637950535433358057e-02 -1.403678843461764192e-02
-9.955211478513457113e-01 9.344666062733865408e-02 -1.433102511223142105e-02
-9.957934500891009177e-01 9.045358698925733132e-02 -1.461389231375006571e-02
-9.960618569642539777e-01 8.740263253709525115e-02 -1.488520810086456543e-02
-9.963256498040067299e-01 8.429618672960786929e-02 -1.514479925827139084e-02
-9.965841272968100073e-01 8.113667865485187092e-02 -1.539250146169234175e-02
-9.968366074811859656e-01 7.792657523140678055e-02 -1.562815943995897808e-02
-9.970824296704939860e-01 7.466837934438430580e-02 -1.585162713059894146e-02
-9.973209563078043738e-01 7.136462791767604619e-02 -1.606276782836620759e-02
-9.975515747452403659e-01 6.801788992422118374e-02 -1.626145432616555794e-02
-9.977736989423660052e-01 6.463076433640226048e-02 -1.644756904783336096e-02
-9.979867710784406931e-01 6.120587801899693425e-02 -1.662100417225192278e-02
-9.981902630736230186e-01 5.774588356742468148e-02 -1.678166174829335416e-02
-9.983836780144926815e-01 5.425345709432753682e-02 -1.692945380011075251e-02
-9.985665514795649678e-01 5.073129596781076472e-02 -1.706430242231957856e-02
-9.987384527607977569e-01 4.718211650494141818e-02 -1.718613986464021665e-02
-9.988989859774343172e-01 4.360865162435760556e-02 -1.729490860560357890e-02
-9.990477910788861937e-01 4.001364846207740994e-02 -1.739056141495523566e-02
-9.991845447337367458e-01 3.639986595481229520e-02 -1.747306140442953654e-02
-9.993089611023366903e-01 3.277007239528349075e-02 -1.754238206660342289e-02
-9.994207924908632412e-01 2.912704296421058520e-02 -1.759850730157975704e-02
-9.995198298851291074e-01 2.547355724378750144e-02 -1.764143143129190752e-02
-9.996059033628469370e-01 2.181239671758181814e-02 -1.767115920126456630e-02
-9.996788823834814597e-01 1.814634226188770183e-02 -1.768770576971014780e-02
-9.997386759552537860e-01 1.447817163363034239e-02 -1.769109668388541001e-02
-9.997852326792938671e-01 1.081065695995994322e-02 -1.768136784367861300e-02
-9.998185406713711032e-01 7.146562234686241327e-03 -1.765856545244353162e-02
-9.998386273620620823e-01 3.488640826689760367e-03 -1.762274595514253667e-02
-9.998455591766420847e-01 -1.603669945958461143e-04 -1.757397596390643940e-02
-9.998394410964042134e-01 -3.797736511604770174e-03 -1.751233217116356447e-02
-9.998204161035220139e-01 -7.420760984032675860e-03 -1.743790125053443565e-02
-9.997886645119699045e-01 -1.102675404239267243e-02 -1.735077974573090778e-02
-9.997444031874039849e-01 -1.461305204506805830e-02 -1.725107394773968753e-02
-9.996878846592759382e-01 -1.817701639436422253e-02 -1.713889976060938014e-02
-9.996193961288118990e-01 -2.171603580725195784e-02 -1.701438255619740561e-02
-9.995392583768227812e-01 -2.522752853670470752e-02 -1.687765701826806838e-02
-9.994478245756341916e-01 -2.870894453976129135e-02 -1.672886697636554593e-02
-9.993454790097192619e-01 -3.215776758869177965e-02 -1.656816522991538809e-02
-9.992326357098968437e-01 -3.557151732190542287e-02 -1.639571336303516022e-02
-9.991097370062071992e-01 -3.894775123151415080e-02 -1.621168155055892346e-02
-9.989772520048088023e-01 -4.228406658475086094e-02 -1.601624835580130884e-02
-9.988356749944439228e-01 -4.557810227673679548e-02 -1.580960052060478155e-02
-9.986855237881996361e-01 -4.882754061239441556e-02 -1.559193274822838482e-02
-9.985273380064465520e-01 -5.203010901560914392e-02 -1.536344747964767457e-02
-9.983616773069649009e-01 -5.518358166405362697e-02 -1.512435466384370181e-02
-9.981891195683717521e-01 -5.828578104839867574e-02 -1.487487152266379377e-02
-9.981238666989241670e-01 -6.006882184809441555e-02 -1.185309573347624948e-02
-9.980847809538905269e-01 -6.122677034834013432e-02 -8.835448697309960728e-03
-9.980739952318942176e-01 -6.176077236657576824e-02 -5.824053957244312504e-03
-9.980924679140281697e-01 -6.167235951329338994e-02 -2.821023856288855120e-03
-9.981399909706617501e-01 -6.096344532003613453e-02 1.715379552237774989e-04
-9.982152018619510070e-01 -5.963632564422150645e-02 3.151534049279492919e-03
-9.983155992029273396e-01 -5.769368325284737059e-02 6.116870852155779914e-03
-9.984375621827605851e-01 -5.513859644070441546e-02 9.065456442401529855e-03
-9.985763737447214128e-01 -5.197455149326050267e-02 1.199519857643780406e-02
-9.987262475478354551e-01 -4.820545875996892077e-02 1.490400300088770905e-02
-9.988803587425899577e-01 -4.383567206049104881e-02 1.778977210778263929e-02
-9.990308786007400244e-01 -3.887001110436937024e-02 2.065040398536265726e-02
-9.991690130427404171e-01 -3.331378656425009605e-02 2.348379191327513646e-02
-9.992850451051400462e-01 -2.717282740411016556e-02 2.628782434656187772e-02
-9.993683813840382735e-01 -2.045351002743074631e-02 2.906038542789677812e-02
-9.994076024791257451e-01 -1.316278877628633548e-02 3.179935606208315196e-02
-9.993905174457133889e-01 -5.308227281357014507e-03 3.450261558083778102e-02
-9.993042222394122875e-01 3.101969864546496453e-03 3.716804401938145208e-02
-9.991351621097942504e-01 1.205892566014699595e-02 3.979352501933706293e-02
-9.988691978655958037e-01 2.155306004580000503e-02 4.237694936493294900e-02
-9.986514423063878043e-01 3.030576666200777980e-02 4.215295901851315308e-02
-9.983601743590887478e-01 3.900628549774663723e-02 4.189852741563279692e-02
-9.979969860237511980e-01 4.764774535555391793e-02 4.161397468938004413e-02
-9.975636748064903303e-01 5.622337763156305679e-02 4.129965057305534648e-02
-9.970622362308916298e-01 6.472652621372897153e-02 4.095593354093270133e-02
-9.964948557003022733e-01 7.315065688359251306e-02 4.058322987655964970e-02
-9.958638997562649919e-01 8.148936618472531201e-02 4.018197267445820092e-02
-9.951719067809524644e-01 8.973638972530414981e-02 3.975262078143344119e-02
-9.944215771936304460e-01 9.788560988675445995e-02 3.929565768398236847e-02
-9.936157631929120049e-01 1.059310629150272964e-01 3.881159034852161432e-02
-9.927574580978568708e-01 1.138669453757837208e-01 3.830094802131783771e-02
-9.918497853418190013e-01 1.216876199595062213e-01 3.776428099510947822e-02
-9.908959871733645786e-01 1.293876206272918106e-01 3.720215934945334674e-02
-9.898994131185757661e-01 1.369616570927595089e-01 3.661517167181623650e-02
-9.888635082586456626e-01 1.444046186400835818e-01 3.600392376636200875e-02
-9.877918013758726357e-01 1.517115772826030107e-01 3.536903735726128900e-02
-9.866878930200067011e-01 1.588777902707189660e-01 3.471114879317701435e-02
-9.855554435454095819e-01 1.658987019618448633e-01 3.403090775935843637e-02
-9.843981611676992927e-01 1.727699450689854643e-01 3.332897600351228395e-02
-9.832197900864866336e-01 1.794873413080703972e-01 3.260602608131715763e-02
-9.820240987185121506e-01 1.860469014674296095e-01 3.186274012711052400e-02
-9.808148680829944510e-01 1.924448249257593169e-01 3.109980865491063576e-02
-9.795958803783356705e-01 1.986774986475727534e-01 3.031792939454409572e-02
-9.783709077865342385e-01 2.047414956874532566e-01 2.951780616723725242e-02
-9.771437015387686165e-01 2.106335732364227331e-01 2.870014780460140857e-02
-9.759179812726644920e-01 2.163506702454061348e-01 2.786566711450208511e-02
-9.746974247087809573e-01 2.218899046621155280e-01 2.701507989685579536e-02
-9.734856576708769138e-01 2.272485703186995498e-01 2.614910401194782755e-02
-9.722862444715770769e-01 2.324241335082177784e-01 2.526845850341563268e-02
-9.711026786821732593e-01 2.374142292884127703e-01 2.437386277759765948e-02
-9.699383743024966309e-01 2.422166575513807485e-01 2.346603584051058441e-02
-9.687966573441018081e-01 2.468293788976003156e-01 2.254569559329152803e-02
-9.676807578374317931e-01 2.512505103523827166e-01 2.161355818652872449e-02
-9.665938022712028399e-01 2.554783209621767082e-01 2.067033743350664768e-02
-9.655388064699700346e-01 2.595112273073129083e-01 1.971674428201147106e-02
-9.645186689137239533e-01 2.633477889667269478e-01 1.875348634398193298e-02
-9.635361645014269838e-01 2.669867039689769461e-01 1.778126748195025045e-02
-9.625939387586390783e-01 2.704268042624866641e-01 1.680078745089884015e-02
