1.000000000000000000e+00 0.000000000000000000e+00 0.000000000000000000e+00
9.999999240221615349e-01 2.031838464435494027e-04 -3.326958169022461911e-04
9.999996203717999022e-01 5.718472485026662548e-04 -6.574858156626727911e-04
9.999989225605955268e-01 1.101087621823975933e-03 -9.708556694117959204e-04
9.999976025169543536e-01 1.784269777366131321e-03 -1.269434418768330183e-03
9.999953846133664559e-01 2.613107448686327605e-03 -1.550030638904693241e-03
9.999919624437805243e-01 3.577762477298157551e-03 -1.809666470664164466e-03
9.999870175404046435e-01 4.666960514383153638e-03 -2.045609153557367225e-03
9.999802391349115194e-01 5.868121919851949399e-03 -2.255399724958513739e-03
9.999713440251278840e-01 7.167506373431451264e-03 -2.436878580141306049e-03
9.999600956065414215e-01 8.550369559529803071e-03 -2.588207621875665901e-03
9.999463211681332009e-01 1.000113015077777091e-02 -2.707888765984948522e-03
9.999299266320592627e-01 1.150354519714761638e-02 -2.794778610253300082e-03
9.999109080327326371e-01 1.304089193112903042e-02 -2.848099117955875739e-03
9.998893591775139811e-01 1.459615392706788313e-02 -2.867444213509598699e-03
9.998654751017830300e-01 1.615220950648865034e-02 -2.852782235636763461e-03
9.998395511179203332e-01 1.769202026247615120e-02 -2.804454242227810788e-03
9.998119774522979952e-01 1.919881758572360847e-02 -2.723168209946833559e-03
9.997832296581087297e-01 2.065628511261041397e-02 -2.609989219680456610e-03
9.997538551762353842e-01 2.204873508079642497e-02 -2.466325765338965494e-03
9.997244565833509622e-01 2.336127666868498612e-02 -2.293912367485208877e-03
9.996956722088902181e-01 2.457997450941647871e-02 -2.094788714092165379e-03
9.996739200291046012e-01 2.548894383538179154e-02 -1.538688919646349820e-03
9.996584946557277584e-01 2.611428451026233041e-02 -9.686771399839048209e-04
9.996500437075056533e-01 2.645065731841092505e-02 -3.910590854870042189e-04
9.996489042793793578e-01 2.649590491891000779e-02 1.878102745523709156e-04
9.996550915402130366e-01 2.625105781200084282e-02 7.615959256620766140e-04
9.996683014394212030e-01 2.572030631130157660e-02 1.324051410831785826e-03
9.996879272570063923e-01 2.491093899972473408e-02 1.869086135205859801e-03
9.997130891361744043e-01 2.383324842240381464e-02 2.390830699926888622e-03
9.997426751852233062e-01 2.250040504628093505e-02 2.883699608024561239e-03
9.997753922487842004e-01 2.092830079768203191e-02 3.342450703673637002e-03
9.998098240478509036e-01 1.913536377866748364e-02 3.762240728393445848e-03
9.998444940898628674e-01 1.714234606018692070e-02 4.138676405243973781e-03
9.998779305665833617e-01 1.497208675235457004e-02 4.467860496251438961e-03
9.999087303959759421e-01 1.264925285406061188e-02 4.746432320487039766e-03
9.999356196268400776e-01 1.020006067781756461e-02 4.971602271420016116e-03
9.999575076083683234e-01 7.651980921555705077e-03 5.141179932888604101e-03
9.999735326224519216e-01 5.033430706319513490e-03 5.253595463214179480e-03
9.999830970709315814e-01 2.373456106611068848e-03 5.307913995921536253e-03
9.999858907850625034e-01 -2.985911416099945245e-04 5.303842891887224249e-03
9.999819015586089987e-01 -2.953378969944236467e-03 5.241731769618542848e-03
9.999714125749500360e-01 -5.561918521891215036e-03 5.122565335423651459e-03
9.999549869766310994e-01 -8.095882121424294656e-03 4.947949130840886833e-03
9.999334403869843957e-01 -1.052791197210935226e-02 4.720088408130877940e-03
9.999078027128173174e-01 -1.283191605381871908e-02 4.441760433278412606e-03
9.998792710120197880e-01 -1.498334790181692945e-02 4.116280597469415027e-03
9.998491555808181053e-01 -1.695946721893828307e-02 3.747462790513023112e-03
9.998188216869817735e-01 -1.873957857531548601e-02 3.339574551838610933e-03
9.997896295370237718e-01 -2.030524578042815567e-02 2.897287565800487751e-03
9.997628751118837753e-01 -2.164047985797958734e-02 2.425624107979443018e-03
9.997397344365409610e-01 -2.273189890506232755e-02 1.929900078461779626e-03
9.997212136693257589e-01 -2.356885846464913323e-02 1.415665277654853949e-03
9.997081071159372723e-01 -2.414355137819968258e-02 8.886415913478004983e-04
9.997009649050130342e-01 -2.445107640907955016e-02 3.546597559033167271e-04
9.997000716236437157e-01 -2.448947523596745057e-02 -1.804046268677358912e-04
9.997054367222180105e-01 -2.425973770912637911e-02 -7.106951611333777027e-04
9.997167969799047871e-01 -2.376577554377091658e-02 -1.230438159466769581e-03
9.997336307972940483e-01 -2.301436489740200930e-02 -1.734004932212830294e-03
9.997551835735466463e-01 -2.201505854601265230e-02 -2.215972233292533809e-03
9.997805029532803589e-01 -2.078006864135662282e-02 -2.671180248022310584e-03
9.998084823130548582e-01 -1.932412130094536551e-02 -3.094787527723101214e-03
9.998402645609648642e-01 -1.746116706026260360e-02 -3.814968268797608482e-03
9.998736734577928775e-01 -1.524808457869913231e-02 -4.487131362227059217e-03
9.999061867755795197e-01 -1.271089232645034386e-02 -5.104166711856775174e-03
9.999351857179329395e-01 -9.879031959687381570e-03 -5.659602107492852849e-03
9.999580850270243237e-01 -6.785032488032155355e-03 -6.147671726349474876e-03
9.999724618562380041e-01 -3.464140626447426586e-03 -6.563376821830976642e-03
9.999761776041227179e-01 4.607881593178802387e-05 -6.902537842532255156e-03
9.999674872469179743e-01 3.706168126504269435e-03 -7.161837303193552620e-03
9.999451312900684563e-01 7.475222577613217789e-03 -7.338852830878808339e-03
9.999084062575621656e-01 1.131135169501668036e-02 -7.432079933025648351e-03
9.998572106151195626e-01 1.517215024376886850e-02 -7.440944176549585398e-03
9.997920641340293235e-01 1.901517303876443937e-02 -7.365802624497127908e-03
9.997140998950632129e-01 2.279840758956783869e-02 -7.207934543101499579e-03
9.996250293508512907e-01 2.648073863331098718e-02 -6.969521560887892778e-03
9.995270820538804113e-01 3.002239879555713628e-02 -6.653617625765363697e-03
9.994229227614978006e-01 3.338539993806119432e-02 -6.264109259155909749e-03
9.993155495994991977e-01 3.653394018690987038e-02 -5.805666742295807412e-03
9.992081777600279047e-01 3.943478216045665646e-02 -5.283686984342141763e-03
9.991041137949495665e-01 4.205759850510647907e-02 -4.704228911906652155e-03
9.990066259206276111e-01 4.437528146773883631e-02 -4.073942284012579615e-03
9.989292817071162567e-01 4.616146127480580397e-02 -3.067651962559050927e-03
9.988723091974497370e-01 4.743391856809957979e-02 -2.033185427852957777e-03
9.988381118192478647e-01 4.818155752282387433e-02 -9.819728449638538866e-04
9.988280776208924294e-01 4.839903035196874842e-02 7.443905568539719436e-05
9.988425299007415159e-01 4.808675836497158101e-02 1.124510371005658926e-03
9.988807243857773521e-01 4.725089535169406385e-02 2.156830421099126260e-03
9.989408925796748884e-01 4.590323409295275769e-02 3.160238182557913340e-03
9.990203289476865534e-01 4.406105687213136834e-02 4.123939805765331271e-03
9.991155177680838273e-01 4.174693097683773724e-02 5.037622251606732257e-03
9.992222938283755740e-01 3.898845038019594506e-02 5.891562053735322976e-03
9.993360297440990747e-01 3.581792511216232155e-02 6.676728173339540467e-03
9.994518415854077853e-01 3.227202029148926871e-02 7.384877874362122396e-03
9.995648037583252377e-01 2.839134739095555693e-02 8.008644519389580482e-03
9.996701637370498661e-01 2.422001103700622063e-02 8.541616180808210557e-03
9.997635472997553618e-01 1.980511546831028105e-02 8.978403987802642885e-03
9.998411453846579589e-01 1.519623565051476770e-02 9.314699194484719197e-03
9.998998745391246556e-01 1.044485891157683269e-02 9.547318061853275056e-03
9.999375041469665826e-01 5.603803763907571830e-03 9.674233796711763367e-03
9.999527451344739637e-01 7.266232577136429865e-04 9.694594980626284123e-03
9.999452966049041658e-01 -4.132999287327067568e-03 9.608730144446244251e-03
9.999207186515907120e-01 -8.718698233847167745e-03 9.085470694444455070e-03
9.998794318495995981e-01 -1.301608347575166150e-02 8.468047424949620011e-03
9.998256954992578160e-01 -1.697960566722585621e-02 7.763729570217543785e-03
9.997640945880378327e-01 -2.056765139414638149e-02 6.980699267642924248e-03
9.996993158299199989e-01 -2.374297344479851107e-02 6.127954178298840662e-03
9.996359239936759566e-01 -2.647306670799718514e-02 5.215202261497764794e-03
9.995781484629963076e-01 -2.873048706862505255e-02 4.252750138118105948e-03
9.995296893524517889e-01 -3.049311158903835611e-02 3.251386444782864392e-03
9.994935514907106189e-01 -3.174433903612673691e-02 2.222261521198102153e-03
9.994719132310306842e-01 -3.247323042286436034e-02 1.176764698000031103e-03
9.994660354249574885e-01 -3.267458968354414878e-02 1.264003741447412670e-04
9.994762140723953969e-01 -3.234898491436281887e-02 -9.173359982766215483e-04
9.995017782184034694e-01 -3.150271082052577554e-02 -1.943080959697424202e-03
9.995411326846762590e-01 -3.014769316215809569e-02 -2.939724092381372847e-03
9.995918432815931176e-01 -2.830133613312395616e-02 -3.896526059647403752e-03
9.996507603221626015e-01 -2.598631378745101805e-02 -4.803232614117637980e-03
9.997141746246600569e-01 -2.323030688921742110e-02 -5.650183531835556959e-03
9.997779988120568673e-01 -2.006568693438151238e-02 -6.428415399626491444e-03
9.998379656504221558e-01 -1.652914959361567043e-02 -7.129757156081110298e-03
9.998898344611729661e-01 -1.266130045376587417e-02 -7.746917272531030595e-03
9.999295963257252007e-01 -8.506196675187791684e-03 -8.273561469521104744e-03
9.999536688924678396e-01 -4.110849000301772249e-03 -8.704379905300688516e-03
9.999590720942966859e-01 4.753106002099863683e-04 -9.035142852084213430e-03
9.999435769708656663e-01 5.200989527238750534e-03 -9.262743996441757596e-03
9.999058210251872136e-01 1.001361653180821501e-02 -9.385230661745635333e-03
9.998453850734659865e-01 1.485993758872636815e-02 -9.401820449005700644e-03
9.997628282989245996e-01 1.968661774833647959e-02 -9.312904020158366616e-03
9.996596801118033948e-01 2.444084083506102567e-02 -9.120033994644581588e-03
9.995383893582409085e-01 2.907089888648947337e-02 -8.825900183774248661e-03
9.994022333176990625e-01 3.352676349373703846e-02 -8.434291635025759418e-03
9.992551906924884708e-01 3.776063169725838581e-02 -7.950046187582547261e-03
9.991017843425936684e-01 4.172743978037650459e-02 -7.378988440113672456e-03
9.989469007859642646e-01 4.538533914035677852e-02 -6.727857193600981014e-03
9.987955944164440547e-01 4.869612934991678077e-02 -6.004223550616369712e-03
9.986528849545220909e-01 5.162564449286616286e-02 -5.216400926110887140e-03
9.985235568250886429e-01 5.414408980995175785e-02 -4.373348255287934881e-03
9.984119689548447418e-01 5.622632657533410683e-02 -3.484567676500712700e-03
9.983218829203306388e-01 5.785210390154690158e-02 -2.559997928927685261e-03
9.982563164906601560e-01 5.900623681606235321e-02 -1.609904645366508173e-03
9.982174284436889922e-01 5.967873045568008322e-02 -6.447686499413714375e-04
9.982064391460260255e-01 5.986485059109949297e-02 3.248267012970380840e-04
9.982235898375473315e-01 5.956514094231274425e-02 1.288308163292691596e-03
9.982681419148520252e-01 5.878538790619809024e-02 2.235224305075279340e-03
9.983384158316113144e-01 5.753653342890541200e-02 3.155355381548493633e-03
9.984318675925507591e-01 5.583453685881863832e-02 4.038820494687182100e-03
9.985451992751219752e-01 5.370018675168869438e-02 4.876181158918646737e-03
9.986744986281498315e-01 5.115886380350252727e-02 5.658540365669617947e-03
9.988154016238597332e-01 4.824025638556993928e-02 6.377636214892879428e-03
9.989632709256045517e-01 4.497803056535856076e-02 7.025929154876565767e-03
9.991133826163598464e-01 4.140945701765312570e-02 7.596681854543765704e-03
9.992611132400084362e-01 3.757499785173042811e-02 8.084030733368576666e-03
9.994021192534816578e-01 3.351785707654191676e-02 8.483048200524190979e-03
9.995325013739333464e-01 2.928349916163464073e-02 8.789794712665197768e-03
9.996489470173005598e-01 2.491914088326870058e-02 9.001359852102560830e-03
9.997488450336599053e-01 2.047322232570096198e-02 9.115891754481493872e-03
9.998303682069276110e-01 1.599486349030119353e-02 9.132614374877291372e-03
9.998925204448935178e-01 1.153331340839472939e-02 9.051832268137612048e-03
9.999351471731438012e-01 7.137398924670401539e-03 8.874922765615644166e-03
9.999589090889363652e-01 2.854980395715375416e-03 8.604315646760432937e-03
9.999652210514210493e-01 -1.267578574444042788e-03 8.243460620106684081e-03
9.999561594069612536e-01 -5.185920555911836642e-03 7.796783133840655411e-03
9.999343424025354254e-01 -8.858176554526054139e-03 7.269629222065657204e-03
9.999027894655261317e-01 -1.224541542629112474e-02 6.668200251638767978e-03
9.998647659764022810e-01 -1.531205548855616230e-02 5.999478560818864367e-03
9.998236206983399654e-01 -1.802623416024039249e-02 5.271145072456497049e-03
9.997826232369976251e-01 -2.036013226501553336e-02 4.491490021331530184e-03
9.997448087826704688e-01 -2.229025040608786229e-02 3.669317960337070347e-03
9.997128369492198630e-01 -2.379763553633397824e-02 2.813848208486199962e-03
9.996888707963448306e-01 -2.486805648018896794e-02 1.934611881663949890e-03
9.996744811422655363e-01 -2.549212770237622647e-02 1.041346611917716002e-03
9.996705800901396488e-01 -2.566538106344841766e-02 1.438900201252876461e-04
9.996773863576284835e-01 -2.538828566406850853e-02 -7.479270334002297493e-04
9.996944235733311590e-01 -2.466621617872210431e-02 -1.624386430305711868e-03
9.997205512467236543e-01 -2.350937034095610181e-02 -2.475987042999232886e-03
9.997540266901514538e-01 -2.193263649499885629e-02 -3.293546301597123638e-03
9.997925948307472277e-01 -1.995541240088159751e-02 -4.068298136038143130e-03
9.998336016515376734e-01 -1.760137679621636905e-02 -4.791986350712029545e-03
9.998741259935597370e-01 -1.489821559509815936e-02 -5.456952488059442843e-03
9.999111236763554844e-01 -1.187730505176098385e-02 -6.056217241335052660e-03
9.999415773855926393e-01 -8.573354732004852610e-03 -6.583554491376239319e-03
9.999626455560440830e-01 -5.024013706970680698e-03 -7.033557073824665308e-03
9.999718035561117047e-01 -1.269443989923672855e-03 -7.401693436906837086e-03
9.999669708539559165e-01 2.648134152113444141e-03 -7.684354429154824535e-03
9.999466184991799844e-01 6.684919798318323010e-03 -7.878889562909201921e-03
9.999098521588684063e-01 1.079602615629082774e-02 -7.983632232409164017e-03
9.998564670613682148e-01 1.493598638234528223e-02 -7.997913521762657976e-03
9.997869724739054664e-01 1.905926401177376883e-02 -7.922064413021259049e-03
9.997025847114240360e-01 2.312076144028343133e-02 -7.757406391175487512e-03
9.996051890795870642e-01 2.707631993258566641e-02 -7.506230633218362314e-03
9.994972725290192095e-01 3.088320483544012771e-02 -7.171766154131645372e-03
9.993818300771690755e-01 3.450057003010636308e-02 -6.758137455640611177e-03
9.992622491808578200e-01 3.788989615257797039e-02 -6.270312376739892862e-03
9.991421771675286223e-01 4.101539771023732933e-02 -5.714040972756495237e-03
9.990253775182569296e-01 4.384439489607330764e-02 -5.095786348518633810e-03
9.989155812150698477e-01 4.634764660925595747e-02 -4.422648439693626504e-03
9.988163395066164130e-01 4.849964189738514148e-02 -3.702281775431472913e-03
9.987308843103551714e-01 5.027884770878423421e-02 -2.942808268025837084e-03
9.986620020690830657e-01 5.166791145701374321e-02 -2.152726065958176192e-03
9.986119262385686479e-01 5.265381743700946193e-02 -1.340815481134359109e-03
9.985822527341512433e-01 5.322799658505920212e-02 -5.160429655951424485e-04
9.985845337533406640e-01 5.318378159913900866e-02 6.447683568123491887e-04
9.986162015559910676e-01 5.255920989590400633e-02 1.792484532479822392e-03
9.986757427924390917e-01 5.136406591367514290e-02 2.914676268350551575e-03
9.987604488218740917e-01 4.961425325119173113e-02 3.999250610348367534e-03
9.988665451919790383e-01 4.733160367746891417e-02 5.034577532556192003e-03
9.989893659213017196e-01 4.454362717034298508e-02 6.009611963892842919e-03
9.991235647109848461e-01 4.128320405460085551e-02 6.914010186246878110e-03
9.992633536899774294e-01 3.758822068824158036e-02 7.738239466135172183e-03
9.994027591699645718e-01 3.350115072268265715e-02 8.473679714537045438e-03
9.995358832033078844e-01 2.906858473293859324e-02 9.112715921604314095e-03
9.996571595337991889e-01 2.434071194727575535e-02 9.648820098484356747e-03
9.997615928217258308e-01 1.937075885229679745e-02 1.007662148911636635e-02
9.998449708059812258e-01 1.421439054241133149e-02 1.039196389851108383e-02
9.999040403081220774e-01 8.929081745799424125e-03 1.059194912408607282e-02
9.999366396344682162e-01 3.573465413112331297e-03 1.067496567147006858e-02
9.999417819187756962e-01 -1.793332474002210658e-03 1.064070217919742441e-02
9.999196861770887068e-01 -7.112362692088191121e-03 1.049014525682777192e-02
9.998717552115038432e-01 -1.232551774440233602e-02 1.022556174373116973e-02
9.998005018862377025e-01 -1.737618266546448950e-02 9.850465704446276574e-03
9.997094275920489492e-01 -2.220986270151241448e-02 9.369570773959957563e-03
9.996111449639671909e-01 -2.657174614306466801e-02 8.456168011046679214e-03
9.995084382461124628e-01 -3.045110801125444633e-02 7.457657548091880390e-03
9.994079431116258405e-01 -3.380818665867318940e-02 6.385431204405277866e-03
9.993158619470092763e-01 -3.660917749238257884e-02 5.251614746199604646e-03
9.992376822836633865e-01 -3.882654771811604177e-02 4.068929921432825648e-03
9.991779327107693787e-01 -4.043928031729477485e-02 2.850552430136499456e-03
9.991399864627691363e-01 -4.143304765451607391e-02 1.609967317730714911e-03
9.991259206423745987e-01 -4.180031557241593865e-02 3.608231280490322313e-04
9.991364365201368392e-01 -4.154037904165722855e-02 -8.832139810724759597e-04
9.991708436518540459e-01 -4.065933045513175220e-02 -2.108605059057941638e-03
9.992271077843706273e-01 -3.916996156379044108e-02 -3.302081081124098871e-03
9.993019597859736924e-01 -3.709159993246405329e-02 -4.450782540382842989e-03
9.993910602435139845e-01 -3.444988073328238143e-02 -5.542394862767408698e-03
9.994892120132268243e-01 -3.127645476866081076e-02 -6.565278531944076373e-03
9.995906109875638546e-01 -2.760863388531871465e-02 -7.508592726937738000e-03
9.996891237282531373e-01 -2.348897544234439250e-02 -8.362411184615975435e-03
9.997785794859070929e-01 -1.896480823963995685e-02 -9.117828920460572042e-03
9.998530635324074378e-01 -1.408770327916736460e-02 -9.767058392199819833e-03
9.999071987077630119e-01 -8.912893873832601621e-03 -1.030351368797177009e-02
9.999364026383974480e-01 -3.498650867718007540e-03 -1.072188137621195650e-02
9.999371092027145025e-01 2.094380000171989012e-03 -1.101817677587585420e-02
9.999069444581981658e-01 7.803870364050853776e-03 -1.118978459446345712e-02
9.998448493305100993e-01 1.356652188536564864e-02 -1.123548313291096445e-02
9.997511438022106400e-01 1.931878928128325651e-02 -1.115545156011288341e-02
9.996275300095733840e-01 2.499760327330751916e-02 -1.095126009997923582e-02
9.994770344294221509e-01 3.054108292243120498e-02 -1.062584333128861920e-02
9.993038920771323275e-01 3.588922711352135475e-02 -1.018345715419036873e-02
9.991133782079254511e-01 4.098457560492348162e-02 -9.629620306304586055e-03
9.989115952936749032e-01 4.577283102259548098e-02 -8.971041597432088954e-03
9.987052249326584530e-01 5.020343438099262451e-02 -8.215534260277003106e-03
9.985012557604175942e-01 5.423008806862730097e-02 -7.371918975823906796e-03
9.983066993143079326e-01 5.781122165018001691e-02 -6.449917222493575103e-03
9.981283061395941347e-01 6.091039721601772955e-02 -5.460036620298863198e-03
9.979722942160652588e-01 6.349665227064826833e-02 -4.413449902798364556e-03
9.978441010611348583e-01 6.554477922780639620e-02 -3.321869063055501656e-03
9.977481696791022925e-01 6.703554142771848967e-02 -2.197416100518163884e-03
9.976877769436559573e-01 6.795582619309338546e-02 -1.052491660699309732e-03
9.976649111000644998e-01 6.829873580165095326e-02 1.003572744541244947e-04
9.976802029400527738e-01 6.806361740527382131e-02 1.248569605538886766e-03
9.977329129246637063e-01 6.725603291944698414e-02 2.379701293977847833e-03
9.978209741975913039e-01 6.588766980568236398e-02 3.481554603673955861e-03
9.979410891311826237e-01 6.397619354537420477e-02 4.542304525297101436e-03
9.980888748642043895e-01 6.154504252719967400e-02 5.550621480528131549e-03
9.982590513048986702e-01 5.862316610589383276e-02 6.495789350902255246e-03
9.984456633594146480e-01 5.524470678877405755e-02 7.367817802773318769e-03
9.986423277714771007e-01 5.144862790018812221e-02 8.157547799552440984e-03
9.988424939813960179e-01 4.727828867383766093e-02 8.856749119540435408e-03
9.990397078759427618e-01 4.278096951635512735e-02 9.458208647295979904e-03
9.992278672343593016e-01 3.800735113798382747e-02 9.955808192149232308e-03
9.994014580904792000e-01 3.301095230374584411e-02 1.034459062006851116e-02
9.995557621163794204e-01 2.784753205251337335e-02 1.062081317166491817e-02
9.996870264565533848e-01 2.257446328505765057e-02 1.078198698210987468e-02
9.997925891483050442e-01 1.725008555746249811e-02 1.082690201562084079e-02
9.998709552780704612e-01 1.193304566158117849e-02 1.075563687060528996e-02
9.999218212513115711e-01 6.681635070964702001e-03 1.056955319001708256e-02
9.999460468894533216e-01 1.553133539115836119e-03 1.027127471030228438e-02
9.999455773984375906e-01 -3.396831960298732356e-03 9.864651285039114162e-03
9.999233194674270742e-01 -8.114904157938231111e-03 9.354708509304403979e-03
9.998829777476270220e-01 -1.255058015048974782e-02 8.747583832514043561e-03
9.998288596380127125e-01 -1.665675655830094887e-02 8.050450268252311650e-03
9.997656575932446499e-01 -2.039022898048652860e-02 7.271428980453654815e-03
9.996982190174701355e-01 -2.371214067664901767e-02 6.419492141701442847e-03
9.996313141880200925e-01 -2.658837654380813084e-02 5.504357521487487394e-03
9.995694125609725367e-01 -2.898989954130529872e-02 4.536376274557938834e-03
9.995164772642172180e-01 -3.089302768997198578e-02 3.526415370197512160e-03
9.994757866206749330e-01 -3.227965059567706324e-02 2.485736043419477324e-03
9.994497902185317528e-01 -3.313738510151791744e-02 1.425869570949065768e-03
9.994400054230031527e-01 -3.345967015722271093e-02 3.584915911814525943e-04
9.994469583802045864e-01 -3.324580132721249859e-02 -7.047038905874443860e-04
9.994701715784731766e-01 -3.250090557428230581e-02 -1.752129733194946653e-03
9.995081979886012435e-01 -3.123585709930389032e-02 -2.772429090088164658e-03
9.995586997844103649e-01 -2.946713513997664333e-02 -3.754596020313040114e-03
9.996185677290715388e-01 -2.721662478490512183e-02 -4.688092256431019254e-03
9.996840755763755082e-01 -2.451136208917540499e-02 -5.562959083320230189e-03
9.997510623492273929e-01 -2.138322511969048545e-02 -6.369923249287953552e-03
9.998151341809333736e-01 -1.786857303393611651e-02 -7.100495798196180229e-03
9.998718765884906379e-01 -1.400783590874943134e-02 -7.747062689350232151e-03
9.999170676279921510e-01 -9.845058772387130230e-03 -8.302966071613205115e-03
9.999468823816913821e-01 -5.427404123137034679e-03 -8.762575109229080519e-03
9.999580796479107248e-01 -8.046180959589647325e-04 -9.121345326495094302e-03
9.999481625334315504e-01 3.971533689984628641e-03 -9.375865550889031161e-03
9.999155058484128222e-01 8.847853765742338603e-03 -9.523891689994568033e-03
9.998594447226319959e-01 1.377031641397584785e-02 -9.564366773158807303e-03
9.997803206286253186e-01 1.868467922400580267e-02 -9.497426917169699348e-03
9.996794829285027273e-01 2.353709430928171628e-02 -9.324393126178373570e-03
9.995592460643607513e-01 2.827471086396259048e-02 -9.047749097246877981e-03
9.994228044913077147e-01 3.284626095591662576e-02 -8.671105460846395899e-03
9.992741093131756180e-01 3.720262091473216376e-02 -8.199151127099506275e-03
9.991177122375963782e-01 4.129734134547983354e-02 -7.637592621651569103e-03
9.989585838451797706e-01 4.508713963741398101e-02 -6.993082470283479984e-03
9.988019142091207891e-01 4.853234978659016347e-02 -6.273137822456220994e-03
9.986529045673837590e-01 5.159732535241769169e-02 -5.486050588282228614e-03
9.985165590200792973e-01 5.425079236084857232e-02 -4.640790402071481684e-03
9.983974850995762651e-01 5.646614989743763829e-02 -3.746901723193439560e-03
9.982997115580288794e-01 5.822171695850917456e-02 -2.814396348993504927e-03
9.982265308697018114e-01 5.950092481854980797e-02 -1.853642554395388935e-03
9.981803727998100895e-01 6.029245471287380392e-02 -8.752519991266877013e-04
9.981627140032820478e-01 6.059032102885258952e-02 1.100345332819079557e-04
9.981740270483061561e-01 6.039390046381427207e-02 1.091461570986797507e-03
9.982137705771058078e-01 5.970790777282945772e-02 2.058372626542023277e-03
9.982804205881131709e-01 5.854231883365930422e-02 3.000322207063954236e-03
9.983715411172717769e-01 5.691224184246149176e-02 3.907185278554175037e-03
9.984838909772265625e-01 5.483773756582253217e-02 4.769263297523359396e-03
9.986135617437266188e-01 5.234358975129980301e-02 5.577385903363706564e-03
9.987561409155744085e-01 4.945902707049324581e-02 6.323007335445470292e-03
9.989068931680099572e-01 4.621739835470767971e-02 6.998296607817289759e-03
9.990609519110258407e-01 4.265580338881419520e-02 7.596220450790153352e-03
9.992135129847553587e-01 3.881468214479152912e-02 8.110618021744663356e-03
9.993600222923721965e-01 3.473736603953504753e-02 8.536266405495998577e-03
9.994963494914366198e-01 3.046959555676670428e-02 8.868935974010404982e-03
9.996189405266140415e-01 2.605900933625062213e-02 9.105434760276170936e-03
9.997249427637001640e-01 2.155461055606941803e-02 9.243641122859535403e-03
9.998122977350475393e-01 1.700621706608235542e-02 9.282524134179487296e-03
9.998797979739681985e-01 1.246390222768807218e-02 9.222151311868122953e-03
9.999271060331172967e-01 7.977433739887806324e-03 9.063683521194201842e-03
9.999547354737345906e-01 3.595717859464214218e-03 8.809357097917771412e-03
9.999639952993303327e-01 -6.337436569647178497e-04 8.462453464512065954e-03
9.999569009097546424e-01 -4.665376845029448050e-03 8.027256727680023851e-03
9.999360560952388344e-01 -8.456032483791387638e-03 7.508999941548875900e-03
9.999045118095781781e-01 -1.196545075417298001e-02 6.913800890544019931e-03
9.998656084041686043e-01 -1.515668839002367457e-02 6.248588382749135570e-03
9.998228086320225527e-01 -1.799650391301371027e-02 5.521020145338347875e-03
9.997795290213398189e-01 -2.045569737045584147e-02 4.739393478107547207e-03
9.997389771664523250e-01 -2.250940180198886253e-02 3.912549851687397232e-03
9.997040021006429189e-01 -2.413732441066701942e-02 3.049774638498709521e-03
9.996769642254799138e-01 -2.532393608015959252e-02 2.160693143461376448e-03
9.996596303122553540e-01 -2.605860844795903838e-02 1.255164065424224868e-03
9.996530979100852754e-01 -2.633569821247215559e-02 3.431714769439679060e-04
9.996577521468084093e-01 -2.615457872896294333e-02 -5.652836335248693665e-04
9.996732564524433151e-01 -2.551961925465860703e-02 -1.460291251022934923e-03
9.996985772326213437e-01 -2.444011246315329344e-02 -2.332138677733919425e-03
9.997320410334501473e-01 -2.293015109257015224e-02 -3.171414371198099606e-03
9.997714213304543796e-01 -2.100845485098942061e-02 -3.969108324650126932e-03
9.998140507998720672e-01 -1.869814900329437590e-02 -4.716708036724217429e-03
9.998569538426853587e-01 -1.602649642621342685e-02 -5.406289114549870344e-03
9.998969932752990175e-01 -1.302458535437264753e-02 -6.030599554094028675e-03
9.999310245118978591e-01 -9.726975550534335685e-03 -6.583136751084029022e-03
9.999560502678704887e-01 -6.171306207794135731e-03 -7.058216321465936305e-03
9.999693688249624568e-01 -2.397869509871040743e-03 -7.451031857784953631e-03
9.999687092175633119e-01 1.550845591413708285e-03 -7.757704821306158315e-03
9.999560685595564324e-01 5.427465482137072694e-03 -7.642643670994177067e-03
9.999297462658200963e-01 9.224305501638134161e-03 -7.444528067922394875e-03
9.998911142120868734e-01 1.290018046181926233e-02 -7.165969915100543416e-03
9.998420655928834666e-01 1.641546282826216244e-02 -6.810451160987221302e-03
9.997849268449160443e-01 1.973251243735021920e-02 -6.382279735460531268e-03
9.997223516277681243e-01 2.281607987747911320e-02 -5.886536483146339281e-03
9.996572017055759263e-01 2.563367910298122027e-02 -5.329013883126684260e-03
9.995924200856670661e-01 2.815592545585483136e-02 -4.716147430550295463e-03
9.995309020381957232e-01 3.035683590248287184e-02 -4.054940616311977948e-03
9.994753696378421148e-01 3.221408892064987067e-02 -3.352884476983325653e-03
9.994282552394522234e-01 3.370924207083855761e-02 -2.617872701389849233e-03
9.993915988395568606e-01 3.482790583562526965e-02 -1.858113276694988965e-03
9.993669636099113962e-01 3.555987280002462919e-02 -1.082037640383974684e-03
9.993553730502277022e-01 3.589920166983626842e-02 -2.982082801909054183e-04
9.993572722338849301e-01 3.584425598809179436e-02 4.847743034527225757e-04
9.993725145556231482e-01 3.539769772196233594e-02 1.258364384438535356e-03
9.994003742795515288e-01 3.456643616942940006e-02 2.014162682253115011e-03
9.994395840755847527e-01 3.336153289514205006e-02 2.744006069800559219e-03
9.994883956682188986e-01 3.179806366741753237e-02 3.440054482308853995e-03
9.995446607466716982e-01 2.989493865094857220e-02 4.094874200237480326e-03
9.996059284394398503e-01 2.767468242642382240e-02 4.701516686325374339e-03
9.996695549737928399e-01 2.516317576749661777e-02 5.253592166601568116e-03
9.997328206497690939e-01 2.238936150931491662e-02 5.745337161478117870e-03
9.997930489794349951e-01 1.938491728602393521e-02 6.171675200173415768e-03
9.998477227874416062e-01 1.618389838525892410e-02 6.528269993481229314e-03
9.998945922408061238e-01 1.282235444765951818e-02 6.811570399265666834e-03
9.999317701670199510e-01 9.337924206388216464e-03 7.018846593773994842e-03
9.999578106128508281e-01 5.769412890563879390e-03 7.148216960210783920e-03
9.999717673649965999e-01 2.156357282239540572e-03 7.198665322737467752e-03
9.999732300631538617e-01 -1.461416304033213640e-03 7.170048286360702558e-03
9.999623365444055834e-01 -5.044235675762677798e-03 7.063092586932762790e-03
9.999397611186532364e-01 -8.553022551690329239e-03 6.879382505582936486e-03
9.999066795392598239e-01 -1.194972305356662226e-02 6.621337552617900801e-03
9.998647124523837304e-01 -1.519772365771304874e-02 6.292180771444321266e-03
9.998158500365790236e-01 -1.826224766496292728e-02 5.895898147917672145e-03
9.997623613400310472e-01 -2.111072764514553696e-02 5.437189730052803191e-03
9.997066924522158837e-01 -2.371314978491268974e-02 4.921413163751023508e-03
9.996513580842867341e-01 -2.604236659118949401e-02 4.354520430011943333e-03
9.995988313620921550e-01 -2.807437495170141822e-02 3.742988627412052044e-03
9.995514366513367222e-01 -2.978855710495430936e-02 3.093745681307541809e-03
9.995112500396828858e-01 -3.116788260398310056e-02 2.414091880394770261e-03
9.994800117083737501e-01 -3.219906985516957088e-02 1.711618145062653550e-03
9.994590538571603844e-01 -3.287270626530795770e-02 9.941219241369689263e-04
9.994492471286782198e-01 -3.318332643297410706e-02 2.695216010902936384e-04
9.994509676450419322e-01 -3.312944817629985550e-02 -4.542297286921219467e-04
9.994640858572382269e-01 -3.271356650593102572e-02 -1.169230268286938291e-03
9.994879774561185037e-01 -3.194210594073949860e-02 -1.867714494759979867e-03
9.995215556424482672e-01 -3.082533183865241236e-02 -2.542136293508610173e-03
9.995633231419611686e-01 -2.937722169022644395e-02 -3.185249458535008814e-03
9.996114415170891387e-01 -2.761529761156015020e-02 -3.790184777618004538e-03
9.996638146041377793e-01 -2.556042158611730036e-02 -4.350522933672075314e-03
9.997181823227471176e-01 -2.323655534807469655e-02 -4.860362469167451432e-03
9.997722206875100381e-01 -2.067048717377380912e-02 -5.314382082530226016e-03
9.998236436169084529e-01 -1.789152824804504313e-02 -5.707896557174177952e-03
9.998703020920717277e-01 -1.493118168850003993e-02 -6.036905668123378199e-03
9.999102763689325934e-01 -1.182278772860860007e-02 -6.298135470266488789e-03
9.999419572853872618e-01 -8.601148961307314433e-03 -6.489071447371042890e-03
9.999641132149421630e-01 -5.302139908974930899e-03 -6.607983092149888847e-03
9.999759398770436958e-01 -1.962305492730190542e-03 -6.653939593742897070e-03
9.999770909918959116e-01 1.381546794207815388e-03 -6.626816427584148426e-03
9.999644877010508415e-01 4.895928721528235508e-03 -6.859977005197611180e-03
9.999392165313243375e-01 8.507003269828870146e-03 -7.014295139671842920e-03
9.999007633896156433e-01 1.217468025794824285e-02 -7.088497837274714865e-03
9.998491675766343345e-01 1.585846178186747085e-02 -7.082200163284929281e-03
9.997850345551810847e-01 1.951789460441305871e-02 -6.995904711583122992e-03
9.997095238055733191e-01 2.311301943215468557e-02 -6.830990905105779713e-03
9.996243123533975483e-01 2.660481150275423312e-02 -6.589694327511542299e-03
9.995315356249149241e-01 2.995560710086151920e-02 -6.275076436947802684e-03
9.994337082703661501e-01 3.312951093315288920e-02 -5.890985152268816104e-03
9.993336284513995027e-01 3.609277970673847175e-02 -5.442006925451104739e-03
9.992342697791610773e-01 3.881417774781239366e-02 -4.933411017476909202e-03
9.991386655861813626e-01 4.126530104339987820e-02 -4.371086776277480386e-03
9.990497904997680534e-01 4.342086666137708051e-02 -3.761474773706307683e-03
9.989704443490603492e-01 4.525896507664030344e-02 -3.111492694782118113e-03
9.989031432842282454e-01 4.676127348158409802e-02 -2.428456888841688463e-03
9.988500226259768855e-01 4.791322866904595967e-02 -1.720000492125414813e-03
9.988127554164553112e-01 4.870415853387642657e-02 -9.939890187663780186e-04
9.987924899359115205e-01 4.912737164033285919e-02 -2.584342965439804379e-04
9.987898086156540289e-01 4.918020464828554150e-02 4.785924006739229828e-04
9.988047098538520574e-01 4.886402768945320024e-02 1.209047196468853325e-03
9.988456758461302654e-01 4.798149613608890945e-02 2.257320392719620438e-03
9.989092195062614365e-01 4.657946093934711707e-02 3.275505888772197068e-03
9.989924872299327241e-01 4.467582927227069234e-02 4.252655644671097905e-03
9.990917969391183151e-01 4.229386657415654116e-02 5.178317121262008237e-03
9.992028061496038838e-01 3.946193119019956314e-02 6.042643478555634676e-03
9.993207070688986393e-01 3.621315597473212522e-02 6.836497744886434191e-03
9.994404400738631233e-01 3.258507882880049694e-02 7.551549865082171978e-03
9.995569161763513399e-01 2.861922476642698651e-02 8.180365504464557139e-03
9.996652387462404699e-01 2.436064286076256372e-02 8.716485477645950081e-03
9.997609148430314230e-01 1.985740227734029278e-02 9.154494696674550513e-03
9.998400470107982052e-01 1.516005250843758569e-02 9.490079599475181524e-03
9.998994972986771090e-01 1.032105382191851259e-02 9.720073130739696060e-03
9.999370165428858037e-01 5.394184767194075414e-03 9.842486503582466642e-03
9.999513335303769068e-01 4.339342789661561339e-04 9.856527167546039886e-03
9.999422004860420987e-01 -4.505113567531263997e-03 9.762602639354207162e-03
9.999103932992537969e-01 -9.368893809154923286e-03 9.562310106523664102e-03
9.998576669373656634e-01 -1.410446547847540866e-02 9.258411977798813516e-03
9.997866684864321618e-01 -1.866059896170879639e-02 8.854797814649631796e-03
9.997008121183430518e-01 -2.298833813722738623e-02 8.356433321352111504e-03
9.996041219224209851e-01 -2.704153027526187344e-02 7.769297285546975483e-03
9.995095866669950757e-01 -3.057432661147200734e-02 6.767779767949256078e-03
9.994196002609742058e-01 -3.358536778873860706e-02 5.700097264780217172e-03
9.993396968678152081e-01 -3.604461720730365443e-02 4.578280333257240056e-03
9.992746329743503741e-01 -3.792823286383580073e-02 3.414875857941483857e-03
9.992281775709553893e-01 -3.921877434827562153e-02 2.222807995385911103e-03
9.992029507546287270e-01 -3.990534171893896087e-02 1.015237120813650097e-03
9.992003171937968720e-01 -3.998364705853550000e-02 -1.945819658693394641e-04
9.992203384344340300e-01 -3.945601967062853377e-02 -1.393441426568853411e-03
9.992617854434860947e-01 -3.833134589077390186e-02 -2.568320292764378950e-03
9.993222101805420143e-01 -3.662494443298725671e-02 -3.706521861523826619e-03
9.993980724629696333e-01 -3.435837814875642576e-02 -4.795807545271355866e-03
9.994849160400353094e-01 -3.155920311728707683e-02 -5.824526104011460044e-03
9.995775857086346416e-01 -2.826065617527452958e-02 -6.781737125873172484e-03
9.996704755699246103e-01 -2.450128237731215297e-02 -7.657327546095776469e-03
9.997577972145094138e-01 -2.032450447613214084e-02 -8.442119921570935548e-03
9.998338557923720504e-01 -1.577813732158766039e-02 -9.127971124309320131e-03
9.998933216138509161e-01 -1.091385106910149755e-02 -9.707860098403235660e-03
9.999314851605106691e-01 -5.786588209173763875e-03 -1.017596335440842069e-02
9.999444841571203391e-01 -4.539406076230524667e-04 -1.052771696183279690e-02
9.999294926400341676e-01 5.024506102371185945e-03 -1.075986394885630228e-02
9.998848636989636773e-01 1.058785239855031084e-02 -1.087048622718041202e-02
9.998102196896854199e-01 1.617457980135827977e-02 -1.085902042206544731e-02
9.997064861145611436e-01 2.172325107167382557e-02 -1.072625729113303381e-02
9.995758679296865568e-01 2.717320563485110807e-02 -1.047432474436621637e-02
9.994217696365229608e-01 3.246524028337476053e-02 -1.010665481339841250e-02
9.992486630248890167e-01 3.754226564433307128e-02 -9.627935241352303386e-03
9.990619087323745484e-01 4.234992964449962871e-02 -9.044046656934159878e-03
9.988675397654585009e-01 4.683720021173770620e-02 -8.361986542714800255e-03
9.986720167025270323e-01 5.095690064471282421e-02 -7.589781396164042848e-03
9.984819654054051252e-01 5.466619238007400239e-02 -6.736388606734679263e-03
9.983039086671535722e-01 5.792700120054391361e-02 -5.811589632253850654e-03
9.981440033095592135e-01 6.070638417672442194e-02 -4.825876057519625124e-03
9.980077938287020833e-01 6.297683574997747780e-02 -3.790330066409845246e-03
9.978999928077457726e-01 6.471653229154956943e-02 -2.716500768646907139e-03
9.978242970269609602e-01 6.590951518406598653e-02 -1.616277708482403335e-03
9.977832465696226949e-01 6.654581295897429860e-02 -5.017627605132287793e-04
9.977781323255797696e-01 6.662150330361807371e-02 6.148584976567738909e-04
9.978089552140888552e-01 6.613871586061549623e-02 1.721444942587433162e-03
9.978744382682878111e-01 6.510557673199639239e-02 2.806026666698584887e-03
9.979720905296719513e-01 6.353609553296289680e-02 3.856929453599096912e-03
9.981090875715716848e-01 6.124758718521194911e-02 5.194983797254867398e-03
9.982779913993478083e-01 5.830268187356241888e-02 6.469581416875485810e-03
9.984713988104154669e-01 5.473653014361755387e-02 7.667155706542816591e-03
9.986809153975233500e-01 5.059087339170231790e-02 8.775022405326153227e-03
9.988975286932342268e-01 4.591359777166108269e-02 9.781514451928896917e-03
9.991120050359472149e-01 4.075821954814343867e-02 1.067610779573286740e-02
9.993152928623656450e-01 3.518330401148433290e-02 1.144953644500068882e-02
9.994989148670115897e-01 2.925182157048352230e-02 1.209389493398980997e-02
9.996553319680583360e-01 2.303044638381149950e-02 1.260272637442332727e-02
9.997782632795507718e-01 1.658880475103130178e-02 1.297109433835910361e-02
9.998629482741593355e-01 9.998682314520010786e-03 1.319563700538740718e-02
9.999063399491816551e-01 3.333200773708046120e-03 1.327460229398634735e-02
9.999072209641914899e-01 -3.334023856729658765e-03 1.320786307194144957e-02
9.998662382506361412e-01 -9.929728518109800367e-03 1.299691198271907787e-02
9.997858553259065806e-01 -1.638184260123974265e-02 1.264483590586939175e-02
9.996702252873421735e-01 -2.262030652409349057e-02 1.215627055848548903e-02
9.995249910249046632e-01 -2.857785696212260945e-02 1.153733620938019420e-02
9.993570223968191168e-01 -3.419076748588641135e-02 1.079555588837138348e-02
9.991741028065617147e-01 -3.939953492965585224e-02 9.939757805619432729e-03
9.989845796820869817e-01 -4.414950364067916910e-02 8.979963933588887282e-03
9.988093773232394890e-01 -4.818871015174312766e-02 7.594973756474077478e-03
9.986535453652780614e-01 -5.151155085178967669e-02 6.137021680290436279e-03
9.985255905385143071e-01 -5.408589562114034938e-02 4.622407540650940068e-03
9.984323380506067158e-01 -5.588791642856207748e-02 3.067935379735456988e-03
9.983786432526158272e-01 -5.690225962055997511e-02 1.490732392818743934e-03
9.983671958742653674e-01 -5.712213582359774999e-02 -9.193204294698567591e-05
9.983984240238168439e-01 -5.654933027709364152e-02 -1.662826187999361365e-03
9.984705008533510950e-01 -5.519413569900346456e-02 -3.204933721272189631e-03
9.985794524569068242e-01 -5.307520889904590589e-02 -4.701628676198941689e-03
9.987193613466897046e-01 -5.021935147889671630e-02 -6.136846700121208024e-03
9.988826558851114923e-01 -4.666121426987784176e-02 -7.495251682694470917e-03
9.990604724760170363e-01 -4.244292480991625899e-02 -8.762396598304156639e-03
9.992430742695852519e-01 -3.761363726841113891e-02 -9.924877157640243225e-03
9.994203077363311705e-01 -3.222900485668862142e-02 -1.097047659930636652e-02
9.995820768276052481e-01 -2.635057592335779755e-02 -1.188829971145560944e-02
9.997188136540055003e-01 -2.004511658031854840e-02 -1.266889399294919560e-02
9.998219247413643318e-01 -1.338386473383544779e-02 -1.330435577589267337e-02
9.998841929908215409e-01 -6.441722657501028002e-03 -1.378841916114811883e-02
9.999001174538443282e-01 7.036024405650005004e-04 -1.411652577943064285e-02
9.998661758634417307e-01 7.972498230605125011e-03 -1.428587368439191048e-02
9.997809984166576847e-01 1.528437398787280133e-02 -1.429544409935880334e-02
9.996454454111572963e-01 2.255859942490948816e-02 -1.414600525285952468e-02
9.994625857929854140e-01 2.971544010298993871e-02 -1.384009311666963005e-02
9.992375782416607066e-01 3.667697387149168597e-02 -1.338196946424282177e-02
9.989774608630576092e-01 4.336797346105877166e-02 -1.277755825488046185e-02
9.986908596500163604e-01 4.971674168159163909e-02 -1.203436187932744976e-02
9.983876294014691899e-01 5.565588753945849287e-02 -1.116135924081564437e-02
9.980784435991482129e-01 6.112303383610613594e-02 -1.016888796605014064e-02
9.977743517119828098e-01 6.606144926109169813e-02 -9.068513228645568025e-03
9.974863234710524829e-01 7.042060045616545250e-02 -7.872885720735127435e-03
9.972247998241302591e-01 7.415662182291631044e-02 -6.595591236533396642e-03
9.969992695776057623e-01 7.723270282076599713e-02 -5.250994154656411089e-03
9.968178892430317184e-01 7.961939404074096227e-02 -3.854076852144234198e-03
9.966871614324734896e-01 8.129483437789446210e-02 -2.420276785497672833e-03
9.966116844162996591e-01 8.224490214787104347e-02 -9.653226673224030770e-04
9.965939823029880129e-01 8.246329303770114083e-02 4.949291156611055481e-04
9.966344218586304926e-01 8.195152742872947871e-02 1.944656928145730964e-03
9.967312183867561570e-01 8.071888899675458418e-02 3.368234397470454451e-03
9.968805294641603920e-01 7.878229571992065305e-02 4.750388324080158896e-03
9.970766317971201387e-01 7.616610365686833639e-02 6.076353287247234294e-03
9.973244300430220699e-01 7.269975755144425511e-02 7.663862377357491193e-03
9.976118904230751872e-01 6.845888937355580628e-02 9.160035020200667927e-03
9.979265376041231983e-01 6.349295097822599265e-02 1.054902521355614159e-02
9.982548352466340535e-01 5.785909172135982742e-02 1.181618406735414351e-02
9.985827813564943645e-01 5.162157266294663954e-02 1.294821923871185623e-02
9.988965197779625660e-01 4.485109341054507870e-02 1.393334337688362581e-02
9.991829412772526009e-01 3.762403327869354858e-02 1.476140894551750127e-02
9.994302480025765156e-01 3.002161126882920555e-02 1.542402661733384764e-02
9.996284566230432267e-01 2.212897253559621691e-02 1.591466443503066625e-02
9.997698181260002981e-01 1.403421223579263619e-02 1.622872511973667831e-02
9.998491360017448537e-01 5.827350675105856873e-03 1.636359928467448835e-02
9.998639692065028894e-01 -2.400723794490723650e-03 1.631869285853443721e-02
9.998147116440588844e-01 -1.055932584832066853e-02 1.609542770523437333e-02
9.997045456657905893e-01 -1.855903901007347617e-02 1.569721519562348663e-02
9.995392729477011740e-01 -2.631275701951087120e-02 1.512940328508537852e-02
9.993270317420699378e-01 -3.373668253419870311e-02 1.439919841902968962e-02
9.990779146177742875e-01 -4.075126681572035364e-02 1.351556426953393932e-02
9.988035051343272519e-01 -4.728207662021373381e-02 1.248909985368152481e-02
9.985163552360788453e-01 -5.326057756163260493e-02 1.133189996394000539e-02
9.982294273712942756e-01 -5.862482648295681137e-02 1.005740103637773296e-02
9.979711789829028845e-01 -6.311769185042492847e-02 8.348202238175323961e-03
9.977495188588857422e-01 -6.672986118663939981e-02 6.559833152311649561e-03
9.975758886580001761e-01 -6.942729163020461280e-02 4.712177316461795690e-03
9.974590611582808686e-01 -7.118597875544228903e-02 2.825610637684297828e-03
9.974047807044683633e-01 -7.199209374876792966e-02 9.207882608601781517e-04
9.974155428114060973e-01 -7.184203171451176984e-02 -9.815664223648537176e-04
9.974905203372779194e-01 -7.074237581081728454e-02 -2.860870090881346452e-03
9.976256375523995246e-01 -6.870977990239353350e-02 -4.696884839962487714e-03
9.978137874024822773e-01 -6.577077025268955601e-02 -6.469920297982601799e-03
9.980451814756974294e-01 -6.196146478124718582e-02 -8.161032104179436267e-03
9.983078168012295972e-01 -5.732720687747133725e-02 -9.752216016618355313e-03
9.985880388051519008e-01 -5.192210993522200502e-02 -1.122659647059237077e-02
9.988711757026998983e-01 -4.580850882672314606e-02 -1.256860788565956552e-02
9.991422164901243574e-01 -3.905631555343510447e-02 -1.376416648804931232e-02
9.993865026813621988e-01 -3.174227828105635751e-02 -1.480082994090163931e-02
9.995904031587887761e-01 -2.394914577104590228e-02 -1.566794172095912693e-02
9.997419420763190567e-01 -1.576474265561711094e-02 -1.635675700034643770e-02
9.998313517105595905e-01 -7.280964786671140568e-03 -1.686054682390621465e-02
9.998515254695956589e-01 1.407292306633669068e-03 -1.717467763429295774e-02
9.997983508219585591e-01 1.020325533576603785e-02 -1.729666368436723334e-02
9.996709074962111252e-01 1.900942619587161694e-02 -1.722619056254259123e-02
9.994715226419819132e-01 2.772874466569753144e-02 -1.696510889454011517e-02
9.992056813936542881e-01 3.626573878056628397e-02 -1.651739821182124368e-02
9.988817980618088788e-01 4.452764116396810967e-02 -1.588910192098494378e-02
9.985108596153300375e-01 5.242545112795023166e-02 -1.508823519622203360e-02
9.981059588576560726e-01 5.987492489463502876e-02 -1.412466838118950005e-02
9.976817394493888713e-01 6.679747962158122387e-02 -1.300998907301758288e-02
9.972537784694638363e-01 7.312100073745241013e-02 -1.175734643338177329e-02
9.968379344109153939e-01 7.878054608350032462e-02 -1.038128141465212949e-02
9.964496893386486365e-01 8.371894418380211589e-02 -8.897546509854152921e-03
9.961035134426071691e-01 8.788728733959529082e-02 -7.322918360351401805e-03
9.958122785156466872e-01 9.124532292727079164e-02 -5.675006127918927855e-03
9.955867441355343850e-01 9.376174812154161597e-02 -3.972058012569179737e-03
9.954351367274927309e-01 9.541441419973746563e-02 -2.232767733887831667e-03
9.953628374302063708e-01 9.619044663427370190e-02 -4.760822510604786808e-04
9.953721899823707586e-01 9.608628645426847692e-02 1.278988471269498035e-03
9.954624348734558703e-01 9.510765702814460987e-02 3.013559194454147952e-03
9.956297709294306131e-01 9.326945871018098300e-02 4.709054380643106288e-03
9.958675404845191981e-01 9.059559195634069029e-02 6.347390198464563857e-03
9.961665294657867653e-01 8.711870780420170879e-02 7.911153229501071554e-03
9.965289514963699968e-01 8.267812461162787896e-02 9.715364854712858420e-03
9.969379917004861369e-01 7.736003937935487240e-02 1.140520751943363380e-02
9.973760024468650842e-01 7.122563261883067820e-02 1.296282592499516453e-02
9.978242416346220223e-01 6.434478804844104283e-02 1.437181482842764257e-02
9.982636922267902335e-01 5.679540131164729361e-02 1.561740287095318355e-02
9.986758893178933061e-01 4.866258025214165867e-02 1.668662432326494319e-02
9.990437187803750119e-01 4.003773753504612232e-02 1.756847500127997272e-02
9.993521524409103574e-01 3.101758087487609811e-02 1.825404835569583925e-02
9.995888872873548436e-01 2.170301101201575766e-02 1.873664776818879940e-02
9.997448603680524348e-01 1.219794243920961987e-02 1.901187141545161371e-02
9.998146166750904174e-01 2.608066274419588645e-03 1.907766667935680005e-02
9.997965141474870476e-01 -6.960421804337072263e-03 1.893435194828957738e-02
9.996927576345638888e-01 -1.640210333635950743e-02 1.858460470658459054e-02
9.995092617938783341e-01 -2.561360246055369855e-02 1.803341596247380260e-02
9.992553509921278110e-01 -3.449480942416866674e-02 1.728801222624570810e-02
9.989433118627021324e-01 -4.295003881385058703e-02 1.635774732548616467e-02
9.985878208239699072e-01 -5.088910242235834824e-02 1.525396724919744415e-02
9.982052742302277570e-01 -5.822828090932722495e-02 1.398985188165696031e-02
9.978130526687191137e-01 -6.489118319505045307e-02 1.258023787927068857e-02
9.974287531038312782e-01 -7.080948741763434806e-02 1.104142704663925618e-02
9.970878549192170315e-01 -7.572153785621461852e-02 9.059265368361709564e-03
9.968011997631542886e-01 -7.961463800650102340e-02 6.991982217746111825e-03
9.965831086029683927e-01 -8.245285346270643523e-02 4.862460668923325458e-03
9.964442469650331979e-01 -8.421171393418959428e-02 2.694067899279219743e-03
9.963911975356923856e-01 -8.487831695682036826e-02 5.104179181967751118e-04
9.964262175362071927e-01 -8.445134203744748824e-02 -1.664861566058470181e-03
9.965471883357076566e-01 -8.294098171776134731e-02 -3.808358383296757584e-03
9.967477570444361890e-01 -8.036879245879771649e-02 -5.897101760214087940e-03
9.970176622610092965e-01 -7.676746455998208207e-02 -7.908785292149323604e-03
9.973432289112932336e-01 -7.218050700614801751e-02 -9.821987201464710271e-03
9.977080103936067923e-01 -6.666184060900583186e-02 -1.161638748919057579e-02
9.980935502318257768e-01 -6.027529142354643571e-02 -1.327298083556316226e-02
9.984802303531050693e-01 -5.309397641201126644e-02 -1.477428325488050996e-02
9.988481691870945145e-01 -4.519957480178125875e-02 -1.610452965734689851e-02
9.991781302686758570e-01 -3.668148149514335876e-02 -1.724985871514453720e-02
9.994524011350204296e-01 -2.763584304646282686e-02 -1.819848086553535818e-02
9.996556032066122865e-01 -1.816448179858585685e-02 -1.894082498836124548e-02
9.997753961129326461e-01 -8.373719330134024239e-03 -1.946965932267171948e-02
9.998030445370095221e-01 1.626884093857900934e-03 -1.978018256038562017e-02
9.997338219499541934e-01 1.172585237336572044e-02 -1.987008176254372385e-02
9.995781544695199194e-01 2.160811709016105531e-02 -1.940700795988483177e-02
9.993375772515642463e-01 3.120040792986111464e-02 -1.873417880076794217e-02
9.990240108468613212e-01 4.039881131406820869e-02 -1.786024358863103415e-02
9.986524181506200026e-01 4.910463490625412847e-02 -1.679604327512526987e-02
9.982401131289190266e-01 5.722550009679709671e-02 -1.555445343854534521e-02
9.978059760404959233e-01 6.467631687291197640e-02 -1.415020467447923938e-02
9.973696117989463428e-01 7.138013178666260949e-02 -1.259968530564178207e-02
9.969504896681909978e-01 7.726884529418936998e-02 -1.092073126778105550e-02
9.965671021824329401e-01 8.228379973121062452e-02 -9.132407675562184690e-03
9.962361791904751351e-01 8.637624323372120050e-02 -7.254785975675664966e-03
9.959719894790414196e-01 8.950767774397679066e-02 -5.308719832536031372e-03
9.957857578089372996e-01 9.165010072899471005e-02 -3.315622053604450580e-03
9.956852196912183706e-01 9.278615038726971409e-02 -1.297244036582558078e-03
9.956743301148514025e-01 9.290916306164749561e-02 7.245415076872980045e-04
9.957531359616539346e-01 9.202314955193509338e-02 2.727954366178497996e-03
9.959178152245961035e-01 9.014269434942422110e-02 4.691517327243890922e-03
9.961608795684863127e-01 8.729277886500366734e-02 6.594263644086162390e-03
9.964715304047254696e-01 8.350852687588423973e-02 8.415941591082064938e-03
9.968361526543219053e-01 7.883486803804232168e-02 1.013721589011081642e-02
9.972389249105896303e-01 7.332611371815615786e-02 1.173986524979731168e-02
9.976625199619989504e-01 6.704543882961336299e-02 1.320697460868319566e-02
9.980888657864919189e-01 6.006426395348663655e-02 1.452311997716249949e-02
9.984999343767089197e-01 5.246153381569698682e-02 1.567454311216130713e-02
9.988785242867344039e-01 4.432289108571419584e-02 1.664931271161623066e-02
9.992090027598515833e-01 3.573974825578930814e-02 1.743746845292865749e-02
9.994779748027760036e-01 2.680826475020545163e-02 1.803114407519933876e-02
9.996748496358396352e-01 1.762824102684572986e-02 1.842466585195707759e-02
9.997922794954198222e-01 8.301945857662378428e-03 1.861462322626407720e-02
9.998264516147811198e-01 -1.067103195478504712e-03 1.859990906313558831e-02
9.997772210815838445e-01 -1.037538321590587495e-02 1.838172786883074047e-02
9.996480797987438160e-01 -1.952060873204212316e-02 1.796357136485884562e-02
9.994459645366273737e-01 -2.840294906404548098e-02 1.735116190397843414e-02
9.991809146130316011e-01 -3.692619653085021936e-02 1.655236528761396333e-02
9.988655966438405587e-01 -4.499886425503553389e-02 1.557707550405036841e-02
9.985147196957492310e-01 -5.253519578679474028e-02 1.443707468197106061e-02
9.981443687502564721e-01 -5.945607298706802324e-02 1.314587209155992746e-02
9.977712874649351527e-01 -6.568981318243145850e-02 1.171852629718101758e-02
9.974121427128241901e-01 -7.117285113487162307e-02 1.017145456964804913e-02
9.970828033165902715e-01 -7.585030548875579259e-02 8.522233425632757056e-03
9.967976638822171331e-01 -7.967643275761600308e-02 6.789393721701719557e-03
9.965690418547585860e-01 -8.261497437568980640e-02 4.992213151511077675e-03
9.964066720845407010e-01 -8.463940374845528580e-02 3.150508346498535808e-03
9.963173185417611988e-01 -8.573308058602872872e-02 1.284428134460219870e-03
9.963045175842807355e-01 -8.588931918895220674e-02 -5.857510668163482676e-04
9.963684615861579941e-01 -8.511137596087270385e-02 -2.439827196441180911e-03
9.965060259710747381e-01 -8.341235949665012916e-02 -4.257871601177704718e-03
9.967109369431231825e-01 -8.081506442850149019e-02 -6.020425053809833581e-03
9.969740716306776385e-01 -7.735172811192640718e-02 -7.708690512957578136e-03
9.972838771133261115e-01 -7.306370748924864711e-02 -9.304722134228712860e-03
9.976268900431984887e-01 -6.800107233480004454e-02 -1.079160963834257386e-02
9.979883344608388995e-01 -6.222211075406806208e-02 -1.215365664545109761e-02
9.983527721060614368e-01 -5.579274339261868637e-02 -1.337655105459371538e-02
9.987047771974257859e-01 -4.878584433181913649e-02 -1.444752504627002526e-02
9.990296064471381188e-01 -4.128046903506982918e-02 -1.535550187681680202e-02
9.993138351080143034e-01 -3.336099279758901470e-02 -1.609122637105816350e-02
9.995459311841782268e-01 -2.511616670441171179e-02 -1.664737594744863589e-02
9.997167425810739028e-01 -1.663810181861801601e-02 -1.701864915332272285e-02
9.998198758495842053e-01 -8.021195880322636029e-03 -1.720182905222085792e-02
9.998519501374055762e-01 6.389801235958270792e-04 -1.719581937442025629e-02
9.998127157631505613e-01 9.246815841458011151e-03 -1.700165207927655658e-02
9.996958301963259075e-01 1.791087557817579168e-02 -1.695505729909156656e-02
9.995089512024379896e-01 2.650096649884236405e-02 -1.672068162891969870e-02
9.992570490705650066e-01 3.492296959540591716e-02 -1.630218710752936312e-02
9.989479597875071670e-01 4.308529020446193181e-02 -1.570527315378085487e-02
9.985920542155353186e-01 5.089990764118367678e-02 -1.493758954267281232e-02
9.982017983246130877e-01 5.828335692003028257e-02 -1.400862508566806316e-02
9.977912253700613743e-01 6.515762820773984831e-02 -1.292957501465360343e-02
9.973753444818748148e-01 7.145097327182164948e-02 -1.171319045521788602e-02
9.969695124325129720e-01 7.709861200442381934e-02 -1.037361354345823702e-02
9.965887963287082263e-01 8.204333580419499727e-02 -8.926201695114387852e-03
9.962473546633152655e-01 8.623600790277198558e-02 -7.387344299673297143e-03
9.959578626667409118e-01 8.963596339732768370e-02 -5.774274724473743396e-03
9.957310053650533233e-01 9.221131363903946332e-02 -4.104880025387792550e-03
9.955750583649686236e-01 9.393916065600191323e-02 -2.397510227905528049e-03
9.954955723386391675e-01 9.480572747017983193e-02 -6.707885222354897318e-04
9.954951726659554412e-01 9.480640959308847537e-02 1.056576739714862106e-03
9.955734808904356248e-01 9.394575181244259332e-02 2.765977706275441969e-03
9.957271597232404403e-01 9.223735281993519775e-02 4.439090019245611751e-03
9.959500784405572738e-01 8.970369851558640528e-02 6.058052870042348464e-03
9.962335908040704791e-01 8.637592320114063915e-02 7.605645757588430644e-03
9.965804836093299368e-01 8.209171644959049885e-02 9.397066519609521135e-03
9.969745313622020433e-01 7.693560627674531083e-02 1.107760280168200093e-02
9.973987142137401563e-01 7.096703365671436226e-02 1.262949101138879232e-02
9.978348624354711482e-01 6.425409279088344083e-02 1.403638078363676767e-02
9.982644516454685091e-01 5.687285691497363793e-02 1.528351714550177549e-02
9.986694090227589138e-01 4.890659793287737561e-02 1.635791092843700070e-02
9.990328954944037720e-01 4.044490047940133004e-02 1.724849382750508198e-02
9.993400296150994899e-01 3.158267526529153629e-02 1.794625424654869295e-02
9.995785211884635757e-01 2.241908124000364239e-02 1.844435007324531778e-02
9.997391865783701315e-01 1.305637081061323569e-02 1.873819481970518883e-02
9.998163229989834866e-01 3.598676652299842918e-03 1.882551413578563426e-02
9.998079256169174478e-01 -5.849237862512143490e-03 1.870637051882238777e-02
9.997157387138584372e-01 -1.518324023254980989e-02 1.838315504532613692e-02
9.995451400336404779e-01 -2.430107701155172911e-02 1.786054605869447087e-02
9.993048653227470934e-01 -3.310358367867798773e-02 1.714543587273381631e-02
9.990065875131753925e-01 -4.149583312393678031e-02 1.624682760314871688e-02
9.986643715739537130e-01 -4.938820275793613657e-02 1.517570513592663567e-02
9.982940314265836834e-01 -5.669734426715380970e-02 1.394487991742673037e-02
9.979124192320208975e-01 -6.334704460876182386e-02 1.256881866390700993e-02
9.975366796752405119e-01 -6.926897156647261744e-02 1.106345622282510661e-02
9.971835025720351409e-01 -7.440330167152636731e-02 9.445997686175459582e-03
9.968684062754672448e-01 -7.869923217839630558e-02 7.734713493443718009e-03
9.966050821199211596e-01 -8.211538179984639862e-02 5.948730723937895905e-03
9.964048267169511863e-01 -8.462008687840638643e-02 4.107823133557748224e-03
9.962760845456754000e-01 -8.619160053995829351e-02 2.232201813192757553e-03
9.962241182038800158e-01 -8.681820218855010318e-02 3.423077067710273650e-04
9.962508181361251491e-01 -8.649822360696457491e-02 -1.541393309949259677e-03
9.963546578436960344e-01 -8.523999615189130352e-02 -3.398612473538131090e-03
9.965307946976106335e-01 -8.306172135820322211e-02 -5.209437183822383452e-03
9.967713106908071552e-01 -7.999126500455093491e-02 -6.954526947918326235e-03
9.970655819385123575e-01 -7.606587265313699553e-02 -8.615305915716124641e-03
9.974007606229702283e-01 -7.133180314386533549e-02 -1.017415135283000760e-02
9.977623485398612324e-01 -6.584387572887834272e-02 -1.161457692305406172e-02
9.981348376041331294e-01 -5.966492663682971404e-02 -1.292140911221280677e-02
9.985023897801024173e-01 -5.286517192804362358e-02 -1.408095458229802199e-02
9.988495270749196964e-01 -4.552147551648050988e-02 -1.508115576441169427e-02
9.991618016143929415e-01 -3.771652407005622598e-02 -1.591173164275885496e-02
9.994264165045967374e-01 -2.953791394742602897e-02 -1.656430050114436267e-02
9.996327702124206960e-01 -2.107715910691292452e-02 -1.703248143403135809e-02
9.997729005402924418e-01 -1.242863270764588655e-02 -1.731197168252320701e-02
9.998366932714791711e-01 -3.485330516048682978e-03 -1.773324777636458086e-02
9.998230125149509817e-01 5.618262495362987344e-03 -1.795572600892157353e-02
9.997291357089248542e-01 1.478094502102282951e-02 -1.797799514778259181e-02
9.995558415769425498e-01 2.390138978510910478e-02 -1.780090644907935185e-02
9.993073885558387826e-01 3.287935678980847404e-02 -1.742755084130873447e-02
9.989913387648199361e-01 4.161688135512954523e-02 -1.686320491896275281e-02
9.986182369110884194e-01 5.001941423094517780e-02 -1.611524727307756671e-02
9.982011601752931451e-01 5.799689336391609940e-02 -1.519304760047114969e-02
9.977551608216027601e-01 6.546473021575546780e-02 -1.410783177582113773e-02
9.972966277514438982e-01 7.234469755386394030e-02 -1.287252658992971664e-02
9.968425962819280617e-01 7.856571001451739811e-02 -1.150158812530630362e-02
9.964100369975814608e-01 8.406449309978514250e-02 -1.001081775297588128e-02
9.960151546134686784e-01 8.878614026112963131e-02 -8.417169512396455514e-03
9.956727264996622084e-01 9.268456104931470374e-02 -6.738552220260225073e-03
9.953955080153044088e-01 9.572282575661214543e-02 -4.993629099825988918e-03
9.951937282893031922e-01 9.787341342429260738e-02 -3.201617095411225279e-03
9.950746957854385011e-01 9.911837051817273814e-02 -1.382087404296196941e-03
9.950425281224449803e-01 9.944938706627098890e-02 4.452318158239374109e-04
