1.000000000000000000e+00 0.000000000000000000e+00 0.000000000000000000e+00
9.999768882571730133e-01 3.597735015516092226e-03 -5.768822951256499625e-03
9.999434829052185059e-01 4.527631688002217540e-03 -9.619336920083029763e-03
9.998999292484730406e-01 7.626845777525410527e-03 -1.191481536250055262e-02
9.998405815696611576e-01 9.522837331874027533e-03 -1.510387907738212562e-02
9.997979160705822155e-01 1.033243290225924031e-02 -1.724436183318148186e-02
9.997041510652070473e-01 1.556239903728932547e-02 -1.869283977620150167e-02
9.995827448648370028e-01 1.698874215431923212e-02 -2.336063043608238576e-02
9.995305099407112426e-01 2.007486000108415006e-02 -2.314648872695775766e-02
9.993337867169879152e-01 2.569165447611637676e-02 -2.592145665078102179e-02
9.992917681025546006e-01 2.688508436517162564e-02 -2.632783206357264608e-02
9.991280517862962673e-01 3.139668141329655243e-02 -2.752062574666889680e-02
9.988977517774410009e-01 3.609064513000382474e-02 -3.001245102214503482e-02
9.986068682504865013e-01 4.278592173669052562e-02 -3.088183926806192456e-02
9.984750087143563491e-01 4.678743479161980023e-02 -2.930176310926404376e-02
9.979238271801579296e-01 5.589162403148802138e-02 -3.200253209168979485e-02
9.971980005979730333e-01 6.609595516738465959e-02 -3.503531024305831659e-02
9.967921928568038714e-01 7.173754591290894267e-02 -3.548308645358359825e-02
9.963126992383155578e-01 7.838231538036520563e-02 -3.488866018444316403e-02
9.956800324080339326e-01 8.461163097107064768e-02 -3.823801400552740565e-02
9.950182682509286503e-01 9.212209154554919233e-02 -3.810730690036340240e-02
9.941923043187934628e-01 9.991027462899391975e-02 -3.999499820376250375e-02
9.935510695026978922e-01 1.060484704353933244e-01 -4.012474341088447666e-02
9.926580465261778397e-01 1.145745372152230657e-01 -3.876440222205615460e-02
9.918369756663965031e-01 1.204435720060481052e-01 -4.186598240608339905e-02
9.903549716403200476e-01 1.311861644825628170e-01 -4.457825984744286790e-02
9.890355496523802747e-01 1.394447720869990415e-01 -4.861931762431690590e-02
9.879212771533483206e-01 1.469619209423005113e-01 -4.912987834880207239e-02
9.861550061725952165e-01 1.573618077979267726e-01 -5.230264310802427291e-02
9.843095319091165196e-01 1.685633347827202311e-01 -5.216463157788907290e-02
9.828836303268158048e-01 1.755820949823204413e-01 -5.577363653797801774e-02
9.813161141700696977e-01 1.852215848120316311e-01 -5.207350391986121513e-02
9.803743551873637108e-01 1.907872689538945010e-01 -4.966228851936310695e-02
9.783633081520575203e-01 2.004414684131017033e-01 -5.126847282012265972e-02
9.762897182305591004e-01 2.098495535470722428e-01 -5.311828546896235625e-02
9.748537192716868471e-01 2.156264325121098890e-01 -5.626250046069038863e-02
9.720585462614483863e-01 2.268752110686634016e-01 -6.024801068228703010e-02
9.693559932920033928e-01 2.372254021571442995e-01 -6.382059752733351687e-02
9.659944367068447058e-01 2.503501717704770257e-01 -6.464937450476583580e-02
9.646686697936361909e-01 2.551662836104112153e-01 -6.560889518353717198e-02
9.615398332428806150e-01 2.667486149729018097e-01 -6.547004961948127422e-02
9.581064528205212039e-01 2.781766853482692259e-01 -6.818914014291498071e-02
9.546036454773049185e-01 2.896299612095099008e-01 -6.961585834799696726e-02
9.509710194485830881e-01 3.013476593116748425e-01 -6.959677088601297357e-02
9.467411662548825824e-01 3.133367464719844508e-01 -7.417041048610134579e-02
9.425405645957949385e-01 3.254011276867520008e-01 -7.570596210802919834e-02
9.381118398568588646e-01 3.374891418548064403e-01 -7.776411556453351193e-02
9.327281173502017797e-01 3.514877896630995702e-01 -8.046487098381452374e-02
9.298178659087598108e-01 3.591342377060977586e-01 -8.038244947352811420e-02
9.258571841476653796e-01 3.688232624249458969e-01 -8.220631556958471475e-02
9.200412663584468520e-01 3.828894943252814653e-01 -8.318477054721098995e-02
9.151640084383937390e-01 3.935934221048449366e-01 -8.694284561285192670e-02
9.095531700419124954e-01 4.068686736637289192e-01 -8.468126007638593356e-02
9.032806514545128618e-01 4.203694933587555083e-01 -8.586941441954620835e-02
8.983860455416774471e-01 4.313052137467803804e-01 -8.293568733345760280e-02
8.943816769302332936e-01 4.397557436219715621e-01 -8.183095007357268913e-02
8.885894028111771537e-01 4.515411907283450876e-01 -8.074297950990426409e-02
8.822201361434903744e-01 4.634252732808252229e-01 -8.321448181002036315e-02
8.763969565862148592e-01 4.739042500880559783e-01 -8.569211618429338484e-02
8.703414237140615350e-01 4.852109702806053360e-01 -8.411969416841107161e-02
8.630744601496983526e-01 4.981315234040751272e-01 -8.347133657592209488e-02
8.546974906195181632e-01 5.120664999760048408e-01 -8.532351158493975407e-02
8.470865619279024372e-01 5.240416812378549949e-01 -8.845719573142163394e-02
8.395111173030618268e-01 5.355035154478194892e-01 -9.196233836528774908e-02
8.324624864602011565e-01 5.466276192807093537e-01 -9.057845903234951201e-02
8.229069923390425201e-01 5.610985611356671399e-01 -8.940072323160327961e-02
8.165039948422592175e-01 5.703373379501445184e-01 -8.964680706152310108e-02
8.077209580151135659e-01 5.831331041389045122e-01 -8.684837025500795338e-02
7.989609000752135870e-01 5.956813798062320364e-01 -8.261462550650160164e-02
7.909477362046331006e-01 6.064343994530250193e-01 -8.148005987988748977e-02
7.835313589486349040e-01 6.163388991553091500e-01 -7.877165351435688745e-02
7.776880351692492255e-01 6.238077776948462994e-01 -7.787925842399681664e-02
7.697019370640217906e-01 6.337032428783393456e-01 -7.732483753929184078e-02
7.618431148133634201e-01 6.430845868213082017e-01 -7.769996833498636624e-02
7.564681591807104200e-01 6.493933272090994802e-01 -7.774466667946633436e-02
7.479388331291310088e-01 6.594154378592025356e-01 -7.588665688555158717e-02
7.396655442082575860e-01 6.683628526765199585e-01 -7.865101666887905352e-02
7.293689119636858065e-01 6.795476986982407208e-01 -7.896782891795481318e-02
7.209781907019268132e-01 6.886407943195989034e-01 -7.722892811059110796e-02
7.124357773882482592e-01 6.977536301805109531e-01 -7.466683983318692097e-02
7.033781235657515785e-01 7.070928325430335670e-01 -7.265633980180795370e-02
6.932030781717254397e-01 7.172088456309184679e-01 -7.128089744643414938e-02
6.837688776655772571e-01 7.263565606026930466e-01 -6.975866209483437552e-02
6.772774058682654585e-01 7.322301981223467982e-01 -7.165371328888962832e-02
6.692066108173837513e-01 7.397659567596691632e-01 -7.006313903613813066e-02
6.574774551957295321e-01 7.502043875055308675e-01 -7.011971956083366819e-02
6.484029464461628089e-01 7.582622726429888438e-01 -6.791131795002888771e-02
6.400029182899584779e-01 7.655056629178520478e-01 -6.631249314766989034e-02
6.323653907344701786e-01 7.718402129699076797e-01 -6.615663509534942810e-02
6.247840373817541426e-01 7.780532294944976224e-01 -6.540703940935339855e-02
6.168898654832764006e-01 7.841370535784725204e-01 -6.764596968266579913e-02
6.079039688747058801e-01 7.912712674837834026e-01 -6.589801271699111118e-02
5.977119924807611229e-01 7.992852492853852464e-01 -6.231746545474848437e-02
5.900398625491778404e-01 8.049185753867988957e-01 -6.292098054465666834e-02
5.824527802827604850e-01 8.107185518159274462e-01 -5.902703362366522322e-02
5.764185981314371432e-01 8.150263239809092397e-01 -5.893804509056216334e-02
5.670983633722275208e-01 8.213981532397146568e-01 -6.086478744505217919e-02
5.581447789836947448e-01 8.275303738711393686e-01 -6.056309309034126759e-02
5.520342985866818486e-01 8.318540726369407778e-01 -5.724453916280886068e-02
5.435214564722078423e-01 8.373865707042578155e-01 -5.803584944218759256e-02
5.355626862712502545e-01 8.423023396688156250e-01 -6.082252817837881936e-02
5.296746136921898218e-01 8.460938215883528901e-01 -5.974990366138860365e-02
5.220271953821004063e-01 8.507384701199494081e-01 -6.108735616574532262e-02
5.158764051243821536e-01 8.545656882832693979e-01 -5.990844168813438259e-02
5.105032442715793373e-01 8.579615084128082714e-01 -5.734535755952598762e-02
5.040670171102668018e-01 8.618891205453357296e-01 -5.534969320141043536e-02
4.987635807269811261e-01 8.650632646693607875e-01 -5.385574303962747250e-02
4.928646230897861802e-01 8.683304584834736772e-01 -5.555790286025808628e-02
4.858754110442864982e-01 8.722628812911392693e-01 -5.552074620441127539e-02
4.762680024758790820e-01 8.776114220269568555e-01 -5.447002956344735441e-02
4.685921466279057146e-01 8.816869941832933266e-01 -5.522179619183683469e-02
4.625496662704766671e-01 8.850136258023457714e-01 -5.290265347456506867e-02
4.526093434278478100e-01 8.901855149275197387e-01 -5.210118635274921250e-02
4.442340218803867424e-01 8.944056351700394591e-01 -5.191046082188773003e-02
4.336486883468438913e-01 8.995699742408784783e-01 -5.217929578255032369e-02
4.273323999707989151e-01 9.025822780365245768e-01 -5.227096403623784221e-02
4.160685521616279137e-01 9.077138861847262596e-01 -5.424447533649704584e-02
4.073327229914256997e-01 9.116466487010734809e-01 -5.459343427616009103e-02
3.984335383923255369e-01 9.154231789762616867e-01 -5.701860466972768354e-02
3.893880499967831699e-01 9.194110822427776775e-01 -5.531917215195571863e-02
3.841727746818243139e-01 9.217963619760809468e-01 -5.198796667908466007e-02
3.804410806453342175e-01 9.233130467263555019e-01 -5.251289693254287960e-02
3.688930522865908612e-01 9.278952771444934911e-01 -5.411352008249315643e-02
3.627911541220373848e-01 9.302711618000127913e-01 -5.457239624009679185e-02
3.537087845831242694e-01 9.340338636004262840e-01 -4.970754342802093106e-02
3.456034523017920135e-01 9.371641295318517972e-01 -4.776662660649215464e-02
3.390833254280538056e-01 9.397451604062441177e-01 -4.360658797742686388e-02
3.336347108834716857e-01 9.416436570884576529e-01 -4.466660207533858229e-02
3.263223207070745646e-01 9.442439659603510949e-01 -4.378445327326626474e-02
3.195587772507532676e-01 9.466867009881829720e-01 -4.082255171231986834e-02
3.136890326516608152e-01 9.485857431613538004e-01 -4.224075415055426885e-02
3.055822862634745007e-01 9.512782538247402941e-01 -4.109930392505638935e-02
2.962292565176947168e-01 9.543100627519421897e-01 -3.924964271375860209e-02
2.889883944079431055e-01 9.565608755974580601e-01 -3.843178289056236457e-02
2.853422442392173353e-01 9.577396464921706931e-01 -3.625708158964516259e-02
2.793329149526332933e-01 9.596131582309735952e-01 -3.340227519276537521e-02
2.737722075862908944e-01 9.613178747417201464e-01 -3.027746653554409459e-02
2.688507732721047150e-01 9.626886545011593688e-01 -3.081913551482901720e-02
2.646354503687294302e-01 9.638666168288569924e-01 -3.048321315321652833e-02
2.611017919937603793e-01 9.648716296073642784e-01 -2.913066289252951024e-02
2.568675714456568615e-01 9.660186847402664201e-01 -2.875681485646700702e-02
2.501099860035652656e-01 9.678247660209899905e-01 -2.757208975340988411e-02
2.452535400497824203e-01 9.690195293557886114e-01 -2.918656892370537562e-02
2.396678417953838902e-01 9.703815136686652076e-01 -3.031577995452338845e-02
2.328018840302615022e-01 9.720434500041232884e-01 -3.057477821931157622e-02
2.280801104019566372e-01 9.731408879193959027e-01 -3.124545485431614103e-02
2.246010088675291505e-01 9.739977942158413171e-01 -2.971004253743468604e-02
2.210309751164319381e-01 9.747299706956750187e-01 -3.235421514137044180e-02
2.154847312812695481e-01 9.759195906942010890e-01 -3.387161197972644172e-02
2.102424780329534282e-01 9.771571940888333918e-01 -3.101485968310991118e-02
2.063178490016152888e-01 9.780565333596485944e-01 -2.895454695313020438e-02
1.997081426862866160e-01 9.794952311009457180e-01 -2.656601336599792237e-02
1.948644679801701252e-01 9.804802092862143770e-01 -2.619926311689733944e-02
1.883035855436913653e-01 9.817672823584365771e-01 -2.597625909203860398e-02
1.871063190719109703e-01 9.820030354882947066e-01 -2.571510705958923379e-02
1.832643328814260453e-01 9.827310134831396260e-01 -2.557229960877423561e-02
1.818317605203353948e-01 9.829766411919336200e-01 -2.634647626524341812e-02
1.793383304755593599e-01 9.834035416837157983e-01 -2.748163928555857199e-02
1.763885862793743431e-01 9.839387786616194953e-01 -2.741440404127006014e-02
1.734607383762080957e-01 9.844851619136411047e-01 -2.646396180319101135e-02
1.722401412715126590e-01 9.847528849260345218e-01 -2.439451647252139158e-02
1.662564310038579796e-01 9.857942334327347567e-01 -2.384389969418561350e-02
1.626159030475009537e-01 9.864356065870832913e-01 -2.238001868074124268e-02
1.569223766843214629e-01 9.873291311716063667e-01 -2.359147128172009444e-02
1.540106150116886674e-01 9.877921474000834756e-01 -2.339673230195562018e-02
1.517373501151407511e-01 9.881730429940509541e-01 -2.213180459178223577e-02
1.521496086177865636e-01 9.880882830116921589e-01 -2.306609348301844054e-02
1.465846978273539492e-01 9.889398654369735420e-01 -2.260247819730688140e-02
1.445587971446163078e-01 9.892455521356513515e-01 -2.227094204624729956e-02
1.386164673996939656e-01 9.900580053365376498e-01 -2.388773942087545066e-02
1.337342239823435808e-01 9.907996591094574423e-01 -2.076525720700646283e-02
1.296452410610331729e-01 9.913341398368822333e-01 -2.118343027775642512e-02
1.264298516892238267e-01 9.917360468497202763e-01 -2.179699594576210708e-02
1.229507502952886383e-01 9.921666802040687294e-01 -2.209965475994255316e-02
1.176031600100431035e-01 9.927885844295041284e-01 -2.324492250440441526e-02
1.197629875096661439e-01 9.925535280039362585e-01 -2.223339604677383036e-02
1.159787911165160029e-01 9.929460595577203064e-01 -2.463829961957305498e-02
1.096100629312956459e-01 9.936438943873652230e-01 -2.564075327519164949e-02
1.076678928892158826e-01 9.938456169424741971e-01 -2.604836842802881608e-02
1.017757657740915589e-01 9.944524600141879667e-01 -2.657068381945576138e-02
9.838027841370153292e-02 9.947699840628220214e-01 -2.745910750156826952e-02
9.352174986766995102e-02 9.951954604788005865e-01 -2.897724401485365225e-02
9.059821099888054619e-02 9.955521919392988917e-01 -2.584183127521372941e-02
8.782079025543754192e-02 9.957759708442833757e-01 -2.679043913825348081e-02
8.708788157784155826e-02 9.958573781136825787e-01 -2.614930750850481128e-02
8.366145197059368654e-02 9.961904196980890802e-01 -2.460512388039923573e-02
7.952541130130896807e-02 9.963377227017179427e-01 -3.141423632271889838e-02
7.546878365606807249e-02 9.965280177657855898e-01 -3.516213082945243013e-02
6.902010055156278245e-02 9.971286533423259213e-01 -3.115569676638191288e-02
6.652758603695424489e-02 9.973231167028625554e-01 -3.034277890493930138e-02
5.696832368769271654e-02 9.980563570873789425e-01 -2.526106369524164230e-02
5.100964595951742314e-02 9.984337069999713599e-01 -2.298155555375528541e-02
5.072583326214109845e-02 9.984559029276424136e-01 -2.264294370388540700e-02
4.496476733722114261e-02 9.987604957366382763e-01 -2.134584317450546539e-02
4.033378365661859088e-02 9.988944095176685023e-01 -2.414845042385170559e-02
3.493390615987601588e-02 9.990118151137219460e-01 -2.747760157496348735e-02
3.061769698406308776e-02 9.991925315472135471e-01 -2.601623851389819539e-02
2.993587148843570786e-02 9.991734789195316768e-01 -2.749919568077615825e-02
2.569291968897910450e-02 9.991654840180816954e-01 -3.175236276082875342e-02
1.794362344719925562e-02 9.993621718570515622e-01 -3.087521607627782133e-02
1.041188140809175613e-02 9.994285011718985201e-01 -3.216001976479656438e-02
3.828541994734801016e-03 9.994761010665836887e-01 -3.213827567847391681e-02
3.991985241608882184e-04 9.995052808107229847e-01 -3.144896460449916886e-02
-9.208153779476551185e-04 9.995934395263474936e-01 -2.849755902181625930e-02
-4.914416586845918658e-03 9.994818763998140065e-01 -3.180928153541971726e-02
-1.315359629225357208e-02 9.992906512504706740e-01 -3.528711294032543799e-02
-1.749895653795617914e-02 9.991970356071611103e-01 -3.604266455161304200e-02
-2.537105459037367061e-02 9.991012043082071470e-01 -3.395727192595927174e-02
-2.991836585476380372e-02 9.988517336263726953e-01 -3.741802790434720083e-02
-3.526000728915387739e-02 9.986794464019330686e-01 -3.736440040094871767e-02
-4.116574722709660100e-02 9.984055977384880265e-01 -3.862184393016319245e-02
-4.523957150287137574e-02 9.983148546416593661e-01 -3.634329896176330399e-02
-5.153351350000673348e-02 9.979967681496887399e-01 -3.669810567939406354e-02
-5.892235517931295602e-02 9.975780080274683215e-01 -3.696318662776930386e-02
-6.381432677600049064e-02 9.973968192773526864e-01 -3.357558402533819542e-02
-6.894069809923560055e-02 9.971071651193410545e-01 -3.200757263398384261e-02
-7.550037154564069597e-02 9.966459153524263037e-01 -3.156923514238319656e-02
-8.157490137103907968e-02 9.961625172860638644e-01 -3.171400193744557117e-02
-8.533373900577533033e-02 9.959101465842790102e-01 -2.968393924021285948e-02
-9.122104150022644631e-02 9.954420549749258829e-01 -2.781798230073742953e-02
-9.518793402568767603e-02 9.949249578609165034e-01 -3.261270905016677712e-02
-1.061628063682646950e-01 9.938773103774826145e-01 -3.061623504916412969e-02
-1.112665926155299717e-01 9.931900052255855371e-01 -3.454507510442032109e-02
-1.171825388363871984e-01 9.925067980321541361e-01 -3.461952885482163372e-02
-1.196835979305215514e-01 9.922309368850500411e-01 -3.396479957451210840e-02
-1.242775737887713838e-01 9.916542125778476935e-01 -3.430758900769568381e-02
-1.294900618973899575e-01 9.909559988369845973e-01 -3.519283422701684899e-02
-1.336043087719998301e-01 9.904231759045601935e-01 -3.481127192894871436e-02
-1.396079121938304246e-01 9.895794662550349008e-01 -3.524363986913283536e-02
-1.440674739852564334e-01 9.889189831728980584e-01 -3.583030821870959032e-02
-1.495144209257919521e-01 9.880977961916956875e-01 -3.616885988563347393e-02
-1.549876940119611912e-01 9.872265199576107930e-01 -3.691363331972580264e-02
-1.585739071340308004e-01 9.866650241174285130e-01 -3.669399802275759986e-02
-1.626317036090728363e-01 9.860712235993371877e-01 -3.484930918522641946e-02
-1.646109213307122565e-01 9.857003986793659855e-01 -3.602737844343457951e-02
-1.696264004205338682e-01 9.848054239180785707e-01 -3.721780027601433172e-02
-1.788043958769165442e-01 9.831685381819506020e-01 -3.753154528516382954e-02
-1.877699098433825708e-01 9.815681328345696732e-01 -3.558742677936573007e-02
-1.913800580052620326e-01 9.808539052070086584e-01 -3.604571291007854089e-02
-1.990298276821031165e-01 9.792795381947317912e-01 -3.739942632697759728e-02
-2.038076475193963399e-01 9.783217318325831968e-01 -3.672921419704785334e-02
-2.116883039891140905e-01 9.766148819789630675e-01 -3.756910370116571529e-02
-2.169569685318827323e-01 9.753936020389813999e-01 -3.920456817333073385e-02
-2.227144788535909137e-01 9.740996518050443198e-01 -3.909133566111323843e-02
-2.247632818241883101e-01 9.735629419201610180e-01 -4.070219308010150638e-02
-2.291678697996375191e-01 9.725982694689363495e-01 -3.917520864584167484e-02
-2.331951074381017897e-01 9.716596850708019151e-01 -3.869756550711708071e-02
-2.391805251195524284e-01 9.701596787199883165e-01 -3.978539254298765759e-02
-2.451509220525956989e-01 9.687196385087548656e-01 -3.851351292765350931e-02
-2.503566242048124724e-01 9.672501115479591460e-01 -4.181848544832080655e-02
-2.553317376032708808e-01 9.657629129527978140e-01 -4.590972695430151074e-02
-2.638479712662460952e-01 9.634390127719307806e-01 -4.657810647399283216e-02
-2.705523750294712704e-01 9.614558645992158370e-01 -4.903097044832167156e-02
-2.802957066054259649e-01 9.585013884560722452e-01 -5.205197785991270282e-02
-2.886750025939369690e-01 9.560058125716445199e-01 -5.215009508422675105e-02
-2.946954656266915218e-01 9.540538618444178720e-01 -5.418315626729396789e-02
-3.049420864738433545e-01 9.508068704649335068e-01 -5.455842889327797846e-02
-3.137368068487219053e-01 9.476857786772147074e-01 -5.882927741909023400e-02
-3.218618192266156641e-01 9.448389588144129325e-01 -6.069855141894462541e-02
-3.315696400619257966e-01 9.413023486894472880e-01 -6.333612782747603809e-02
-3.389825394108014200e-01 9.383266785726138703e-01 -6.807264647873693952e-02
-3.469457424602599982e-01 9.351016041127724332e-01 -7.220557299872175372e-02
-3.576910303909487387e-01 9.311188370068609332e-01 -7.123791932170034369e-02
-3.684368354664192546e-01 9.270512168425175670e-01 -6.950066669468892011e-02
-3.778028119147376351e-01 9.232968564607337836e-01 -6.919503743741181601e-02
-3.894326649012019859e-01 9.182150587633560734e-01 -7.227245966445117187e-02
-3.995214525107316783e-01 9.139310295584132104e-01 -7.150304385032349441e-02
-4.107613683755798051e-01 9.088891949345866417e-01 -7.208004353843144862e-02
-4.215620696794100120e-01 9.036923964137029142e-01 -7.500318055658584948e-02
-4.312802461395395248e-01 8.991945238805894025e-01 -7.380081678547407986e-02
-4.414630289686556908e-01 8.944332219545790830e-01 -7.141154440212600651e-02
-4.506643709087291838e-01 8.897505945483642487e-01 -7.242587547229512035e-02
-4.575792377339472083e-01 8.861312570989312576e-01 -7.343459370719086776e-02
-4.676560939175396503e-01 8.809694438656991977e-01 -7.204595721760045923e-02
-4.742912935734819313e-01 8.772876587953030159e-01 -7.358081080758323289e-02
-4.837343538460694425e-01 8.722045351620120179e-01 -7.252811096908014232e-02
-4.932343665568699742e-01 8.668429664748260599e-01 -7.282262180035793675e-02
-5.022404835001029744e-01 8.617038099520684113e-01 -7.225679061061189568e-02
-5.110987398575921326e-01 8.564736116708582259e-01 -7.232588588465099777e-02
-5.209503160990500703e-01 8.506418535187691976e-01 -7.084637154353462529e-02
-5.313277508869239663e-01 8.440649497742999108e-01 -7.242364849227897472e-02
-5.433143967005068520e-01 8.363564434777137624e-01 -7.292029173944196418e-02
-5.533655540201668499e-01 8.298158003324411780e-01 -7.205764554494835383e-02
-5.613035246631878916e-01 8.243906561513784093e-01 -7.292737761684926767e-02
-5.690841535826173248e-01 8.189080861830404512e-01 -7.438263010582464585e-02
-5.791229018422109354e-01 8.119032583589431695e-01 -7.368695103187507256e-02
-5.895891111497657544e-01 8.042752612691812519e-01 -7.433698450686776482e-02
-5.961389743313330047e-01 7.995049879991795727e-01 -7.355338606915512445e-02
-6.060293925907751511e-01 7.920581199950611495e-01 -7.329606425604170972e-02
-6.142544026653742328e-01 7.858453486634365825e-01 -7.168416802739845106e-02
-6.234276444977846499e-01 7.791534265016799576e-01 -6.525268817336281335e-02
-6.291694811062970016e-01 7.749051501315133983e-01 -6.056216412307953434e-02
-6.356805704055240591e-01 7.696803759249238874e-01 -5.918052649824828704e-02
-6.439665006889456755e-01 7.628126792033416148e-01 -5.851466315105264410e-02
-6.514420663152754587e-01 7.565626326470245022e-01 -5.688778791517432737e-02
-6.558400386924074787e-01 7.529572743747063868e-01 -5.412199065556921179e-02
-6.619805094536383994e-01 7.476147779137152227e-01 -5.342239426251819273e-02
-6.682609880515587575e-01 7.421445279767057146e-01 -5.146605406550802675e-02
-6.759314095755928342e-01 7.351421804363653667e-01 -5.179485855141980483e-02
-6.819439649081088239e-01 7.295739476396199130e-01 -5.171350818711931141e-02
-6.891971092128754695e-01 7.227918140039202299e-01 -5.078721836298654563e-02
-6.920784312094301338e-01 7.199978929544595951e-01 -5.128822957179191011e-02
-6.968180018100879058e-01 7.155718068742867866e-01 -4.900678372460548493e-02
-7.016954430647093233e-01 7.108611596761117424e-01 -4.795748264473839728e-02
-7.080071175568755093e-01 7.046796974621453158e-01 -4.639449010613789365e-02
-7.127955191823895920e-01 6.997690391838933266e-01 -4.739032473083039376e-02
-7.173636720583767001e-01 6.953328222428439842e-01 -4.360770118133194123e-02
-7.234665282542551701e-01 6.890684703014124945e-01 -4.219986948986870906e-02
-7.257435267049099359e-01 6.868835132208086502e-01 -3.856651388003139863e-02
-7.288410110026800615e-01 6.837051227624328931e-01 -3.657990010457121827e-02
-7.327669932450738832e-01 6.795321590545204682e-01 -3.589682052411940355e-02
-7.375645759393033574e-01 6.743298452123898112e-01 -3.574576164420245616e-02
-7.381304491708935434e-01 6.736898896544295523e-01 -3.612998596836194953e-02
-7.398855567711600800e-01 6.717631266251286037e-01 -3.610634141128352820e-02
-7.433694662967093025e-01 6.677642239027909987e-01 -3.863652585596991790e-02
-7.469163541157082253e-01 6.637013085002461121e-01 -4.020617261172450968e-02
-7.524712000789421928e-01 6.574736197058195231e-01 -3.892988223865655878e-02
-7.565094692273682808e-01 6.528563436387060381e-01 -3.836692371018304154e-02
-7.619924786875273970e-01 6.463726534654048450e-01 -3.962144104671548595e-02
-7.643083512705982629e-01 6.434374204364422534e-01 -4.267356896512750075e-02
-7.687049318167771261e-01 6.383177081672082309e-01 -4.053683013950123981e-02
-7.721027573235447194e-01 6.342266721954904485e-01 -4.017292330296979436e-02
-7.752701564311859084e-01 6.304386230650657064e-01 -3.877280556668292327e-02
-7.795645625557378056e-01 6.249922270764608490e-01 -4.078985501807012165e-02
-7.826602999593902377e-01 6.209862367876699540e-01 -4.264917322644917741e-02
-7.862293550198133918e-01 6.161691904042928547e-01 -4.667904877187863122e-02
-7.904007156350455476e-01 6.106212496607003049e-01 -4.907546948165201345e-02
-7.936248782248366274e-01 6.063351342069631666e-01 -5.017231527180707196e-02
-7.987221392895813565e-01 5.995909509472829857e-01 -5.033526879612676419e-02
-8.038861498815977891e-01 5.925497191016765308e-01 -5.149652396973956187e-02
-8.076439887310274957e-01 5.874991628322048243e-01 -5.055615396156443869e-02
-8.107930997367019943e-01 5.831660601831737401e-01 -5.031798120143283343e-02
-8.133599217587795804e-01 5.796911341887839297e-01 -4.902887103831661542e-02
-8.168491111175102404e-01 5.748393460851274339e-01 -4.813792087133078601e-02
-8.214445849007374623e-01 5.683895688066546992e-01 -4.649833920621338629e-02
-8.267829344378876399e-01 5.607498708059595049e-01 -4.460454255105116006e-02
-8.300266904643958110e-01 5.557181234002898096e-01 -4.725530633285532356e-02
-8.340740720043785528e-01 5.497355483539028143e-01 -4.594858844307950219e-02
-8.384265322238820817e-01 5.430184304331944212e-01 -4.660405338413656923e-02
-8.419700052042420335e-01 5.375153333316660120e-01 -4.651645180364730875e-02
-8.439955527064207930e-01 5.342239598229646669e-01 -4.771028499770881698e-02
-8.476776266415303462e-01 5.285873426665870234e-01 -4.514494444278342733e-02
-8.502606001380271783e-01 5.242936981814241282e-01 -4.661580701816615824e-02
-8.540596663622014306e-01 5.181473128612460455e-01 -4.588520485856117936e-02
-8.575926127999451420e-01 5.122841184112106871e-01 -4.582462276485762404e-02
-8.594985712184481930e-01 5.089665315086588926e-01 -4.706675517514789103e-02
-8.636929487787854409e-01 5.019519748483800559e-01 -4.559285789512436404e-02
-8.664968056680836250e-01 4.973152920084865092e-01 -4.313687108325978126e-02
-8.688656648521848602e-01 4.933415167924888878e-01 -4.106833115572885301e-02
-8.713357445888323394e-01 4.889141560759288074e-01 -4.167699322582905930e-02
-8.740499585530466797e-01 4.840740315114456793e-01 -4.134012024128991963e-02
-8.760881610865416391e-01 4.802958592624604894e-01 -4.225429155906841594e-02
-8.775206991982170690e-01 4.775515926959980062e-01 -4.361080583588704956e-02
-8.807310459513704171e-01 4.715837253973061416e-01 -4.383626619317240736e-02
-8.815477909060634998e-01 4.701821524810871900e-01 -4.245279060337500687e-02
-8.840945019117887327e-01 4.652498434234400015e-01 -4.381208194759087654e-02
-8.866460012369841159e-01 4.600394170573511299e-01 -4.714453315910582115e-02
-8.894590087113433130e-01 4.546470525725178624e-01 -4.646216913262125880e-02
-8.912310686714023378e-01 4.514415207837582655e-01 -4.367767500504531747e-02
-8.944584203159882119e-01 4.450705837422437861e-01 -4.308495742242048065e-02
-8.974828752226080564e-01 4.391594347409205623e-01 -4.078582163113784326e-02
-9.006997459874405143e-01 4.327520210672244905e-01 -3.828393398052539615e-02
-9.027626713384256929e-01 4.286123982563952994e-01 -3.620738903910755702e-02
-9.053730218426948584e-01 4.232991708393972763e-01 -3.342913400025693260e-02
-9.082160740166210777e-01 4.172058803126594273e-01 -3.290623096379349799e-02
-9.099191539593336486e-01 4.135318810971024828e-01 -3.222608062658721684e-02
-9.111551430175647281e-01 4.109857408930664979e-01 -2.978304611018009126e-02
-9.115372243906835203e-01 4.102735518709184070e-01 -2.784788839980191499e-02
-9.134605171558016767e-01 4.058151978935569115e-01 -3.006513845831837797e-02
-9.149050245843145523e-01 4.024783739254707560e-01 -3.098319405503554766e-02
-9.172264695135622370e-01 3.970713289878872176e-01 -3.209310119251054111e-02
-9.183684697610119407e-01 3.944849978469356366e-01 -3.132002622211278037e-02
-9.204634645809678384e-01 3.896405267375774861e-01 -3.045117562835920888e-02
-9.214012556611693716e-01 3.872182507855099209e-01 -3.289006171328985595e-02
-9.225431702559561131e-01 3.845283347266502116e-01 -3.243551516818987679e-02
-9.249007709040309999e-01 3.789277038403520148e-01 -3.118273665644933496e-02
-9.264229846063071205e-01 3.754955161837922328e-01 -2.726856697502086715e-02
-9.267658494702257777e-01 3.748428561385810376e-01 -2.445193851283085362e-02
-9.279415140775053583e-01 3.718872908640900032e-01 -2.498786080348476546e-02
-9.288863474625849159e-01 3.695274082534276139e-01 -2.489280796412447413e-02
-9.296449685004232188e-01 3.672491593846017310e-01 -2.980421747324315737e-02
-9.325090274571707916e-01 3.599892416011492569e-01 -2.889054385321660964e-02
-9.344647281863286414e-01 3.550911961303790387e-01 -2.619003835066563077e-02
-9.349020779043559770e-01 3.538509987971416026e-01 -2.734189617761647456e-02
-9.362597234474951957e-01 3.500745473570677779e-01 -2.942015483500946479e-02
-9.383615699135744448e-01 3.445462948242869472e-01 -2.766620280490235048e-02
-9.394846042708924205e-01 3.414897593257972264e-01 -2.744861667615861381e-02
-9.408724980219779210e-01 3.379581912121017995e-01 -2.330680988953379856e-02
-9.423234953622560139e-01 3.339792954615563580e-01 -2.200600354133545530e-02
-9.433967692391854731e-01 3.306588334476138202e-01 -2.583167938943842917e-02
-9.440608959630572006e-01 3.288233935070097314e-01 -2.498408697315557259e-02
-9.462937402195793490e-01 3.223420202672935275e-01 -2.497565208102854942e-02
-9.473734801081581391e-01 3.191886356116843126e-01 -2.453789088717017036e-02
-9.491247716993920225e-01 3.139331871237492355e-01 -2.466020636378588732e-02
-9.504545114760737379e-01 3.098647919684844321e-01 -2.490052864069630667e-02
-9.513929979126884984e-01 3.067095480946707142e-01 -2.793958979696218800e-02
-9.525151919486417595e-01 3.033249760069320344e-01 -2.662277354545291089e-02
-9.528407634538127446e-01 3.023915842165192935e-01 -2.556977375647404016e-02
-9.539910503762248917e-01 2.987165017057213934e-01 -2.587530573167957579e-02
-9.552597480916646955e-01 2.948705139875862358e-01 -2.302602121906260554e-02
-9.560033545860261439e-01 2.924538148641243063e-01 -2.298599982898729896e-02
-9.571044108809982909e-01 2.893299126700129564e-01 -1.547101324281636645e-02
-9.575380921677879575e-01 2.879312075231603152e-01 -1.471141467802103593e-02
-9.589246327336689024e-01 2.832912190778831274e-01 -1.447887666548355878e-02
-9.599205278909129779e-01 2.800327535721698347e-01 -1.158624130069938092e-02
-9.605670862633977070e-01 2.777540877122371965e-01 -1.278841182535608335e-02
-9.616874495103051590e-01 2.739875015987385254e-01 -9.386285223095704525e-03
-9.622220027457788483e-01 2.721339360306055388e-01 -8.481875942043878500e-03
-9.630490824693277441e-01 2.691521495484304749e-01 -9.674145142671959630e-03
-9.642901882257605140e-01 2.647501389764003177e-01 -7.197272527089015881e-03
-9.648043500314625875e-01 2.629331671197266962e-01 -4.326627905508247801e-03
-9.645694214874931394e-01 2.637915249583284716e-01 -4.457175268543891837e-03
-9.641549109459754963e-01 2.653207269058296403e-01 -3.197421836573589252e-03
-9.646875965795995711e-01 2.633760839582909297e-01 -3.298990465467011631e-03
-9.646306480805680872e-01 2.636049639378212905e-01 3.738041419007447769e-04
-9.644019212407627384e-01 2.644138642782902782e-01 3.774477067699469768e-03
-9.642065108320916345e-01 2.650945023547081614e-01 5.541957129042598788e-03
-9.636782598198946337e-01 2.669416560948409956e-01 8.146644174199324864e-03
-9.628991365023700233e-01 2.697994387408144679e-01 5.789626244918502987e-03
-9.621797237832200311e-01 2.723444271447906795e-01 6.220622071480691462e-03
-9.607045940538074813e-01 2.774356998304064459e-01 8.724647557638050624e-03
-9.598534051768989883e-01 2.803298298931533594e-01 9.830112296044538067e-03
-9.586131156865487224e-01 2.846226126210484320e-01 7.132102108178006022e-03
-9.580183736164543662e-01 2.866493197246141045e-01 5.741721910865376158e-03
-9.580934076716403069e-01 2.864505810926226137e-01 1.758080524883434866e-03
-9.591410384384989607e-01 2.829147172974978419e-01 2.781220309365638188e-03
-9.588956746104417839e-01 2.837310074543941685e-01 3.975511600210640886e-03
-9.583230576737272743e-01 2.856808317689668031e-01 1.839446095947218709e-03
-9.589648696148473928e-01 2.835243089822411244e-01 5.908826396103209096e-04
-9.586997101614810335e-01 2.843851872359532962e-01 -4.464878279563416069e-03
-9.590335528157766243e-01 2.831544302463503970e-01 -8.844058323276830780e-03
-9.586051679688831761e-01 2.845292448956843745e-01 -1.091993162146173875e-02
-9.581140861266562725e-01 2.861416700140525515e-01 -1.184680582627986589e-02
-9.583989600112585716e-01 2.851662415065059908e-01 -1.231471946004106255e-02
-9.587757685241360406e-01 2.840103916406547802e-01 -9.334200474883657533e-03
-9.591641430266909518e-01 2.826400394067630772e-01 -1.089766184210752380e-02
-9.603019974429892747e-01 2.787839956191953128e-01 -9.978058685687700782e-03
-9.603424321194625746e-01 2.784296499989642459e-01 -1.481037715295997759e-02
-9.600874116551610937e-01 2.791301853628276319e-01 -1.784673079328193829e-02
-9.602371471461144115e-01 2.784483185393075710e-01 -2.027706478530226161e-02
-9.617512323275030361e-01 2.729698341849853827e-01 -2.284821602712007460e-02
-9.618306438987609397e-01 2.728482926201324932e-01 -2.087165327823751332e-02
-9.632250414699631280e-01 2.677679826059068402e-01 -2.231213264363104271e-02
-9.640784154746278034e-01 2.649606140719629188e-01 -1.867313828793043182e-02
-9.659880448580918655e-01 2.579319681847550005e-01 -1.839024903295871302e-02
-9.647921581960322568e-01 2.624301960619012664e-01 -1.750679756828264419e-02
-9.644380157001327669e-01 2.639460217038940293e-01 -1.384975871631066377e-02
-9.650907301560600615e-01 2.615913650724728257e-01 -1.303244412200595288e-02
-9.650481229450819098e-01 2.617887732922950517e-01 -1.219683946466486486e-02
-9.660995097925693109e-01 2.580092944262492582e-01 -9.107437971498284074e-03
-9.664594622663108536e-01 2.567100102270808426e-01 -7.488838113790132964e-03
-9.667789587306692134e-01 2.554997009284709630e-01 -7.638850220246094780e-03
-9.666260134488787736e-01 2.561790917325970640e-01 -2.535229739918617650e-03
-9.666783289000800972e-01 2.559779946994938937e-01 -2.877320276851431588e-03
-9.675001347539852192e-01 2.528703322300551726e-01 2.977101685922105799e-04
-9.673491864261528628e-01 2.534457638030926940e-01 8.947823946798711412e-04
-9.672119609949130226e-01 2.539632079008557475e-01 1.927653907685152393e-03
-9.669805302569119965e-01 2.548462346490307229e-01 1.433560414324616672e-03
-9.667479199056651096e-01 2.557000346291340431e-01 3.994492739935795456e-03
-9.662337508809465403e-01 2.576029258690896717e-01 5.751138123229868407e-03
-9.649282251668512833e-01 2.623987759892469351e-01 7.772194106906871874e-03
-9.642039125490933227e-01 2.650785689883207730e-01 6.646174289323278361e-03
-9.641617394691955889e-01 2.652268110421087677e-01 6.847130271521536041e-03
-9.646402065595598430e-01 2.635398903602117482e-01 4.000304582585298245e-03
-9.639691641791346965e-01 2.659603557155318376e-01 5.342665335892299999e-03
-9.632227020744688062e-01 2.686856182095827550e-01 3.173187104160141506e-03
-9.632268242598246433e-01 2.686868670387502211e-01 1.207001580935437423e-03
-9.631228819973263189e-01 2.690615106200107132e-01 4.711914781996132985e-04
-9.628326856885416341e-01 2.700863569921341245e-01 -2.565830997676108675e-03
-9.631121173047839656e-01 2.690950658512743510e-01 -1.702758659900229258e-03
-9.625381373912494931e-01 2.711344176956864693e-01 -2.542824428526886237e-03
-9.621837817116508651e-01 2.723829478081485345e-01 -3.147109773594351269e-03
-9.627923335174569663e-01 2.702080791506503710e-01 -4.303583391506874377e-03
-9.637307541805486544e-01 2.667648123662294535e-01 -7.718337372136199054e-03
-9.637353498347516201e-01 2.665639190770037747e-01 -1.256411408999870589e-02
-9.641448005377032393e-01 2.651338341691222844e-01 -1.135156409829246073e-02
-9.643194076896889344e-01 2.644980323117058774e-01 -1.135232526096040424e-02
-9.653951416803886465e-01 2.606712220565764460e-01 -7.920784096312590006e-03
-9.652118316296197653e-01 2.612466040123407884e-01 -1.078593491522619914e-02
-9.660441194983875324e-01 2.581229420955269416e-01 -1.145907365229513995e-02
-9.658936093043386517e-01 2.587600758789051492e-01 -9.631358334118010622e-03
-9.661255266280616150e-01 2.578814088123285164e-01 -9.932281444261441272e-03
-9.665290153649545024e-01 2.564802374002513874e-01 -6.289253259356580340e-03
-9.680375467395297973e-01 2.506612931761237895e-01 -8.498742446883889370e-03
-9.679625658157843260e-01 2.509616246340122259e-01 -8.169367067589786494e-03
-9.685150205126413780e-01 2.487861854833238184e-01 -9.170243709776995655e-03
-9.682347026096704834e-01 2.496865387147791104e-01 -1.334906247631817769e-02
-9.677621973025885005e-01 2.514203670121073486e-01 -1.497107015921015152e-02
-9.679824426373299096e-01 2.505097472235313649e-01 -1.596438880566215454e-02
-9.682161265533516525e-01 2.493792860371081832e-01 -1.917050925804330772e-02
-9.684780337945987361e-01 2.483410800240589966e-01 -1.941675765538421194e-02
-9.696368385967049086e-01 2.437019251542561216e-01 -2.034151827852137204e-02
-9.704930987146712651e-01 2.403076617133388659e-01 -1.988410216758577237e-02
-9.716349894705024193e-01 2.354641017282918802e-01 -2.195696924808080916e-02
-9.725160932721202967e-01 2.314063173670681539e-01 -2.575983524549328024e-02
-9.734286755521401879e-01 2.273285803627923540e-01 -2.753787692919316965e-02
-9.741574184440278117e-01 2.243158049358425499e-01 -2.645275493421071072e-02
-9.747125485883981755e-01 2.216669107264319094e-01 -2.827070631913607482e-02
-9.762081319680573355e-01 2.150917202596432931e-01 -2.744520812447363844e-02
-9.765398687782204101e-01 2.136767131991177682e-01 -2.668616528035371027e-02
-9.764138627142604498e-01 2.141982427842498982e-01 -2.711246912402281994e-02
-9.774075529876955493e-01 2.090471059778842844e-01 -3.120556712829116591e-02
-9.778605329197285201e-01 2.075252032931602930e-01 -2.687141107167873369e-02
-9.783975640599420487e-01 2.052729484948344618e-01 -2.451994738312219049e-02
-9.793412170333054556e-01 2.010493886891775717e-01 -2.167783406488079170e-02
-9.792340434733286525e-01 2.018329836043114556e-01 -1.908243723759102742e-02
-9.794958021055671926e-01 2.008749814400170308e-01 -1.540195064032211757e-02
-9.795657349327911989e-01 2.006105459567496807e-01 -1.436608478345902801e-02
-9.796355369601424945e-01 2.004314001415193613e-01 -1.189424925573457498e-02
-9.798554520887668984e-01 1.995130248576720000e-01 -8.823294984839032129e-03
-9.793454245816489712e-01 2.020394661810494541e-01 -7.911894437441351416e-03
-9.795011872292678223e-01 2.013481343885950015e-01 -6.029727495366276127e-03
-9.796961328696206506e-01 2.004178846239773604e-01 -5.306918238840095149e-03
-9.796437963497135470e-01 2.006694065547169892e-01 -5.461333572570991994e-03
-9.800447987691558449e-01 1.987579220346611109e-01 -2.735950868885310937e-03
-9.797175114199037083e-01 2.003752930014117417e-01 1.828772303376185494e-03
-9.794493370610576344e-01 2.016520184412910199e-01 3.932458621111556939e-03
-9.800061407639034661e-01 1.988990102933051729e-01 5.210797880922506467e-03
-9.798603859616470402e-01 1.996542219367669346e-01 3.438070177335989311e-03
-9.796214341586400032e-01 2.008493907004307300e-01 1.171593877463753854e-03
-9.791689838073203145e-01 2.030433740394669284e-01 -1.222305561666971966e-03
-9.789782467888914486e-01 2.039646464247413249e-01 -1.412369603030956024e-04
-9.797029310296430094e-01 2.004518012354609413e-01 1.116655609106723427e-03
-9.785426366428247036e-01 2.060432038680464206e-01 7.148495361972006124e-04
-9.780190648516035035e-01 2.084915525999290753e-01 3.160047633649682233e-03
-9.772087104500341015e-01 2.122807162222190847e-01 -1.959123307928578583e-04
-9.776806354148219746e-01 2.100676906147433964e-01 -3.484992379118307618e-03
-9.779859640809066557e-01 2.085716377297374413e-01 -6.428894463833144737e-03
-9.782929644593628682e-01 2.071479841877160444e-01 -5.709030072000242061e-03
-9.783498200683667934e-01 2.068741612338142188e-01 -5.892000871827300992e-03
-9.787140999373963313e-01 2.052196458606815876e-01 -1.900582314732907757e-03
-9.784946527485655077e-01 2.062655564000525632e-01 -1.655132150487493908e-03
-9.787787299707488842e-01 2.049177663632679447e-01 -9.547056177858666542e-04
-9.790163610229618563e-01 2.037615023392495284e-01 -2.867002548720683913e-03
-9.796938939540692504e-01 2.004949089132720408e-01 1.292431882313718750e-03
-9.795797949992641751e-01 2.010487387678830395e-01 1.683627244027937654e-03
-9.797663972843744240e-01 2.001434672694409334e-01 6.356074972072905862e-04
-9.801575185996246331e-01 1.982200113283406062e-01 -2.656680879185690635e-04
-9.805652898502263959e-01 1.961897638540811006e-01 -1.137384162118030553e-03
-9.809436312402549651e-01 1.941367619324256000e-01 -7.779126197862658472e-03
-9.806190431044311540e-01 1.957738391349480578e-01 -7.674700042455850045e-03
-9.810109436590767062e-01 1.937909054408913923e-01 -7.913166204894402783e-03
-9.808524061576681108e-01 1.945582633504405190e-01 -8.697373481828566191e-03
-9.810817784235763561e-01 1.933947699034840040e-01 -8.775638330258933584e-03
-9.812769676099233340e-01 1.924698666003028524e-01 -7.132187217511302274e-03
-9.813370236348982756e-01 1.922000176243841285e-01 -6.066636273170178568e-03
-9.813772176894263177e-01 1.920200901511238123e-01 -5.200614050077472655e-03
-9.812066186600556517e-01 1.929233063212141275e-01 -3.764862421839315111e-03
-9.812136228349505052e-01 1.929155861293616880e-01 -1.846025656168707096e-03
-9.811466150137632125e-01 1.932628345867289932e-01 -8.952295610523513776e-04
-9.805269120290875939e-01 1.963780209343533034e-01 1.628660280973519715e-03
-9.798008303690491916e-01 1.999737197267578426e-01 9.214551340522067870e-04
-9.794854192708868368e-01 2.015139664341575043e-01 6.630383550616918706e-04
-9.794811888594875393e-01 2.015303943680191445e-01 1.451092498936595995e-03
-9.793537088224137932e-01 2.021541448084874237e-01 1.400339361892720663e-04
-9.792080303107171257e-01 2.028371873874824649e-01 2.951890838424414513e-03
-9.792549582182944468e-01 2.026106558678834602e-01 2.941735110893837959e-03
-9.793057400880267327e-01 2.023540888277872152e-01 3.618706566177270177e-03
-9.787007503178772883e-01 2.051757331842827548e-01 6.911202482769111984e-03
-9.788977054122670607e-01 2.042026333759535961e-01 7.782784967932774786e-03
-9.787986969643812651e-01 2.046267841777009433e-01 8.999716801662649077e-03
-9.779044261220873890e-01 2.087362327484212077e-01 1.149449553962296131e-02
-9.779411150945082065e-01 2.086677589708247904e-01 9.431155749763013921e-03
-9.779454811270785752e-01 2.087062548774125670e-01 8.021224687503226633e-03
-9.771983445975819249e-01 2.121287301508565648e-01 9.208805711951477402e-03
-9.761661255537955606e-01 2.169105835353916656e-01 7.035551881556462508e-03
-9.764505378767825983e-01 2.154581669656472909e-01 1.105125696128071017e-02
-9.759796173541057662e-01 2.176568316430021743e-01 9.449606045524085521e-03
-9.758129454569223205e-01 2.185677538841991896e-01 4.151792369848068473e-03
-9.758687134375521044e-01 2.182695833899662430e-01 6.216754932269096673e-03
-9.763911606535700116e-01 2.159930900564751011e-01 2.700260978130785468e-03
-9.760657399344792040e-01 2.174754916540023453e-01 2.946234042336621020e-04
-9.754990817529831659e-01 2.200033993355159367e-01 2.252256557350292227e-04
-9.749010212088041749e-01 2.226250278000871941e-01 -2.469970973625812069e-03
-9.756365542883932429e-01 2.193751323325379421e-01 -2.805381406782900353e-03
-9.762105185706805299e-01 2.167701029300587445e-01 -4.873484206892462339e-03
-9.765166331355655815e-01 2.153169481282810327e-01 -7.340437134098170072e-03
-9.764889120191995175e-01 2.153582469669340360e-01 -9.499217402434149277e-03
-9.771227646009947865e-01 2.124897355522059605e-01 -8.900569901015715699e-03
-9.767332706235588580e-01 2.142488528855963359e-01 -9.463194493199001897e-03
-9.770075934640184423e-01 2.129794693978180609e-01 -9.793512469693939002e-03
-9.780905701082388548e-01 2.079096914457342904e-01 -1.060197310084278269e-02
-9.782125897470822506e-01 2.074478562592129982e-01 -8.094514522477475049e-03
-9.777947664638876324e-01 2.094810418929693163e-01 -5.923914038381796615e-03
-9.777800131102445391e-01 2.095946424087114790e-01 -4.041885223949084373e-03
-9.777324546760991497e-01 2.098416037729632366e-01 -2.398625549954977107e-03
-9.773637518972504434e-01 2.115651710824202891e-01 -5.290379854662634936e-04
-9.770230197547785655e-01 2.131315872736554984e-01 9.748887948760759110e-04
-9.771124250539267031e-01 2.127178943478670869e-01 1.552823998141598938e-03
-9.768947181882202679e-01 2.137021603371154210e-01 2.846274948013900220e-03
-9.762293155064030170e-01 2.167356007619010982e-01 1.417020200290535848e-03
-9.759903205546043292e-01 2.177187757668424539e-01 6.436921674101076137e-03
-9.758495188046342195e-01 2.183237746979904137e-01 7.242316694506647015e-03
-9.751123186638366303e-01 2.215814787671541719e-01 7.590741966905342059e-03
-9.751955156873274300e-01 2.211758950491092002e-01 8.656485317453435288e-03
-9.739334628235181146e-01 2.266572088330785495e-01 8.951245146336918312e-03
-9.741032032843272015e-01 2.257756400235124417e-01 1.217845820300945958e-02
-9.741066223130658841e-01 2.256969781413414589e-01 1.331042999743380084e-02
-9.728895593997746172e-01 2.305570089431151493e-01 1.814872122230944823e-02
-9.721625366979157468e-01 2.335750319118761187e-01 1.851248103375645326e-02
-9.706391324605436743e-01 2.397769243872894529e-01 1.914957795309988817e-02
-9.695174474103576134e-01 2.441577288684679548e-01 2.056521035044815357e-02
-9.693451546968614441e-01 2.447021983200556028e-01 2.215424301094156417e-02
-9.691188991820142151e-01 2.456086148107546330e-01 2.202209933509435835e-02
-9.679894982709267293e-01 2.499744187258655381e-01 2.256383183596290948e-02
-9.674786763893740149e-01 2.518623317892811908e-01 2.346021831923374851e-02
-9.662213635054989203e-01 2.566676363443996522e-01 2.319496593051063871e-02
-9.650310979141851764e-01 2.612671999384111876e-01 2.131749460594802373e-02
-9.645127550112612136e-01 2.631306124210298081e-01 2.185020625986709014e-02
-9.631804832573485076e-01 2.679789332173493355e-01 2.169454565457010903e-02
-9.626437211974742114e-01 2.700353317748326876e-01 1.994970935553211366e-02
-9.619634907812497637e-01 2.723055074629212591e-01 2.181646849745633512e-02
-9.606548511096556497e-01 2.767751839687583870e-01 2.318964971723971868e-02
-9.597921593680668328e-01 2.800135358290695708e-01 1.978473607093293382e-02
-9.594751019683952498e-01 2.812760740441351826e-01 1.706763299306272158e-02
-9.591152455906292174e-01 2.827005919054551564e-01 1.335388502366397293e-02
-9.586769769711228628e-01 2.842197063520409128e-01 1.255458402683590907e-02
-9.572801617025320509e-01 2.889823590925850172e-01 1.019280789148657544e-02
-9.573075685829678383e-01 2.888654869826052241e-01 1.090663802327832173e-02
-9.560184206262246631e-01 2.929864240365789296e-01 1.370182340270435783e-02
-9.562650498761792184e-01 2.921806475910407319e-01 1.369776512969781736e-02
-9.561495860773158162e-01 2.925042847683424485e-01 1.480600050799429392e-02
-9.550481036691184089e-01 2.960246847895919853e-01 1.589059201964120732e-02
-9.542116927067885168e-01 2.988004301804613738e-01 1.408380840443686048e-02
-9.534263443172628083e-01 3.012758787183572595e-01 1.452776992691291215e-02
-9.525359236376170768e-01 3.040971411149716030e-01 1.415090719492707004e-02
-9.522415539348337843e-01 3.048689990318089738e-01 1.705642516049171026e-02
-9.520222869570351687e-01 3.054172962297262983e-01 1.933508636600654584e-02
-9.509006008192586457e-01 3.089832343866368847e-01 1.781610142896641880e-02
-9.498956010310913856e-01 3.120095689538714967e-01 1.866497440070445657e-02
-9.484708335469177465e-01 3.162901036143732636e-01 1.906970166043499629e-02
-9.470048521838478894e-01 3.206803749116861058e-01 1.859871869527672875e-02
-9.460964127798946466e-01 3.235733023307090228e-01 1.420918759292959764e-02
-9.458444589469005015e-01 3.243261771560181916e-01 1.381287653377566427e-02
-9.448740791882681567e-01 3.272025676968238761e-01 1.230688594392772596e-02
-9.450037385198081230e-01 3.268644570342226219e-01 1.129452013747734608e-02
-9.435501467991658231e-01 3.311001844753914680e-01 9.262482151878801903e-03
-9.429362987441374244e-01 3.327683065166174847e-01 1.167886827276552741e-02
-9.408153103477607804e-01 3.387032178003323568e-01 1.211145551379646905e-02
-9.407738537907411880e-01 3.388896571480618514e-01 9.917741233721652158e-03
-9.397660275812886876e-01 3.416783709610640707e-01 9.783123706902797923e-03
-9.394937734509204441e-01 3.423874701712899538e-01 1.105781208201239707e-02
-9.380577116101912472e-01 3.463217468272218325e-01 1.043947534496006586e-02
-9.369000517170418263e-01 3.495105317060964167e-01 7.790160821074624056e-03
-9.377647478222397304e-01 3.472158385405770264e-01 6.200364029345700224e-03
-9.365163899697406258e-01 3.505759377377103969e-01 5.793833075262374427e-03
-9.351077484073108126e-01 3.543384969606185875e-01 4.211142375459341752e-03
-9.359582467749343326e-01 3.520995106790005269e-01 2.846078422126570827e-03
-9.345129573716450810e-01 3.559289285679212433e-01 3.681913252725553358e-04
-9.353910460623759970e-01 3.536002274329000383e-01 -3.236573388760468663e-03
-9.355616500060283114e-01 3.531497994389759532e-01 -3.102175994968508176e-03
-9.367028055384710727e-01 3.500814150751588860e-01 -5.555380737353905751e-03
-9.370110181230244528e-01 3.492271168451643315e-01 -7.125877089939091844e-03
-9.367433765718626848e-01 3.500078917799617773e-01 -2.515455459424104437e-03
-9.369388731144298044e-01 3.494708695103257989e-01 -3.957877082716447677e-03
-9.374874798199714920e-01 3.480102692477797244e-01 -2.466384738712549748e-03
-9.372410948802378794e-01 3.486807057275664312e-01 -9.491564578980680317e-04
-9.374746463240573036e-01 3.480524627690759765e-01 -8.809295700698798869e-04
-9.383019776194432282e-01 3.457900327425993403e-01 -4.319428634166236174e-03
-9.389934072751522365e-01 3.438495459572118440e-01 -7.673086853393273551e-03
-9.396372514212955052e-01 3.420458581637848550e-01 -9.299036839795099887e-03
-9.404125594093100116e-01 3.399793872912892922e-01 -6.183829144494971605e-03
-9.408719258511978323e-01 3.386421334014574347e-01 -9.029400491783384775e-03
-9.402186117187836256e-01 3.404639014513649586e-01 -8.561508618712212332e-03
-9.402399831962584553e-01 3.403707484763797142e-01 -9.825122260748175157e-03
-9.403730833778271014e-01 3.400270990703313512e-01 -8.946586146033689776e-03
-9.410434953044886086e-01 3.381622727913354276e-01 -9.133600262979768569e-03
-9.415571146458140417e-01 3.367972373879193349e-01 -6.150300288468435808e-03
-9.422644039941340255e-01 3.347765794511108894e-01 -7.901916334873458972e-03
-9.434285307100050977e-01 3.315525224152756634e-01 -3.941795998882047063e-03
-9.426327570781640741e-01 3.338271101615901126e-01 -1.717927316639062361e-03
-9.425340713669365655e-01 3.341100435125176626e-01 -9.280044317936720667e-05
-9.407410127217094020e-01 3.391200033977418982e-01 1.993932910546506593e-03
-9.407138471541517388e-01 3.391884890305713052e-01 2.938055995415835009e-03
-9.406871837826736860e-01 3.392692743350907980e-01 1.996810445993464286e-03
-9.398514183108516162e-01 3.415826128288976249e-01 7.972425935088313636e-04
-9.389852477102831330e-01 3.439529945862327964e-01 1.745734933227788537e-03
-9.387864282004884098e-01 3.444969723340100543e-01 1.372505504125366661e-03
-9.382156093561674348e-01 3.460412808290357911e-01 2.628274214238155750e-03
-9.377575330455260039e-01 3.472880762536043608e-01 1.344176896514555396e-03
-9.373260234956273251e-01 3.484083621995505697e-01 5.616438033025761452e-03
-9.366742782029209291e-01 3.501312185174872971e-01 7.030784262847260442e-03
-9.355009717887589060e-01 3.532730519131569991e-01 6.007337653979611530e-03
-9.359670888979212400e-01 3.519762581104120547e-01 8.850297386324113350e-03
-9.351596062458639169e-01 3.541332599644852475e-01 8.133299951912139475e-03
-9.346493367068586799e-01 3.554643009440111578e-01 8.703659290104817647e-03
-9.346070085898504631e-01 3.555954083763229745e-01 7.851787944665320623e-03
-9.335468783275928661e-01 3.583991941437850715e-01 6.344220269231577378e-03
-9.329139693668958566e-01 3.600208440273109933e-01 7.518188475312664529e-03
-9.320088803480055528e-01 3.623784584685437737e-01 6.426921397488914549e-03
-9.314251194370423148e-01 3.638436768108483377e-01 8.064196516914291790e-03
-9.301719309781505407e-01 3.670280232529818942e-01 8.403244079762296412e-03
-9.299179121685514637e-01 3.676800627021002965e-01 8.003353240819190487e-03
-9.295020196971265358e-01 3.687327067172153083e-01 7.886185385402061376e-03
-9.291227097046567129e-01 3.697371049134135501e-01 5.046693942939273203e-03
-9.287597183626272734e-01 3.706701178783695094e-01 3.009122646328508434e-03
-9.277301842870546711e-01 3.732498798368495962e-01 1.112620130932783424e-03
-9.279177456592268003e-01 3.727828865276136550e-01 1.257919674602576195e-03
-9.274388318293091960e-01 3.739746497019960647e-01 -4.244439256122182081e-04
-9.273971229732052013e-01 3.740484391540706555e-01 -4.727266525868329718e-03
-9.284754787369695617e-01 3.713677742791718361e-01 -4.389440850967642367e-03
-9.285048288820276774e-01 3.712897066189803641e-01 -4.768865871419834465e-03
-9.290067555167522695e-01 3.699428615374140694e-01 -9.419820962911121254e-03
-9.292177977048229343e-01 3.693722759228403318e-01 -1.088172035370969619e-02
-9.297911645361521815e-01 3.678072255637724886e-01 -1.436108706648796425e-02
-9.299071527663622660e-01 3.675264225730172085e-01 -1.403643803019253254e-02
-9.315040237818473789e-01 3.634293929698770853e-01 -1.480998511472466500e-02
-9.330368304018072934e-01 3.593096108943804046e-01 -1.840875781192847366e-02
-9.341251788939104461e-01 3.564064372645061041e-01 -1.961140908658067297e-02
-9.348726373419977698e-01 3.545861108527274541e-01 -1.678831965920413866e-02
-9.360221153852392728e-01 3.516660134788748837e-01 -1.391474823925707358e-02
-9.360469256917941516e-01 3.515653729366802760e-01 -1.476303495269544637e-02
-9.351541507556037081e-01 3.540020944446492512e-01 -1.300912026956851236e-02
-9.353058226420404297e-01 3.535431979754524168e-01 -1.449934685345307013e-02
-9.362243456641140549e-01 3.510817950573765223e-01 -1.501843975677910788e-02
-9.360587270070483967e-01 3.515899375290931772e-01 -1.336342750287599149e-02
-9.377297040753164170e-01 3.470784046633558773e-01 -1.412759379727146838e-02
-9.381108311752424100e-01 3.459842501976435614e-01 -1.558758629482400598e-02
-9.372256085322527852e-01 3.483226894164233589e-01 -1.671731219878530572e-02
-9.390623874383182690e-01 3.430877241986795556e-01 -2.127561620807293108e-02
-9.392960287209678460e-01 3.423904207798671440e-01 -2.217602379769595400e-02
-9.401456433356079057e-01 3.398502267892711814e-01 -2.505989912153737051e-02
-9.413023947085222831e-01 3.368269591274005714e-01 -2.230262716770520237e-02
-9.416711918387691282e-01 3.360126456917446602e-01 -1.873163794261234819e-02
-9.417991014530444627e-01 3.356020564990139787e-01 -1.963970576405699164e-02
-9.424931835751003684e-01 3.335605010190126896e-01 -2.107123519543544973e-02
-9.431031910625737869e-01 3.317192418304391599e-01 -2.277545818272155159e-02
-9.439703886759359674e-01 3.292576339197527124e-01 -2.256815664503708171e-02
-9.457900286659116640e-01 3.239631557753959723e-01 -2.300220134834096708e-02
-9.472219725247201794e-01 3.199980187744823068e-01 -1.928234020851146702e-02
-9.482616628347694254e-01 3.168508866796850287e-01 -2.013306539675774678e-02
-9.495554703411360764e-01 3.130913200632162718e-01 -1.783928138622345103e-02
-9.501096299995116512e-01 3.115572422267527952e-01 -1.495933596248825471e-02
-9.498916295465271720e-01 3.122196341412968867e-01 -1.499326876521596928e-02
-9.511666763274184699e-01 3.082638638588894864e-01 -1.597967536149077702e-02
-9.511813621581567402e-01 3.082965070342235658e-01 -1.439742961296909193e-02
-9.512503601718651502e-01 3.080002531843453739e-01 -1.608111513584677826e-02
-9.518793727564843765e-01 3.060319631909373395e-01 -1.643481610534530679e-02
-9.511645746133360335e-01 3.081940201110544009e-01 -1.738976472534364132e-02
-9.515516561785396510e-01 3.070232233524167742e-01 -1.691720702019188297e-02
-9.527417957185132513e-01 3.031668330106460085e-01 -1.931186292956149284e-02
-9.527844559222341525e-01 3.030964192303256532e-01 -1.828516340132042839e-02
-9.532964835432243822e-01 3.015749797732731885e-01 -1.668388518737994736e-02
-9.541526956905880263e-01 2.988297098064334190e-01 -1.713020233365977751e-02
-9.553447601888302998e-01 2.949944151817585625e-01 -1.716654245741541795e-02
-9.563060250033241783e-01 2.919249595505677419e-01 -1.608137172082691607e-02
-9.571588810084886711e-01 2.892729777456874984e-01 -1.296251656382634183e-02
-9.580786745680190952e-01 2.863229053445312533e-01 -1.022023501906331108e-02
-9.589312712990215593e-01 2.832959468645815937e-01 -1.393662252263763550e-02
-9.592760011373457907e-01 2.823063860854412299e-01 -9.626216817042069357e-03
-9.591462319487296107e-01 2.826848482121047113e-01 -1.130435159038187601e-02
-9.587878235275605343e-01 2.838690584622273749e-01 -1.201137523547635838e-02
-9.588573650481697630e-01 2.835537061706908113e-01 -1.377879709352815112e-02
-9.597513436496564188e-01 2.805605504451197940e-01 -1.277270232933986477e-02
-9.596934691716404453e-01 2.807918997217194179e-01 -1.201500352265353483e-02
-9.603099482809527299e-01 2.787435089739852545e-01 -1.033757521440192666e-02
-9.608691387703975906e-01 2.769284552694625812e-01 -6.413645199812095625e-03
-9.624477341398561814e-01 2.714008723119918920e-01 -5.994295739077394949e-03
-9.625883900831740947e-01 2.709062885852445146e-01 -5.777551944021559402e-03
-9.624943108202500541e-01 2.712417956012977971e-01 -5.709289112157524791e-03
-9.625798660827992181e-01 2.709403404541799176e-01 -5.598156046974581308e-03
-9.627319913989904610e-01 2.704532031419205063e-01 -1.477733906356727689e-03
-9.622304048383446551e-01 2.722363935082015574e-01 1.105052434153489666e-05
-9.627243176667611424e-01 2.704816270332009998e-01 1.258441188418929230e-03
-9.622164214589327136e-01 2.722836613975576636e-01 -1.082616497608599078e-03
-9.635109884318713291e-01 2.676637901760640093e-01 -1.636047905451255922e-03
-9.633678790746932341e-01 2.681645570925867417e-01 -3.178984129629667393e-03
-9.636978713039427991e-01 2.669917352715711623e-01 -1.353582493224419299e-03
-9.627405569404284824e-01 2.704045323831086867e-01 -3.466255057080124165e-03
-9.633542186957632092e-01 2.680082133927536581e-01 -1.096599351418216933e-02
-9.647553789268819013e-01 2.629322976332537087e-01 -1.066169933454639424e-02
-9.658636144868518736e-01 2.587345598995702267e-01 -1.280280823875981980e-02
-9.657352247303829795e-01 2.592620565783074760e-01 -1.177573392071122778e-02
-9.660864015492534040e-01 2.578986986229164224e-01 -1.285815592111343511e-02
-9.672716958072671289e-01 2.534596009398655259e-01 -1.198763359300275555e-02
-9.677880161834937489e-01 2.515445323486488194e-01 -1.056930261124579273e-02
-9.695663190939038945e-01 2.445730620295593627e-01 -1.118822580264632396e-02
-9.698071547956175209e-01 2.435877706778288854e-01 -1.179350138860584332e-02
-9.712436250288569717e-01 2.377608370702825602e-01 -1.247442944866117460e-02
-9.719361692791167462e-01 2.349162421684928281e-01 -1.242771923942483786e-02
-9.721144832152983639e-01 2.339739964961106145e-01 -1.579894628143910587e-02
-9.725120262131973226e-01 2.324225886648344785e-01 -1.414586046565026109e-02
-9.730497582394607159e-01 2.301604915975373200e-01 -1.415352666377682478e-02
-9.735153080961439498e-01 2.281682925206449941e-01 -1.439379766211828886e-02
-9.739519974777526290e-01 2.263936323990240196e-01 -1.278421026859942120e-02
-9.747644569493040256e-01 2.228868345689946906e-01 -1.247872817470226277e-02
-9.749739054630189861e-01 2.219760936958758979e-01 -1.234923910292217049e-02
-9.747700086603551251e-01 2.227151397654167919e-01 -1.487961521329281625e-02
-9.757881348992972770e-01 2.180788940771768436e-01 -1.670682493703315105e-02
-9.757560233063881094e-01 2.183373376943112953e-01 -1.513262061319677575e-02
-9.766304263135739960e-01 2.143251283822234787e-01 -1.605478123059137299e-02
-9.757176273110156339e-01 2.184765581421412306e-01 -1.559203512680608882e-02
-9.760737311560271356e-01 2.170051760324639423e-01 -1.374158612593016221e-02
-9.766082664070044883e-01 2.144463185587438259e-01 -1.578216514768684964e-02
-9.774861591037894426e-01 2.105636781847657069e-01 -1.355553343193447585e-02
-9.777397544689416797e-01 2.095493638286578253e-01 -1.067908952077485131e-02
-9.789988672807994341e-01 2.034725177259443518e-01 -1.265538299225988511e-02
-9.795973330093095122e-01 2.006545755129119923e-01 -1.126111956630576963e-02
-9.799152651339703146e-01 1.990286083059272237e-01 -1.239728064776678476e-02
-9.800969594529723716e-01 1.981973476201418505e-01 -1.130344191536089733e-02
