1.000000000000000000e+00 0.000000000000000000e+00 0.000000000000000000e+00
9.999716604852791901e-01 3.241788791751284114e-03 -6.794835573581824335e-03
9.998750027238395566e-01 8.184709923663770550e-03 -1.352742727442367981e-02
9.996866957445197377e-01 1.480982462609103240e-02 -2.017876785342582677e-02
9.993759265134205538e-01 2.309273774732486378e-02 -2.672990613063231519e-02
9.989049341761574441e-01 3.300336546652497816e-02 -3.316198468236371266e-02
9.982296602810772912e-01 4.450567761586723264e-02 -3.945629363623812114e-02
9.973005111009265455e-01 5.755743284180914188e-02 -4.559434245776134570e-02
9.960632261093064210e-01 7.210992692497562861e-02 -5.155795082641101423e-02
9.944598441140357625e-01 8.810777595826158048e-02 -5.732935881265898564e-02
9.924297555702945584e-01 1.054887566257615289e-01 -6.289135560488381960e-02
9.899108263124513085e-01 1.241837254189669393e-01 -6.822742502950913945e-02
9.868405745249891892e-01 1.441166371879800123e-01 -7.332190509994643279e-02
9.831573794330066285e-01 1.652046809138382755e-01 -7.816015786803268139e-02
9.788016971752296902e-01 1.873585470191584390e-01 -8.272874498853002856e-02
9.737172568850533949e-01 2.104828359905890622e-01 -8.701560369746381973e-02
9.678522083985617863e-01 2.344766127228240793e-01 -9.101021740075874999e-02
9.611601924532429120e-01 2.592341050367145128e-01 -9.470377481584782431e-02
9.536013049040948930e-01 2.846455385633646085e-01 -9.808931163891237981e-02
9.451429284574218714e-01 3.105980939595273105e-01 -1.011618290413289906e-01
9.357604087092016298e-01 3.369769665891114707e-01 -1.039183839286754452e-01
9.254375557789156215e-01 3.636665037295511160e-01 -1.063581468013942155e-01
9.160409338577631955e-01 3.878133591350166887e-01 -1.023223089729182050e-01
9.064492932833210226e-01 4.107625208094794478e-01 -9.810136192826277024e-02
8.967552873881757813e-01 4.324902671474423199e-01 -9.371322510237183046e-02
8.870492068729316504e-01 4.529807090964049765e-01 -8.917525043065872847e-02
8.774181623117625062e-01 4.722250238861304128e-01 -8.450406643549290830e-02
8.679454010711628031e-01 4.902206318269152763e-01 -7.971545326716281132e-02
8.587097553393179261e-01 5.069703416632598270e-01 -7.482424824248727624e-02
8.497852141325666908e-01 5.224814873163103890e-01 -6.984428062339879950e-02
8.412406091950005438e-01 5.367650757941888617e-01 -6.478833376296613822e-02
8.331394026144351983e-01 5.498349628191151472e-01 -5.966813231183641653e-02
8.255395626775861029e-01 5.617070695042842843e-01 -5.449435190914898169e-02
8.184935138857192261e-01 5.723986503622567890e-01 -4.927664865756668788e-02
8.120481470402597379e-01 5.819276201503229551e-01 -4.402370567762260711e-02
8.062448757720056536e-01 5.903119446292197647e-01 -3.874329412628790131e-02
8.011197267176496384e-01 5.975690982686986397e-01 -3.344234622326919260e-02
7.967034516429546409e-01 6.037155902879544067e-01 -2.812703803259985341e-02
7.930216510864296353e-01 6.087665591601582049e-01 -2.280287997578652609e-02
7.900949004794454167e-01 6.127354348113417393e-01 -1.747481328834198794e-02
7.879388711329590178e-01 6.156336671664476290e-01 -1.214731085936398246e-02
7.865644399269537956e-01 6.174705193941589787e-01 -6.824481102336216187e-03
7.859777829693638251e-01 6.182529241279232091e-01 -1.510173685758875971e-03
7.861804498909898964e-01 6.179854010426338862e-01 3.791913901729573877e-03
7.871694168050902274e-01 6.166700343939912621e-01 9.078129869534367138e-03
7.889371172847816638e-01 6.143065094308537422e-01 1.434476257762647144e-02
7.914714520019907606e-01 6.108922069215428907e-01 1.958793674911491617e-02
7.947557789338882683e-01 6.064223553462687599e-01 2.480351228386968448e-02
7.987688872812004348e-01 6.008902405543765646e-01 2.998698656789727801e-02
8.034849594591945143e-01 5.942874728234107673e-01 3.513340126168935929e-02
8.088735267130758855e-01 5.866043112453845909e-01 4.023725466903925463e-02
8.148994250645998916e-01 5.778300451649837077e-01 4.529242092920207630e-02
8.215227593968308373e-01 5.679534319691127431e-01 5.029207743137242836e-02
8.286988845001438397e-01 5.569631898467459763e-01 5.522864201100251280e-02
8.363784127949475122e-01 5.448485431793047562e-01 6.009372164025182650e-02
8.445072591644724458e-01 5.315998169716560362e-01 6.487807445567027320e-02
8.530267338133946664e-01 5.172090751924858232e-01 6.957158705912086516e-02
8.618736942457674299e-01 5.016707960772887054e-01 7.416326906561448995e-02
8.709807672542503321e-01 4.849825753949661977e-01 7.864126683609343194e-02
8.802766511568567154e-01 4.671458464511057396e-01 8.299289820641927995e-02
8.896865073378154021e-01 4.481666032844054959e-01 8.720470978953653862e-02
8.991324483890410502e-01 4.280561112211541119e-01 9.126255807268340847e-02
9.085341277730671905e-01 4.068315868253915002e-01 9.515171504712553741e-02
9.178094329326270673e-01 3.845168274800593866e-01 9.885699849244336535e-02
9.268752801912062411e-01 3.611427695321370313e-01 1.023629262977099746e-01
9.356485057043042453e-01 3.367479533113151846e-01 1.056538933548385323e-01
9.440468422656247416e-01 3.113788735562307286e-01 1.087143686329002518e-01
9.519899671308502676e-01 2.850901949976999417e-01 1.115291090754566006e-01
9.594006014267716376e-01 2.579448151543248802e-01 1.140833860053283161e-01
9.662056374358070077e-01 2.300137598313533593e-01 1.163632188302613085e-01
9.723372663775603497e-01 2.013759013427550426e-01 1.183556100808486472e-01
9.777340765425145408e-01 1.721174949783698671e-01 1.200487752411326103e-01
9.823420900357124896e-01 1.423315355043832664e-01 1.214323605095509462e-01
9.861157061759315834e-01 1.121169422262081050e-01 1.224976415992855838e-01
9.890185209066677530e-01 8.157758800133235733e-02 1.232376969821444845e-01
9.910239944493964837e-01 5.082119416627082359e-02 1.236475496075042785e-01
9.921159437963134042e-01 1.995811922512110217e-02 1.237242720725814232e-01
9.922888423147055992e-01 -1.089992605053638486e-02 1.234670514432094079e-01
9.915479154292573538e-01 -4.164120106857885362e-02 1.228772113639121505e-01
9.899090286884792977e-01 -7.215525762506462548e-02 1.219581906729250154e-01
9.873983720789348828e-01 -1.023342241200099756e-01 1.207154793608198745e-01
9.840519517792908344e-01 -1.320740158276568210e-01 1.191565142854689313e-01
9.811978970923388443e-01 -1.581360689850276058e-01 1.106513882977727681e-01
9.780006544191427453e-01 -1.820034025435935121e-01 1.019290739096858495e-01
9.746185892638565829e-01 -2.036336090714834790e-01 9.301617736193627806e-02
9.711989295311891368e-01 -2.229956257716557144e-01 8.393829287983942122e-02
9.678762347270150057e-01 -2.400678676953731383e-01 7.471985537224588858e-02
9.647711522274362572e-01 -2.548363939610417961e-01 6.538407327696453553e-02
9.619894325190998519e-01 -2.672931711981201830e-01 5.595293531820780958e-02
9.596211706888011506e-01 -2.774344885434397168e-01 4.644728330208235112e-02
9.577402400360711665e-01 -2.852595687077473796e-01 3.688694195957301081e-02
9.564038850989843299e-01 -2.907694103838135424e-01 2.729089615065585783e-02
9.556524451548473742e-01 -2.939658888514371515e-01 1.767750535726027306e-02
9.555091848961033696e-01 -2.948511341230453109e-01 8.064745210108923215e-03
9.559802160065080656e-01 -2.934271992774082904e-01 -1.529534277423045402e-03
9.570545013111244614e-01 -2.896960255335594425e-01 -1.108734412718657275e-02
9.587039416020404214e-01 -2.836597048219077766e-01 -2.059029586077253809e-02
9.608835537148326944e-01 -2.753210347700608684e-01 -3.001935546063054516e-02
9.635317565079530855e-01 -2.646843547902034133e-01 -3.935462233571866003e-02
9.665707886177828945e-01 -2.517566450269355660e-01 -4.857514381417569332e-02
9.699072877361117895e-01 -2.365488620775641204e-01 -5.765877558255607521e-02
9.734330651651503796e-01 -2.190774765372235644e-01 -6.658209817332533254e-02
9.770261110136834182e-01 -1.993661676245614689e-01 -7.532039895625876336e-02
9.805518640884399728e-01 -1.774476196906774883e-01 -8.384772799626355466e-02
9.838647758546142930e-01 -1.533653548139630174e-01 -9.213703448928856066e-02
9.868101894684391251e-01 -1.271755256795562838e-01 -1.001603881936439788e-01
9.892265427139069756e-01 -9.894858448914170546e-02 -1.078892872941197983e-01
9.909478878898365650e-01 -6.877073785546861107e-02 -1.152950504911947893e-01
9.918067028429652376e-01 -3.674509567890262007e-02 -1.223492868966201547e-01
9.916369463893924818e-01 -2.992424984564374946e-03 -1.290244327281075132e-01
9.902772896851914641e-01 3.234857150517059243e-02 -1.352943391078645641e-01
9.875744344274272057e-01 6.912151719708953257e-02 -1.411348908380514744e-01
9.833864110499560551e-01 1.071532076736168015e-01 -1.465246322576769789e-01
9.775857373262499816e-01 1.462550579810465434e-01 -1.514453735974242710e-01
9.700623118094878761e-01 1.862251373316170522e-01 -1.558827500185924197e-01
9.607259186808005946e-01 2.268507445679306400e-01 -1.598267060319969457e-01
9.495082315056088129e-01 2.679114454911697973e-01 -1.632718803795645546e-01
9.363642229271978978e-01 3.091824642478602225e-01 -1.662178706819733842e-01
9.212729143518187946e-01 3.504382980560035721e-01 -1.686693629723690635e-01
9.042374322470962955e-01 3.914564098310468476e-01 -1.706361182311188773e-01
8.852843731779066472e-01 4.320208481956734903e-01 -1.721328156532772047e-01
8.644625151796316853e-01 4.719256494204540631e-01 -1.731787599875038164e-01
8.418409455598956370e-01 5.109778905146323824e-01 -1.737974672522871744e-01
8.175067021291733127e-01 5.490002854862502391e-01 -1.740161489091841540e-01
7.915620442487738551e-01 5.858332454927870359e-01 -1.738651187404345599e-01
7.641214808629585020e-01 6.213363555383509818e-01 -1.733771490080190103e-01
7.353086846752081573e-01 6.553892527691543846e-01 -1.725868029259149949e-01
7.052534155101982671e-01 6.878919217245622608e-01 -1.715297692005987307e-01
6.740885630247387406e-01 7.187644480457768825e-01 -1.702422216749265027e-01
6.419474010879071546e-01 7.479462927017614948e-01 -1.687602233300121157e-01
6.089611253244719968e-01 7.753951630383482119e-01 -1.671191894809647138e-01
5.752567234372402138e-01 8.010855648321371092e-01 -1.653534203569448080e-01
5.409552066847868046e-01 8.250071215295092797e-01 -1.634957087446531343e-01
5.061702116204310764e-01 8.471627438652596931e-01 -1.615770242807250678e-01
4.710069648076344873e-01 8.675667262084152398e-01 -1.596262724972916658e-01
4.355615902130331452e-01 8.862428364731275154e-01 -1.576701239627631701e-01
3.999207294711834559e-01 9.032224554061509814e-01 -1.557329068453113807e-01
3.641614390528779555e-01 9.185428095226932932e-01 -1.538365549261624665e-01
3.283513251831786661e-01 9.322453307176304937e-01 -1.520006024264495825e-01
2.925488766545086827e-01 9.443741652234702855e-01 -1.502422168817481862e-01
2.568039569216956086e-01 9.549748455072646358e-01 -1.485762615886086491e-01
2.211584195128844521e-01 9.640931311006336601e-01 -1.470153797448914001e-01
1.856468143510867919e-01 9.717740182963280349e-01 -1.455700932078062837e-01
1.502971566332634290e-01 9.780609140659398681e-01 -1.442489097124622088e-01
1.151317341144866557e-01 9.829949663248265246e-01 -1.430584333587789359e-01
8.016793273169250944e-02 9.866145406148054686e-01 -1.420034741323916161e-01
4.541906428724299533e-02 9.889548321945771381e-01 -1.410871531382006105e-01
1.089518327421676314e-02 9.900476022214090843e-01 -1.403110010697212751e-01
-2.339611720637535530e-02 9.899210269846032695e-01 -1.396750482007643179e-01
-5.744893813896793239e-02 9.885996498384380660e-01 -1.391779048641419436e-01
-9.125834176986616364e-02 9.861044264276432880e-01 -1.388168319770436143e-01
-1.248196578001076196e-01 9.824528548722433197e-01 -1.385878016903660248e-01
-1.581278322384754298e-01 9.776591836722492435e-01 -1.384855486876303277e-01
-1.911768220663450368e-01 9.717346911169778556e-01 -1.385036130468262350e-01
-2.239590387133724159e-01 9.646880308664601555e-01 -1.386343759137319553e-01
-2.564648434671265020e-01 9.565256390558846133e-01 -1.388690895247391699e-01
-2.886820982749149778e-01 9.472521987135333887e-01 -1.391979033657362863e-01
-3.205957758738463559e-01 9.368711574449950508e-01 -1.396098884635371407e-01
-3.521876337345903329e-01 9.253852941994089587e-01 -1.400930619774095331e-01
-3.834359568516821914e-01 9.127973304862462278e-01 -1.406344143875070674e-01
-4.143153748825243454e-01 8.991105806550134805e-01 -1.412199416589244860e-01
-4.447967594507832856e-01 8.843296348003677476e-01 -1.418346847869454697e-01
-4.748472075099031131e-01 8.684610665421248488e-01 -1.424627790913876868e-01
-5.044301164335809329e-01 8.515141564016289744e-01 -1.430875155153805700e-01
-5.335053558928755102e-01 8.335016198200448923e-01 -1.436914159860632478e-01
-5.620295405353219476e-01 8.144403271271927203e-01 -1.442563246024004819e-01
-5.899564059572921515e-01 7.943520010777421758e-01 -1.447635160219922779e-01
-6.172372884364084600e-01 7.732638760481982398e-01 -1.451938219218463222e-01
-6.438217063740838686e-01 7.512093017693155517e-01 -1.455277758105423258e-01
-6.696580384313283174e-01 7.282282736968340719e-01 -1.457457757808171273e-01
-6.946942900042808455e-01 7.043678719385788600e-01 -1.458282640299305988e-01
-7.188789361002350109e-01 6.796825911842412360e-01 -1.457559211661391407e-01
-7.421618250000403538e-01 6.542345454257888493e-01 -1.455098724972186952e-01
-7.644951235224962671e-01 6.280935334728197095e-01 -1.450719027023384122e-01
-7.858342814592419456e-01 6.013369543688902308e-01 -1.444246745679108879e-01
-8.061389900544638776e-01 5.740495657522639572e-01 -1.435519468698503442e-01
-8.253741074865647009e-01 5.463230828622698265e-01 -1.424387860561560082e-01
-8.435105233679021097e-01 5.182556210893648485e-01 -1.410717661667097722e-01
-8.605259344683058309e-01 4.899509904624478884e-01 -1.394391514538400878e-01
-8.764055052801527079e-01 4.615178559738452591e-01 -1.375310564563285987e-01
-8.911423896924912658e-01 4.330687828461496358e-01 -1.353395788334604277e-01
-9.047380938595931399e-01 4.047191904275354579e-01 -1.328589010686460070e-01
-9.172026651809885855e-01 3.765862420676314160e-01 -1.300853581700577022e-01
-9.285546979241919852e-01 3.487877008272688428e-01 -1.270174696780912993e-01
-9.388211521256832892e-01 3.214407820362507606e-01 -1.236559355726035564e-01
-9.480369886696478066e-01 2.946610334451865154e-01 -1.200035969847800393e-01
-9.562446295253022033e-01 2.685612720281347898e-01 -1.160653638844971469e-01
-9.634932576967407680e-01 2.432506034857256083e-01 -1.118481130628566494e-01
-9.698379762214200950e-01 2.188335463631418953e-01 -1.073605606988536354e-01
-9.753388493264977255e-01 1.954092776921406704e-01 -1.026131145401383282e-01
-9.800598514773551928e-01 1.730710114952663525e-01 -9.761771120856482797e-02
-9.840677514767337541e-01 1.519055156776001891e-01 -9.238764434792028080e-02
-9.874309590270564652e-01 1.319927670951241416e-01 -8.693738926806296452e-02
-9.902183603585882343e-01 1.134057392187858282e-01 -8.128242942690734607e-02
-9.924981678176774125e-01 9.621031205282604137e-02 -7.543908956251831055e-02
-9.943368059087914768e-01 8.046528999977789476e-02 -6.942437958443405110e-02
-9.957978534182213570e-01 6.622251031422972389e-02 -6.325585250373556845e-02
-9.969410581437941898e-01 5.352702271197116307e-02 -5.695147877402506609e-02
-9.978214376248323303e-01 4.241731960313525202e-02 -5.052953847693133355e-02
-9.984884762908925460e-01 3.292559625328614348e-02 -4.400853185791511746e-02
-9.989854267678091038e-01 2.507802086579651729e-02 -3.740710783658696137e-02
-9.993487207915844328e-01 1.889499601980170959e-02 -3.074400930903107079e-02
-9.994624557387626895e-01 1.115155529027570154e-02 -3.083055522018774558e-02
-9.995188348742420903e-01 3.397168869239029602e-03 -3.083242984851794488e-02
-9.995177022090868668e-01 -4.346448984929299729e-03 -3.074983076467631762e-02
-9.994595343745569238e-01 -1.205766873207653189e-02 -3.058320585050206333e-02
-9.993454320253570833e-01 -1.971502030938571473e-02 -3.033325109414401408e-02
-9.991771041152511801e-01 -2.729726672921125794e-02 -3.000090719008010817e-02
-9.989568452824244549e-01 -3.478347592780627745e-02 -2.958735498295883212e-02
-9.986875066720258820e-01 -4.215309031071402812e-02 -2.909400980978989193e-02
-9.983724606070590868e-01 -4.938599348491386209e-02 -2.852251480925665009e-02
-9.980155595947266534e-01 -5.646257372156027188e-02 -2.787473327947964305e-02
-9.976210902222134580e-01 -6.336378375480629377e-02 -2.715274017614848975e-02
-9.971937225527331972e-01 -7.007119659004587553e-02 -2.635881285134012222e-02
-9.967384556787508565e-01 -7.656705706709908410e-02 -2.549542113940255622e-02
-9.962605601242437992e-01 -8.283432899848658382e-02 -2.456521689992268928e-02
-9.957655178115492056e-01 -8.885673777807615026e-02 -2.357102312900051858e-02
-9.952589603209540670e-01 -9.461880842916500778e-02 -2.251582274887394333e-02
-9.947466061731241593e-01 -1.001058991317248376e-01 -2.140274718249398148e-02
-9.942341978564038785e-01 -1.053042303344700198e-01 -2.023506481411129279e-02
-9.937274393037688336e-01 -1.102009096171928659e-01 -1.901616942952120276e-02
-9.932319344987563525e-01 -1.147839525212437928e-01 -1.774956872058506066e-02
-9.927531278570996820e-01 -1.190422996101596353e-01 -1.643887292828968838e-02
-9.922962469921667861e-01 -1.229658300575554031e-01 -1.508778368723297063e-02
-9.918662484287776859e-01 -1.265453720850433228e-01 -1.370008312235257431e-02
-9.914677667826344853e-01 -1.297727105889301125e-01 -1.227962323626828438e-02
-9.911050678724724339e-01 -1.326405923008096843e-01 -1.083031561310270063e-02
-9.907820061800536315e-01 -1.351427288241801583e-01 -9.356121452382723525e-03
-9.905019870200930665e-01 -1.372737978773352907e-01 -7.861041934889012595e-03
-9.902679337288080585e-01 -1.390294430526612390e-01 -6.349108911371545948e-03
-9.900822601265664158e-01 -1.404062723749058827e-01 -4.824375895117567412e-03
-9.899468484574759364e-01 -1.414018559069118719e-01 -3.290909330643494637e-03
-9.898630329569932940e-01 -1.420147226117449146e-01 -1.752780103451483280e-03
-9.898315891478846051e-01 -1.422443566362185108e-01 -2.140552499767644362e-04
-9.898527289152022623e-01 -1.420911931336783784e-01 1.321210177348989623e-03
-9.899261013623302796e-01 -1.415566136947666309e-01 2.848981137517649174e-03
-9.900507994025069536e-01 -1.406429414049478466e-01 4.365250569268040032e-03
-9.902253719934455134e-01 -1.393534354980558165e-01 5.866047347855971560e-03
-9.904478418766283765e-01 -1.376922855271932866e-01 7.347444275279244562e-03
-9.907157286374305150e-01 -1.356646049291312939e-01 8.805566144845136667e-03
-9.910260768573956325e-01 -1.332764238169937554e-01 1.023659791536401208e-02
-9.913754890857288116e-01 -1.305346807994887670e-01 1.163679302329843554e-02
-9.917601633134888184e-01 -1.274472135941782380e-01 1.300248185305323372e-02
-9.921759345912297690e-01 -1.240227481780746821e-01 1.433008037644491715e-02
-9.926183203892572360e-01 -1.202708862019045977e-01 1.561609896244892624e-02
-9.930825692596105814e-01 -1.162020903852256926e-01 1.685715134782113725e-02
-9.935637123208764798e-01 -1.118276676086203542e-01 1.804996374837379916e-02
-9.940566170515644506e-01 -1.071597494266248868e-01 1.919138407981632599e-02
-9.945560428457238533e-01 -1.022112697409259946e-01 2.027839124641720239e-02
-9.950566977564934135e-01 -9.699593939750116023e-02 2.130810444557602185e-02
-9.955532958301333002e-01 -9.152821750343544116e-02 2.227779242698259971e-02
-9.960406144155902197e-01 -8.582327929855181059e-02 2.318488263664138238e-02
-9.965135508235524187e-01 -7.989698046298296386e-02 2.402697016889505585e-02
-9.969671777049878836e-01 -7.376581779344196232e-02 2.480182644390903010e-02
-9.973967965229360022e-01 -6.744688623709420294e-02 2.550740752406484638e-02
-9.977979885033478880e-01 -6.095783233132415907e-02 2.614186198050509613e-02
-9.981666624713819713e-01 -5.431680415893384156e-02 2.670353822078162451e-02
-9.984990990089208651e-01 -4.754239798992686283e-02 2.719099119024140712e-02
-9.987919904071445032e-01 -4.065360184149619666e-02 2.760298836344791257e-02
-9.990424759345111205e-01 -3.366973624561347966e-02 2.793851494753426049e-02
-9.992481719949853902e-01 -2.661039256722391722e-02 2.819677822681844470e-02
-9.994071968131106320e-01 -1.949536926408006535e-02 2.837721098712887857e-02
-9.995181893506399629e-01 -1.234460652042930658e-02 2.847947396889013300e-02
-9.995803222328278892e-01 -5.178119720006021942e-03 2.850345730985991491e-02
-9.995933085398760465e-01 1.984067751817289796e-03 2.844928095120868167e-02
-9.995574023990481116e-01 9.121991871942861096e-03 2.831729399408321191e-02
-9.994733933941529758e-01 1.621581499969016599e-02 2.810807300756697560e-02
-9.993425948899306022e-01 2.324589204825268027e-02 2.782241930270577118e-02
-9.991668264478650308e-01 3.019283531728026923e-02 2.746135520067134739e-02
-9.989483905856419987e-01 3.703757752049352536e-02 2.702611933586493778e-02
-9.986900442035088199e-01 4.376143257500426931e-02 2.651816104651517902e-02
-9.983949650659619257e-01 5.034615375953079702e-02 2.593913391583037645e-02
-9.980667137854282167e-01 5.677398889583365471e-02 2.529088853579175220e-02
-9.977091918050660091e-01 6.302773226017369113e-02 2.457546457303585660e-02
-9.973265959198365227e-01 6.909077298800905820e-02 2.379508222183392141e-02
-9.969233699081759825e-01 7.494713979403135051e-02 2.295213313284923465e-02
-9.965041538707237745e-01 8.058154188949753771e-02 2.204917090810959435e-02
-9.960737318876550228e-01 8.597940603817010030e-02 2.108890125249154521e-02
-9.956369786124508181e-01 9.112690974962020518e-02 2.007417187004706741e-02
-9.951988054178115828e-01 9.601101066286793495e-02 1.900796218982772276e-02
-9.947641066994360459e-01 1.006194722231506383e-01 1.789337300063196731e-02
-9.943377069262342438e-01 1.049408857990078575e-01 1.673361606750827998e-02
-9.939243090019779236e-01 1.089646894250090453e-01 1.553200379510667056e-02
-9.935284444742563670e-01 1.126811833866813856e-01 1.429193899432039221e-02
-9.931544260927440693e-01 1.160815428880700578e-01 1.301690479934732719e-02
-9.928063031810528960e-01 1.191578280586317734e-01 1.171045477258074279e-02
-9.924878202456521858e-01 1.219029915647674295e-01 1.037620322486541152e-02
-9.922023792022536259e-01 1.243108840923673325e-01 9.017815768873477245e-03
-9.919530055553671399e-01 1.263762579605697545e-01 7.639000113898810479e-03
-9.917423188210358065e-01 1.280947691139709133e-01 6.243497101455753283e-03
-9.915725074365604463e-01 1.294629777213581467e-01 4.835071972894393333e-03
-9.914453083547400958e-01 1.304783475843703799e-01 3.417505852982399058e-03
-9.913619914740930961e-01 1.311392445301191589e-01 1.994587427199705221e-03
-9.913233490109133461e-01 1.314449339286045682e-01 5.701047854663227228e-04
-9.913296898740081575e-01 1.313955774396645404e-01 -8.521625987340569666e-04
-9.913808390586384967e-01 1.309922290561721381e-01 -2.268451787299294222e-03
-9.914761420325802765e-01 1.302368304712319957e-01 -3.675024229051900536e-03
-9.916144740443538774e-01 1.291322057582160732e-01 -5.068173578106684521e-03
-9.917942542415230101e-01 1.276820553145956438e-01 -6.444233511645140050e-03
-9.920134644455481654e-01 1.258909489846185004e-01 -7.799585576744242146e-03
-9.922696723890244153e-01 1.237643182428474486e-01 -9.130667091761406062e-03
-9.925600591813030782e-01 1.213084472912602657e-01 -1.043397912252391757e-02
-9.928814507296201963e-01 1.185304628977738584e-01 -1.170609454733774479e-02
-9.932303528051112940e-01 1.154383227843743670e-01 -1.294366621776643286e-02
-9.936029894067484047e-01 1.120408023590786228e-01 -1.414343521440462881e-02
-9.939953440416131603e-01 1.083474795781763506e-01 -1.530223918866822387e-02
-9.944032035074299447e-01 1.043687177239295133e-01 -1.641702077314347377e-02
-9.948222037333895873e-01 1.001156458883210171e-01 -1.748483603449028922e-02
-9.952478772085241454e-01 9.560013696558279650e-02 -1.850286293449584368e-02
-9.956757015038097958e-01 9.083478297497273035e-02 -1.946840975684110270e-02
-9.961011483753707818e-01 8.583286756032981746e-02 -2.037892344968901537e-02
-9.965197329222202915e-01 8.060833554387657196e-02 -2.123199782753480355e-02
-9.969270622634732737e-01 7.517575944796080212e-02 -2.202538157006827396e-02
-9.973188831974292290e-01 6.955030293919192697e-02 -2.275698595125838497e-02
-9.976911283087958049e-01 6.374768119385151866e-02 -2.342489222863047144e-02
-9.980399600009652872e-01 5.778411823054965812e-02 -2.402735862088619181e-02
-9.983618119479041875e-01 5.167630130476919686e-02 -2.456282680170164198e-02
-9.986534274849661053e-01 4.544133250903268501e-02 -2.502992783877938665e-02
-9.989118944897420471e-01 3.909667777074775363e-02 -2.542748751003490876e-02
-9.991346763426954825e-01 3.266011348613762078e-02 -2.575453093313548672e-02
-9.993196386024144617e-01 2.614967107187459242e-02 -2.601028645040678877e-02
-9.994650710812887917e-01 1.958357975500137765e-02 -2.619418871826596773e-02
-9.995697050635852232e-01 1.298020795544090403e-02 -2.630588095867893161e-02
-9.996327254683869956e-01 6.358003642983157261e-03 -2.634521633948814015e-02
-9.996537778237074567e-01 -2.645659286216409806e-04 -2.631225846060176315e-02
-9.996329699842112504e-01 -6.869074694478525221e-03 -2.620728093373818693e-02
-9.995708685922234382e-01 -1.343719803665567245e-02 -2.603076605442863206e-02
-9.994684903489058359e-01 -1.995077240819153122e-02 -2.578340257603367255e-02
-9.993272882284364167e-01 -2.639185391360198557e-02 -2.546608260636506679e-02
-9.991491328315960097e-01 -3.274277545395980205e-02 -2.507989765786803812e-02
-9.989362891352526752e-01 -3.898620206907479901e-02 -2.462613389197194913e-02
-9.986913889498473251e-01 -4.510518414006881027e-02 -2.410626660694188336e-02
-9.984173994472498315e-01 -5.108320815188091557e-02 -2.352195402617121914e-02
-9.981175881655436344e-01 -5.690424475598902104e-02 -2.287503045019027847e-02
-9.977954849348347199e-01 -6.255279391782918308e-02 -2.216749884061017944e-02
-9.974548411986655649e-01 -6.801392697990221725e-02 -2.140152290769560886e-02
-9.970995872288085371e-01 -7.327332551921575399e-02 -2.057941877522730806e-02
-9.967337877470529017e-01 -7.831731692535998102e-02 -1.970364629677768056e-02
-9.963615964761762811e-01 -8.313290667203476758e-02 -1.877680009652270970e-02
-9.959872101438423941e-01 -8.770780729917733443e-02 -1.780160040532870538e-02
-9.956148224580585460e-01 -9.203046416402120566e-02 -1.678088375919419006e-02
-9.952485785615271530e-01 -9.609007805659998402e-02 -1.571759362233478285e-02
-9.948925304552912463e-01 -9.987662480767878215e-02 -1.461477099143484830e-02
-9.945505938601119089e-01 -1.033808720442819379e-01 -1.347554503103438189e-02
-9.942265069576781134e-01 -1.065943932694702750e-01 -1.230312378286603156e-02
-9.939237914236818128e-01 -1.095095794585443649e-01 -1.110078498440505643e-02
-9.936457161316513131e-01 -1.121196483733037236e-01 -9.871867024145875719e-03
-9.933952638708283267e-01 -1.144186517994182639e-01 -8.619760053370876043e-03
-9.931751013838828746e-01 -1.164014809095499925e-01 -7.347897266620840792e-03
-9.929875529913916310e-01 -1.180638699469111208e-01 -6.059746355890522317e-03
-9.928345780302210155e-01 -1.194023984108875808e-01 -4.758801136921437733e-03
-9.927177522926386999e-01 -1.204144919087234700e-01 -3.448573339992895732e-03
-9.926382536124456202e-01 -1.210984218156674203e-01 -2.132584552447613566e-03
-9.925968517039324146e-01 -1.214533038611112226e-01 -8.143582959342806054e-04
-9.925939023192128507e-01 -1.214790957308435893e-01 5.025877819125040141e-04
-9.926293457496260242e-01 -1.211765937463740173e-01 1.814749623846818437e-03
-9.927027096575358200e-01 -1.205474286521529409e-01 3.118644411061456418e-03
-9.928131161860780374e-01 -1.195940605112306709e-01 4.410818166570670829e-03
-9.929592932562862906e-01 -1.183197726802577426e-01 5.687853336540711624e-03
-9.931395899236389324e-01 -1.167286648065098825e-01 6.946376370100158619e-03
-9.933519956295006059e-01 -1.148256447635632588e-01 8.183065315097767106e-03
-9.935941631472946511e-01 -1.126164194190421020e-01 9.394657443311218298e-03
-9.938634349886824593e-01 -1.101074841081420147e-01 1.057795691384654999e-02
-9.941568730017306121e-01 -1.073061106709552043e-01 1.172984247802415919e-02
-9.944712908612538538e-01 -1.042203339004591084e-01 1.284727522305816223e-02
-9.948032891215136120e-01 -1.008589362417532942e-01 1.392730634545038051e-02
-9.951492924735574341e-01 -9.723143058200926780e-02 1.496708493839829686e-02
-9.955055888240843531e-01 -9.334804097478878460e-02 1.596386577082593156e-02
-9.958683697902190879e-01 -8.921968115192197013e-02 1.691501702906050147e-02
-9.962337721854140904e-01 -8.485793069092500973e-02 1.781802798586982692e-02
-9.965979200563146456e-01 -8.027500872575887847e-02 1.867051655571662361e-02
-9.969569668192662659e-01 -7.548374511323842351e-02 1.947023668984023195e-02
-9.973071370386348278e-01 -7.049754899612653558e-02 2.021508556029692413e-02
-9.976447673876308597e-01 -6.533037473630473602e-02 2.090311047851435566e-02
-9.979663463362047349e-01 -5.999668522670954102e-02 2.153251549136243545e-02
-9.982685521200604928e-01 -5.451141262818209182e-02 2.210166759630736999e-02
-9.985482885600790448e-01 -4.888991661614264933e-02 2.260910251696698903e-02
-9.988027183224953420e-01 -4.314794026116454406e-02 2.305352998136400017e-02
-9.990292932369793100e-01 -3.730156370614835792e-02 2.343383844738905833e-02
-9.992257813221291363e-01 -3.136715583994561379e-02 2.374909922341481017e-02
-9.993902902054848658e-01 -2.536132420203409191e-02 2.399856993659088555e-02
-9.995212866675640129e-01 -1.930086338433375723e-02 2.418169730701230299e-02
-9.996176120860388314e-01 -1.320270222367718460e-02 2.429811919257458125e-02
-9.996784936063499716e-01 -7.083850101114202991e-03 2.434766587676628555e-02
-9.997035509180014490e-01 -9.613426815587656007e-04 2.433036057973930397e-02
-9.996927985706668407e-01 5.147812561163023909e-03 2.424641918155576517e-02
-9.996466438201492277e-01 1.122669068332013929e-02 2.409624915534282555e-02
-9.995658800502438268e-01 1.725850312450557394e-02 2.388044771698907484e-02
-9.994516758717125748e-01 2.322665073212267992e-02 2.359979920678497572e-02
-9.993055600529746618e-01 2.911477562699493066e-02 2.325527172684462365e-02
-9.991294024878681901e-01 3.490681159840353098e-02 2.284801306605799276e-02
-9.989253914531422973e-01 4.058703274040678655e-02 2.237934595153836387e-02
-9.986960074514716901e-01 4.614010006933236957e-02 2.185076267189607277e-02
-9.984439939741367454e-01 5.155110589412811861e-02 2.126391912305930845e-02
-9.981723255505819958e-01 5.680561574599510971e-02 2.062062833167537315e-02
-9.978841734794876572e-01 6.188970771053659697e-02 1.992285351429203336e-02
-9.975828696575204102e-01 6.679000904363423252e-02 1.917270073249963472e-02
-9.972718689374628909e-01 7.149372999049950772e-02 1.837241120500398076e-02
-9.969547104569713714e-01 7.598869476495435926e-02 1.752435333722092772e-02
-9.966349783829072662e-01 8.026336968212477441e-02 1.663101452748940237e-02
-9.963162625142663043e-01 8.430688847160523747e-02 1.569499280646885486e-02
-9.960021191795130902e-01 8.810907482907222310e-02 1.471898836282281228e-02
-9.956960328520082504e-01 9.166046229169491633e-02 1.370579500401429562e-02
-9.954013788906511673e-01 9.495231154602119805e-02 1.265829159608894243e-02
-9.951213877923249518e-01 9.797662529593678671e-02 1.157943352084733063e-02
-9.948591113187383872e-01 1.007261608325561164e-01 1.047224418296528910e-02
-9.946173908333147962e-01 1.031944404573774399e-01 9.339806593569571075e-03
-9.943988281543741925e-01 1.053757599147155111e-01 8.185255050674539873e-03
-9.942057591994665211e-01 1.072651949894191242e-01 7.011766930887415768e-03
-9.940402306627791340e-01 1.088586064214031451e-01 5.822554601041069096e-03
-9.939039799334500325e-01 1.101526432798856092e-01 4.620857453049360096e-03
-9.937984184277336430e-01 1.111447449278195887e-01 3.409934060422407411e-03
-9.937246184725770926e-01 1.118331416913183191e-01 2.193054450634059419e-03
-9.936833038425472164e-01 1.122168543304259969e-01 9.734924839905046388e-04
-9.936748440164088203e-01 1.122956923869686680e-01 -2.454816731217762844e-04
-9.936992521841783166e-01 1.120702514630497887e-01 -1.460608994676961848e-03
-9.937561870003174258e-01 1.115419094606736744e-01 -2.668648976298122234e-03
-9.938449580440211761e-01 1.107128217896404254e-01 -3.866386966772745494e-03
-9.939645349134080821e-01 1.095859155279039071e-01 -5.050641464536255627e-03
-9.941135598469643675e-01 1.081648824966549710e-01 -6.218271392390773561e-03
-9.942903637329445488e-01 1.064541711920881789e-01 -7.366183361464250998e-03
-9.944929853357293847e-01 1.044589774977003477e-01 -8.491338932427407171e-03
-9.944267702341202941e-01 1.053919321993816854e-01 -2.831652425619224367e-03
-9.941756798027125974e-01 1.077357517874760334e-01 2.793739768769744856e-03
-9.937316788647634347e-01 1.114782373669184340e-01 8.368588104588689860e-03
-9.930817815674422011e-01 1.166022793712359895e-01 1.387677129762597029e-02
-9.922083364274230100e-01 1.230858196293879575e-01 1.930234492508524358e-02
-9.910893923639989556e-01 1.309018071395785521e-01 2.462959574888654371e-02
-9.896991415158282734e-01 1.400181552450747435e-01 2.984310279018795656e-02
-9.880084334034103799e-01 1.503977091167329749e-01 3.492780581377961935e-02
-9.859853536431839593e-01 1.619982332901977184e-01 3.986908145908001772e-02
-9.835958589648110539e-01 1.747724294274377865e-01 4.465282679374485419e-02
-9.808044587741697740e-01 1.886679944285156452e-01 4.926554958359986858e-02
-9.775749320025697298e-01 2.036277284815536937e-01 5.369446408852174280e-02
-9.738710665651199028e-01 2.195897015973809208e-01 5.792759072983487412e-02
-9.696574075066641818e-01 2.364874856438938244e-01 6.195385755376633247e-02
-9.648999989362591068e-01 2.542504569130198400e-01 6.576320106054572845e-02
-9.595671042329863010e-01 2.728041718865560350e-01 6.934666370154826676e-02
-9.536298888294685305e-01 2.920708162085647319e-01 7.269648518628181455e-02
-9.470630502096731851e-01 3.119697240372970026e-01 7.580618470141864407e-02
-9.398453806344302386e-01 3.324179620727443774e-01 7.867063123404974267e-02
-9.319602495409227139e-01 3.533309697815901207e-01 8.128609941254590077e-02
-9.250636758595446318e-01 3.718394689444517454e-01 7.741262375527464823e-02
-9.181848618707540988e-01 3.892939732243365092e-01 7.339529813245428136e-02
-9.113893560346668643e-01 4.056776099646230982e-01 6.924756375966065192e-02
-9.047401695098458152e-01 4.209781664375062959e-01 6.498241628238070333e-02
-8.982973003520796640e-01 4.351875564813355579e-01 6.061233453654844144e-02
-8.921173335673292515e-01 4.483012720458198763e-01 5.614922830471726772e-02
-8.862531130372349741e-01 4.603178329955195380e-01 5.160440436559472072e-02
-8.807534798326099867e-01 4.712382469983361077e-01 4.698854979903946405e-02
-8.756630703583685449e-01 4.810654897101656058e-01 4.231173125799363860e-02
-8.710221671064224402e-01 4.898040138455432291e-01 3.758340874649205438e-02
-8.668665944926327027e-01 4.974592941659827794e-01 3.281246233935730672e-02
-8.632276522737043489e-01 5.040374139741952142e-01 2.800723023326644537e-02
-8.601320793304566559e-01 5.095446974078954305e-01 2.317555651863426741e-02
-8.576020411158752355e-01 5.139873907004334219e-01 1.832484709532600925e-02
-8.556551347531549112e-01 5.173713946224808291e-01 1.346213221137488106e-02
-8.543044065883854676e-01 5.197020495337065782e-01 8.594134172523828358e-03
-8.535583779176554309e-01 5.209839738410197985e-01 3.727338842814310708e-03
-8.534210755876404653e-01 5.212209561589796758e-01 -1.131930374553200697e-03
-8.538920651857507815e-01 5.204159010719110467e-01 -5.977437326780911733e-03
-8.549664855685030762e-01 5.185708280765121136e-01 -1.080295787485431244e-02
-8.566350845060739516e-01 5.156869230070232346e-01 -1.560220580185596104e-02
-8.588842562301745032e-01 5.117646409807118379e-01 -2.036876102070402789e-02
-8.616960826454386213e-01 5.068038596187025568e-01 -2.509600123395973673e-02
-8.650483808850072398e-01 5.008040809671625571e-01 -2.977703820892334263e-02
-8.689147607409561935e-01 4.937646801406956887e-01 -3.440465985048603986e-02
-8.732646962593113571e-01 4.856851982118449707e-01 -3.897127927705879014e-02
-8.780636164342843220e-01 4.765656762616349851e-01 -4.346889212508722733e-02
-8.832730204405413454e-01 4.664070267766156630e-01 -4.788904331786091734e-02
-8.888506231763589893e-01 4.552114377265534251e-01 -5.222280452637591969e-02
-8.947505370228886479e-01 4.429828036918904144e-01 -5.646076351520967762e-02
-9.009234956231926272e-01 4.297271773502418513e-01 -6.059302649586499612e-02
-9.073171251182508001e-01 4.154532335071259852e-01 -6.460923449532679497e-02
-9.138762676186890088e-01 4.001727367106571176e-01 -6.849859458108902011e-02
-9.205433607204495106e-01 3.839010023780206615e-01 -7.224992655972420352e-02
-9.272588755803945482e-01 3.666573403491920624e-01 -7.585172548065036158e-02
-9.339618144583187176e-01 3.484654689455585208e-01 -7.929223992972601887e-02
-9.405902667269006034e-01 3.293538870285340203e-01 -8.255956569217826058e-02
-9.470820201927843129e-01 3.093561913077736425e-01 -8.564175390910544472e-02
-9.533752222242318775e-01 2.885113263175220766e-01 -8.852693235918011883e-02
-9.594090827297573343e-01 2.668637551292087906e-01 -9.120343798484752129e-02
-9.649701919481387113e-01 2.474918912479515676e-01 -8.706554514878710183e-02
-9.698914456853933164e-01 2.290578367101119839e-01 -8.272366994784477456e-02
-9.742170534655145708e-01 2.116311902876555906e-01 -7.818877419946003438e-02
-9.779922699210502612e-01 1.952766703711053820e-01 -7.347279937945350170e-02
-9.812626147206867655e-01 1.800538789480909674e-01 -6.858855488815705781e-02
-9.840730986414542025e-01 1.660171381225095666e-01 -6.354960809462191496e-02
-9.864674705298670521e-01 1.532153920594707674e-01 -5.837017847971444351e-02
-9.884874985901241917e-01 1.416921655090068732e-01 -5.306503776544250345e-02
-9.901722979363132282e-01 1.314855688380762722e-01 -4.764941743473277702e-02
-9.915577147453189522e-01 1.226283388039562661e-01 -4.213892453719157716e-02
-9.926757757328105169e-01 1.151479041265733860e-01 -3.654946616512220331e-02
-9.935542101154585248e-01 1.090664652358648568e-01 -3.089718249121312793e-02
-9.942160497686138854e-01 1.044010783397267550e-01 -2.519838780319588745e-02
-9.946793119698876806e-01 1.011637351231644555e-01 -1.946951856680706819e-02
-9.949567679450822544e-01 9.936143088629567632e-02 -1.372708720898910099e-02
-9.950557993948816460e-01 9.899621568906670499e-02 -7.987640047970978596e-03
-9.949783442540602874e-01 1.000652250222698048e-01 -2.267717612574052070e-03
-9.947209320831497115e-01 1.025606885946754726e-01 3.416184505722097073e-03
-9.942748086712794864e-01 1.064699179412597063e-01 9.047656135450030807e-03
-9.936261485911230817e-01 1.117752756438812473e-01 1.461041613309266990e-02
-9.927563535472871958e-01 1.184541309396293929e-01 2.008836074371384006e-02
-9.916424333595832419e-01 1.264788083000439323e-01 2.546561809649015504e-02
-9.902574652950758560e-01 1.358165371242161523e-01 3.072660989644876439e-02
-9.885711261953710194e-01 1.464294119306265018e-01 3.585612098617833171e-02
-9.865502904441343368e-01 1.582743732913934331e-01 4.083937700904102103e-02
-9.841596853101896025e-01 1.713032201711220393e-01 4.566212992342188332e-02
-9.813625936301293429e-01 1.854626642650626100e-01 5.031075061375286928e-02
-9.781215922269594909e-01 2.006944363480033522e-01 5.477232733911147067e-02
-9.743993129801943320e-01 2.169354535366438963e-01 5.903476827694170009e-02
-9.701592121621264164e-01 2.341180547487121677e-01 6.308690598195923482e-02
-9.653663326343363549e-01 2.521703095534668648e-01 6.691860121270987172e-02
-9.599880428553675404e-01 2.710164031205755664e-01 7.052084330325363026e-02
-9.539947364718597278e-01 2.905770971854803042e-01 7.388584409469525771e-02
-9.473604766193685078e-01 3.107702639816294354e-01 7.700712240573109879e-02
-9.400635699870455442e-01 3.315114870846919692e-01 7.987957612180035527e-02
-9.320870572111185082e-01 3.527147202234524603e-01 8.249953922023692265e-02
-9.234191082281802965e-01 3.742929924902727024e-01 8.486482141741917562e-02
-9.140533137761180926e-01 3.961591461752795307e-01 8.697472860863425526e-02
-9.039888671790624608e-01 4.182265917773564379e-01 8.883006285007714886e-02
-8.932306337652103911e-01 4.404100637066061807e-01 9.043310127677968435e-02
-8.837165514552073331e-01 4.600820444475079429e-01 8.584697190155853030e-02
-8.743229968572062694e-01 4.785147627879825505e-01 8.113600332308901208e-02
-8.651298766362184312e-01 4.957079753366077091e-01 7.631533602733937827e-02
-8.562125239867913740e-01 5.116663015116582613e-01 7.139915466273638600e-02
-8.476413319317795958e-01 5.263983817197323001e-01 6.640063807300018717e-02
-8.394814918907995693e-01 5.399160548282921912e-01 6.133193503254617124e-02
-8.317928249853644429e-01 5.522335695482590845e-01 5.620416330048216835e-02
-8.246296926285683337e-01 5.633668412966135186e-01 5.102742941765256446e-02
-8.180409726545140314e-01 5.733327632773194127e-01 4.581086660773172475e-02
-8.120700874685361503e-01 5.821485779898561974e-01 4.056268818358337025e-02
-8.067550713353186520e-01 5.898313132018363492e-01 3.529025397919220708e-02
-8.021286648665176822e-01 5.963972846296394792e-01 3.000014750180167791e-02
-7.982184259320114217e-01 6.018616661587106176e-01 2.469826170697533158e-02
-7.950468475230054732e-01 6.062381273846288998e-01 1.938989152240262748e-02
-7.926314744795830425e-01 6.095385375353529200e-01 1.407983146865962945e-02
-7.909850124134323313e-01 6.117727344032910519e-01 8.772476934082441141e-03
-7.901154235756359112e-01 6.129483567266881261e-01 3.471927846526466632e-03
-7.900260058186744372e-01 6.130707384641869151e-01 -1.817906360246844717e-03
-7.907154521700235916e-01 6.121428635543937347e-01 -7.093201468533739951e-03
-7.921778898680784664e-01 6.101653799943038692e-01 -1.235011378944691519e-02
-7.944028990107132593e-01 6.071366723580686742e-01 -1.758467692845136834e-02
-7.973755122361415593e-01 6.030529921637528545e-01 -2.279270086503988602e-02
-8.010761980985936503e-01 5.979086457349517270e-01 -2.796967424546019376e-02
-8.054808320192716753e-01 5.916962393525996289e-01 -3.311067086003357390e-02
-8.105606598834622645e-01 5.844069815081249786e-01 -3.821026137976268194e-02
-8.162822605088090322e-01 5.760310419128714665e-01 -4.326243155451240524e-02
-8.226075143109352616e-01 5.665579665543643006e-01 -4.826050821928143386e-02
-8.294935865150051546e-01 5.559771474863018925e-01 -5.319709460637726123e-02
-8.368929341693811530e-01 5.442783451715900167e-01 -5.806401660818858584e-02
-8.447533469637938941e-01 5.314522600510500627e-01 -6.285228176435270209e-02
-8.530180323829285038e-01 5.174911485816245937e-01 -6.755205284333001825e-02
-8.616257559721438586e-01 5.023894772895438621e-01 -7.215263793519485769e-02
-8.705110473845611985e-01 4.861446064475786755e-01 -7.664249895245883737e-02
-8.796044823457478401e-01 4.687574928648989281e-01 -8.100928033159289499e-02
-8.888330496453599183e-01 4.502333990514611473e-01 -8.523985952339790950e-02
-8.981206106868786510e-01 4.305825937902046374e-01 -8.932042054187110114e-02
-9.073884569582650883e-01 4.098210270485218576e-01 -9.323655139936914971e-02
-9.165559680166616152e-01 3.879709603360528281e-01 -9.697336568738053331e-02
-9.255413692337802756e-01 3.650615322349552438e-01 -1.005156478716282276e-01
-9.342625846932163247e-01 3.411292380637671040e-01 -1.038480210714519680e-01
-9.423744275364573930e-01 3.191098517674355040e-01 -1.004961916842760372e-01
-9.497118439336569296e-01 2.977510774070958322e-01 -9.691156295035123491e-02
-9.563094413249587644e-01 2.771364804063636833e-01 -9.310082255637093518e-02
-9.622054099713032160e-01 2.573461971234713430e-01 -8.907199992196809801e-02
-9.674408499260025440e-01 2.384564247624131328e-01 -8.483437106985562692e-02
-9.720590475128090269e-01 2.205389888732680048e-01 -8.039835501056188938e-02
-9.761047176433576000e-01 2.036609904850751052e-01 -7.577540475029638511e-02
-9.796232284333415974e-01 1.878845319529980351e-01 -7.097789594528891577e-02
-9.826598241910445841e-01 1.732665178680731499e-01 -6.601901601831867972e-02
-9.852588620302968891e-01 1.598585249854931334e-01 -6.091265623990860245e-02
-9.874630761945695223e-01 1.477067331633107883e-01 -5.567330887865008793e-02
-9.893128827690617078e-01 1.368519078269770095e-01 -5.031597106558792498e-02
-9.908457359018424393e-01 1.273294235177893641e-01 -4.485605652062885085e-02
-9.920955450441097945e-01 1.191693176508310525e-01 -3.930931577812684513e-02
-9.930921611306627872e-01 1.123963636834804103e-01 -3.369176504614511403e-02
-9.938609381144589694e-01 1.070301534437315821e-01 -2.801962335904879461e-02
-9.944223748835909760e-01 1.030851793388501692e-01 -2.230925725289277517e-02
-9.947918413447308650e-01 1.005709084996115887e-01 -1.657713182140629210e-02
-9.949793913542488433e-01 9.949184254720343235e-02 -1.083976670817189680e-02
-9.949896641998282609e-01 9.984755852855427272e-02 -5.113695366022219177e-03
-9.951255168387163064e-01 9.842342772346769630e-02 -6.176677528383162086e-03
-9.952839923316572079e-01 9.673551179576678205e-02 -7.220259761412876898e-03
-9.954633351221238158e-01 9.478892392703343328e-02 -8.241672817858690728e-03
-9.956615718666188553e-01 9.258945247236349818e-02 -9.238208941636839172e-03
-9.958765335946522246e-01 9.014354825626504086e-02 -1.020722863805066140e-02
-9.961058798873254627e-01 8.745831036019399707e-02 -1.114616740320953196e-02
-9.963471248203682462e-01 8.454147031965718317e-02 -1.205254240054981496e-02
-9.965976643984170158e-01 8.140137465054650412e-02 -1.292395906844152030e-02
-9.968548051905593566e-01 7.804696562936783155e-02 -1.375811763896123141e-02
-9.971157938629544581e-01 7.448776026026998620e-02 -1.455281954413116356e-02
-9.973778472929368810e-01 7.073382737316104285e-02 -1.530597368237291735e-02
-9.976381829406644197e-01 6.679576281154021855e-02 -1.601560251470586851e-02
-9.978940491493242249e-01 6.268466268571465383e-02 -1.667984795743132284e-02
-9.981427550433648044e-01 5.841209468648178582e-02 -1.729697703577290704e-02
-9.983816996963542634e-01 5.399006747574376652e-02 -1.786538726126872881e-02
-9.986084002460039466e-01 4.943099819342593182e-02 -1.838361169469546891e-02
-9.988205186437167926e-01 4.474767814399657762e-02 -1.885032365599790399e-02
-9.990158867397398446e-01 3.995323675029273380e-02 -1.926434104313125631e-02
-9.991925294225609822e-01 3.506110388668776112e-02 -1.962463022291241130e-02
-9.993486855524785772e-01 3.008497072732389810e-02 -1.993030945891462874e-02
-9.994828264540843721e-01 2.503874926761607764e-02 -2.018065184410514773e-02
-9.995936717604685384e-01 1.993653069797448121e-02 -2.037508770927364682e-02
-9.996802024329415337e-01 1.479254282719053362e-02 -2.051320648227164534e-02
-9.997416708135644647e-01 9.621106768734479647e-03 -2.059475797760185536e-02
-9.997776076033212389e-01 4.436593115935876311e-03 -2.061965310087118114e-02
-9.997878256958426801e-01 -7.466221586498681534e-04 -2.058796395794816950e-02
-9.997724208346517871e-01 -5.914201838672498643e-03 -2.049992336423273054e-02
-9.997317691003622109e-01 -1.105189139124063483e-02 -2.035592375513404703e-02
-9.996665212725490690e-01 -1.614556244486177114e-02 -2.015651550454017685e-02
-9.995775941485276483e-01 -2.118125558251395327e-02 -1.990240466362849792e-02
-9.994661589374600474e-01 -2.614522222347295810e-02 -1.959445013769254770e-02
-9.993336268825248059e-01 -3.102396538005843668e-02 -1.923366032363757819e-02
-9.991816322958299024e-01 -3.580427909104698381e-02 -1.882118923532374172e-02
-9.990120132198861969e-01 -4.047328635174161915e-02 -1.835833214792474341e-02
-9.988267899554104101e-01 -4.501847538113871311e-02 -1.784652079584787832e-02
-9.986281417176759989e-01 -4.942773408880146019e-02 -1.728731816147252576e-02
-9.984183817023473129e-01 -5.368938262740897277e-02 -1.668241289396962812e-02
-9.981999308565536744e-01 -5.779220394095957447e-02 -1.603361339874427235e-02
-9.979752906618022390e-01 -6.172547224272290078e-02 -1.534284163859539821e-02
-9.977470152421742400e-01 -6.547897938072666513e-02 -1.461212668752706959e-02
-9.975176831141656653e-01 -6.904305907132568532e-02 -1.384359807730765196e-02
-9.972898688936264744e-01 -7.240860900276742396e-02 -1.303947897540562451e-02
-9.970661152707051000e-01 -7.556711083022306374e-02 -1.220207923089600133e-02
-9.968489055557313572e-01 -7.851064810113767001e-02 -1.133378832240373828e-02
-9.966406370878240217e-01 -8.123192216467491067e-02 -1.043706823921399310e-02
-9.964435957839786751e-01 -8.372426613126830730e-02 -9.514446323424229426e-03
-9.962599320897668198e-01 -8.598165695769265093e-02 -8.568508097535409290e-03
-9.960916385738738388e-01 -8.799872573956116217e-02 -7.601890098276149407e-03
-9.959405293878285104e-01 -8.977076629673406971e-02 -6.617272733821736447e-03
-9.958082217897309407e-01 -9.129374213786092818e-02 -5.617373178003741245e-03
-9.956961199068646851e-01 -9.256429188830767041e-02 -4.604938311695176006e-03
-9.956054008870556249e-01 -9.357973326123616986e-02 -3.582737718383808070e-03
-9.955370035627734149e-01 -9.433806564485981705e-02 -2.553556738087062617e-03
-9.954916197254963794e-01 -9.483797137019187029e-02 -1.520189581280999161e-03
-9.954696880810022241e-01 -9.507881571327185533e-02 -4.854325024673431747e-04
-9.954713909291940110e-01 -9.506064567426776579e-02 5.479229685710095867e-04
-9.954966535850163778e-01 -9.478418756340005469e-02 1.577096740844083833e-03
-9.955451465301250469e-01 -9.425084341072206828e-02 2.599326825122589939e-03
-9.956162902584028140e-01 -9.346268620383045567e-02 3.611875949382479384e-03
-9.957092627523271844e-01 -9.242245394497415611e-02 4.612038129809764228e-03
-9.958230095017319705e-01 -9.113354250717509153e-02 5.597145199451504342e-03
-9.959562559518283509e-01 -8.959999725824063788e-02 6.564573295136126238e-03
-9.961075222436170939e-01 -8.782650341228169510e-02 7.511749301402195593e-03
-9.962751400871933116e-01 -8.581837506085920886e-02 8.436157247923715963e-03
-9.964572715871042874e-01 -8.358154283043270349e-02 9.335344654365151235e-03
-9.966519298190410492e-01 -8.112254010959463191e-02 1.020692881381196453e-02
-9.968570009389331465e-01 -7.844848778880793294e-02 1.104860300297983225e-02
-9.970702675891639499e-01 -7.556707745712787361e-02 1.185814260439006264e-02
-9.972894333523439903e-01 -7.248655300472772733e-02 1.263341112269508043e-02
-9.975121479910787903e-01 -6.921569058694389265e-02 1.337236607443212030e-02
-9.977360332026450340e-01 -6.576377691492737987e-02 1.407306472776052690e-02
-9.979587086106436189e-01 -6.214058584969146815e-02 1.473366966628031870e-02
-9.981778177117008877e-01 -5.835635329017378747e-02 1.535245414891378210e-02
-9.983910534942986859e-01 -5.442175036162285456e-02 1.592780723612801860e-02
-9.985961834489505140e-01 -5.034785492786042482e-02 1.645823865154540794e-02
-9.987910736942902101e-01 -4.614612146940196696e-02 1.694238334728172951e-02
-9.989737119522494879e-01 -4.182834938864244539e-02 1.737900574120642902e-02
-9.991422291173562842e-01 -3.740664982290940743e-02 1.776700359476162186e-02
-9.992949191802413811e-01 -3.289341106570929651e-02 1.810541150101692073e-02
-9.994302572835690457e-01 -2.830126271549877892e-02 1.839340395427219860e-02
-9.995469157096477097e-01 -2.364303868935940106e-02 1.863029797473169866e-02
-9.996437776226926308e-01 -1.893173925561685011e-02 1.881555526452705074e-02
-9.997199484148283632e-01 -1.418049225433025765e-02 1.894878387461679595e-02
-9.997747645330941069e-01 -9.402513687326627401e-03 1.902973936577609382e-02
-9.998077996945757828e-01 -4.611067869764737606e-03 1.905832545094111874e-02
-9.998188684279195604e-01 1.805726571662861699e-04 1.903459411050752170e-02
-9.998080269114291152e-01 4.959167248058544628e-03 1.895874517671325768e-02
-9.997755711102591647e-01 9.711547103485256016e-03 1.883112538786994514e-02
-9.997220322474056342e-01 1.442465484372302750e-02 1.865222691784828093e-02
-9.996481696747927526e-01 1.908558350537378767e-02 1.842268539077640543e-02
-9.995549612413034968e-01 2.368161476738653293e-02 1.814327739528304867e-02
-9.994435912836573399e-01 2.820025622280430966e-02 1.781491751672202237e-02
-9.993154363931993078e-01 3.262927752484858640e-02 1.743865490957160341e-02
-9.991720491365635448e-01 3.695674525040378716e-02 1.701566943554080891e-02
-9.990151399304916247e-01 4.117105634023441457e-02 1.654726739577581929e-02
-9.988465572905602663e-01 4.526096999297282708e-02 1.603487688789718979e-02
-9.986682666899929783e-01 4.921563790864831589e-02 1.548004282037962302e-02
-9.984823282779501374e-01 5.302463279686309844e-02 1.488442161799223562e-02
-9.982908737166198421e-01 5.667797508423001729e-02 1.424977565264469448e-02
-9.980960824030397083e-01 6.016615777494963013e-02 1.357796743404313979e-02
-9.979001573448869067e-01 6.348016943701906278e-02 1.287095359407316661e-02
-9.977053009595606703e-01 6.661151530415736211e-02 1.213077869783125290e-02
-9.975136910628586984e-01 6.955223649976530198e-02 1.135956891276800572e-02
-9.973274573075855409e-01 7.229492740381879279e-02 1.055952556554335016e-02
-9.971486583237081369e-01 7.483275119628189642e-02 9.732918613989807038e-03
-9.969792598004123541e-01 7.715945362122947349e-02 8.882080059106078201e-03
-9.968211137368473418e-01 7.926937502426023574e-02 8.009397319333894094e-03
-9.966759390727139012e-01 8.115746072188607940e-02 7.117306586583406307e-03
-9.965453038924135809e-01 8.281926976538885043e-02 6.208286180643222962e-03
-9.964306093774739637e-01 8.425098216318419042e-02 5.284849915816019691e-03
-9.963330756616460837e-01 8.544940462511965706e-02 4.349540490931413407e-03
-9.962537297216755849e-01 8.641197488950820571e-02 3.404922911371638643e-03
-9.961933954144979175e-01 8.713676468924867746e-02 2.453577949463246928e-03
-9.961526857487186248e-01 8.762248140734366086e-02 1.498095647592887804e-03
-9.961319974549143197e-01 8.786846846475562800e-02 5.410688667419046114e-04
-9.961315078957090341e-01 8.787470447513448524e-02 -4.149131181614829208e-04
-9.961511743329320989e-01 8.764180119181406992e-02 -1.367270975576729500e-03
-9.961907355456026680e-01 8.717100026293281290e-02 -2.313441627371428961e-03
-9.962497157691845295e-01 8.646416880091199741e-02 -3.250884511608625582e-03
-9.963274309036532772e-01 8.552379376314851733e-02 -4.177087797855997750e-03
-9.964229969155810052e-01 8.435297513196267361e-02 -5.089574554053996613e-03
-9.965353403378147679e-01 8.295541787388488464e-02 -5.985908862895360921e-03
-9.966632107495568826e-01 8.133542265154475315e-02 -6.863701884251521661e-03
-9.968051950999109456e-01 7.949787525598941973e-02 -7.720617858475014098e-03
-9.969597337193871756e-01 7.744823472341995363e-02 -8.554380043461361563e-03
-9.971251378466391424e-01 7.519252009826872529e-02 -9.362776576225459446e-03
-9.972996084819915064e-01 7.273729580437966746e-02 -1.014366624749789628e-02
-9.974812563652899478e-01 7.008965558788143868e-02 -1.089498417554120996e-02
-9.976681228634325382e-01 6.725720499919700390e-02 -1.161474736309235124e-02
-9.978582015427858165e-01 6.424804238749751151e-02 -1.230106011912400661e-02
-9.980494601937223154e-01 6.107073838871796695e-02 -1.295211932505130163e-02
-9.982398630688761321e-01 5.773431389789172863e-02 -1.356621952315678441e-02
-9.984273930935437802e-01 5.424821652786625259e-02 -1.414175780342636843e-02
-9.986100738060635917e-01 5.062229556922510226e-02 -1.467723846373734410e-02
-9.987859907880818344e-01 4.686677548021139783e-02 -1.517127741746478881e-02
-9.989533123494075406e-01 4.299222795034044614e-02 -1.562260632211456314e-02
-9.991103092396960150e-01 3.900954259689096842e-02 -1.603007640257960928e-02
-9.992553731694601149e-01 3.492989636923964775e-02 -1.639266194307130095e-02
-9.993870339358317256e-01 3.076472175170489806e-02 -1.670946342270757112e-02
-9.995039749639729187e-01 2.652567387083948000e-02 -1.697971027114139955e-02
-9.996050470929237486e-01 2.222459662761052876e-02 -1.720276322247237671e-02
-9.996892804547710121e-01 1.787348798829476587e-02 -1.737811624797417492e-02
-9.997558943180948621e-01 1.348446457988468350e-02 -1.750539805085498529e-02
-9.998043047904244807e-01 9.069725746067645866e-03 -1.758437310929915690e-02
-9.998341302995931157e-01 4.641517228161839634e-03 -1.761494225736059613e-02
-9.998451948000909306e-01 2.120946415744536309e-04 -1.759714279682857152e-02
-9.998375286774073833e-01 -4.206313077758037575e-03 -1.753114813689527277e-02
-9.998113673505519827e-01 -8.601540080971283031e-03 -1.741726696224875359e-02
-9.997671476000622448e-01 -1.296151969283624791e-02 -1.725594193401960158e-02
-9.997055016754607948e-01 -1.727432000548979191e-02 -1.704774793174963429e-02
-9.996272492619391326e-01 -2.152817881313272286e-02 -1.679338984815305358e-02
-9.995333874106591132e-01 -2.571153772926427009e-02 -1.649369995183535761e-02
-9.994250785601475062e-01 -2.981307533778040225e-02 -1.614963483625948132e-02
-9.993036367975061118e-01 -3.382173924078205746e-02 -1.576227197604562411e-02
-9.991705125273022681e-01 -3.772677687895058252e-02 -1.533280591411355365e-02
-9.990272757328263475e-01 -4.151776501455368973e-02 -1.486254410518589829e-02
-9.988755980287103986e-01 -4.518463778222602673e-02 -1.435290244274081001e-02
-9.987172337155713064e-01 -4.871771322829124978e-02 -1.380540049761620064e-02
-9.985540000562831420e-01 -5.210771827521925442e-02 -1.322165649712055135e-02
-9.983877569996508772e-01 -5.534581206351081584e-02 -1.260338207370325335e-02
-9.982203865806605902e-01 -5.842360763855183881e-02 -1.195237681199727738e-02
-9.980537722271602963e-01 -6.133319196448164257e-02 -1.127052262239546312e-02
-9.978897782008645523e-01 -6.406714426060261536e-02 -1.055977796829452031e-02
-9.977302293960870205e-01 -6.661855266808444642e-02 -9.822171972781441537e-03
-9.975768917127340041e-01 -6.898102926548532743e-02 -9.059798428895423500e-03
-9.974314532110017950e-01 -7.114872346076848986e-02 -8.274809735729528673e-03
-9.972955062440957974e-01 -7.311633379492282758e-02 -7.469410780598866040e-03
-9.971705307523247575e-01 -7.487911819793459378e-02 -6.645852785356435102e-03
-9.970578788873194487e-01 -7.643290274168491882e-02 -5.806427132745086046e-03
-9.969587611190946497e-01 -7.777408893638881882e-02 -4.953459186494302974e-03
-9.968742339614126147e-01 -7.889965961751592427e-02 -4.089302116761317149e-03
-9.968051894326266371e-01 -7.980718346884965730e-02 -3.216330740531428162e-03
-9.967523463500772563e-01 -8.049481822459642055e-02 -2.336935384781435067e-03
-9.967162435363686734e-01 -8.096131258942776410e-02 -1.453515778616091148e-03
-9.966972349956589872e-01 -8.120600691023238671e-02 -5.684749792470891435e-04
-9.966954870976162395e-01 -8.122883262739898080e-02 3.157866643734777564e-04
-9.967109777861008491e-01 -8.103031052689003977e-02 1.196877507206591234e-03
-9.967434978090852216e-01 -8.061154780745534432e-02 2.072420560444102316e-03
-9.967926539459649460e-01 -7.997423397033265324e-02 2.940059397982038893e-03
-9.968578741884102090e-01 -7.912063553194931265e-02 3.797464014335849309e-03
-9.969384148113871191e-01 -7.805358955372544705e-02 4.642336630772417316e-03
-9.970333692520949587e-01 -7.677649597732413844e-02 5.472417445634931120e-03
-9.971416786964630852e-01 -7.529330874881934310e-02 6.285490323777797456e-03
-9.972621442556693916e-01 -7.360852571145547196e-02 7.079388418743486761e-03
-9.973934405990312335e-01 -7.172717724412411289e-02 7.851999719841266587e-03
-9.975341308947212049e-01 -6.965481362152413369e-02 8.601272514674022235e-03
-9.976826828962250815e-01 -6.739749107230419423e-02 9.325220755952651555e-03
-9.978374860004275426e-01 -6.496175651338077783e-02 1.002192931968977005e-02
-9.979968690928288089e-01 -6.235463094210648427e-02 1.068955914012926015e-02
-9.981591189867987657e-01 -5.958359147302198094e-02 1.132635220509975449e-02
-9.983224992570880474e-01 -5.665655201250605066e-02 1.193063639393190586e-02
-9.984852692631636106e-01 -5.358184257265016792e-02 1.250083013870257991e-02
-9.986457031554123454e-01 -5.036818723499524725e-02 1.303544688841211906e-02
-9.988021086569474072e-01 -4.702468078521236661e-02 1.353309935480698396e-02
-9.989528454157212689e-01 -4.356076405118768785e-02 1.399250351796732343e-02
-9.990963427259236251e-01 -3.998619798905819755e-02 1.441248236951851724e-02
-9.992311164242350108e-01 -3.631103657429059217e-02 1.479196937142095158e-02
-9.993557847753842260e-01 -3.254559856763543368e-02 1.513001160875862734e-02
-9.994690831725646651e-01 -2.870043823844728448e-02 1.542577261579098670e-02
-9.995698774914985041e-01 -2.478631514016030324e-02 1.567853485575095018e-02
-9.996571759521759581e-01 -2.081416304437315457e-02 1.588770183645386511e-02
-9.997301393593639451e-01 -1.679505815076342765e-02 1.605279984570591803e-02
-9.997880896116815297e-01 -1.274018669967400333e-02 1.617347929273749152e-02
-9.998305163891444414e-01 -8.660812122470551433e-03 1.624951564439964732e-02
-9.998570819503342921e-01 -4.568241871469474503e-03 1.628080994760636169e-02
-9.998676239924630949e-01 -4.737940762230838723e-04 1.626738893243160483e-02
-9.998621565502906483e-01 3.611235823892543564e-03 1.620940469332408235e-02
-9.998408689327963339e-01 7.675608319585352536e-03 1.610713394902622830e-02
-9.998041227193941172e-01 1.170817279352451279e-02 1.596097688491833477e-02
-9.997524468599948699e-01 1.569790005625183726e-02 1.577145558459438698e-02
-9.996865309450595483e-01 1.963391431263832379e-02 1.553921206045531279e-02
-9.996072167326487401e-01 2.350552442159494285e-02 1.526500589592304571e-02
-9.995154880390909602e-01 2.730225431955437404e-02 1.494971151448437445e-02
-9.994124591180069128e-01 3.101387248747958583e-02 1.459431509312215589e-02
-9.992993616688186087e-01 3.463042035161756349e-02 1.419991113974459693e-02
-9.991775306303518622e-01 3.814223951966974613e-02 1.376769875595039092e-02
-9.990483889275493246e-01 4.153999776624400092e-02 1.329897760784578935e-02
-9.989134313495323658e-01 4.481471369412454164e-02 1.279514362864546395e-02
