1.000000000000000000e+00 0.000000000000000000e+00 0.000000000000000000e+00
9.999998541693306819e-01 2.764111563052185582e-04 -4.639800906277238173e-04
9.999992805203569146e-01 7.678454767027888608e-04 -9.216384778655253764e-04
9.999979779710977956e-01 1.470936059964752293e-03 -1.371305416745078514e-03
9.999955236674541448e-01 2.381546144001269686e-03 -1.811352757023777446e-03
9.999913840180186808e-01 3.494789537368014551e-03 -2.240199723850019430e-03
9.999849277055561370e-01 4.805053626913425788e-03 -2.656318500764627208e-03
9.999754404376679506e-01 6.306024897783708838e-03 -3.058239598194902389e-03
9.999621411747717792e-01 7.990716896608896641e-03 -3.444556990306117152e-03
9.999441995533079330e-01 9.851500561640226528e-03 -3.813933002783007585e-03
9.999207542063142107e-01 1.188013683488548487e-02 -4.165102933873559600e-03
9.998909316723832985e-01 1.406781146096429402e-02 -4.496879390891113382e-03
9.998538655776921802e-01 1.640517186562769764e-02 -4.808156324387957530e-03
9.998087157743431597e-01 1.888236599387776299e-02 -5.097912742429078735e-03
9.997546871216970166e-01 2.148908297367073394e-02 -5.365216087847264094e-03
9.996910476056509731e-01 2.421459545663409013e-02 -5.609225262081179476e-03
9.996171455037735631e-01 2.704780347245990674e-02 -5.829193280208318229e-03
9.995324253216475441e-01 2.997727961906897914e-02 -6.024469543096650295e-03
9.994364422474003584e-01 3.299131539670206725e-02 -6.194501714213907460e-03
9.993288748968566226e-01 3.607796848121459787e-02 -6.338837190542389102e-03
9.992095361506019291e-01 3.922511072044160968e-02 -6.457124159230160157e-03
9.990783819160106161e-01 4.242047662794102419e-02 -6.549112234036947970e-03
9.989355176814154191e-01 4.565171214105186864e-02 -6.614652668266185823e-03
9.987812027655046387e-01 4.890642340529824383e-02 -6.653698143667246059e-03
9.986158522020980310e-01 5.217222534494205671e-02 -6.666302137691453543e-03
9.984400362380422278e-01 5.543678978007517133e-02 -6.652617874435092470e-03
9.982544774594434012e-01 5.868789285410296735e-02 -6.612896867543024450e-03
9.980600455981805119e-01 6.191346154178413441e-02 -6.547487066217872603e-03
9.978577501060102994e-01 6.510161901705248388e-02 -6.456830618223636555e-03
9.976487306170139790e-01 6.824072867147755461e-02 -6.341461266334218194e-03
9.974342454501113897e-01 7.131943658817228859e-02 -6.202001397006770729e-03
9.972156583314206735e-01 7.432671229191989415e-02 -6.039158762114040478e-03
9.969944235409609057e-01 7.725188761390731906e-02 -5.853722896313796192e-03
9.967720697092551374e-01 8.008469352832377208e-02 -5.646561254040912033e-03
9.965501825065401498e-01 8.281529483778680978e-02 -5.418615091162198340e-03
9.963303864803508825e-01 8.543432260466429784e-02 -5.170895117028988935e-03
9.961143263061338349e-01 8.793290424543838413e-02 -4.904476943001144680e-03
9.959036477202318771e-01 9.030269122489557876e-02 -4.620496353511215071e-03
9.956999784051338009e-01 9.253588430574104240e-02 -4.320144425410615309e-03
9.955049090934221523e-01 9.462525632688079114e-02 -4.004662520720307130e-03
9.953199751495586112e-01 9.656417249979772077e-02 -3.675337177032722991e-03
9.951466388777672201e-01 9.834660822692689597e-02 -3.333494918721062114e-03
9.949862727900828929e-01 9.996716445853401356e-02 -2.980497010852040541e-03
9.948401440514528238e-01 1.014210806152056471e-01 -2.617734176316385136e-03
9.947094002989521622e-01 1.027042451116218225e-01 -2.246621295236428482e-03
9.945950570100690058e-01 1.038132035238171769e-01 -1.868592104229947672e-03
9.944979865710065203e-01 1.047451644467233822e-01 -1.485093911649615003e-03
9.944189091704199734e-01 1.054980030915559225e-01 -1.097582343520459199e-03
9.943583856173395796e-01 1.060702626737460713e-01 -7.075161336012776581e-04
9.943168121546024363e-01 1.064611536418502979e-01 -3.163519698322392912e-04
9.942944173112934214e-01 1.066705507964532118e-01 7.446059157414496466e-05
9.942912608098380955e-01 1.066989883458018123e-01 4.634841339688838477e-04
9.943072345158360248e-01 1.065476529420676804e-01 8.492983002372576484e-04
9.943420653918035867e-01 1.062183747390345878e-01 1.230504615556343630e-03
9.943953203900154358e-01 1.057136165089533064e-01 1.605731203843704935e-03
9.944664131948931507e-01 1.050364608535807182e-01 1.973637388872467088e-03
9.945546127021570593e-01 1.041905955422925828e-01 2.332918170933256929e-03
9.946590531004964042e-01 1.031802970088652321e-01 2.682308569685043931e-03
9.947787454020525777e-01 1.020104120382610141e-01 3.020587823481644344e-03
9.949125902507762742e-01 1.006863376756844120e-01 3.346583435019491980e-03
9.950593918229014845e-01 9.921399939241258570e-02 3.659175052659152834e-03
9.952178726215494819e-01 9.759982754650957382e-02 3.957298176263849589e-03
9.953866889579794375e-01 9.585073218152062591e-02 4.239947675909635540e-03
9.955644469053608336e-01 9.397407621257544696e-02 4.506181111390047955e-03
9.957497185072324841e-01 9.197764705692020037e-02 4.755121840097900274e-03
9.959410580220975362e-01 8.986962677461735050e-02 4.985961900650468827e-03
9.961370179878882292e-01 8.765856079482538254e-02 5.197964659560364888e-03
9.963361648953052985e-01 8.535332531348888141e-02 5.390467208366942105e-03
9.965370942672194809e-01 8.296309345919448963e-02 5.562882498951142451e-03
9.967384449523218892e-01 8.049730033511842686e-02 5.714701205273419772e-03
9.969389124548667658e-01 7.796560705613299336e-02 5.845493300506697867e-03
9.971372611384780038e-01 7.537786391097153760e-02 5.954909339484877259e-03
9.973323351603549103e-01 7.274407278959728329e-02 6.042681437546377002e-03
9.975230680125428684e-01 7.007434902531597953e-02 6.108623938209544434e-03
9.977084905689161953e-01 6.737888280946939534e-02 6.152633763654750780e-03
9.978877375598275146e-01 6.466790034352813688e-02 6.174690443683551744e-03
9.980600524206341140e-01 6.195162489888297874e-02 6.174855820650936890e-03
9.982247904851401232e-01 5.924023795846740381e-02 6.153273429791340440e-03
9.983814205200030045e-01 5.654384061642724058e-02 6.110167556348992599e-03
9.985295246209340281e-01 5.387241541232741515e-02 6.045841972943132026e-03
9.986687965156917368e-01 5.123578877483914162e-02 5.960678362612814411e-03
9.987990383420308760e-01 4.864359424651677061e-02 5.855134434959448353e-03
9.989300817911415109e-01 4.582942680910165323e-02 6.193243016791581332e-03
9.990597534714195094e-01 4.286354945118468068e-02 6.505852915704346019e-03
9.991862519629491901e-01 3.975807024740021789e-02 6.791966373700671945e-03
9.993078470835606852e-01 3.652554791119898975e-02 7.050690755488336903e-03
9.994229047216306450e-01 3.317894260055419264e-02 7.281241510301333236e-03
9.995299099195233961e-01 2.973156504359378977e-02 7.482944721088878766e-03
9.996274878814763731e-01 2.619702418328141366e-02 7.655239221610900952e-03
9.997144226140421974e-01 2.258917356212567992e-02 7.797678263998566658e-03
9.997896729459005982e-01 1.892205668795235440e-02 7.909930721825771810e-03
9.998523857163240658e-01 1.520985163940685204e-02 7.991781816649796283e-03
9.999019059671390153e-01 1.146681518451494151e-02 8.043133359259846751e-03
9.999377840208972801e-01 7.707226696853407624e-03 8.064003500452100043e-03
9.999597793773529197e-01 3.945332161308392170e-03 8.054525989950506865e-03
9.999678614103731933e-01 1.952885647795452387e-04 8.014948946028345109e-03
9.999622068972375821e-01 -3.528891033602997700e-03 7.945633142366487212e-03
9.999431944610346346e-01 -7.213391463145970781e-03 7.847049822619717174e-03
9.999113960537137080e-01 -1.084464815255751710e-02 7.719778056963336015e-03
9.998675656515052523e-01 -1.440939832345028253e-02 7.564501658474769887e-03
9.998126253751510317e-01 -1.789473041492003688e-02 7.382005680492739925e-03
9.997476492840445816e-01 -2.128813150706024976e-02 7.173172519023542255e-03
9.996837103515704426e-01 -2.430129027971278041e-02 6.475153787117016516e-03
9.996192739870320976e-01 -2.698406678676128212e-02 5.759181164330613723e-03
9.995571716477517077e-01 -2.932882596252997867e-02 5.028064406041708560e-03
9.994999350578177566e-01 -3.132925777719643839e-02 4.284647263659153472e-03
9.994497592563097443e-01 -3.298038580360538458e-02 3.531796663342888672e-03
9.994084720813074529e-01 -3.427857120183727679e-02 2.772392031012415117e-03
9.993775104363609163e-01 -3.522151235781140199e-02 2.009314782764438229e-03
9.993579035781767761e-01 -3.580824038887826799e-02 1.245437994216824166e-03
9.993502635560146397e-01 -3.603911069977498716e-02 4.836162577921907782e-04
9.993547828259801147e-01 -3.591579073837547487e-02 -2.733242663412405399e-04
9.993712389582313227e-01 -3.544124406434005087e-02 -1.022595601982185728e-03
9.993990062531652452e-01 -3.461971080704463744e-02 -1.761457508324194062e-03
9.994370739849253171e-01 -3.345668455398312369e-02 -2.487226827673867310e-03
9.994840708980143873e-01 -3.195888567900622562e-02 -3.197286624393428159e-03
9.995382954963085709e-01 -3.013423109293360963e-02 -3.889095107332719500e-03
9.995977515842230376e-01 -2.799180037867662202e-02 -4.560194324481459116e-03
9.996601884480321720e-01 -2.554179826019434968e-02 -5.208218614366218191e-03
9.997231450022355803e-01 -2.279551335023210709e-02 -5.830902794055297864e-03
9.997839971722007890e-01 -1.976527312638756001e-02 -6.426090058751812197e-03
9.998400077408896580e-01 -1.646439509880093938e-02 -6.991739563092744594e-03
9.998883778550151646e-01 -1.290713415550801511e-02 -7.525933649671363856e-03
9.999262993651305553e-01 -9.108626102719790882e-03 -8.026884686195974797e-03
9.999510071654644783e-01 -5.084827456165176042e-03 -8.492941469306833357e-03
9.999598307031813960e-01 -8.524515850160830494e-04 -8.922595150588477630e-03
9.999502438433950369e-01 3.571098639590254004e-03 -9.314484638898877858e-03
9.999199123057026517e-01 8.167801485422883020e-03 -9.667401432914560916e-03
9.998667379300316682e-01 1.291909002769281792e-02 -9.980293838845280888e-03
9.997888990837192624e-01 1.780592852794285127e-02 -1.025227053064019060e-02
9.996848865872459688e-01 2.280889115243805651e-02 -1.048260341368014055e-02
9.995535346119075459e-01 2.790824260955163116e-02 -1.067072975787062075e-02
9.993940460876722387e-01 3.308402024162504507e-02 -1.081625357211440930e-02
9.992060122520254328e-01 3.831611706997203881e-02 -1.091894619920773246e-02
9.989894260690451722e-01 4.358436526342830686e-02 -1.097874611808733435e-02
9.987446893503955092e-01 4.886861948217477436e-02 -1.099575794884712424e-02
9.984726135143908721e-01 5.414883954021083856e-02 -1.097025066480839146e-02
9.981744140237092111e-01 5.940517183220565822e-02 -1.090265502492003373e-02
9.978516986446812620e-01 6.461802898353022351e-02 -1.079356024863383987e-02
9.975064497693593157e-01 6.976816720573281172e-02 -1.064370996389833561e-02
9.971410011339136847e-01 7.483676087288777812e-02 -1.045399746681141204e-02
9.967580093516269502e-01 7.980547387613295962e-02 -1.022546033855714111e-02
9.963604207543811375e-01 8.465652736305792625e-02 -9.959274471345976737e-03
9.959514341018583794e-01 8.937276352393960788e-02 -9.656747560035327388e-03
9.955344597717683541e-01 9.393770514651095249e-02 -9.319312119824386259e-03
9.951130760866530034e-01 9.833561072326407748e-02 -8.948518092830443776e-03
9.946909834628754332e-01 1.025515249584720567e-01 -8.546025107444218949e-03
9.942719570852417421e-01 1.065713245844335799e-01 -8.113594454151787372e-03
9.938597988165800423e-01 1.103817594562620241e-01 -7.653080840063166204e-03
9.934582890459939808e-01 1.139704889503572877e-01 -7.166423981801338904e-03
9.930711391631233953e-01 1.173261137422022815e-01 -6.655640092810720040e-03
9.927019453194579901e-01 1.204382030832250178e-01 -6.122813316696298046e-03
9.923541441025585108e-01 1.232973177333186593e-01 -5.570087153079026493e-03
9.920309707060445126e-01 1.258950287346320696e-01 -4.999655916836953998e-03
9.917354201285426551e-01 1.282239322331192866e-01 -4.413756265688786526e-03
9.914702118796022701e-01 1.302776605670163124e-01 -3.814658825060386182e-03
9.912377586110109329e-01 1.320508898461001113e-01 -3.204659933242170935e-03
9.910401390290489720e-01 1.335393442427118549e-01 -2.586073524171990899e-03
9.908790753780273297e-01 1.347397972057381987e-01 -1.961223159922921913e-03
9.907559157188784438e-01 1.356500697928622601e-01 -1.332434220277622493e-03
9.906716211594545074e-01 1.362690262953904219e-01 -7.020262527462474509e-04
9.906267581262820920e-01 1.365965673049124862e-01 -7.230548312384685664e-05
9.906585083860942609e-01 1.363623582781524068e-01 1.014112493543342652e-03
9.907575634285121779e-01 1.356284903613645398e-01 2.089171774113063491e-03
9.909220222947142664e-01 1.344010072670234757e-01 3.149071099077553702e-03
9.911490533291591465e-01 1.326875997356879167e-01 4.190084689769823026e-03
9.914349472942064478e-01 1.304975789516950313e-01 5.208572387970976381e-03
9.917751821325844208e-01 1.278418480730457718e-01 6.200989803298433481e-03
9.921644984086576136e-01 1.247328713628739066e-01 7.163898512641699197e-03
9.925969843360304967e-01 1.211846403281545970e-01 8.093976338866690906e-03
9.930661691832157745e-01 1.172126362160826607e-01 8.988027717196726482e-03
9.935651237421271320e-01 1.128337881917375329e-01 9.842994137736600646e-03
9.940865664477026575e-01 1.080664265233379634e-01 1.065596463220956115e-02
9.946229736531034815e-01 1.029302301337984282e-01 1.142418625281870978e-02
9.951666924960532734e-01 9.744616793875800209e-02 1.214507447191895406e-02
9.957100547405697277e-01 9.163643348017874724e-02 1.281622341356961937e-02
9.962454899472261705e-01 8.552437247852506808e-02 1.343541581266877172e-02
9.967656363166880196e-01 7.913440306210153818e-02 1.400063258482547694e-02
9.972634475678365806e-01 7.249192858522451877e-02 1.451006188090164448e-02
9.977322942551059004e-01 6.562324311273837196e-02 1.496210749464530095e-02
9.981660580008836492e-01 5.855542982162943028e-02 1.535539649031763924e-02
9.985592172183921367e-01 5.131625274544873022e-02 1.568878591982946977e-02
9.989069230279331579e-01 4.393404245807031039e-02 1.596136850564801660e-02
9.992050642233943902e-01 3.643757645418006091e-02 1.617247717646472932e-02
9.994503203241932310e-01 2.885595512928086984e-02 1.632168835703555476e-02
9.996402019471704037e-01 2.121847438688159726e-02 1.640882393128674510e-02
9.997730779493195774e-01 1.355449600058544583e-02 1.643395181816879533e-02
9.998481890209351963e-01 5.893316930571958039e-03 1.639738512218370456e-02
9.998656476445141328e-01 -1.735961164923998344e-03 1.629967984427526523e-02
9.998264245719872267e-01 -9.304560973357103165e-03 1.614163116308069482e-02
9.997323222058790426e-01 -1.678415589989647877e-02 1.592426832060161307e-02
9.995859354932159491e-01 -2.414699259453034069e-02 1.564884816938813539e-02
9.993906011491781038e-01 -3.136600854347777051e-02 1.531684745961575320e-02
9.991503362158994372e-01 -3.841494374201205597e-02 1.492995396332312541e-02
9.988697671264528122e-01 -4.526844559503566401e-02 1.449005654902487707e-02
9.985540505817515067e-01 -5.190216633758418241e-02 1.399923433249470814e-02
9.982087876565982620e-01 -5.829285242466644701e-02 1.345974503844313101e-02
9.978399326291566007e-01 -6.441842550303365778e-02 1.287401271294596507e-02
9.974536980753770932e-01 -7.025805474117491345e-02 1.224461492781089844e-02
9.970564577869783784e-01 -7.579222045283445786e-02 1.157426961573226193e-02
9.966546490598566788e-01 -8.100276909881734544e-02 1.086582166933455426e-02
9.962546758613717302e-01 -8.587295988754264919e-02 1.012222942840658446e-02
9.958918901216217145e-01 -9.011332973983814110e-02 8.884516749672615940e-03
9.955645655626400581e-01 -9.377137110341601800e-02 7.624247553574232256e-03
9.952798950043705295e-01 -9.683831378435393822e-02 6.346241130312001502e-03
9.950439439476813641e-01 -9.930758434097847198e-02 5.055329014692728704e-03
9.948615761178777328e-01 -1.011747855523093265e-01 3.756339525895642170e-03
9.947363990171663728e-01 -1.024376730692734133e-01 2.454083102343017873e-03
9.946707297867862785e-01 -1.030961301521065437e-01 1.153338327593094424e-03
9.946655814181811772e-01 -1.031521411562502932e-01 -1.411614729655188537e-04
9.947206691048405824e-01 -1.026097641757967721e-01 -1.424741194272853215e-03
9.948344362914197658e-01 -1.014751029974630681e-01 -2.692796604958310781e-03
9.950040997532002551e-01 -9.975627826821734101e-02 -3.940806820364700473e-03
9.952257128255196372e-01 -9.746339754457133964e-02 -5.164346713574220760e-03
9.954942456983093546e-01 -9.460852367908861860e-02 -6.359099366928337542e-03
9.958036814946137349e-01 -9.120564081691995284e-02 -7.520868645628956545e-03
9.961471266638365352e-01 -8.727061712830788687e-02 -8.645591949848900268e-03
9.965169340412064480e-01 -8.282116329705878355e-02 -9.729353173288008555e-03
9.969048367561584856e-01 -7.787678572381206976e-02 -1.076839586530930516e-02
9.973020910164932529e-01 -7.245873338905504946e-02 -1.175913656177682808e-02
9.976996256556129872e-01 -6.658993735531175406e-02 -1.269817821764276933e-02
9.980881962108513195e-01 -6.029494197032043284e-02 -1.358232364336760430e-02
9.984585412064126420e-01 -5.359982696127231494e-02 -1.440858881856081630e-02
9.988015382494416228e-01 -4.653211978068515220e-02 -1.517421593091025471e-02
9.991083575169216191e-01 -3.912069777205123833e-02 -1.587668596754451128e-02
9.993706102187130957e-01 -3.139567996140359141e-02 -1.651373067033574948e-02
9.995804896716420362e-01 -2.338830854148263305e-02 -1.708334365702348506e-02
9.997309027136350723e-01 -1.513082038931489078e-02 -1.758379050694366952e-02
9.998155893266712502e-01 -6.656309236056087014e-03 -1.801361761387099136e-02
9.998292285224523734e-01 2.001420620153808796e-03 -1.837165961906185585e-02
9.997675287731904170e-01 1.080800791186126326e-02 -1.865704525479382550e-02
9.996273015380694460e-01 1.972869393409075120e-02 -1.886920145204502158e-02
9.994065167384131865e-01 2.872848643840964292e-02 -1.900785559470649644e-02
9.991043393645112625e-01 3.777232616394451264e-02 -1.907303583591261550e-02
9.987211467463212866e-01 4.682525417438515580e-02 -1.906506942856640158e-02
9.982585263798282593e-01 5.585257811618968976e-02 -1.898457906065166567e-02
9.977192545611214269e-01 6.482003551312565115e-02 -1.883247722510536515e-02
9.971072564315450748e-01 7.369395226573358104e-02 -1.860995869249800275e-02
9.964275483702033087e-01 8.244139462895379300e-02 -1.831849119120520369e-02
9.956861639760006266e-01 9.103031309270999405e-02 -1.795980443291989720e-02
9.948900651527214922e-01 9.942967678264595655e-02 -1.753587765017431202e-02
9.940470400412495522e-01 1.076095972239839993e-01 -1.704892583613422732e-02
9.931655897283823142e-01 1.155414405620804330e-01 -1.650138489464188576e-02
9.922548057990407955e-01 1.231979275995124523e-01 -1.589589591991411380e-02
9.913242408870309719e-01 1.305532212820407767e-01 -1.523528883029700957e-02
9.903837744196173354e-01 1.375830015353358693e-01 -1.452256557913327202e-02
9.894434757453196561e-01 1.442645276122768161e-01 -1.376088315843689534e-02
9.885134667862015556e-01 1.505766883491533870e-01 -1.295353659821744767e-02
9.876037862701968484e-01 1.565000409415793492e-01 -1.210394214664361513e-02
9.867242574812157274e-01 1.620168390320241847e-01 -1.121562079460111314e-02
9.858843613208352341e-01 1.671110510466716215e-01 -1.029218228348690797e-02
9.850931163113875177e-01 1.717683698273402837e-01 -9.337309708238055242e-03
9.843589669921746221e-01 1.759762146733894195e-01 -8.354744799573737835e-03
9.836896819739158193e-01 1.797237269391339376e-01 -7.348273941159752347e-03
9.830922627263531943e-01 1.830017603257520498e-01 -6.321714949755509461e-03
9.825728639844484302e-01 1.858028669654566700e-01 -5.278904620164634985e-03
9.821367264732306923e-01 1.881212803231421260e-01 -4.223687012674966386e-03
9.817881224726616729e-01 1.899528958408039092e-01 -3.159902439227905806e-03
9.815303145736127277e-01 1.912952501272469630e-01 -2.091377086272878331e-03
9.813655278151306449e-01 1.921474993547628574e-01 -1.021913197497044921e-03
9.812949352418688376e-01 1.925103973705585836e-01 4.472027138288040687e-05
9.813186567785644465e-01 1.923862738688031926e-01 1.104796620686020496e-03
9.814866554952331734e-01 1.915127613457609790e-01 2.610098671378459270e-03
9.817844356362830371e-01 1.899540811402546103e-01 4.095674889105005434e-03
9.822068888514120522e-01 1.877198946022841375e-01 5.556486376168656358e-03
9.827471899620180418e-01 1.848219154351672944e-01 6.987593013786659590e-03
9.833969120570887901e-01 1.812738973429398048e-01 8.384163137374833763e-03
9.841461616550326585e-01 1.770916236336126104e-01 9.741483972224351806e-03
9.849837323093353358e-01 1.722928969733956428e-01 1.105497297257429165e-02
9.858972748395380403e-01 1.668975272929707210e-01 1.232019015796743597e-02
9.868734821631890419e-01 1.609273157208040150e-01 1.353285148779278038e-02
9.878982864921561635e-01 1.544060323648325517e-01 1.468884325952651143e-02
9.889570664431206470e-01 1.473593857855719502e-01 1.578423745996106187e-02
9.900348614042515649e-01 1.398149821018735417e-01 1.681530794333125148e-02
9.911165903066226912e-01 1.318022718442446173e-01 1.777854725744102554e-02
9.921872717797046715e-01 1.233524829165788400e-01 1.867068389041375356e-02
9.932322425357020812e-01 1.144985383396359274e-01 1.948869966824392022e-02
9.942373707381081394e-01 1.052749578204655589e-01 2.022984699852364496e-02
9.951892610754941026e-01 9.571774261055839006e-02 2.089166562998273635e-02
9.960754482908061869e-01 8.586424356894178933e-02 2.147199858199394865e-02
9.968845760159590341e-01 7.575301281993027103e-02 2.196900689381346347e-02
9.976065579354229662e-01 6.542363987257923674e-02 2.238118285052442813e-02
9.982327185519849211e-01 5.491657353306217404e-02 2.270736136147214965e-02
9.987559111508694798e-01 4.427293137509714926e-02 2.294672919700774250e-02
9.991706109495093191e-01 3.353429892079031610e-02 2.309883182971208399e-02
9.994729818708029123e-01 2.274252100994015452e-02 2.316357767562965062e-02
9.996609158760583203e-01 1.193948808730957434e-02 2.314123958768016243e-02
9.997340443259291609e-01 1.166920304899567509e-03 2.303245351528636006e-02
9.996937213876211370e-01 -9.533847586432341731e-03 2.283821430907578831e-02
9.995429800576015600e-01 -2.012207759706576005e-02 2.255986871487310891e-02
9.992864619039185659e-01 -3.055783325816537749e-02 2.219910566467580074e-02
9.989303221346702566e-01 -4.080217512114162060e-02 2.175794403158529469e-02
9.984821120542948236e-01 -5.081734460745004900e-02 2.123871806864804923e-02
9.979506413645263807e-01 -6.056693415456450291e-02 2.064406079646018480e-02
9.973458230921902201e-01 -7.001604199061964295e-02 1.997688563980680454e-02
9.966785041747384666e-01 -7.913141029231843260e-02 1.924036663858539470e-02
9.959602849031051752e-01 -8.788154592161784295e-02 1.843791757231099532e-02
9.952033305099262650e-01 -9.623682337982150670e-02 1.757317034059362529e-02
9.944201782023160963e-01 -1.041695700471609309e-01 1.664995293453052846e-02
9.936235428778041889e-01 -1.116541341773055751e-01 1.567226731677493282e-02
9.928261246374883164e-01 -1.186669364770348012e-01 1.464426750226662313e-02
9.920404210313249482e-01 -1.251865064114137671e-01 1.357023809863038347e-02
9.913201378985059264e-01 -1.309218114718348480e-01 1.199469361234526896e-02
9.906657941649488208e-01 -1.359167883658495835e-01 1.038843937452947272e-02
9.900901323742843374e-01 -1.401600629590054881e-01 8.757564287730564001e-03
9.896040511298340725e-01 -1.436429748685462693e-01 7.108156885629027602e-03
9.892164761375912274e-01 -1.463595204756953372e-01 5.446288436432789731e-03
9.889342631180401133e-01 -1.483062973177307897e-01 3.777997798111412849e-03
9.887621328613053207e-01 -1.494824518892381437e-01 2.109277751532493035e-03
9.887026383491008819e-01 -1.498896323608284176e-01 4.460625018132202083e-04
9.887561635547252870e-01 -1.495319471768351005e-01 -1.205783983959593693e-03
9.889209532514900980e-01 -1.484159299386476893e-01 -2.840479143070911809e-03
9.891931729019359798e-01 -1.465505104341077447e-01 -4.452332823344840908e-03
9.895669974561623894e-01 -1.439469911514580369e-01 -6.035758447593524319e-03
9.900347276492643678e-01 -1.406190281332608261e-01 -7.585284625704564847e-03
9.905869321481203249e-01 -1.365826145948666193e-01 -9.095567463919261228e-03
9.912126136513393915e-01 -1.318560653655337089e-01 -1.056140377164367823e-02
9.918993967900878728e-01 -1.264599999188888713e-01 -1.197774530902890287e-02
9.926337354114751488e-01 -1.204173215522193335e-01 -1.333971415526872401e-02
9.934011365527414261e-01 -1.137531901584043631e-01 -1.464261920999791224e-02
9.941863981390623994e-01 -1.064949860153165256e-01 -1.588197377041290770e-02
9.949738571684791921e-01 -9.867226209796600700e-02 -1.705351405700551368e-02
9.957476448947125691e-01 -9.031668259844186086e-02 -1.815321849342805063e-02
9.964919452946833234e-01 -8.146194561462548334e-02 -1.917732748336731935e-02
9.971912529258023516e-01 -7.214368833417099391e-02 -2.012236337173467851e-02
9.978306261521872056e-01 -6.239937348536615108e-02 -2.098515023119899500e-02
9.983959316619744895e-01 -5.226815633779308135e-02 -2.176283308009658440e-02
9.988740762213640378e-01 -4.179073209661333943e-02 -2.245289611572257038e-02
9.992532217240417403e-01 -3.100916412548563456e-02 -2.305317953919241297e-02
9.995229798030011992e-01 -1.996669403318684921e-02 -2.356189455519916084e-02
9.996745825774367988e-01 -8.707535245309209332e-03 -2.397763615223685515e-02
9.997010265078608571e-01 2.723347767932624702e-03 -2.429939330574299589e-02
9.995971868209175826e-01 1.428047194576523987e-02 -2.452655629702612736e-02
9.993599005301264659e-01 2.591807669853063781e-02 -2.465892090307117077e-02
9.989880167045610548e-01 3.759037018625391996e-02 -2.469668928409095993e-02
9.984824133055132389e-01 4.925177721579135359e-02 -2.464046747430506668e-02
9.978459806003584509e-01 6.085718506789249138e-02 -2.449125946384444683e-02
9.970835718506585454e-01 7.236218359562127111e-02 -2.425045794270157956e-02
9.962019226354552615e-01 8.372329608405190693e-02 -2.391983185806228693e-02
9.952095407892177503e-01 9.489819762070324238e-02 -2.350151101111438989e-02
9.941165694877421855e-01 1.058459180847957926e-01 -2.299796798578434762e-02
9.929346264883439632e-01 1.165270273051048910e-01 -2.241199775749764395e-02
9.916766229107412123e-01 1.269038004418727161e-01 -2.174669537322235224e-02
9.903565652242916073e-01 1.369403621968711959e-01 -2.100543212357151163e-02
9.889893442824744252e-01 1.466028090253627125e-01 -2.019183064307331077e-02
9.875905153179439511e-01 1.558593090927254676e-01 -1.930973937595301115e-02
9.861760727864540277e-01 1.646801802665170955e-01 -1.836320683256694591e-02
9.847622238343516354e-01 1.730379469435055773e-01 -1.735645603714833229e-02
9.833651639738112404e-01 1.809073769652833341e-01 -1.629385953233614126e-02
9.820008582961610166e-01 1.882655002633459029e-01 -1.517991526193051589e-02
9.806848312512213006e-01 1.950916111863040814e-01 -1.401922360250847793e-02
9.794319676844777112e-01 2.013672566930616581e-01 -1.281646575907825943e-02
9.782563274685364130e-01 2.070762127445263667e-01 -1.157638368196721793e-02
9.771709757038609112e-01 2.122044512939524896e-01 -1.030376160364037535e-02
9.761878301077768771e-01 2.167401002661707710e-01 -9.003409236977824928e-03
9.753175268695774003e-01 2.206733988346982756e-01 -7.680146622324463337e-03
9.745693059304317840e-01 2.239966501606187044e-01 -6.338790560742321029e-03
9.739509163545227999e-01 2.267041735568932626e-01 -4.984142526461179772e-03
9.734685421949655915e-01 2.287922577958099724e-01 -3.620977913395925785e-03
9.731267490250741226e-01 2.302591169953173977e-01 -2.254036439392044511e-03
9.729284511010820591e-01 2.311048502117284409e-01 -8.880135079612832757e-04
9.728748989436455386e-01 2.313314055411967440e-01 4.724476891354223093e-04
9.729656869683697140e-01 2.309425491995408253e-01 1.822763553999417335e-03
9.731987806554808218e-01 2.299438397179987270e-01 3.158417176473014322e-03
9.735705626205199970e-01 2.283426070693695686e-01 4.474965361289469715e-03
9.740758968264885409e-01 2.261479362322027509e-01 5.768045797709376275e-03
9.747082100585212627e-01 2.233706544171248365e-01 7.033384562328845978e-03
9.754595896608756478e-01 2.200233209253788513e-01 8.266804121545920023e-03
9.763208964097214171e-01 2.161202183909399499e-01 9.464231970963268153e-03
9.772818912619856135e-01 2.116773439793060430e-01 1.062171001553420535e-02
9.783313745797620475e-01 2.067123989827057695e-01 1.173540475735858346e-02
9.794573362823618679e-01 2.012447751667190976e-01 1.280161831862382769e-02
9.806471152262190571e-01 1.952955361899746944e-01 1.381680028626393851e-02
9.818875659602175343e-01 1.888873924384460445e-01 1.477756032354853727e-02
9.831652308554693631e-01 1.820446676894948435e-01 1.568068145314604686e-02
9.844665154700827925e-01 1.747932561474383195e-01 1.652313387739883649e-02
9.857778648877263405e-01 1.671605685697993005e-01 1.730208916578159992e-02
9.870859386709627259e-01 1.591754664277058307e-01 1.801493460793989615e-02
9.883777820035808404e-01 1.508681833096968683e-01 1.865928750440935119e-02
9.896409905673183571e-01 1.422702330784219871e-01 1.923300914707197495e-02
9.908638667134631595e-01 1.334143046158847989e-01 1.973421822843101497e-02
9.920355645536672595e-01 1.243341433351768943e-01 2.016130341349369956e-02
9.931462217101452161e-01 1.150644199843078308e-01 2.051293481081324990e-02
9.941870756346259386e-01 1.056405876093657326e-01 2.078807409015354102e-02
9.951505626272529881e-01 9.609872786828237146e-02 2.098598301310171735e-02
9.960303979581701661e-01 8.647538818167814501e-02 2.110623016926213916e-02
9.968216358106886110e-01 7.680741146319550183e-02 2.114869574361972343e-02
9.975207081185870628e-01 6.713176037927302831e-02 2.111357417919072429e-02
9.981254417523617306e-01 5.748533824010056831e-02 2.100137464188062131e-02
9.986350539098344248e-01 4.790480871428762222e-02 2.081291924005897534e-02
9.990501259742424756e-01 3.842641658673074528e-02 2.054933899814201034e-02
9.993725565061438720e-01 2.908581174197888419e-02 2.021206762980385513e-02
9.996054944226914207e-01 1.991787845632881498e-02 1.980283320070671399e-02
9.997532537782134465e-01 1.095657192563315695e-02 1.932364781134259316e-02
9.998212118839101548e-01 2.234763749261845997e-03 1.877679546637939234e-02
9.998156927836846508e-01 -6.215902157448991924e-03 1.816481832669522567e-02
9.997438383314231070e-01 -1.436514202947858886e-02 1.749050156323065860e-02
9.996134692881982753e-01 -2.218415220433238647e-02 1.675685704735353776e-02
9.994329389738363378e-01 -2.964571597640388440e-02 1.596710612039038343e-02
9.992109820660686204e-01 -3.672429707653023651e-02 1.512466168541506430e-02
9.989565611440400783e-01 -4.339611979378232842e-02 1.423310985767036602e-02
9.986787135248981206e-01 -4.963923602812447822e-02 1.329619139675796563e-02
9.983864008475342722e-01 -5.543357980356748704e-02 1.231778312480848007e-02
9.980883637222927041e-01 -6.076100997524436220e-02 1.130187951124235826e-02
9.977929835962173755e-01 -6.560534202566249695e-02 1.025257457757505590e-02
9.975081537870449377e-01 -6.995236996226703030e-02 9.174044246188105614e-03
9.972411614224384602e-01 -7.378987939923940809e-02 8.070529226275243231e-03
9.969985817902776715e-01 -7.710765293171836787e-02 6.946318499439707410e-03
9.967861863669328359e-01 -7.989746889249400852e-02 5.805733437752878638e-03
9.966088655483158476e-01 -8.215309452317828831e-02 4.653112559468519302e-03
9.964705668672029226e-01 -8.387027449852549332e-02 3.492796902874688476e-03
9.963742492430275322e-01 -8.504671561949489478e-02 2.329115977663955093e-03
9.963218535793393338e-01 -8.568206834401093097e-02 1.166374236261178993e-03
9.963142898009209603e-01 -8.577790566081612555e-02 8.837995153558337452e-06
9.963514402080075882e-01 -8.533769963817840198e-02 -1.139277271356412121e-03
9.964321788195312779e-01 -8.436679580237826936e-02 -2.273819345343711801e-03
9.965544061808730980e-01 -8.287238532757025544e-02 -3.390711465810910055e-03
9.967150989241962966e-01 -8.086347485516885703e-02 -4.485964387536283716e-03
9.969103731910456956e-01 -7.835085361325795639e-02 -5.555688359541110025e-03
9.971355608577415763e-01 -7.534705737995976704e-02 -6.596105070215218732e-03
9.973852973447245862e-01 -7.186632873378620556e-02 -7.603559588787660306e-03
9.976536196423948510e-01 -6.792457296244867881e-02 -8.574532313090204097e-03
9.979340730495994682e-01 -6.353930896219260605e-02 -9.505650912191691143e-03
9.982198249986969918e-01 -5.872961445419255105e-02 -1.039370223029086049e-02
9.985037842354336224e-01 -5.351606487353666175e-02 -1.123564409608567016e-02
9.987787235354277371e-01 -4.792066534934794064e-02 -1.202861696053759109e-02
9.990374040747932449e-01 -4.196677528997773410e-02 -1.276995526635095815e-02
9.992726995333095497e-01 -3.567902521216471945e-02 -1.345719843537624902e-02
9.994777179973828307e-01 -2.908322560369256543e-02 -1.408810134623510006e-02
9.996459197492993942e-01 -2.220626778052227357e-02 -1.466064416436709678e-02
9.997712290808564717e-01 -1.507601688588880613e-02 -1.517304138090145443e-02
9.998481383545214651e-01 -7.721197374034812627e-03 -1.562374991560070564e-02
9.998718026540635018e-01 -1.712715182559795477e-04 -1.601147614278310150e-02
9.998381235183348981e-01 7.543688325295044156e-03 -1.633518170760357366e-02
9.997438204346569268e-01 1.539313278702786857e-02 -1.659408801317582838e-02
9.995864889790776475e-01 2.334617281478101880e-02 -1.678767927638841542e-02
9.993646447255313259e-01 3.137172005839442696e-02 -1.691570407137599555e-02
9.990777522995994975e-01 3.943862899415729456e-02 -1.697817530377647433e-02
9.987262392193140270e-01 4.751583940306128295e-02 -1.697536858533705076e-02
9.983114944388447043e-01 5.557251778108496937e-02 -1.690781900624109893e-02
9.978358517842329523e-01 6.357819626185333417e-02 -1.677631633077576040e-02
9.973025587367869704e-01 7.150290767179401374e-02 -1.658189866969867268e-02
9.967157312727771279e-01 7.931731541376217665e-02 -1.632584470897188028e-02
9.960802957016013925e-01 8.699283698410160970e-02 -1.600966459855976409e-02
9.954019186532924168e-01 9.450176006613875135e-02 -1.563508962598528923e-02
9.946869265457218834e-01 1.018173503050706086e-01 -1.520406081668575909e-02
9.939422160087931779e-01 1.089139500492691676e-01 -1.471871661643783281e-02
9.931751568551661080e-01 1.157670675348712180e-01 -1.418137981993053236e-02
9.923934892636551153e-01 1.223534561876442883e-01 -1.359454391382398930e-02
9.916052168826072766e-01 1.286511839120836054e-01 -1.296085900237897368e-02
9.908184975675695672e-01 1.346396924263925099e-01 -1.228311747917425895e-02
9.900415334426226899e-01 1.402998468778699492e-01 -1.156423959988366404e-02
9.892824619208904213e-01 1.456139761314393655e-01 -1.080725909902016842e-02
9.885492492404930331e-01 1.505659042606301012e-01 -1.001530897852391001e-02
9.878495879715682992e-01 1.551409738822437934e-01 -9.191607578694950542e-03
9.871907998320512689e-01 1.593260620611648970e-01 -8.339445022912410702e-03
9.865797450188037443e-01 1.631095895692588060e-01 -7.462170107514988840e-03
9.860227391203576497e-01 1.664815243119316390e-01 -6.563177687810749228e-03
9.855254785315850086e-01 1.694333797384663942e-01 -5.645896591072234634e-03
9.850929751422359271e-01 1.719582090292376964e-01 -4.713778068143932402e-03
9.847295009231683549e-01 1.740505958065415582e-01 -3.770284777467955081e-03
9.844385428883966060e-01 1.757066420488047065e-01 -2.818880279373054808e-03
9.842227687694200533e-01 1.769239538035252135e-01 -1.863019004744939080e-03
9.840840036017662884e-01 1.777016251959174786e-01 -9.061366509925775385e-04
9.840232172929427312e-01 1.780402211215546815e-01 4.835905024794685120e-05
9.840405231162993038e-01 1.779417588960763852e-01 9.970972548500188666e-04
9.841351869566228316e-01 1.774096890170141494e-01 1.936752681274096950e-03
9.843056470203767061e-01 1.764488750756539603e-01 2.864054102745586770e-03
9.845495436160236480e-01 1.750655727441176590e-01 3.775792717391389386e-03
9.848637585074759837e-01 1.732674076578005207e-01 4.668830451704082674e-03
9.852444632461423435e-01 1.710633519189678486e-01 5.540108244856073103e-03
9.856871757941798595e-01 1.684636988663758828e-01 6.386654351468509100e-03
9.861868246635282498e-01 1.654800356905506697e-01 7.205592688785617331e-03
9.867378197124847539e-01 1.621252134267189282e-01 7.994151241190140464e-03
9.873341286646472037e-01 1.584133138287569798e-01 8.749670521029042150e-03
9.879693583449591365e-01 1.543596126188281070e-01 9.469612070235106441e-03
9.886368395655772412e-01 1.499805386190018741e-01 1.015156697267986623e-02
9.893297145417829785e-01 1.452936283029238052e-01 1.079326433303210570e-02
9.900410256768044093e-01 1.403174753567940913e-01 1.139257966457388367e-02
9.907638045258896353e-01 1.350716749082175039e-01 1.194754311637433175e-02
9.914911597359667983e-01 1.295767621670474712e-01 1.245634745984139369e-02
9.922163627593142410e-01 1.238541453217951310e-01 1.291735574632080566e-02
9.929329301592015877e-01 1.179260326456693098e-01 1.332910854139141531e-02
9.936347013634946324e-01 1.118153538846274053e-01 1.369033063805064065e-02
9.943159107793678730e-01 1.055456761224174700e-01 1.399993715025010452e-02
9.949712532586856284e-01 9.914111444075415780e-02 1.425703889030087088e-02
9.955959419988853476e-01 9.262623781270003243e-02 1.446094693850174910e-02
9.961857580773390008e-01 8.602597078028395572e-02 1.461117632084229026e-02
9.967370909466017892e-01 7.936549156984089304e-02 1.470744872059406329e-02
9.972469693615358954e-01 7.267012738729142218e-02 1.474969416174448829e-02
9.977130823643577395e-01 6.596524770783630809e-02 1.473805161618690560e-02
9.981337901170945770e-01 5.927615642812349150e-02 1.467286850193591161e-02
9.985081245393047089e-01 5.262798378230140045e-02 1.455469905591864552e-02
9.988357798785472141e-01 4.604557893566033761e-02 1.438430158160190417e-02
9.991170935082209770e-01 3.955340416067895659e-02 1.416263458834293026e-02
9.993530174083116169e-01 3.317543147086829403e-02 1.389085185539955247e-02
9.995450809357470101e-01 2.693504253917879468e-02 1.357029646853314883e-02
9.996953456292244633e-01 2.085493266188480355e-02 1.320249389066260361e-02
9.998063529157060758e-01 1.495701944831570769e-02 1.278914413971807620e-02
9.998810656899339566e-01 9.262356824532171073e-03 1.233211315641414077e-02
9.999228048225247134e-01 3.791054838330601418e-03 1.183342345191019940e-02
9.999351817152615229e-01 -1.437794352745802237e-03 1.129524413013866663e-02
9.999220280635278124e-01 -6.406184035914472448e-03 1.071988038193463430e-02
9.998873240054131362e-01 -1.109725387101572272e-02 1.010976254805852001e-02
9.998351258353942450e-01 -1.549534412281888297e-02 9.467434845910401020e-03
9.997694944386762428e-01 -1.958604322122317956e-02 8.795543850408489572e-03
9.996944255616723174e-01 -2.335622875486639133e-02 8.096826813421805283e-03
9.996137829764513150e-01 -2.679410207350060857e-02 7.374099898633225403e-03
9.995312355242449431e-01 -2.988921673074517241e-02 6.630246400120943552e-03
9.994501989373899553e-01 -3.263250104066122564e-02 5.868205003659465561e-03
9.993737832425479972e-01 -3.501627504874751939e-02 5.090958140134634394e-03
9.993047464428475024e-01 -3.703426223070754864e-02 4.301520470909896664e-03
9.992454550648124378e-01 -3.868159623145705356e-02 3.502927535819925185e-03
9.991978520395379260e-01 -3.995482294354774783e-02 2.698224586016434098e-03
9.991634322683666802e-01 -4.085189820007806977e-02 1.890455616421135576e-03
9.991432261029591366e-01 -4.137218132415401706e-02 1.082652606274801550e-03
9.991377908496262839e-01 -4.151642473719212995e-02 2.778249713774601053e-04
9.991472102894433105e-01 -4.128675978411217029e-02 -5.210507717961067407e-04
9.991711020901770102e-01 -4.068667888710724573e-02 -1.311041131796942052e-03
9.992086328745353185e-01 -3.972101409355346252e-02 -2.089265559755945027e-03
9.992585406026783801e-01 -3.839591203999282581e-02 -2.852906159706929644e-03
9.993191638262757248e-01 -3.671880531510127860e-02 -3.599217190118895061e-03
9.993884772775604164e-01 -3.469838017202709485e-02 -4.325534351410294763e-03
9.994641331707345699e-01 -3.234454051606751313e-02 -5.029283849561602335e-03
9.995435075156230420e-01 -2.966836807863298606e-02 -5.707991220533931327e-03
9.996237506755633051e-01 -2.668207868375689976e-02 -6.359289894303874618e-03
9.997018413440713624e-01 -2.339897451958145372e-02 -6.980929471218331149e-03
9.997746430687189934e-01 -1.983339234441830815e-02 -7.570783677345913065e-03
9.998389624167395295e-01 -1.600064758486471894e-02 -8.126857959839786996e-03
9.998916078559128007e-01 -1.191697432136782503e-02 -8.647296678305094880e-03
9.999294484169082287e-01 -7.599461203504621204e-03 -9.130389844035928862e-03
9.999494712099750160e-01 -3.065983391668120235e-03 -9.574579355975502276e-03
9.999488368899437374e-01 1.664869317895750767e-03 -9.978464680543775236e-03
9.999249321989820416e-01 6.573867963630931725e-03 -1.034080792220892775e-02
9.998754187661980097e-01 1.164122319786399865e-02 -1.066053823294173773e-02
9.997982774064636535e-01 1.684666702235748312e-02 -1.093675551151909904e-02
9.996918472368856445e-01 2.216953706532877669e-02 -1.116873334801250436e-02
9.995548590170043601e-01 2.758886292737768725e-02 -1.135592117463067596e-02
9.993864622165710143e-01 3.308345407308969921e-02 -1.149794559125064640e-02
9.991862454208736422e-01 3.863198870321092604e-02 -1.159461084228714453e-02
9.989542497960476330e-01 4.421310301074978660e-02 -1.164589843079248156e-02
9.986909754534186723e-01 4.980548020432537526e-02 -1.165196586559051617e-02
9.983973806703623222e-01 5.538793867433296908e-02 -1.161314454754641505e-02
9.980748740430408494e-01 6.093951868239275149e-02 -1.152993681146318762e-02
9.977252997613268448e-01 6.643956697201372497e-02 -1.140301215027795557e-02
9.973509163059635085e-01 7.186781872794301140e-02 -1.123320265791623307e-02
9.969543689704214451e-01 7.720447635238160411e-02 -1.102149773608102068e-02
9.965386567030927178e-01 8.243028457687165411e-02 -1.076903811816436532e-02
9.961070938477832870e-01 8.752660148763330428e-02 -1.047710927016860805e-02
9.956632674306263864e-01 9.247546510764265149e-02 -1.014713423385329646e-02
9.952109906985665555e-01 9.725965524882340674e-02 -9.780665981170678577e-03
9.947542536578601879e-01 1.018627504203039047e-01 -9.379379351357680986e-03
9.942971713903502318e-01 1.062691796516861686e-01 -8.945062642806941508e-03
9.938439309406918998e-01 1.104642691616606609e-01 -8.479608931084847701e-03
9.933987375696455846e-01 1.144342838701811194e-01 -7.985007182288386338e-03
9.929657611576897525e-01 1.181664638150795449e-01 -7.463333227463780396e-03
9.925490835204671125e-01 1.216490555899768650e-01 -6.916740659212492100e-03
9.921526473640512878e-01 1.248713389684326242e-01 -6.347451706076076561e-03
9.917802075649511107e-01 1.278236489185771985e-01 -5.757748134032750209e-03
9.914352854084553801e-01 1.304973932423993954e-01 -5.149962217679814394e-03
9.911211263607115907e-01 1.328850660941526263e-01 -4.526467816646094662e-03
9.908406618861530513e-01 1.349802576430343959e-01 -3.889671585703277906e-03
9.905964757538237020e-01 1.367776601467167452e-01 -3.242004340140648873e-03
9.903907752049988522e-01 1.382730706950553445e-01 -2.585912591434685187e-03
9.902253672813686736e-01 1.394633908682085810e-01 -1.923850262262881070e-03
9.901016405389357899e-01 1.403466235314822785e-01 -1.258270584634625135e-03
9.900205522985530138e-01 1.409218669616611463e-01 -5.916181804674333416e-04
9.899826215104621241e-01 1.411893064676955079e-01 7.367867957955168481e-05
9.899879272379531470e-01 1.411502036337557442e-01 7.352156457266112877e-04
9.900361126949180912e-01 1.408068832762585931e-01 1.390619695359370184e-03
9.901263947041291091e-01 1.401627181699142133e-01 2.037556384662301406e-03
9.902575783779766772e-01 1.392221115625076056e-01 2.673736953758365162e-03
9.904280767615731840e-01 1.379904774653008814e-01 3.296925292050965905e-03
9.906359351199659491e-01 1.364742186768075904e-01 3.904944768148643688e-03
9.908788594971051911e-01 1.346807024732921687e-01 4.495684925692138185e-03
9.911542491245945996e-01 1.326182338805731165e-01 5.067108042726406469e-03
9.914592322135397096e-01 1.302960264292616077e-01 5.617255548112220359e-03
9.917907046234585300e-01 1.277241702899521714e-01 6.144254284011023068e-03
9.921453708686970296e-01 1.249135976863955666e-01 6.646322598868992237e-03
9.925197868955782932e-01 1.218760454934002951e-01 7.121776250741583547e-03
9.929104040430861700e-01 1.186240149419855450e-01 7.569034096407024383e-03
9.933136135866914573e-01 1.151707283767843121e-01 7.986623537679272619e-03
9.937257912593873144e-01 1.115300830393020914e-01 8.373185692800370894e-03
9.941433411464470904e-01 1.077166018846152928e-01 8.727480257906324035e-03
9.945627383611166383e-01 1.037453814775120692e-01 9.048390021437768133e-03
9.949805699275302562e-01 9.963203705586265446e-02 9.334924993102117555e-03
9.953935733246067619e-01 9.539264489296878091e-02 9.586226108656521055e-03
9.957986721803853136e-01 9.104368213551872202e-02 9.801568472411630734e-03
9.961930086498698156e-01 8.660196433826646001e-02 9.980364100965444588e-03
9.965739720604817053e-01 8.208458095936464749e-02 1.012216413424451601e-02
9.969392234669822717e-01 7.750882912016321402e-02 1.022666048340668994e-02
9.972867158213786221e-01 7.289214596907915567e-02 1.029368688946693047e-02
9.976147095318619318e-01 6.825204001981377555e-02 1.032321937154129059e-02
9.979217832570868030e-01 6.360602185887111182e-02 1.031537604923702701e-02
9.982068398568401113e-01 5.897153463533193196e-02 1.027041632980438789e-02
9.984691074960071466e-01 5.436588475669350967e-02 1.018873945704990361e-02
9.987081359743454900e-01 4.980617321805250186e-02 1.007088242552670043e-02
9.989237884285154800e-01 4.530922798797568790e-02 9.917517269997363702e-03
9.991162286237261769e-01 4.089153786328957735e-02 9.729447746446124104e-03
9.992859041189346980e-01 3.656918818715971381e-02 9.507605426846222132e-03
9.994335256505829657e-01 3.235779880085752624e-02 9.253045235326620710e-03
9.995600431343070191e-01 2.827246457033017607e-02 8.966940458210313075e-03
9.996666187310001561e-01 2.432769879503923066e-02 8.650577264517938375e-03
9.997545974623285314e-01 2.053737976955965008e-02 8.305348776874362307e-03
9.998254758907438866e-01 1.691470072923570780e-02 7.932748735278648614e-03
9.998808693998842978e-01 1.347212337089844642e-02 7.534364797883792014e-03
9.999224786228507744e-01 1.022133509936383987e-02 7.111871523793073663e-03
9.999520555682505085e-01 7.173210111197174908e-03 6.667023082952497522e-03
9.999713699873334916e-01 4.337774389999493607e-03 6.201645737564103963e-03
9.999821765104043303e-01 1.724174653076477205e-03 5.717630138144181445e-03
9.999861830574962029e-01 -6.593487415270425991e-04 5.216923475500952895e-03
9.999850209976970383e-01 -2.805484945482069389e-03 4.701521527617975524e-03
9.999802174942574728e-01 -4.707871868427822466e-03 4.173460637819749637e-03
9.999731704295022894e-01 -6.361111582227937759e-03 3.634809657785718386e-03
9.999651262554682951e-01 -7.760781952787862079e-03 3.087661886087443661e-03
9.999571610639982344e-01 -8.903444579967436864e-03 2.534127030065528793e-03
9.999501651146263104e-01 -9.786649131050808789e-03 1.976323216142743776e-03
9.999448310008965946e-01 -1.040893415457513210e-02 1.416369071180296688e-03
9.999416455766395595e-01 -1.076982445964108984e-02 8.563758953024545005e-04
9.999408857040485987e-01 -1.086982514178906449e-02 2.984399448005866772e-04
9.999426178259724907e-01 -1.071041233084075311e-02 -2.553651576778442163e-04
9.999467013064544663e-01 -1.029402072952369067e-02 -8.029958694253548765e-04
9.999527954269566976e-01 -9.624028004964559763e-03 -1.342446014769384461e-03
9.999603698716176270e-01 -8.704736088980530653e-03 -1.871753897409311231e-03
9.999687184839630705e-01 -7.541349438189621883e-03 -2.389009222189030293e-03
9.999769760303623967e-01 -6.139950301900653704e-03 -2.892359809921177596e-03
9.999841376627620626e-01 -4.507471045035431854e-03 -3.380018088039404584e-03
9.999890807353828404e-01 -2.651663575373511706e-03 -3.850267338829771197e-03
9.999905885976112518e-01 -5.810659294615970645e-04 -4.301467685866330534e-03
9.999873759586841437e-01 1.695033920269662861e-03 -4.732061798139295186e-03
9.999781153993196892e-01 4.166636963291637900e-03 -5.140580290308506030e-03
9.999614645914834954e-01 6.823074665422812490e-03 -5.525646796630242184e-03
9.999360937802130866e-01 9.653052994600432035e-03 -5.885982695476595257e-03
9.999007130809829391e-01 1.264469883321566596e-02 -6.220411461070386207e-03
9.998540991525082244e-01 1.578560863097900127e-02 -6.527862619160465681e-03
9.997951208180886340e-01 1.906289912976456835e-02 -6.807375283914259348e-03
9.997227632283985921e-01 2.246325996877748116e-02 -7.058101254342955336e-03
9.996361501847484954e-01 2.597300795540365137e-02 -7.279307650119183799e-03
9.995345642738603376e-01 2.957814276496384745e-02 -7.470379068698815815e-03
9.994174645026067116e-01 3.326440381202375174e-02 -7.630819248201017521e-03
9.992845011633245678e-01 3.701732801759805708e-02 -7.760252223499626394e-03
9.991355277065198104e-01 4.082230818116104609e-02 -7.858422966383464894e-03
9.989706094472217135e-01 4.466465165439054141e-02 -7.925197504387788625e-03
9.987900289830515810e-01 4.852963900547847820e-02 -7.960562516905505398e-03
9.985942882553305866e-01 5.240258235897635175e-02 -7.964624411367134810e-03
9.983841072383105031e-01 5.626888309671589095e-02 -7.937607886538054075e-03
9.981604192949252718e-01 6.011408861042877305e-02 -7.879853994222231484e-03
9.979243632893939342e-01 6.392394780622172312e-02 -7.791817714785286009e-03
9.976772725966641664e-01 6.768446507484920938e-02 -7.674065065821505244e-03
9.974206611952334267e-01 7.138195245944420342e-02 -7.527269766901199290e-03
9.971562070725752402e-01 7.500307977358430800e-02 -7.352209486567658735e-03
9.968857332105666158e-01 7.853492244675508438e-02 -7.149761700540137321e-03
9.966111864514113350e-01 8.196500690081764962e-02 -6.920899192367852004e-03
9.963346145721556635e-01 8.528135328932982817e-02 -6.666685229532498362e-03
9.960581419176837148e-01 8.847251546081462414e-02 -6.388268449192022885e-03
9.957839439578795027e-01 9.152761803661202400e-02 -6.086877488391796709e-03
9.955142211443890332e-01 9.443639052310064119e-02 -5.763815393652465917e-03
9.952511724461611253e-01 9.718919840618045480e-02 -5.420453844403599550e-03
9.949969689408546536e-01 9.977707120236915805e-02 -5.058227223809818977e-03
9.947537278315271569e-01 1.021917274651569368e-01 -4.678626569184442599e-03
9.945234872451065300e-01 1.044255967669492774e-01 -4.283193432468173495e-03
9.943081821514021534e-01 1.064718386956628737e-01 -3.873513679237863740e-03
9.941096217192981754e-01 1.083243589205882679e-01 -3.451211252479114040e-03
9.939294684007867753e-01 1.099778223943630728e-01 -3.017941924985239558e-03
9.937692190041784723e-01 1.114276637667873660e-01 -2.575387061812824986e-03
9.936301879857003527e-01 1.126700950918367583e-01 -2.125247411807400493e-03
9.935134931543146974e-01 1.137021109117624107e-01 -1.669236944883773378e-03
9.934200439484843770e-01 1.145214908018735850e-01 -1.209076749569846848e-03
9.933505324063107711e-01 1.151267994568131725e-01 -7.464890033577523641e-04
9.933054269124638180e-01 1.155173843942602779e-01 -2.831910266995587080e-04
9.932849687671029271e-01 1.156933713454735557e-01 1.791105699261734863e-04
9.932891715839968771e-01 1.156556573944055727e-01 6.387256375404123162e-04
9.933178234877234614e-01 1.154059019187700375e-01 1.093986131200071123e-03
9.933704920435665331e-01 1.149465153779309495e-01 1.543251636379501437e-03
9.934465318189094063e-01 1.142806459842938549e-01 1.984914772120305142e-03
9.935450944419071950e-01 1.134121642874749702e-01 2.417406463653076851e-03
9.936651409923386025e-01 1.123456456943265208e-01 2.839201076696957343e-03
9.938054565311091881e-01 1.110863509432754304e-01 3.248821404906036044e-03
9.939646665491946864e-01 1.096402045486976756e-01 3.644843501002168178e-03
9.941412550941528536e-01 1.080137712304405917e-01 4.025901341064209125e-03
9.943335843129439411e-01 1.062142303452858899e-01 4.390691310290894926e-03
9.945399151339148203e-01 1.042493483411998934e-01 4.737976497378034238e-03
9.947584287986193097e-01 1.021274492616499469e-01 5.066590783510622857e-03
9.949872489458311264e-01 9.985738333599805672e-02 5.375442710926066521e-03
9.952244639457945574e-01 9.744849370286082224e-02 5.663519115112292633e-03
9.954681491825306816e-01 9.491058132611975007e-02 5.929888504015885797e-03
9.957163889859189654e-01 9.225386817768538306e-02 6.173704167196192999e-03
9.959672979232920831e-01 8.948895877681185829e-02 6.394206997709751122e-03
9.962190411723395034e-01 8.662680019233044704e-02 6.590728009674886451e-03
9.964698537130887157e-01 8.367864063119259677e-02 6.762690534968805386e-03
9.967180580964195569e-01 8.065598675373619741e-02 6.909612083358720840e-03
9.969620805697099186e-01 7.757055987265856767e-02 7.031105851563734625e-03
9.972004653664860996e-01 7.443425120834969155e-02 7.126881868274237072e-03
9.974318869959768463e-01 7.125907638758510743e-02 7.196747763999274301e-03
9.976551603998038420e-01 6.805712938521005229e-02 7.240609156739174004e-03
9.978692488762012092e-01 6.484053611902337866e-02 7.258469646851887190e-03
9.980732697066085901e-01 6.162140791630672798e-02 7.250430417051165720e-03
9.982664974546765491e-01 5.841179507612237476e-02 7.216689436191476258e-03
9.984483649430757612e-01 5.522364075447603465e-02 7.157540268303255043e-03
9.986184619484359537e-01 5.206873539963651626e-02 7.073370491185520040e-03
9.987765316886753064e-01 4.895867196232762952e-02 6.964659731683490486e-03
9.989224652093625645e-01 4.590480210023913099e-02 6.831977327520965572e-03
9.990649021573199118e-01 4.264230906473599064e-02 7.139544989470368759e-03
9.992021663174528445e-01 3.924306657336931042e-02 7.418286392304469790e-03
9.993324074953083835e-01 3.572071602415836239e-02 7.667350531134950117e-03
9.994539046615215083e-01 3.208928111345942663e-02 7.886002976904988790e-03
9.995650899102710429e-01 2.836311268876704622e-02 8.073628248935441065e-03
9.996645698221394705e-01 2.455683215331812275e-02 8.229731713158701042e-03
9.997511439387211096e-01 2.068527367845381451e-02 8.353940988019281644e-03
9.998238201031833805e-01 1.676342550108701757e-02 8.446006843178815657e-03
9.998818264715229054e-01 1.280637060169917581e-02 8.505803579773171461e-03
9.999246200526390460e-01 8.829227072476703714e-03 8.533328884952378485e-03
9.999518916906429133e-01 4.847088495039658836e-03 8.528703157699268900e-03
9.999635674590778844e-01 8.749646523924349897e-04 8.492168307370371802e-03
9.999598064929555719e-01 -3.072277099940559295e-03 8.424086030927344787e-03
9.999409953397238038e-01 -6.979969483172389182e-03 8.324935579321554591e-03
9.999077389635169233e-01 -1.083370165378138607e-02 8.195311027852826211e-03
9.998608485873743401e-01 -1.461937397398576852e-02 8.035918069445273718e-03
9.998013266047063308e-01 -1.832325091475394546e-02 7.847570353576799676e-03
9.997303488333768584e-01 -2.193201183346325453e-02 7.631185396983912288e-03
9.996492444227043084e-01 -2.543279939285907065e-02 7.387780095173619894e-03
9.995594737549232667e-01 -2.881326541485224393e-02 7.118465866158856480e-03
9.994744831053955503e-01 -3.178548617691816236e-02 6.360719190924938975e-03
9.993925539056127683e-01 -3.439969627974033550e-02 5.585896147161546754e-03
9.993167044751111172e-01 -3.664874928594158421e-02 4.797017471478809761e-03
9.992495772419025535e-01 -3.852691640740817103e-02 3.997131481253103462e-03
9.991934017355967868e-01 -4.002989115295490369e-02 3.189302719187245110e-03
9.991499651961212036e-01 -4.115478941813867364e-02 2.376600794636510652e-03
9.991205911019312991e-01 -4.190014528576598701e-02 1.562089433159117744e-03
9.991061257994391376e-01 -4.226590276824562786e-02 7.488157399113301279e-04
9.991069332941868719e-01 -4.225340367959504878e-02 -6.020032186769661182e-05
9.991228981453484925e-01 -4.186537177800273013e-02 -8.619762388596330024e-04
9.991534362896004051e-01 -4.110589327179996894e-02 -1.653577044981105037e-03
9.991975135093149607e-01 -3.998039373488146420e-02 -2.432125210524225915e-03
9.992536711543749117e-01 -3.849561143429461318e-02 -3.194810323870578110e-03
9.993200586276199671e-01 -3.665956703496529856e-02 -3.938898563431597957e-03
9.993944720519281066e-01 -3.448152961616608725e-02 -4.661741953233022526e-03
9.994743984531193615e-01 -3.197197891288158789e-02 -5.360787390407815989e-03
9.995570647181640789e-01 -2.914256368385633594e-02 -6.033585427045590026e-03
9.996394905235050921e-01 -2.600605610761138123e-02 -6.677798782644704667e-03
9.997185443745799649e-01 -2.257630211846660406e-02 -7.291210557117478244e-03
9.997910018557497613e-01 -1.886816761656806563e-02 -7.871732108204625156e-03
9.998536051606305985e-01 -1.489748051863412984e-02 -8.417410551551707254e-03
9.999031229570393142e-01 -1.068096865873673085e-02 -8.926435836861583428e-03
9.999364096389915524e-01 -6.236193599681499021e-03 -9.397147349710727182e-03
9.999504630308754249e-01 -1.581480473860788841e-03 -9.828039986017594182e-03
9.999424796362519352e-01 3.264155964041319351e-03 -1.021776964494944956e-02
9.999099065656597007e-01 8.281088823503538615e-03 -1.056515808637263458e-02
9.998504893339615895e-01 1.344915978731866385e-02 -1.086919710085885310e-02
9.997623147874998839e-01 1.874776266094807520e-02 -1.112905194376822421e-02
9.996438485036213129e-01 2.415592931729130741e-02 -1.134406398999210017e-02
9.994939660986720265e-01 2.965241753571588867e-02 -1.151375257245178946e-02
9.993119779837135175e-01 3.521580018576250110e-02 -1.163781597525672187e-02
9.990976472180694845e-01 4.082455516719535327e-02 -1.171613156132278281e-02
9.988512002272480483e-01 4.645715549043033521e-02 -1.174875502399400432e-02
9.985733302714879800e-01 5.209215886588627886e-02 -1.173591876252275991e-02
9.982651936717498176e-01 5.770829616809240031e-02 -1.167802939184896596e-02
9.979283989189704496e-01 6.328455815063212253e-02 -1.157566440767194074e-02
9.975649889074378329e-01 6.880027981095337974e-02 -1.142956803802637131e-02
9.971774166419470342e-01 7.423522183904239513e-02 -1.124064632216660933e-02
9.967685148688906205e-01 7.956964862986218301e-02 -1.100996146626586833e-02
9.963414601717838215e-01 8.478440239487054775e-02 -1.073872553301704821e-02
9.958997321504055034e-01 8.986097297113998517e-02 -1.042829352848943965e-02
9.954470683685514576e-01 9.478156299567193355e-02 -1.008015595440734692e-02
9.949874158075260322e-01 9.952914818535753272e-02 -9.695930897280763752e-03
9.945248796004750869e-01 1.040875325375530402e-01 -9.277355727495413887e-03
9.940636698463923837e-01 1.084413983402938153e-01 -8.826278481572700021e-03
9.936080473123453105e-01 1.125763509527401562e-01 -8.344648999402312292e-03
9.931622688287198297e-01 1.164789583836631642e-01 -7.834509885439648602e-03
9.927305331658807797e-01 1.201367857569860809e-01 -7.297987358794913622e-03
9.923169281526168506e-01 1.235384248072019381e-01 -6.737282052001855766e-03
9.919253797582772147e-01 1.266735185927947149e-01 -6.154659812247642234e-03
9.915596038129107503e-01 1.295327816518132835e-01 -5.552442552194994906e-03
9.912230609843516449e-01 1.321080158500280710e-01 -4.932999190465800661e-03
9.909189155694227980e-01 1.343921221884991080e-01 -4.298736714615834439e-03
9.906499985895977911e-01 1.363791088440746146e-01 -3.652091392240639379e-03
9.904187756108410179e-01 1.380640957137761471e-01 -2.995520148927962190e-03
9.902273196341212502e-01 1.394433157229250098e-01 -2.331492125308898353e-03
9.900772893283418252e-01 1.405141131381634212e-01 -1.662480419631300445e-03
9.899699128021046679e-01 1.412749391013420897e-01 -9.909540172311306384e-04
9.899059770356670729e-01 1.417253445698509751e-01 -3.193699041266369592e-04
9.898858230203859687e-01 1.418659708147260168e-01 3.498346412088778083e-04
9.899093465804974512e-01 1.416985375911986589e-01 1.014249585975273132e-03
9.899760047817931508e-01 1.412258290587110054e-01 1.671499520236370811e-03
9.900848277641068895e-01 1.404516774902213050e-01 2.319250882376073380e-03
9.902344357699398580e-01 1.393809447752389075e-01 2.955219041065557887e-03
9.904230610804415358e-01 1.380195016887306447e-01 3.577175240103468504e-03
9.906485745127187048e-01 1.363742048699848608e-01 4.182953409777431276e-03
9.909085160794711689e-01 1.344528714327081209e-01 4.770456844971660525e-03
9.912001293636697463e-01 1.322642511108947927e-01 5.337664746250944496e-03
9.915203991178436205e-01 1.298179958349868213e-01 5.882638615740271200e-03
9.918660915599943895e-01 1.271246266299601302e-01 6.403528494957153733e-03
9.922337968066895497e-01 1.241954977314445874e-01 6.898579027012291011e-03
9.926199728589923943e-01 1.210427578277927935e-01 7.366135320947276785e-03
9.930209905390460223e-01 1.176793083549196733e-01 7.804648591596334388e-03
9.934331787647917578e-01 1.141187587962846223e-01 8.212681544405351849e-03
9.938528695478677788e-01 1.103753789719168765e-01 8.588913471265884059e-03
9.942764421055256818e-01 1.064640483370423024e-01 8.932145020757408654e-03
9.947003654916380944e-01 1.024002023516402543e-01 9.241302604349549421e-03
9.951212391746461217e-01 9.819977602599240518e-02 9.515442399184215888e-03
