1.000000000000000000e+00 0.000000000000000000e+00 0.000000000000000000e+00
1.000000000000000000e+00 0.000000000000000000e+00 0.000000000000000000e+00
1.000000000000000000e+00 0.000000000000000000e+00 0.000000000000000000e+00
1.000000000000000000e+00 0.000000000000000000e+00 0.000000000000000000e+00
1.000000000000000000e+00 0.000000000000000000e+00 0.000000000000000000e+00
1.000000000000000000e+00 0.000000000000000000e+00 0.000000000000000000e+00
1.000000000000000000e+00 0.000000000000000000e+00 0.000000000000000000e+00
1.000000000000000000e+00 0.000000000000000000e+00 0.000000000000000000e+00
1.000000000000000000e+00 0.000000000000000000e+00 0.000000000000000000e+00
1.000000000000000000e+00 0.000000000000000000e+00 0.000000000000000000e+00
1.000000000000000000e+00 0.000000000000000000e+00 0.000000000000000000e+00
1.000000000000000000e+00 0.000000000000000000e+00 0.000000000000000000e+00
1.000000000000000000e+00 0.000000000000000000e+00 0.000000000000000000e+00
1.000000000000000000e+00 0.000000000000000000e+00 0.000000000000000000e+00
1.000000000000000000e+00 0.000000000000000000e+00 0.000000000000000000e+00
1.000000000000000000e+00 0.000000000000000000e+00 0.000000000000000000e+00
1.000000000000000000e+00 0.000000000000000000e+00 0.000000000000000000e+00
1.000000000000000000e+00 0.000000000000000000e+00 0.000000000000000000e+00
1.000000000000000000e+00 0.000000000000000000e+00 0.000000000000000000e+00
1.000000000000000000e+00 0.000000000000000000e+00 0.000000000000000000e+00
1.000000000000000000e+00 0.000000000000000000e+00 0.000000000000000000e+00
1.000000000000000000e+00 0.000000000000000000e+00 0.000000000000000000e+00
9.999991207538446725e-01 6.552450217809617375e-04 -1.152922037413935032e-03
9.999957781146203706e-01 1.785849722678954383e-03 -2.292310444525934819e-03
9.999884387573040323e-01 3.385458306201730681e-03 -3.414872112482304507e-03
9.999749651673121020e-01 5.446354950617161850e-03 -4.517382120491743661e-03
9.999526609928630627e-01 7.959489237193223543e-03 -5.596692513380841644e-03
9.999183243642595365e-01 1.091450430694046458e-02 -6.649741007982216262e-03
9.998683084231498874e-01 1.429976801816210639e-02 -7.673559632905643628e-03
9.997985882214152076e-01 1.810240740447947166e-02 -8.665283296405326685e-03
9.997048330736628685e-01 2.230834674483345159e-02 -9.622158266565865314e-03
9.995824833804088927e-01 2.690234955260058236e-02 -1.054155053726058000e-02
9.994268308820379865e-01 3.186806477022930545e-02 -1.142095404267474273e-02
9.992331012577664318e-01 3.718807741902568215e-02 -1.225799867301943270e-02
9.989965379503621401e-01 4.284396390173040442e-02 -1.305045803476541887e-02
9.987124860775192792e-01 4.881635208965451334e-02 -1.379625689065499920e-02
9.983764752856811864e-01 5.508498624816825229e-02 -1.449347820822474014e-02
9.979843004126990325e-01 6.162879676647636806e-02 -1.514036974087149337e-02
9.975320988527192068e-01 6.842597456243681986e-02 -1.573535006284215373e-02
9.970164235604960234e-01 7.545404993355005197e-02 -1.627701397908663805e-02
9.964343106929418603e-01 8.268997552422693853e-02 -1.676413723277618215e-02
9.957833409627517840e-01 9.011021298020169268e-02 -1.719568043747466204e-02
9.950616938715182158e-01 9.769082276665722042e-02 -1.757079216740176086e-02
9.942681940965719667e-01 1.054075565403265330e-01 -1.788881114781125034e-02
9.934023494251004172e-01 1.132359513903578446e-01 -1.814926749802027103e-02
9.924643797587330285e-01 1.211514252005913145e-01 -1.835188299179601329e-02
9.914552368492417500e-01 1.291293723391865600e-01 -1.849657031330723816e-02
9.903766145684832489e-01 1.371452588518618509e-01 -1.858343130130703930e-02
9.892309496602268437e-01 1.451747163234113347e-01 -1.861275418922552979e-02
9.880214130650027959e-01 1.531936335791193871e-01 -1.858500986399484051e-02
9.867518920485068845e-01 1.611782454230595851e-01 -1.850084718127992592e-02
9.854269634964831770e-01 1.691052176533315299e-01 -1.836108738893641942e-02
9.840518588616690154e-01 1.769517276537828088e-01 -1.816671772357804013e-02
9.826324213589285872e-01 1.846955399359276606e-01 -1.791888425676849833e-02
9.811750561011276517e-01 1.923150760914293378e-01 -1.761888407726561884e-02
9.796866739490618370e-01 1.997894787121593518e-01 -1.726815690370833017e-02
9.781746299127808131e-01 2.070986689387508961e-01 -1.686827622798568738e-02
9.766466569884044713e-01 2.142233974068757651e-01 -1.642094009316600114e-02
9.751107963439457071e-01 2.211452884703182520e-01 -1.592796161126698584e-02
9.735753247801715027e-01 2.278468776885051728e-01 -1.539125932535431208e-02
9.720486803890053817e-01 2.343116426708478084e-01 -1.481284751756727774e-02
9.705393873136467509e-01 2.405240274686785695e-01 -1.419482655984099194e-02
9.690559804829989021e-01 2.464694607956399719e-01 -1.353937339752514513e-02
9.676069311499456704e-01 2.521343684373761329e-01 -1.284873224802568492e-02
9.662005740104325779e-01 2.575061802799290533e-01 -1.212520558727925822e-02
9.648450366202027118e-01 2.625733324423841775e-01 -1.137114548658786813e-02
9.635481717604288399e-01 2.673252650424524091e-01 -1.058894535137578155e-02
9.623174933343122683e-01 2.717524161535941341e-01 -9.781032102062001479e-03
9.611601163058093311e-01 2.758462125290957467e-01 -8.949858825738885026e-03
9.600827011206354289e-01 2.795990576726100074e-01 -8.097897915962872992e-03
9.590914029800226004e-01 2.830043178267361847e-01 -7.227634706926998852e-03
9.581918262705532152e-01 2.860563064321200444e-01 -6.341561597801444530e-03
9.573889843897031016e-01 2.887502675803455543e-01 -5.442172653274790495e-03
9.566872651471822753e-01 2.910823589457328109e-01 -4.531958657452795323e-03
9.560904018671929627e-01 2.930496346353013148e-01 -3.613402590392887290e-03
9.556014502665289845e-01 2.946500283438969192e-01 -2.688975489762654610e-03
9.552227711379991382e-01 2.958823371441205441e-01 -1.761132654474964997e-03
9.549560188277618211e-01 2.967462061795347328e-01 -8.323101427121519427e-04
9.548021354584521614e-01 2.972421144659240788e-01 9.507848647346487780e-05
9.547613508169726648e-01 2.973713619403635655e-01 1.018645240805666520e-03
9.548331877959348457e-01 2.971360578326679991e-01 1.936030625312389584e-03
9.550164732503526599e-01 2.965391103695548258e-01 2.844906489018088087e-03
9.553093541056496552e-01 2.955842177595810472e-01 3.742978839609916852e-03
9.557093185287213188e-01 2.942758603475821300e-01 4.627990675352154637e-03
9.562132219500966146e-01 2.926192937718398168e-01 5.497724879994125152e-03
9.568173177016547903e-01 2.906205429063701273e-01 6.350007221971843210e-03
9.575172920104476626e-01 2.882863963253095019e-01 7.182709493930202090e-03
9.583083030646505351e-01 2.856244009870787526e-01 7.993752822587340059e-03
9.591850238423357267e-01 2.826428568034362598e-01 8.781111172331256334e-03
9.601416883676028302e-01 2.793508107332257628e-01 9.542815058794828012e-03
9.611721410317189962e-01 2.757580500230304432e-01 1.027695548112141609e-02
9.622698885895878407e-01 2.718750942074075194e-01 1.098168807383943443e-02
9.634281544144885912e-01 2.677131854801367283e-01 1.165523747134773747e-02
9.646399345671431425e-01 2.632842770550872791e-01 1.229590187011752114e-02
9.658980552094551530e-01 2.586010191508731904e-01 1.290205776598792736e-02
9.671952308694706790e-01 2.536767422572631658e-01 1.347216483652119608e-02
9.685241230430838844e-01 2.485254373730205191e-01 1.400477093143812600e-02
9.698773986006266057e-01 2.431617329439891007e-01 1.449851712782159949e-02
9.712477874536337152e-01 2.376008682761691915e-01 1.495214280119397735e-02
9.726281389296400626e-01 2.318586632504332223e-01 1.536449065887199317e-02
9.740114763016440858e-01 2.259514842224501774e-01 1.573451167829470823e-02
9.753910489245873894e-01 2.198962060522121065e-01 1.606126989040264699e-02
9.767603814444331123e-01 2.137101702710542672e-01 1.634394694669415171e-02
9.781133195666024127e-01 2.074111394589006896e-01 1.658184640834801243e-02
9.794440718998814743e-01 2.010172479692519665e-01 1.677439769680201531e-02
9.807472474294735010e-01 1.945469492027290526e-01 1.692115964740758399e-02
9.820178882184422697e-01 1.880189596903728277e-01 1.702182361120328086e-02
9.832514969899538437e-01 1.814522003039975850e-01 1.707621605439553145e-02
9.844440593028217501e-01 1.748657349614218537e-01 1.708430061070512901e-02
9.855920600990391023e-01 1.682787072381983495e-01 1.704617954820610709e-02
9.866924944731777503e-01 1.617102753335513676e-01 1.696209461949877220e-02
9.877428725885308847e-01 1.551795458658240257e-01 1.683242727184952256e-02
9.887412187423159082e-01 1.487055069912856242e-01 1.665769820210984478e-02
9.896860646606930878e-01 1.423069613493497254e-01 1.643856624959908613e-02
9.905764371822968206e-01 1.360024593370611490e-01 1.617582662850018671e-02
9.914118405649255950e-01 1.298102332063432729e-01 1.587040850947717824e-02
9.921922337225311805e-01 1.237481324594243010e-01 1.552337196798955939e-02
9.929180027673243369e-01 1.178335609917871007e-01 1.513590432397820922e-02
9.935899292934146088e-01 1.120834163988262688e-01 1.470931590407704298e-02
9.942091548928420064e-01 1.065140318232366823e-01 1.424503526313572813e-02
9.947771424412250596e-01 1.011411206762284215e-01 1.374460390652147007e-02
9.952956347278368865e-01 9.597972451828350182e-02 1.320967055833295600e-02
9.958105590048978994e-01 9.039447981311928004e-02 1.379029340368124676e-02
9.963140148960535347e-01 8.457613065965820243e-02 1.432709359623900516e-02
9.968005893677901463e-01 7.854295079145605374e-02 1.481869908425406494e-02
9.972651249960181596e-01 7.231382063501341773e-02 1.526387518188440824e-02
9.977027782559153568e-01 6.590817073271061644e-02 1.566152931863207601e-02
9.981090736655334750e-01 5.934592144199064834e-02 1.601071535538333562e-02
9.984799531303918396e-01 5.264741914405140361e-02 1.631063740454545899e-02
9.988118198938420456e-01 4.583336926841315856e-02 1.656065309530639282e-02
9.991015765655671954e-01 3.892476650829282403e-02 1.676027623009875359e-02
9.993466567773346965e-01 3.194282266386006680e-02 1.690917878481015130e-02
9.995450500999193411e-01 2.490889260445469655e-02 1.700719221299228437e-02
9.996953199465732354e-01 1.784439888521640455e-02 1.705430802308817093e-02
9.997966142849289417e-01 1.077075558709887290e-02 1.705067760729494022e-02
9.998486690790036047e-01 3.709291971008311060e-03 1.699661131085854551e-02
9.998518044841162578e-01 -3.318823453732183161e-03 1.689257674108953639e-02
9.998069139180780773e-01 -1.029265784942446846e-02 1.673919632592025045e-02
9.997154462300000821e-01 -1.719158737672074611e-02 1.653724414211936791e-02
9.995793812815931823e-01 -2.399536837332250094e-02 1.628764204307526706e-02
9.994011993431382024e-01 -3.068420586793899757e-02 1.599145512510970896e-02
9.991838447857961381e-01 -3.723881896048245738e-02 1.564988657936842997e-02
9.989306846222411052e-01 -4.364050265541544876e-02 1.526427198326943749e-02
9.986454625076461866e-01 -4.987118579769918292e-02 1.483607309112496865e-02
9.983322488620134383e-01 -5.591348482812084908e-02 1.436687118778354026e-02
9.979953878122155286e-01 -6.175075314502286028e-02 1.385836007190226378e-02
9.976394416776991347e-01 -6.736712593071658706e-02 1.331233873673932575e-02
9.972691337376716758e-01 -7.274756037127974584e-02 1.273070381617789383e-02
9.968892900201110630e-01 -7.787787126624960699e-02 1.211544186212188713e-02
9.965047808446910738e-01 -8.274476208832186319e-02 1.146862151654384245e-02
9.961204628334967559e-01 -8.733585161112634998e-02 1.079238563744965712e-02
9.957411220761681614e-01 -9.163969627427645537e-02 1.008894343301439990e-02
9.953714191009195300e-01 -9.564580849822679198e-02 9.360562652317380022e-03
9.950158362608707563e-01 -9.934467119633073884e-02 8.609561874656203317e-03
9.946786280974641015e-01 -1.027277487574361353e-01 7.838302932548632182e-03
9.943637751905596289e-01 -1.057874947892246675e-01 7.049183496438720525e-03
9.940749419492173056e-01 -1.085173569203664590e-01 6.244629842006245782e-03
9.938154387391974209e-01 -1.109117789587354963e-01 5.427089814022966613e-03
9.935881886837705235e-01 -1.129662006939303326e-01 4.599025994078838851e-03
9.933956994143332553e-01 -1.146770556158664550e-01 3.762909073372082761e-03
9.932400399872630681e-01 -1.160417667981045314e-01 2.921211426254887236e-03
9.931228231239845883e-01 -1.170587411658277344e-01 2.076400875465679932e-03
9.930451928728095679e-01 -1.177273623350524046e-01 1.230934636049919699e-03
9.930078177340905254e-01 -1.180479821728849660e-01 3.872534219409663791e-04
9.930108892348563643e-01 -1.180219111895968315e-01 -4.522243029168937023e-04
9.930541258855417608e-01 -1.176514078331615670e-01 -1.285107948151350578e-03
9.931367823998143995e-01 -1.169396667168539905e-01 -2.109040314674760601e-03
9.932576640089285647e-01 -1.158908057716812740e-01 -2.921703025199163389e-03
9.934151456545737835e-01 -1.145098522788746964e-01 -3.720821884596055285e-03
9.936071957989252024e-01 -1.128027277044131860e-01 -4.504172184702300193e-03
9.938314045476515091e-01 -1.107762312284761713e-01 -5.269583965007214321e-03
9.940850157411421639e-01 -1.084380218386203909e-01 -6.014947236865669962e-03
9.943649626313788570e-01 -1.057965988370049848e-01 -6.738217174583167705e-03
9.946679067269506014e-01 -1.028612805996726859e-01 -7.437419272037602315e-03
9.949902793570022386e-01 -9.964218142010325407e-02 -8.110654458574062531e-03
9.953283254767841814e-01 -9.615018627020095743e-02 -8.756104162874429886e-03
9.956781492133380818e-01 -9.239692331960751293e-02 -9.372035308506802484e-03
9.960357606301604161e-01 -8.839473406862367877e-02 -9.956805220044469620e-03
9.963971231748854906e-01 -8.415664097078570660e-02 -1.050886641415052850e-02
9.967582012645888057e-01 -7.969631244782172941e-02 -1.102677124598550051e-02
9.971150074596606405e-01 -7.502802523169442572e-02 -1.150917637783422515e-02
9.974636486797310297e-01 -7.016662400496065377e-02 -1.195484703407437982e-02
9.978278187681023370e-01 -6.447511824638732514e-02 -1.351324072188258771e-02
9.981950072860116263e-01 -5.814756849455360310e-02 -1.501974425922584892e-02
9.985522966585052007e-01 -5.120595470417581285e-02 -1.647017391325576036e-02
9.988861708394112249e-01 -4.367408904135246239e-02 -1.786051046045551358e-02
9.991827184680619478e-01 -3.557758052289308748e-02 -1.918691386851237995e-02
9.994278420136335495e-01 -2.694378912727087017e-02 -2.044573857479755480e-02
9.996074702610850959e-01 -1.780176788090058471e-02 -2.163354917548701919e-02
9.997077713564248569e-01 -8.182191668904097159e-03 -2.274713630033574005e-02
9.997153635272308936e-01 1.882728181506006584e-03 -2.378353241487120989e-02
9.996175205353360349e-01 1.235934415214160267e-02 -2.474002726558280699e-02
9.994023689099167385e-01 2.321268784568934068e-02 -2.561418266566136206e-02
9.990590740571767547e-01 3.440660017890343619e-02 -2.640384630987187287e-02
9.985780124518909284e-01 4.590387586015433341e-02 -2.710716430782360992e-02
9.979509272886154525e-01 5.766642113854700269e-02 -2.772259213551258802e-02
9.971710652062295566e-01 6.965542341203234677e-02 -2.824890372547052622e-02
9.962332919958627464e-01 8.183153091224096287e-02 -2.868519844570754235e-02
9.951341855537004788e-01 9.415504035750402179e-02 -2.903090575605719523e-02
9.938721047386243068e-01 1.065860901946562023e-01 -2.928578737634739831e-02
9.924472332298300836e-01 1.190848568447564204e-01 -2.944993685254756674e-02
9.908615979393399220e-01 1.316117512353883190e-01 -2.952377646295218164e-02
9.891190620052386917e-01 1.441276128474669183e-01 -2.950805146465273684e-02
9.872252928594102972e-01 1.565938985291808749e-01 -2.940382173903581878e-02
9.851877063144258706e-01 1.689728634324150769e-01 -2.921245095184088481e-02
9.830153880346034212e-01 1.812277316032707419e-01 -2.893559339652770207e-02
9.807189941340110906e-01 1.933228540009036822e-01 -2.857517873762957517e-02
9.783106329690556269e-01 2.052238520182394499e-01 -2.813339491194548000e-02
9.758037304573095039e-01 2.168977449227421084e-01 -2.761266947870244168e-02
9.732128814520053517e-01 2.283130600125967968e-01 -2.701564973439735465e-02
9.705536898304830684e-01 2.394399246800655301e-01 -2.634518192347007348e-02
9.678426000148638852e-01 2.502501399760410639e-01 -2.560428988219728627e-02
9.650967226369382423e-01 2.607172356651882295e-01 -2.479615345050392716e-02
9.623336569915599270e-01 2.708165071378601518e-01 -2.392408697534803216e-02
9.595713128005066705e-01 2.805250348930571347e-01 -2.299151821078599528e-02
9.568277336400209387e-01 2.898216876177245327e-01 -2.200196789480784662e-02
9.541209241792876217e-01 2.986871101553287278e-01 -2.095903025272302309e-02
9.514686831436364178e-01 3.071036978766273351e-01 -1.986635464252627450e-02
9.488884436650212306e-01 3.150555591355992946e-01 -1.872762852054580748e-02
9.463971224226970236e-01 3.225284676132239570e-01 -1.754656186699690701e-02
9.440109787176556022e-01 3.295098064224588619e-01 -1.632687317197703894e-02
9.417454843729661240e-01 3.359885058720105677e-01 -1.507227704396733696e-02
9.398409907602963687e-01 3.413759504958343571e-01 -1.270350867014678059e-02
9.382413902888798729e-01 3.458273904235525942e-01 -1.032065756123632348e-02
9.369612939760614267e-01 3.493431895858487568e-01 -7.929422075604720607e-03
9.360118273935199573e-01 3.519250273305591370e-01 -5.535370620180639009e-03
9.354006051048430193e-01 3.535757765690902277e-01 -3.143954684670626637e-03
9.351317310376734415e-01 3.542994123701029840e-01 -7.605235408572213508e-04
9.352058231431147339e-01 3.541009516696733694e-01 1.609660070328499705e-03
9.356200610363517578e-01 3.529864240922787610e-01 3.961403930080759431e-03
9.363682556703202264e-01 3.509628732383713867e-01 6.289570658454166595e-03
9.374409404463944773e-01 3.480383871895525449e-01 8.589062977710098384e-03
9.388254834915736868e-01 3.442221564086436203e-01 1.085481051098322394e-02
9.405062211113828230e-01 3.395245566669834458e-01 1.308175866619184710e-02
9.424646126444553573e-01 3.339572541141124784e-01 1.526486010982495978e-02
9.446794170835492999e-01 3.275333291166503402e-01 1.739906928306503286e-02
9.471268918760760158e-01 3.202674150371212503e-01 1.947934035315220663e-02
9.497810142655147558e-01 3.121758477059710657e-01 2.150062892545786392e-02
9.526137253770541324e-01 3.032768209701156015e-01 2.345789776602152238e-02
9.555951969839621141e-01 2.935905433908098661e-01 2.534612670015774782e-02
9.586941205173006297e-01 2.831393909264201536e-01 2.716032676035943366e-02
9.618780174071606126e-01 2.719480502874115913e-01 2.889555855677526305e-02
9.651135692801147137e-01 2.600436476077969683e-01 3.054695473724245228e-02
9.683669659018309117e-01 2.474558571552523401e-01 3.210974629304570727e-02
9.716042680676651999e-01 2.342169850151621380e-01 3.357929235372157650e-02
9.747917819342806212e-01 2.203620230429389482e-01 3.495111300242013247e-02
9.778964405827319517e-01 2.059286688904391482e-01 3.622092453619821933e-02
9.808861879418498964e-01 1.909573085766704537e-01 3.738467649718563157e-02
9.837303596155692054e-01 1.754909588838090284e-01 3.843858971510240308e-02
9.864000546843085804e-01 1.595751678026642584e-01 3.937919453337927755e-02
9.888684922216813833e-01 1.432578723050093594e-01 4.020336834415202260e-02
9.911113461124633206e-01 1.265892138537635381e-01 4.090837153513543489e-02
9.931070517982515389e-01 1.096213132391095357e-01 4.149188095649228303e-02
9.948370788277813848e-01 9.240800750706688882e-02 4.195202004989274924e-02
9.962861635538460270e-01 7.500455288117563457e-02 4.228738484534749070e-02
9.974424969919589712e-01 5.746729862112197329e-02 4.249706512304010642e-02
9.982978637201396221e-01 3.985333766937401018e-02 4.258066015480486965e-02
9.988477287268595628e-01 2.222014066765459067e-02 4.253828857924846912e-02
9.990912702684082713e-01 4.625180445872234536e-03 4.237059212074957559e-02
9.990313580335564714e-01 -1.287444562724371355e-02 4.207873302968192369e-02
9.986744771834326073e-01 -3.022238800336759720e-02 4.166438529256359657e-02
9.980306000870545757e-01 -4.736340480487079285e-02 4.112971982955489908e-02
9.971130087581109303e-01 -6.424370239529285376e-02 4.047738405607653051e-02
9.959380720705006684e-01 -8.081125056339841239e-02 3.971047632910058856e-02
9.945249827495631356e-01 -9.701606706326440510e-02 3.883251592155981258e-02
9.928954598722999902e-01 -1.128104672472352438e-01 3.784740926616168150e-02
9.910734231427723584e-01 -1.281492756237647412e-01 3.675941327986206875e-02
9.890846455285879912e-01 -1.429899973211237185e-01 3.557309662095795716e-02
9.869563909520510103e-01 -1.572929485939832950e-01 3.429329974223176147e-02
9.847170436361024626e-01 -1.710213466291134743e-01 3.292509458717074455e-02
9.823957354302104150e-01 -1.841413599499577836e-01 3.147374473448274340e-02
9.800219770111862072e-01 -1.966221216553517837e-01 2.994466673232655876e-02
9.776252982995712326e-01 -2.084357085304711921e-01 2.834339328189943233e-02
9.752349027873921106e-01 -2.195570897216407302e-01 2.667553883465859088e-02
9.728793397719008862e-01 -2.299640491622935434e-01 2.494676806297236801e-02
9.705861977652813222e-01 -2.396370862739278240e-01 2.316276755472429158e-02
9.683818216322657157e-01 -2.485592996485846973e-01 2.132922097231264302e-02
9.662910553222278098e-01 -2.567162584586351048e-01 1.945178780909175703e-02
9.643370114308906782e-01 -2.640958662498954501e-01 1.753608577449977668e-02
9.625408682654404968e-01 -2.706882215722511420e-01 1.558767674519593617e-02
9.609216946064453868e-01 -2.764854796063244691e-01 1.361205613514854945e-02
9.594963019664032311e-01 -2.814817185737621963e-01 1.161464546384771875e-02
9.584688293542095172e-01 -2.850707487881341540e-01 8.496032851620103146e-03
9.577903337136411954e-01 -2.874173907896108160e-01 5.378789615173822612e-03
9.574692949090205518e-01 -2.885262667445885332e-01 2.270276518571820792e-03
9.575086132527376170e-01 -2.884035215097386917e-01 -8.222674857371980832e-04
9.579056737020664736e-01 -2.870567666318861733e-01 -3.891698055287324490e-03
9.586524520240523595e-01 -2.844950812505736004e-01 -6.930938606967636945e-03
9.597356618745710444e-01 -2.807290677000483514e-01 -9.932955099618287834e-03
9.611369424746359913e-01 -2.757709582947169280e-01 -1.289073366717343253e-02
9.628330871946587655e-01 -2.696347685301297981e-01 -1.579726223850241862e-02
9.647963138283159878e-01 -2.623364907387121803e-01 -1.864551718199589786e-02
9.669945776107434776e-01 -2.538943211102660524e-01 -2.142845589663022396e-02
9.693919280770082469e-01 -2.443289119339258908e-01 -2.413901613514729885e-02
9.719489106408905066e-01 -2.336636399615003301e-01 -2.677012268760420657e-02
9.746230132858346717e-01 -2.219248809613450779e-01 -2.931470187384720150e-02
9.773691579963711407e-01 -2.091422798643058634e-01 -3.176570409130317907e-02
9.801402355298798330e-01 -1.953490054421768707e-01 -3.411613444099181186e-02
9.828876808609069426e-01 -1.805819782513284899e-01 -3.635909121259379290e-02
9.855620851650630510e-01 -1.648820606663838340e-01 -3.848781175338238103e-02
9.881138386047395583e-01 -1.482941982634549682e-01 -4.049572498244145835e-02
9.904937965077088569e-01 -1.308675026228355853e-01 -4.237650954940630488e-02
9.926539598784267504e-01 -1.126552668266657675e-01 -4.412415638624143932e-02
9.945481596463523477e-01 -9.371490652904902741e-02 -4.573303417286814221e-02
9.961327327361618744e-01 -7.410782145348365768e-02 -4.719795604498328023e-02
9.973671770400202030e-01 -5.389917447996048910e-02 -4.851424572724176432e-02
9.982147717721165936e-01 -3.315758805143469851e-02 -4.967780118812359369e-02
9.986431495645491374e-01 -1.195476036298613598e-02 -5.068515389327480497e-02
9.986248070726498893e-01 9.634993416314550224e-03 -5.153352178797483696e-02
9.981375418196514193e-01 3.153526692570677442e-02 -5.222085426901880434e-02
9.971648045153306272e-01 5.366814492895335964e-02 -5.274586760986108014e-02
9.956959580868982584e-01 7.595482952209578476e-02 -5.310806957405082851e-02
9.937264370859648643e-01 9.831629586945253574e-02 -5.330777228020973368e-02
9.912578038770146760e-01 1.206739619291491705e-01 -5.334609275269813072e-02
9.882977009423232762e-01 1.429503560644641014e-01 -5.322494098843500582e-02
9.848597016139981619e-01 1.650697665127783265e-01 -5.294699577308230320e-02
9.809630644206458472e-01 1.869588573927028485e-01 -5.251566886955348623e-02
9.766323988757310559e-01 2.085472372280265940e-01 -5.193505856007699789e-02
9.718972528151603729e-01 2.297679677773261375e-01 -5.120989383356834568e-02
9.667916332157198145e-01 2.505580031763396387e-01 -5.034547075984777825e-02
9.613534737267853680e-01 2.708585519037733369e-01 -4.934758277232975665e-02
9.556240628916491398e-01 2.906153567379546332e-01 -4.822244668668574513e-02
9.498939308400461412e-01 3.091864130254016740e-01 -4.588376577868955725e-02
9.441267323080991813e-01 3.267060798804010679e-01 -4.344982051017934332e-02
9.383882979778663813e-01 3.431503823526421137e-01 -4.092984229223246839e-02
9.327421577175065703e-01 3.585006173861350343e-01 -3.833285584067477880e-02
9.272489514217451267e-01 3.727428534356360679e-01 -3.566762283989257515e-02
9.219659230439297692e-01 3.858674031948578498e-01 -3.294259828170778559e-02
9.169464957655368842e-01 3.978682851302916545e-01 -3.016589922403833252e-02
9.122399242293376398e-01 4.087426880455932166e-01 -2.734528542326808767e-02
9.078910182343792323e-01 4.184904512236948260e-01 -2.448815106317476370e-02
9.039399312427478517e-01 4.271135709155260418e-01 -2.160152662976685956e-02
9.004220064476998742e-01 4.346157421565373102e-01 -1.869208986064902281e-02
8.973676729539040720e-01 4.410019431667520085e-01 -1.576618462293925133e-02
8.948023847684426491e-01 4.462780679786219062e-01 -1.282984653764571679e-02
8.927465957372793248e-01 4.504506114724994292e-01 -9.888834162780957976e-03
8.912157642275075897e-01 4.535264096981379001e-01 -6.948664564572062073e-03
8.902203821948657669e-01 4.555124372239960362e-01 -4.014652138791373857e-03
8.897660242370838413e-01 4.564156622743830161e-01 -1.091949586308296229e-03
8.898534132700699484e-01 4.562429595690452033e-01 1.814410006580593950e-03
8.904785005344236781e-01 4.550010800460745908e-01 4.699470985430935499e-03
8.916325587077466031e-01 4.526966759989697331e-01 7.558313799779258976e-03
8.933022879312133568e-01 4.493363795630801460e-01 1.038601544537346225e-02
8.954699355274827743e-01 4.449269319171682557e-01 1.317761255300133397e-02
8.981134310640757068e-01 4.394753599967769486e-01 1.592806796387579230e-02
9.012065391759980226e-01 4.329891969261465690e-01 1.863224159525003754e-02
9.047190331786634232e-01 4.254767417489962456e-01 2.128486636113614827e-02
9.086168929526801108e-01 4.169473533670023935e-01 2.388052986830386387e-02
9.128625308422493312e-01 4.074117728777992831e-01 2.641366255335470675e-02
9.174150493566675113e-01 3.968824677502642562e-01 2.887853285865414621e-02
9.222305342802177286e-01 3.853739905016584366e-01 3.126924995943672347e-02
9.272623863642025510e-01 3.729033437763823455e-01 3.357977444808503409e-02
9.324616940867274106e-01 3.594903430063570715e-01 3.580393725180192055e-02
9.377776490200472326e-01 3.451579672031673263e-01 3.793546690514341957e-02
9.431580041512884760e-01 3.299326879432855630e-01 3.996802511911008715e-02
9.485495740821431321e-01 3.138447663149093736e-01 4.189525038541681845e-02
9.538987744228761834e-01 2.969285075536306495e-01 4.371080913187568029e-02
9.591521959469313519e-01 2.792224633561565805e-01 4.540845370834736133e-02
9.642572072507535896e-01 2.607695724703307794e-01 4.698208624035989794e-02
9.691625778489331156e-01 2.416172311465399347e-01 4.842582714908624797e-02
9.738191119179452349e-01 2.218172864134981270e-01 4.973408691327773495e-02
9.781802813796540708e-01 2.014259469021390525e-01 5.090163945329263112e-02
9.821458171367815071e-01 1.811355265694170047e-01 5.078943457426882135e-02
9.856850186622502230e-01 1.608451276866507684e-01 5.053652559497703867e-02
9.887928477794160065e-01 1.406216124212030516e-01 5.014297022013349675e-02
9.914690886673078740e-01 1.205321364073249496e-01 4.960948462090117306e-02
9.937182883585699011e-01 1.006436288209472396e-01 4.893744349466522259e-02
9.955496226511135749e-01 8.102228004670010419e-02 4.812887109044914485e-02
9.969766901230978640e-01 6.173304762640573207e-02 4.718642356641654378e-02
9.980172387836008241e-01 4.283919041298094033e-02 4.611336328931782413e-02
9.986928315419465463e-01 2.440183974492917893e-02 4.491352590219398200e-02
9.990284580720661944e-01 6.479615060838918306e-03 4.359128116734141412e-02
9.990521017356907008e-01 -1.087171023990016194e-02 4.215148872981488298e-02
9.987942709793786733e-01 -2.759948863680033310e-02 4.059945003840220723e-02
9.982875050246103887e-01 -4.365442178668539619e-02 3.894085770442567290e-02
9.975658637355614422e-01 -5.899072683073740275e-02 3.718174357480082126e-02
9.966644113007778749e-01 -7.356624695949919024e-02 3.532842674766319829e-02
9.956187028419197782e-01 -8.734250903024554091e-02 3.338746267158675118e-02
9.944642823144541621e-01 -1.002847323726806517e-01 3.136559434939727858e-02
9.932361991474607521e-01 -1.123617940218395311e-01 2.926970652215061391e-02
9.919685500407153800e-01 -1.235461564607322066e-01 2.710678354569321866e-02
9.906940512537744103e-01 -1.338137645327335257e-01 2.488387149895218697e-02
9.894436456363022714e-01 -1.431439185001949221e-01 2.260804488682411836e-02
9.882461476069024364e-01 -1.515191302964836451e-01 2.028637812757126679e-02
9.871279283262349713e-01 -1.589249698665079480e-01 1.792592185032657048e-02
9.861126424567989712e-01 -1.653499081437830309e-01 1.553368387691076401e-02
9.852209971743076666e-01 -1.707851627010500417e-01 1.311661462683827613e-02
9.844705635026564927e-01 -1.752245514679569849e-01 1.068159656727121244e-02
9.838756295860920931e-01 -1.786643591640209028e-01 8.235437232005322905e-03
9.834470951809402006e-01 -1.811032202765855970e-01 5.784865255819978194e-03
9.831924064316032164e-01 -1.825420215474799213e-01 3.336528812597196192e-03
9.831155298732192627e-01 -1.829838260410947270e-01 8.969958070010153155e-04
9.832169645547571557e-01 -1.824338199700145935e-01 -1.527244850563760567e-03
9.834937911777669184e-01 -1.808992825687289474e-01 -3.929781558430755009e-03
9.839397571731194336e-01 -1.783895784456018541e-01 -6.304278586052668165e-03
9.845453966668656909e-01 -1.749161710208662346e-01 -8.644475512731697800e-03
9.852981842943028257e-01 -1.704926548856633695e-01 -1.094418812626295548e-02
9.861827217883414320e-01 -1.651348042054951171e-01 -1.319731130616752512e-02
9.871809561775197750e-01 -1.588606336525312801e-01 -1.539782434419376816e-02
9.882724282677510796e-01 -1.516904677971814275e-01 -1.753979907063546104e-02
9.894345498421044383e-01 -1.436470144329992094e-01 -1.961741105990584197e-02
9.906429076918835674e-01 -1.347554369636131955e-01 -2.162495408413232789e-02
9.918166421076918260e-01 -1.256879272421799199e-01 -2.241273637799693491e-02
9.929446647329184250e-01 -1.163007871366682905e-01 -2.313130808842966263e-02
9.940151899604769969e-01 -1.066227543554857382e-01 -2.377873915502887181e-02
9.950172067824379907e-01 -9.668356968693354869e-02 -2.435331424455093943e-02
9.959406047993240030e-01 -8.651388159328024519e-02 -2.485354355109993182e-02
9.967762890841423973e-01 -7.614514010664627519e-02 -2.527817267394604980e-02
9.975162822708143473e-01 -6.560948080027761975e-02 -2.562619136765973554e-02
9.981538123953500596e-01 -5.493959985779534733e-02 -2.589684097525249765e-02
9.986833852133112366e-01 -4.416862148995679554e-02 -2.608962037644753720e-02
9.991008399452588895e-01 -3.332995914608358201e-02 -2.620429030951025931e-02
9.994033876581013276e-01 -2.245717212917257982e-02 -2.624087595551534771e-02
9.995896317684096477e-01 -1.158381934450751147e-02 -2.619966770761934446e-02
9.996595704467791110e-01 -7.433119874068212091e-04 -2.608122008382593102e-02
9.996145810024117395e-01 1.003123299578695046e-02 -2.588634877876928864e-02
9.994573866261807771e-01 2.070713685893860179e-02 -2.561612588705159538e-02
9.991920061604073755e-01 3.125229867162290093e-02 -2.527187336651244218e-02
9.988236878366938409e-01 4.163532896188353039e-02 -2.485515484339161085e-02
9.983588281723669855e-01 5.182567590031403326e-02 -2.436776589168038534e-02
9.978048774352972217e-01 6.179374272522708544e-02 -2.381172294518360891e-02
9.971702332712135686e-01 7.151099532240741408e-02 -2.318925102224550852e-02
9.964641242336076399e-01 8.095005910734491550e-02 -2.250277045922598196e-02
9.956964850618728047e-01 9.008480460512321986e-02 -2.175488285935170754e-02
9.948778256178669732e-01 9.889042137539162669e-02 -2.094835646841287230e-02
9.940190954154451974e-01 1.073434801793766297e-01 -2.008611118803357506e-02
9.931315456637893613e-01 1.154219835254880061e-01 -1.917120343119502537e-02
9.922265906967695503e-01 1.231054049532726707e-01 -1.820681101377738878e-02
9.913156705811989600e-01 1.303747176167199817e-01 -1.719621826068070194e-02
9.904101165914139804e-01 1.372124129027350870e-01 -1.614280148625968012e-02
9.895210211112389631e-01 1.436025099656128290e-01 -1.505001498709991961e-02
9.886591133823247057e-01 1.495305571713531345e-01 -1.392137766134784842e-02
9.878346423652304420e-01 1.549836265255636059e-01 -1.276046034366249381e-02
9.870572678213052065e-01 1.599503022054460655e-01 -1.157087391914126545e-02
9.863359605637913585e-01 1.644206643308411542e-01 -1.035625825399838842e-02
9.856789126694093239e-01 1.683862690932013129e-01 -9.120271955996324745e-03
9.850934582900747749e-01 1.718401263170298010e-01 -7.866582954226680746e-03
9.845860055607178474e-01 1.747766754586418669e-01 -6.598859866305466053e-03
9.841619799650256351e-01 1.771917609553298745e-01 -5.320764101800483370e-03
9.838257793972227105e-01 1.790826077276630734e-01 -4.035942634073192217e-03
9.835807410449654009e-01 1.804477975123765787e-01 -2.748021358937909574e-03
9.834291201157125961e-01 1.812872465668045330e-01 -1.460598947784253008e-03
9.833720803357093310e-01 1.816021851417579935e-01 -1.772410951689686997e-04
9.834096960657620068e-01 1.813951389717168294e-01 1.098524943609856513e-03
9.835409657998219757e-01 1.806699128826449174e-01 2.363215630818919777e-03
9.837638367394044847e-01 1.794315764719314199e-01 3.613396344679161570e-03
9.840752400674043221e-01 1.776864516750077949e-01 4.845686597475773807e-03
9.844711364773733875e-01 1.754421019019921368e-01 6.056765365726841585e-03
9.849465714474110456e-01 1.727073223079602926e-01 7.243376614929020185e-03
9.854957396803993852e-01 1.694921306546021689e-01 8.402335089308907851e-03
9.861120580636383304e-01 1.658077581313154858e-01 9.530532422935422340e-03
9.867882464306607648e-01 1.616666394321766287e-01 1.062494361281255198e-02
9.875164153362554487e-01 1.570824013333715075e-01 1.168263387752693089e-02
9.882881599830644070e-01 1.520698489849004464e-01 1.270076590705538841e-02
9.890946593656035901e-01 1.466449491216489931e-01 1.367660749085550242e-02
9.899267796266622010e-01 1.408248094127795280e-01 1.460753949280204148e-02
9.907751805536382239e-01 1.346276532049259511e-01 1.549106412334516104e-02
9.916304240806748105e-01 1.280727889734343261e-01 1.632481344191216710e-02
9.924830836088933683e-01 1.211805738759199197e-01 1.710655800651213546e-02
9.933238529141482642e-01 1.139723709021740611e-01 1.783421557317726308e-02
9.941436533821168542e-01 1.064704992318570437e-01 1.850585973570634604e-02
9.949337382966456644e-01 9.869817754380340313e-02 1.911972838654402151e-02
9.956857929112959971e-01 9.067946016497793749e-02 1.967423187286014563e-02
9.963920290578025529e-01 8.243916609953128027e-02 2.016796071824463951e-02
9.970452730900103422e-01 7.400280113502316626e-02 2.059969278008108931e-02
9.976390460285212702e-01 6.539647337945907191e-02 2.096839971569305558e-02
9.981676348598432780e-01 5.664680273494071550e-02 2.127325263675645950e-02
9.986261540536263137e-01 4.778082495709888577e-02 2.151362684112237411e-02
9.990105964912131542e-01 3.882589107985919691e-02 2.168910552387577628e-02
9.993178731461077602e-01 2.980956309861473863e-02 2.179948238484622283e-02
9.995458410193009957e-01 2.075950689814398675e-02 2.184476306747380747e-02
9.996933190063288510e-01 1.170338348182467514e-02 2.182516538342718290e-02
9.997600915546470679e-01 2.668739603784459763e-03 2.174111829811724642e-02
9.997469001552414802e-01 -6.317101075667049329e-03 2.159325967365507623e-02
9.996554228970315759e-01 -1.522714519906872080e-02 2.138243278725010521e-02
9.994882424922507669e-01 -2.403483420745752136e-02 2.110968166392089215e-02
9.992488033514353996e-01 -3.271414510421271488e-02 2.077624528210741950e-02
9.989413584440948179e-01 -4.123968655098395053e-02 2.038355072878851246e-02
9.985709068221814144e-01 -4.958678946199066018e-02 1.993320539654414372e-02
9.981431228053367910e-01 -5.773159138207130392e-02 1.942698832826494568e-02
9.976642779274103034e-01 -6.565111406581394804e-02 1.886684082559911615e-02
9.971411568215096111e-01 -7.332333381579773934e-02 1.825485644453997761e-02
9.966531030513328115e-01 -8.007627400324142386e-02 1.644444344278876355e-02
9.961820944019798008e-01 -8.607026807090936704e-02 1.460070264545676108e-02
9.957426746441861987e-01 -9.129363652299968268e-02 1.272926671858232509e-02
9.953476981401242485e-01 -9.573704570570390482e-02 1.083577423262055070e-02
9.950081942581029404e-01 -9.939345228927772002e-02 8.925855633706037198e-03
9.947332584618805429e-01 -1.022580487960196571e-01 7.005120925919514768e-03
9.945299704224616066e-01 -1.043282122049224714e-01 5.079148851701974915e-03
9.944033392355630108e-01 -1.056034572676698563e-01 3.153477321025089774e-03
9.943562755984260981e-01 -1.060853957454919311e-01 1.233594813386066583e-03
9.943895905999435847e-01 -1.057777023346211653e-01 -6.750675397083931092e-04
9.945020206015121600e-01 -1.046860876015758557e-01 -2.567143490438700097e-03
9.946902775252796092e-01 -1.028182778094516303e-01 -4.437339123732935570e-03
9.949491237140408728e-01 -1.001840010933593150e-01 -6.280440501973324867e-03
9.952714703758253068e-01 -9.679497904697870192e-02 -8.091321765860011103e-03
9.956484984699419671e-01 -9.266492242212168162e-02 -9.864953921981538948e-03
9.960698007249035868e-01 -8.780952932777716380e-02 -1.159641451029497228e-02
9.965235432988639452e-01 -8.224648405221456071e-02 -1.328089830092612361e-02
9.969966453985005250e-01 -7.599545442843697041e-02 -1.491372912053599668e-02
9.974749749632689788e-01 -6.907808552576170935e-02 -1.649037285517714058e-02
9.979435583014242273e-01 -6.151798738360134133e-02 -1.800645162043611192e-02
9.983734666052981321e-01 -5.399383632498944846e-02 -1.830648968080853672e-02
9.987527979470917083e-01 -4.635470376678376553e-02 -1.855076489085433558e-02
9.990781125257754969e-01 -3.862411632533242073e-02 -1.873882692545979917e-02
9.993466456788220320e-01 -3.082581069195469009e-02 -1.887040397370468026e-02
9.995563338982929036e-01 -2.298364729917262012e-02 -1.894540404867304031e-02
9.997058319797275106e-01 -1.512152252281703801e-02 -1.896391539691591466e-02
9.997945211400214305e-01 -7.263280173792964825e-03 -1.892620598473618992e-02
9.998225080701608203e-01 5.673769454767173953e-04 -1.883272205248477660e-02
9.997906150190588592e-01 8.346974640879786800e-03 -1.868408574231116351e-02
9.997003611330904649e-01 1.605235331682873176e-02 -1.848109181891293556e-02
9.995539353995460674e-01 2.366075162079275124e-02 -1.822470351639779093e-02
9.993541616585740472e-01 3.114988705151361739e-02 -1.791604755704984467e-02
9.991044562549394881e-01 3.849803289981686832e-02 -1.755640839925387206e-02
9.988087789960685692e-01 4.568409096268414432e-02 -1.714722178179534096e-02
9.984715781647289790e-01 5.268765955298781306e-02 -1.669006763999155221e-02
9.980977304020620666e-01 5.948909641653672004e-02 -1.618666247544941691e-02
9.976924763287292608e-01 6.606957626222566271e-02 -1.563885126558062569e-02
9.972613528082785450e-01 7.241114270744898607e-02 -1.504859900129105338e-02
9.968101227775394424e-01 7.849675453689579363e-02 -1.441798194151665442e-02
9.963447035743602243e-01 8.431032626587543766e-02 -1.374917867158024012e-02
9.957965531914504398e-01 9.048668516896191116e-02 -1.419239152827199424e-02
9.951938685116484828e-01 9.683178359910069033e-02 -1.458798873369025403e-02
9.945355109328503085e-01 1.033252055482159898e-01 -1.493516543215640639e-02
9.938208140737256890e-01 1.099462443597655770e-01 -1.523327756102899229e-02
9.930496135348444442e-01 1.166739798189614097e-01 -1.548184295045357609e-02
9.922222702370154801e-01 1.234873560359305567e-01 -1.568054166893232890e-02
9.913396870544101125e-01 1.303652595647714352e-01 -1.582921560073288769e-02
9.904033185594989241e-01 1.372865971810412478e-01 -1.592786725059235076e-02
9.894151737981282668e-01 1.442303727311362860e-01 -1.597665778101864387e-02
9.883778121142396955e-01 1.511757624696988545e-01 -1.597590429748912966e-02
9.872943321428280239e-01 1.581021883156449592e-01 -1.592607640673188857e-02
9.861683541848436096e-01 1.649893884833385782e-01 -1.582779208279006325e-02
9.850039962670882332e-01 1.718174849821841599e-01 -1.568181288446878277e-02
9.838058442721212549e-01 1.785670475244975353e-01 -1.548903857582318092e-02
9.825789165964011751e-01 1.852191534367029768e-01 -1.525050120836946368e-02
9.813286238582044074e-01 1.917554432312208179e-01 -1.496735872952669778e-02
9.800607242294480104e-01 1.981581715642174446e-01 -1.464088818630153443e-02
9.787812750068572987e-01 2.044102533759389884e-01 -1.427247859632844833e-02
9.774965810677265221e-01 2.104953050838420103e-01 -1.386362356003345390e-02
9.762131408738881078e-01 2.163976807723816398e-01 -1.341591368789965544e-02
9.750935983101518545e-01 2.214793497906139830e-01 -1.180725440839786380e-02
9.740972841279240679e-01 2.259002998639052240e-01 -1.017715274620512554e-02
9.732347865433360612e-01 2.296547938001867739e-01 -8.530217788982035615e-03
9.725150420636337056e-01 2.327387387675360353e-01 -6.871023552290376167e-03
9.719452700615460738e-01 2.351496284277916071e-01 -5.204103600717038466e-03
9.715309258741650078e-01 2.368864911567469256e-01 -3.533946849117184600e-03
9.712756721434514517e-01 2.379498453818090498e-01 -1.864994318277541285e-03
9.711813680360984469e-01 2.383416627622501893e-01 -2.016366069183921084e-04
9.712480759218486970e-01 2.380653396291715629e-01 1.451788164402861847e-03
9.714740850457094234e-01 2.371256767975381541e-01 3.090996182471636260e-03
9.718559516948636068e-01 2.355288675660912878e-01 4.711759783666267555e-03
9.723885553295519291e-01 2.332824934371290349e-01 6.309909539011255598e-03
9.730651701132497777e-01 2.303955268212473650e-01 7.881336796571360159e-03
9.738775512360949849e-01 2.268783397460993057e-01 9.421996875923203951e-03
9.748160353725264793e-01 2.227427173668251881e-01 1.092791308539573306e-02
9.758696545461952310e-01 2.180018748826893504e-01 1.239518170487732482e-02
9.770262625902456088e-01 2.126704763031740386e-01 1.381997804568634892e-02
9.782726732880709930e-01 2.067646533807456222e-01 1.519856366479204433e-02
9.795948091589604667e-01 2.003020229399367080e-01 1.652729477412052256e-02
9.809778597163382186e-01 1.933017007861853875e-01 1.780263184743212726e-02
9.823079795634156453e-01 1.864164710858185470e-01 1.788784801212300185e-02
9.835949687545447739e-01 1.794984572875953643e-01 1.792439118799167216e-02
9.848347871329042880e-01 1.725677693851926098e-01 1.791227366241314803e-02
9.860239516703458440e-01 1.656445823474305690e-01 1.785165477886629243e-02
9.871595454271632208e-01 1.587490658652581099e-01 1.774284169062937538e-02
9.882392200070428956e-01 1.519013129856688626e-01 1.758628940402933577e-02
9.892611915404246892e-01 1.451212681943063465e-01 1.738260009798065289e-02
9.902242303181080230e-01 1.384286555142093533e-01 1.713252171618587227e-02
9.911276442843739432e-01 1.318429071829892996e-01 1.683694583789646648e-02
9.919712566834321121e-01 1.253830934550990428e-01 1.649690484232169824e-02
9.927553782329728849e-01 1.190678540504177679e-01 1.611356839040902975e-02
9.934807742724726110e-01 1.129153317360800518e-01 1.568823925560810031e-02
9.941486274002849788e-01 1.069431084864903014e-01 1.522234854220304995e-02
9.947604961712731564e-01 1.011681446181508376e-01 1.471745033571806617e-02
9.953182704748629872e-01 9.560672124279631645e-02 1.417521583466720830e-02
9.958241242512086977e-01 9.027438632596275492e-02 1.359742701646751532e-02
9.962804662302378045e-01 8.518590458015061484e-02 1.298596989263895232e-02
9.966898893944746707e-01 8.035521136377443696e-02 1.234282740948838657e-02
9.970551198717980679e-01 7.579537070065713034e-02 1.167007205036652701e-02
9.973789659589438195e-01 7.151853748133925326e-02 1.096985819437875515e-02
9.976957269786324023e-01 6.688374680410071049e-02 1.139480662722189980e-02
9.980016589345113154e-01 6.207959024546624155e-02 1.178364016255660333e-02
9.982935150772177524e-01 5.712119376638633006e-02 1.213540306494701425e-02
9.985682507090989368e-01 5.202408931811967202e-02 1.244925387270839033e-02
9.988230569503178113e-01 4.680416655268508641e-02 1.272446816110610855e-02
9.990553913855965140e-01 4.147762256645591561e-02 1.296044092144407571e-02
9.992630052398274731e-01 3.606090989009837211e-02 1.315668852611129314e-02
9.994439667748837852e-01 3.057068297201720117e-02 1.331285025270789561e-02
9.995966806486508149e-01 2.502374343286889805e-02 1.342868934410259077e-02
9.997199030298915545e-01 1.943698439473245942e-02 1.350409358559855229e-02
9.998127523182549492e-01 1.382733420950515470e-02 1.353907538520440421e-02
9.998747153766655016e-01 8.211699926469959165e-03 1.353377134820690601e-02
9.999056492425434373e-01 2.606910848370110750e-03 1.348844134269816704e-02
9.999057783438107805e-01 -2.970337471500444568e-03 1.340346705829156826e-02
9.998756873044386539e-01 -8.503538441776925527e-03 1.327935006583368625e-02
9.998163094813865559e-01 -1.397642851490364484e-02 1.311670939135211808e-02
9.997289114292284840e-01 -1.937303981334869557e-02 1.291627862264461621e-02
9.996150735396588383e-01 -2.467775099561139371e-02 1.267890257169581800e-02
9.994766671496219113e-01 -2.987533608283887351e-02 1.240553352039924610e-02
9.993158284533165681e-01 -3.495101099635922887e-02 1.209722708077468067e-02
9.991737214825783253e-01 -3.923628657782434609e-02 1.060325136034332739e-02
9.990381427466833442e-01 -4.289749290330380910e-02 9.090383130993874225e-03
9.989161405069861832e-01 -4.592801636540067706e-02 7.563201740070262316e-03
9.988135954835877239e-01 -4.832313840439323577e-02 6.026287509503292818e-03
9.987351622885676239e-01 -5.008001381161957671e-02 4.484210024615996500e-03
9.986842286737680485e-01 -5.119764823334238546e-02 2.941517079612209450e-03
9.986628926974474574e-01 -5.167687555076926065e-02 1.402724169158811899e-03
9.986719577307823226e-01 -5.152033559867413848e-02 -1.276955950252455906e-04
9.987109450522115850e-01 -5.073245246602551412e-02 -1.645321268815378964e-03
9.987781236134425367e-01 -4.931941340389597861e-02 -3.145793687663798327e-03
9.988705564038573570e-01 -4.728914815515763981e-02 -4.624825026750019677e-03
9.989841626884113923e-01 -4.465130832315029191e-02 -6.078208420023130734e-03
9.991137952464842487e-01 -4.141724621828759417e-02 -7.501827734306227777e-03
9.992533315945570926e-01 -3.759999246755604818e-02 -8.891667576130361100e-03
9.993957780336329977e-01 -3.321423154656657356e-02 -1.024382358709951917e-02
9.995333852232850536e-01 -2.827627430104771161e-02 -1.155451305902980078e-02
9.996577738491295717e-01 -2.280402646744780770e-02 -1.282008587359804996e-02
9.997600688211770725e-01 -1.681695218279198947e-02 -1.403703574358221642e-02
9.998310403194233809e-01 -1.033603149330792649e-02 -1.520201170482794566e-02
9.998612498933636683e-01 -3.383710929739054685e-03 -1.631182978071283457e-02
9.998629706085625513e-01 3.361044599788418248e-03 -1.621072738101493257e-02
9.998204743335731282e-01 1.005318775675947268e-02 -1.606227784370505007e-02
9.997351088381372097e-01 1.667295547996184776e-02 -1.586722724973427257e-02
9.996087103174882138e-01 2.320094895830169396e-02 -1.562646275759452946e-02
9.994435751010507518e-01 2.961819844526370621e-02 -1.534100831028949868e-02
9.992424261325462131e-01 3.590622517477281422e-02 -1.501201977160574949e-02
9.990083747269316028e-01 4.204710000303390344e-02 -1.464077954057212833e-02
9.987448781641683482e-01 4.802349845665701555e-02 -1.422869069801938405e-02
9.984556937244633001e-01 5.381875192733694135e-02 -1.377727074293469064e-02
9.981448298038813061e-01 5.941689481589747940e-02 -1.328814497879282457e-02
9.978164947729040168e-01 6.480270749196330449e-02 -1.276303961122170379e-02
9.974750442536637340e-01 6.996175499825377231e-02 -1.220377461824692471e-02
9.971249274945015451e-01 7.488042148895432404e-02 -1.161225645301532626e-02
9.967706335136874429e-01 7.954594044839215228e-02 -1.099047063641101288e-02
9.964166376682785931e-01 8.394642078806742458e-02 -1.034047429346601071e-02
9.960673492799951845e-01 8.807086896590757275e-02 -9.664388683071878025e-03
9.957270609185897570e-01 9.190920731057197757e-02 -8.964391765375957430e-03
9.953998999054597396e-01 9.545228876511657745e-02 -8.242710845566159072e-03
9.950897825572232458e-01 9.869190828794348336e-02 -7.501615326687516121e-03
9.948003716416565778e-01 1.016208111645481721e-01 -6.743409597869811506e-03
9.944593540619072192e-01 1.048808133997881087e-01 -7.116910829964097178e-03
9.940915834804705531e-01 1.082878155051372748e-01 -7.464251583520559868e-03
9.936968110211590322e-01 1.118306320277434596e-01 -7.784597213196076115e-03
9.932749217501637418e-01 1.154977538118617947e-01 -8.077201981612299256e-03
9.928259505917010896e-01 1.192773878704437990e-01 -8.341410763192358760e-03
9.923500965784005645e-01 1.231574980463448210e-01 -8.576660409957588549e-03
9.918477352348445963e-01 1.271258462808831369e-01 -8.782480771454419938e-03
9.913194289191715747e-01 1.311700342980315903e-01 -8.958495363113619381e-03
9.907659349763012768e-01 1.352775455050208298e-01 -9.104421679685236607e-03
9.901882115866841305e-01 1.394357869048578613e-01 -9.220071152903351261e-03
9.895874212260434843e-01 1.436321308134363428e-01 -9.305348755169263672e-03
9.889649316838751147e-01 1.478539561736939567e-01 -9.360252253750186990e-03
9.883223146209841881e-01 1.520886892617532016e-01 -9.384871122719403574e-03
9.876613416785816613e-01 1.563238435851885266e-01 -9.379385122558741433e-03
9.869839781829323755e-01 1.605470587814500916e-01 -9.344062559950377933e-03
9.862923745197881287e-01 1.647461383349298480e-01 -9.279258242749615845e-03
9.855888552814084935e-01 1.689090859440011971e-01 -9.185411147403741219e-03
9.848759063154869375e-01 1.730241403843627845e-01 -9.063041818119135784e-03
9.841561598294129576e-01 1.770798087318814495e-01 -8.912749518840393584e-03
9.834323777247264697e-01 1.810648978265284592e-01 -8.735209160558535940e-03
9.827074333551339969e-01 1.849685438785723668e-01 -8.531168027585757027e-03
9.819842919168889628e-01 1.887802401385440532e-01 -8.301442327204465801e-03
9.812659896925960412e-01 1.924898625732268109e-01 -8.046913587510284502e-03
9.805556123785322820e-01 1.960876935106457830e-01 -7.768524928321773361e-03
9.798562727314189535e-01 1.995644432373470945e-01 -7.467277229732093187e-03
9.791710877732889839e-01 2.029112695507951092e-01 -7.144225222244948714e-03
9.785031557928145496e-01 2.061197952881332895e-01 -6.800473521491738269e-03
9.778555333783413017e-01 2.091821238695396878e-01 -6.437172629297484468e-03
9.772312127121376424e-01 2.120908529096952044e-01 -6.055514921383986157e-03
9.766330993472304156e-01 2.148390859642496098e-01 -5.656730640307863593e-03
9.760639906779201569e-01 2.174204424894423393e-01 -5.242083910370264228e-03
9.755265553029134340e-01 2.198290661020926573e-01 -4.812868789247319937e-03
9.750233134662460444e-01 2.220596312339437328e-01 -4.370405369020577066e-03
9.745566187460666940e-01 2.241073482788091542e-01 -3.916035937178826733e-03
9.741286411451703930e-01 2.259679673331554950e-01 -3.451121206060541163e-03
9.737413517201558566e-01 2.276377806307341711e-01 -2.977036617150935569e-03
9.733965088684720657e-01 2.291136237697672384e-01 -2.495168724678417833e-03
9.730956463746187612e-01 2.303928758271443222e-01 -2.006911661107376420e-03
9.728400632985704233e-01 2.314734584482903146e-01 -1.513663685429642025e-03
9.726308157712700853e-01 2.323538339940250386e-01 -1.016823813642906121e-03
9.726169705702885082e-01 2.324132228830045888e-01 6.036273586223438702e-04
9.727559220885928504e-01 2.318211895774657805e-01 2.212287946775010235e-03
9.730452122201440623e-01 2.305831291252069259e-01 3.804974739449087061e-03
9.734807506313197800e-01 2.287058208757925815e-01 5.377561419734729932e-03
9.740568761333358028e-01 2.261974262120886314e-01 6.925981301642371996e-03
9.747664326536861212e-01 2.230674921389243504e-01 8.446230572076347115e-03
9.756008591743304814e-01 2.193269597073244648e-01 9.934372208451532418e-03
9.765502929412177568e-01 2.149881760580391599e-01 1.138654071753641625e-02
9.776036851726035426e-01 2.100649087021837502e-01 1.279894781312728748e-02
9.787489284011439139e-01 2.045723605229870234e-01 1.416788911921488224e-02
9.799729944767225920e-01 1.985271838840386160e-01 1.548975195192040660e-02
9.812620821343990274e-01 1.919474921688376634e-01 1.676102419824419473e-02
9.826017728969727028e-01 1.848528670562865905e-01 1.797830427325274386e-02
9.839771939378367804e-01 1.772643598589101754e-01 1.913831210046890857e-02
9.853731863815268222e-01 1.692044853161619455e-01 2.023790102373693514e-02
9.867744773720774631e-01 1.606972063444795928e-01 2.127407052358077505e-02
9.881658540991690165e-01 1.517679083979942833e-01 2.224397957797607725e-02
9.895323378457465680e-01 1.424433622870270311e-01 2.314496047744841328e-02
9.908593560152364477e-01 1.327516745324671121e-01 2.397453287841692579e-02
9.921329100184603789e-01 1.227222245982257515e-01 2.473041785760218131e-02
9.932950381141909535e-01 1.130320180845138800e-01 2.426476972492302639e-02
9.943423275809945006e-01 1.035378972626145727e-01 2.373369072382201794e-02
9.952779461485019574e-01 9.426794834472675133e-02 2.313897636621085538e-02
9.961059746320730657e-01 8.524943791779571178e-02 2.248263237061464900e-02
9.968313144977736240e-01 7.650870430100709108e-02 2.176686538391029574e-02
9.974595869947662230e-01 6.807105658903123135e-02 2.099407264875096865e-02
9.979970254225926096e-01 5.996068203498587657e-02 2.016683076892329674e-02
9.984503621775439042e-01 5.220056223612181551e-02 1.928788373076351786e-02
9.988267122666161235e-01 4.481239839456657714e-02 1.836013034028005989e-02
9.991334549901429440e-01 3.781654574085781262e-02 1.738661123296410954e-02
9.993781154766750996e-01 3.123195703476083773e-02 1.637049560672026310e-02
9.995682477083562834e-01 2.507613490065383963e-02 1.531506781833414169e-02
9.997113206048431344e-01 1.936509261746628685e-02 1.422371397092326434e-02
9.998146086420297562e-01 1.411332286879568923e-02 1.309990860447082447e-02
9.998850883720054039e-01 9.333773869514686017e-03 1.194720158444299504e-02
9.999293420863853976e-01 5.037832222100899204e-03 1.076920526528286903e-02
9.999534697299171659e-01 1.235311819361721054e-03 9.569581986899828099e-03
9.999630100283453116e-01 -2.065551900376347370e-03 8.352031943750644685e-03
9.999628716468890177e-01 -4.858103025519419811e-03 7.120281448316186264e-03
9.999572750459021497e-01 -7.137262214158786311e-03 5.878071594238152078e-03
9.999497055504902310e-01 -8.899520294292464703e-03 4.629147309550197230e-03
9.999428780027416197e-01 -1.014292893418021653e-02 3.377246777698431675e-03
9.999387132200699968e-01 -1.086708880836015877e-02 2.126091193698555117e-03
9.999383263418558654e-01 -1.107313558750143076e-02 8.793748150383111882e-04
9.999420270096918140e-01 -1.076372397664248498e-02 -3.592447380620839882e-04
9.999493311944119833e-01 -9.943009920247001046e-03 -1.586155980622045054e-03
9.999589843558974733e-01 -8.616630987618589463e-03 -2.797802906136158136e-03
9.999689954994898100e-01 -6.791684852127406920e-03 -3.990694218888594241e-03
9.999766815758229788e-01 -4.476705685771548149e-03 -5.161412493469190628e-03
9.999787215591989797e-01 -1.681638209886252532e-03 -6.306623291689117221e-03
9.999712194336144444e-01 1.582190923971136393e-03 -7.423084257241480653e-03
9.999497752157503472e-01 5.302104799506988583e-03 -8.507654197028599943e-03
9.999095630514182043e-01 9.464111356645236658e-03 -9.557302145483554182e-03
9.998454153371344466e-01 1.405294239028131303e-02 -1.056911639488372807e-02
9.997519117428915747e-01 1.905209684235515538e-02 -1.154031346104733222e-02
9.996234719472469887e-01 2.444388877576026201e-02 -1.246824694039154816e-02
9.994544508431153496e-01 3.020950037188226828e-02 -1.335041620158447517e-02
9.992392349337756441e-01 3.632904022819542084e-02 -1.418447484340068163e-02
9.989723386152012941e-01 4.278160715001797648e-02 -1.496823884032347229e-02
9.986484990344134394e-01 4.954535953348534333e-02 -1.569969428931671310e-02
9.983177984142789230e-01 5.594447255814445630e-02 -1.522619099648333044e-02
9.979592963458030486e-01 6.213598204922592128e-02 -1.471087879507782491e-02
9.975778921082738560e-01 6.810297649447275004e-02 -1.415559953547517597e-02
9.971786858892026650e-01 7.382939452049712414e-02 -1.356230012799239729e-02
9.967669154303953061e-01 7.930006366907145499e-02 -1.293302437265897616e-02
9.963478921133841482e-01 8.450073418722493790e-02 -1.226990466452355065e-02
9.959269372763986938e-01 8.941810795068308448e-02 -1.157515364221003117e-02
9.955093195274385964e-01 9.403986270094219502e-02 -1.085105584206058973e-02
9.951001937811984055e-01 9.835467182844352674e-02 -1.009995941382308728e-02
9.947045427028752274e-01 1.023522199770118685e-01 -9.324267946674116500e-03
9.943271211906173912e-01 1.060232147773590289e-01 -8.526432446643545521e-03
9.939724044718691864e-01 1.093593950397392517e-01 -7.708943498452929324e-03
9.936445403284261957e-01 1.123535357477819657e-01 -6.874323636625497003e-03
9.933473059018301798e-01 1.149994501973920225e-01 -6.025119942687290862e-03
9.930840694658863432e-01 1.172919896169174470e-01 -5.163896877560497645e-03
9.928577574875252498e-01 1.192270405882746576e-01 -4.293229351035431594e-03
9.926708272317659176e-01 1.208015205643097195e-01 -3.415696023659262233e-03
9.925252451018078403e-01 1.220133717464294693e-01 -2.533872830635177775e-03
9.924224708418091234e-01 1.228615535496420941e-01 -1.650326712496882160e-03
9.923634476680658345e-01 1.233460338408687018e-01 -7.676095334946447715e-04
9.922675772253034543e-01 1.241129930487258060e-01 -1.032333754655262188e-03
9.921575440605147067e-01 1.249871608716697780e-01 -1.289559552221033892e-03
9.920334839452148445e-01 1.259652535050021227e-01 -1.538583200365734472e-03
9.918955488359985084e-01 1.270437008696460035e-01 -1.778730213204284373e-03
9.917439102143077445e-01 1.282186595804597207e-01 -2.009357197465550665e-03
9.915787625241168080e-01 1.294860266906061042e-01 -2.229853593177515310e-03
9.914003266458715213e-01 1.308414541613931725e-01 -2.439643297101557352e-03
9.912088533445383431e-01 1.322803640042965190e-01 -2.638186164054449976e-03
9.910046266299786799e-01 1.337979640392980007e-01 -2.824979381688619545e-03
9.907879669690485835e-01 1.353892642112586586e-01 -2.999558714763721993e-03
9.905592342908134951e-01 1.370490934038212372e-01 -3.161499615435383985e-03
9.903188307290228254e-01 1.387721166883462420e-01 -3.310418196609030573e-03
9.900672030494659381e-01 1.405528529436581853e-01 -3.445972065956202143e-03
9.898048447139773387e-01 1.423856927809526163e-01 -3.567861018765022818e-03
9.895322975376074082e-01 1.442649167071217153e-01 -3.675827588392055999e-03
9.892501529007595718e-01 1.461847134590248398e-01 -3.769657453695459282e-03
9.889590524838366425e-01 1.481391984408882423e-01 -3.849179703454235282e-03
9.886596884980568545e-01 1.501224321970827114e-01 -3.914266958409989838e-03
9.883528033925074174e-01 1.521284388530159404e-01 -3.964835352199971331e-03
9.880391890241140285e-01 1.541512244577936952e-01 -4.000844373076936460e-03
9.878245551096960231e-01 1.555454258403173307e-01 -2.883503882165579235e-03
9.876793834583685872e-01 1.564811994092662750e-01 -1.765074255866405694e-03
9.876049300951927901e-01 1.569589978233765504e-01 -6.487183285931537226e-04
9.876016228301505162e-01 1.569804655483459932e-01 4.624311620767358397e-04
9.876690673810937238e-01 1.565484242449606545e-01 1.565277435293270731e-03
9.878060622956620351e-01 1.556668585995234222e-01 2.656765402543704267e-03
9.880106224010531957e-01 1.543409025329844642e-01 3.733887340683753747e-03
9.882800104453732803e-01 1.525768256358988328e-01 4.793688560158863680e-03
9.886107765312598383e-01 1.503820195941097393e-01 5.833273120442167455e-03
9.889988048811032550e-01 1.477649842967459493e-01 6.849809637336936805e-03
9.894393674131933825e-01 1.447353132554052568e-01 7.840537217976041584e-03
9.899271835494003469e-01 1.413036779127285480e-01 8.802771549326916453e-03
9.904564856177180410e-01 1.374818103811649150e-01 9.733911155029450687e-03
9.910210891575430558e-01 1.332824841295382756e-01 1.063144382372880822e-02
9.916144673825888489e-01 1.287194921267083847e-01 1.149295320000538918e-02
9.922298290067136373e-01 1.238076219585228371e-01 1.231612551685278001e-02
9.928601985927651974e-01 1.185626274563913174e-01 1.309875643672196548e-02
9.934984985450738826e-01 1.130011964128437019e-01 1.383875795674845144e-02
