1.000000000000000000e+00 0.000000000000000000e+00 0.000000000000000000e+00
9.999994110575316508e-01 5.319202256665212392e-04 -9.460381282803792232e-04
9.999971696595597592e-01 1.454389213975460123e-03 -1.882957308609627210e-03
9.999922404365565454e-01 2.763022775710502303e-03 -2.808015846819465755e-03
9.999831748043428448e-01 4.452304088046345198e-03 -3.718517407528962142e-03
9.999681387178814829e-01 6.515601449446161916e-03 -4.611818620062354927e-03
9.999449460790772459e-01 8.945188643144995344e-03 -5.485336612278074106e-03
9.999110973382300260e-01 1.173226803874786658e-02 -6.336556468266149079e-03
9.998638227664952138e-01 1.486699657695747523e-02 -7.163038600756154936e-03
9.998001298196282915e-01 1.833851478969122234e-02 -7.962426023513616280e-03
9.997168539621360539e-01 2.213497900631550969e-02 -8.732451503191022285e-03
9.996107122764626984e-01 2.624359688614948463e-02 -9.470944564252162592e-03
9.994783591447665705e-01 3.065066639778291080e-02 -1.017583831492138366e-02
9.993164432619531246e-01 3.534161833741067404e-02 -1.084517605683688046e-02
9.991216652186428737e-01 4.030106244188783743e-02 -1.147711763641510660e-02
9.988908348823396510e-01 4.551283710840341862e-02 -1.206994549205342264e-02
9.986209278047739613e-01 5.096006268265805550e-02 -1.262207034838085801e-02
9.983091398936709826e-01 5.662519822253399282e-02 -1.313203650695670549e-02
9.979529396082718051e-01 6.249010158597520515e-02 -1.359852668222630984e-02
9.975501169698950399e-01 6.853609263180518441e-02 -1.402036633224960221e-02
9.970988287214795909e-01 7.474401926224649717e-02 -1.439652743575837134e-02
9.965976390230049109e-01 8.109432597775634299e-02 -1.472613167046915063e-02
9.960455551322721091e-01 8.756712456022236468e-02 -1.500845295223450677e-02
9.954420575918495606e-01 9.414226645126275161e-02 -1.524291930046963069e-02
9.947871245218928848e-01 1.007994163498983770e-01 -1.542911400221791927e-02
9.940812497036920492e-01 1.075181265195791491e-01 -1.556677605505796605e-02
9.933254542286346078e-01 1.142779112695820609e-01 -1.565579987761418421e-02
9.925212915801361335e-01 1.210583210610112620e-01 -1.569623428549963770e-02
9.916708461102042849e-01 1.278390156835723934e-01 -1.568828073986095958e-02
9.907767249658666620e-01 1.345998359561953739e-01 -1.563229088507129064e-02
9.898420436119151899e-01 1.413208734223432295e-01 -1.552876340128671317e-02
9.888704051835816022e-01 1.479825375390518838e-01 -1.537834020631034283e-02
9.878658739842638425e-01 1.545656198966728345e-01 -1.518180204927706625e-02
9.868329435178478937e-01 1.610513550529435456e-01 -1.494006354588282154e-02
9.857764995112991979e-01 1.674214776191534915e-01 -1.465416771106561183e-02
9.847017784400651230e-01 1.736582752963893028e-01 -1.432528005006345785e-02
9.836143221157264138e-01 1.797446376245653565e-01 -1.395468227252561096e-02
9.825199289318314877e-01 1.856641002745358093e-01 -1.354376569677369531e-02
9.814246023897911231e-01 1.914008847823621406e-01 -1.309402441237376979e-02
9.803344975422110252e-01 1.969399336931281774e-01 -1.260704826890045142e-02
9.792558659964565315e-01 2.022669411479716128e-01 -1.208451575719799581e-02
9.781950001171525466e-01 2.073683790107744562e-01 -1.152818684665004451e-02
9.771581770534866207e-01 2.122315186889136285e-01 -1.093989583806750758e-02
9.761516031965155049e-01 2.168444488544877258e-01 -1.032154428692379222e-02
9.751813596441853971e-01 2.211960893175786702e-01 -9.675094045957521177e-03
9.742533492185531108e-01 2.252762013406629515e-01 -9.002560469787215802e-03
9.733732455418363516e-01 2.290753947127632528e-01 -8.306005817309836115e-03
9.725464446365205129e-01 2.325851319230439473e-01 -7.587532880457967949e-03
9.717780194708489638e-01 2.357977297862338673e-01 -6.849278860539372710e-03
9.710726778255881486e-01 2.387063588766227262e-01 -6.093409506042042623e-03
9.704347238118519181e-01 2.413050411237182280e-01 -5.322113518613027366e-03
9.698680233237372272e-01 2.435886459114158242e-01 -4.537597227053205215e-03
9.693759736641810454e-01 2.455528850042995870e-01 -3.742079522741656103e-03
9.689614775382796585e-01 2.471943066001473788e-01 -2.937787044025528746e-03
9.686269215656587717e-01 2.485102887776280967e-01 -2.126949591880749214e-03
9.683741594225677707e-01 2.494990325733907888e-01 -1.311795754645029340e-03
9.682044996852936514e-01 2.501595548841366590e-01 -4.945487159098399099e-04
9.681186984092393644e-01 2.504916813477456872e-01 3.225777832221973828e-04
9.681169564425066154e-01 2.504960393140208685e-01 1.137383358324252705e-03
9.681989214388921905e-01 2.501740509710364546e-01 1.947684804224881442e-03
9.683636945026530274e-01 2.495279266483373948e-01 2.751319858190582300e-03
9.686098413659814943e-01 2.485606582742215520e-01 3.546150935322351771e-03
9.689354079696217426e-01 2.472760129218926628e-01 4.330068866345294400e-03
9.693379402872361883e-01 2.456785263392141094e-01 5.100996665746914197e-03
9.698145082048036381e-01 2.437734963198822657e-01 5.856893355258087873e-03
9.703617332373771776e-01 2.415669757407804819e-01 6.595757864035418569e-03
9.709758198368747539e-01 2.390657650617149521e-01 7.315633022669940783e-03
9.716525900162381602e-01 2.362774040602418357e-01 8.014609663400163592e-03
9.723875209873763525e-01 2.332101625563620662e-01 8.690830833741633107e-03
9.731757854829925503e-01 2.298730298698885011e-01 9.342496125263111129e-03
9.740122944059700361e-01 2.262757027475808536e-01 9.967866113550943527e-03
9.748917414248182700e-01 2.224285714978923023e-01 1.056526689962367441e-02
9.758086491102172522e-01 2.183427040784565731e-01 1.113309473730822279e-02
9.767574161864488458e-01 2.140298278952193767e-01 1.166982072548881401e-02
9.777323654530407637e-01 2.095023090922079889e-01 1.217399553881249284e-02
9.787277919168692053e-01 2.047731291370289974e-01 1.264425416550002575e-02
9.797380106638788888e-01 1.998558585388424125e-01 1.307932061648304362e-02
9.807574039930790910e-01 1.947646275722060560e-01 1.347801256627423859e-02
9.817804673341222754e-01 1.895140939211154285e-01 1.383924588287347747e-02
9.828018534740575740e-01 1.841194072019652350e-01 1.416203900170141979e-02
9.838164146291870082e-01 1.785961703711121951e-01 1.444551709710006730e-02
9.848192419146263310e-01 1.729603980712260403e-01 1.468891600439428333e-02
9.858787060080050901e-01 1.667116082309538783e-01 1.582466084326266190e-02
9.869718688719386623e-01 1.600016905944777468e-01 1.691131606129630746e-02
9.880864138783640449e-01 1.528502203572423557e-01 1.794582897638192023e-02
9.892098384705375613e-01 1.452781255663470050e-01 1.892527464868387285e-02
9.903295979216385492e-01 1.373076619164563250e-01 1.984686762323652209e-02
9.914332502911599176e-01 1.289623786036729058e-01 2.070797402504861995e-02
9.925086009013915911e-01 1.202670744570989714e-01 2.150612385041469204e-02
9.935438445884623437e-01 1.112477437544421022e-01 2.223902327976413906e-02
9.945277039390981733e-01 1.019315113383174182e-01 2.290456682300164720e-02
9.954495617096935645e-01 9.234655687888605746e-02 2.350084909846240910e-02
9.962995856419959440e-01 8.252202837031009930e-02 2.402617604177286620e-02
9.970688439423079918e-01 7.248794519664136793e-02 2.447907534138773697e-02
9.977494097801277162e-01 6.227509135012179037e-02 2.485830590352550509e-02
9.983344532878729582e-01 5.191489962409732983e-02 2.516286616063111506e-02
9.988183197047116879e-01 4.143932782646579660e-02 2.539200105415750225e-02
9.991965925021334405e-01 3.088072826070157456e-02 2.554520754399120311e-02
9.994661405530114173e-01 2.027171189351106503e-02 2.562223852268874849e-02
9.996251486545681963e-01 9.645008765416955565e-03 2.562310504211401038e-02
9.996731309828825740e-01 -9.666737014953213913e-04 2.554807679220876676e-02
9.996109273355719971e-01 -1.153079278902794866e-02 2.539768080552060048e-02
9.994406823027395248e-01 -2.201511124074151393e-02 2.517269839571701501e-02
9.991658077866604204e-01 -3.238783500479534838e-02 2.487416037256968970e-02
9.987909295605764681e-01 -4.261774635071684941e-02 2.450334060875268907e-02
9.983218188093729850e-01 -5.267433086568085177e-02 2.406174806427755289e-02
9.977653098235388374e-01 -6.252789698847821542e-02 2.355111740159964925e-02
9.971292052173298393e-01 -7.214968692253120874e-02 2.297339834761943228e-02
9.964221702082894927e-01 -8.151197797676157375e-02 2.233074397737412620e-02
9.956536176253441006e-01 -9.058817360789295225e-02 2.162549810775132170e-02
9.948335854050263105e-01 -9.935288367259670350e-02 2.086018199782434593e-02
9.939726083897911790e-01 -1.077819936354590113e-01 2.003748055536460834e-02
9.930815862599292609e-01 -1.158527227119940106e-01 1.916022824686133483e-02
9.921716494134487085e-01 -1.235436711482890831e-01 1.823139490126965759e-02
9.912540245596549449e-01 -1.308348570444926029e-01 1.725407158615012079e-02
9.903399017159216777e-01 -1.377077433132605222e-01 1.623145671940745896e-02
9.894403041977652968e-01 -1.441452555224707888e-01 1.516684256112106090e-02
9.885659630745523563e-01 -1.501317915010376702e-01 1.406360220867792707e-02
9.877271974317963776e-01 -1.556532236856051632e-01 1.292517719529319258e-02
9.869338016407185332e-01 -1.606968952533771033e-01 1.175506576775716891e-02
9.861949406909024107e-01 -1.652516111223994999e-01 1.055681189458350377e-02
9.855190544963633448e-01 -1.693076249061421235e-01 9.333995031311603796e-03
9.850114289239245702e-01 -1.723404845464546198e-01 7.158501600696070416e-03
9.846479079699738124e-01 -1.744813806432339853e-01 4.974623623554394816e-03
9.844346132957955131e-01 -1.757291065007384745e-01 2.788364768735487800e-03
9.843748695415778238e-01 -1.760844999395139443e-01 6.056860304889800754e-04
9.844691965274032786e-01 -1.755504085675490544e-01 -1.567496511067125505e-03
9.847153321856237929e-01 -1.741316706856182450e-01 -3.725313578839802540e-03
9.851082856595354542e-01 -1.718351116235632414e-01 -5.861944714136652600e-03
9.856404199510266917e-01 -1.686695546861122774e-01 -7.971620880190405378e-03
9.863015634367641171e-01 -1.646458452963864283e-01 -1.004862808825727344e-02
9.870791494851418602e-01 -1.597768863729150945e-01 -1.208731244220697700e-02
9.879583832832222745e-01 -1.540776824722231153e-01 -1.408208694835045433e-02
9.889224348153033972e-01 -1.475653897844777240e-01 -1.602744037813166184e-02
9.899526567166779811e-01 -1.402593686951077445e-01 -1.791794840312069953e-02
9.910288254552097609e-01 -1.321812353316060562e-01 -1.974828714557627304e-02
9.921294039709644963e-01 -1.233549083125518725e-01 -2.151324920504522897e-02
9.932318235357504577e-01 -1.138066468152236915e-01 -2.320776213368223873e-02
9.943127821895348939e-01 -1.035650760877406679e-01 -2.482690924217216197e-02
9.953485566827070530e-01 -9.266119665824748552e-02 -2.636595252661250166e-02
9.963153244189297819e-01 -8.112837374131937063e-02 -2.782035741705228896e-02
9.971894914726613379e-01 -6.900230371113406924e-02 -2.918581896341730653e-02
9.979480223701572283e-01 -5.632095499852608766e-02 -3.045828899726436487e-02
9.985687669957068469e-01 -4.312448136662727638e-02 -3.163400374122125186e-02
9.990307797386008826e-01 -2.945510621424209108e-02 -3.270951128499994393e-02
9.993146258518538216e-01 -1.535697732921758631e-02 -3.368169831016907395e-02
9.994026699690375937e-01 -8.759923429305788156e-04 -3.454781542765388014e-02
9.992793418344451117e-01 1.394040400537236400e-02 -3.530550049381908639e-02
9.989313745524559529e-01 2.904344882936959332e-02 -3.595279929386364232e-02
9.983480110563286436e-01 4.438331349350980309e-02 -3.648818302514825890e-02
9.975211750296988367e-01 5.990937590206256436e-02 -3.691056207710278342e-02
9.964456031737836117e-01 7.557050847172690211e-02 -3.721929568670911265e-02
9.951189364809471805e-01 9.131537704179412684e-02 -3.741419714653401035e-02
9.935417690262247081e-01 1.070927455836635234e-01 -3.749553435242916621e-02
9.917176536932806874e-01 1.228517813420473975e-01 -3.746402559624488482e-02
9.896530651775822252e-01 1.385423549828951051e-01 -3.732083063073494966e-02
9.873573215234322520e-01 1.541153304395983803e-01 -3.706753715460953114e-02
9.848424663195599615e-01 1.695228394332683741e-01 -3.670614298084560329e-02
9.821231144692055270e-01 1.847185360812331478e-01 -3.623903425663871358e-02
9.792162651380784677e-01 1.996578275802732838e-01 -3.566896019506633070e-02
9.761410860456266603e-01 2.142980776320825287e-01 -3.499900485364507152e-02
9.729186736864999796e-01 2.285987800388499802e-01 -3.423255655136631798e-02
9.695717943416291007e-01 2.425217007055108509e-01 -3.337327555227350556e-02
9.661246108606431626e-01 2.560309871106021262e-01 -3.242506065991627995e-02
9.626024001747290892e-01 2.690932451196216268e-01 -3.139201536368172590e-02
9.590312663427185136e-01 2.816775837859318288e-01 -3.027841415644473219e-02
9.554378536592499360e-01 2.937556294911033428e-01 -2.908866960523119952e-02
9.518490639820471610e-01 3.053015114004077324e-01 -2.782730070516672635e-02
9.482917819877429988e-01 3.162918207363748513e-01 -2.649890298471966124e-02
9.447926115653672019e-01 3.267055467956113124e-01 -2.510812076010886934e-02
9.413776260265074303e-01 3.365239929481674275e-01 -2.365962186167968814e-02
9.380721342728962631e-01 3.457306760659277778e-01 -2.215807507784247482e-02
9.349004645353174991e-01 3.543112129319632153e-01 -2.060813048533160705e-02
9.318857667990717575e-01 3.622531971947766660e-01 -1.901440276024306958e-02
9.290498345744725439e-01 3.695460703603997699e-01 -1.738145749430995354e-02
9.264129462663405201e-01 3.761809901732338646e-01 -1.571380047652408754e-02
9.239937260513000350e-01 3.821506995358753267e-01 -1.401586984244381114e-02
9.218090238898231092e-01 3.874493988713269554e-01 -1.229203094289572223e-02
9.198738140825288845e-01 3.920726245497459517e-01 -1.054657374049735447e-02
9.182011116258677053e-01 3.960171356968931744e-01 -8.783712506430983030e-03
9.168019055275676843e-01 3.992808113820441318e-01 -7.007587560897643453e-03
9.156851082019900057e-01 4.018625598570646495e-01 -5.222268778227038763e-03
9.150568064739281748e-01 4.033168272958734257e-01 -2.565978955702102535e-03
9.148635077533456839e-01 4.037632495379390174e-01 8.437589420251436628e-05
9.151052807667976463e-01 4.032057967314235380e-01 2.723494330171971275e-03
9.157780822876482318e-01 4.016490136404438083e-01 5.346117868515219002e-03
9.168738205562571020e-01 3.990980453882215784e-01 7.947004394272604716e-03
9.183804387892839927e-01 3.955587039547878159e-01 1.052090294013216347e-02
9.202820193275421667e-01 3.910375733866300885e-01 1.306253059366524819e-02
9.225589094996319295e-01 3.855421510311282107e-01 1.556655226085958653e-02
9.251878707156575565e-01 3.790810214628195229e-01 1.802756397554427376e-02
9.281422526289296870e-01 3.716640591178543840e-01 2.044008039844422836e-02
9.313921943927269131e-01 3.633026549986833609e-01 2.279852709433257199e-02
9.349048550753681353e-01 3.540099621598746249e-01 2.509723810898728188e-02
9.386446751645717290e-01 3.438011540508139618e-01 2.733045928737962149e-02
9.425736707800518310e-01 3.326936891908208183e-01 2.949235767898046243e-02
9.466517617155447706e-01 3.207075751116633122e-01 3.157703726403126437e-02
9.508371337486193342e-01 3.078656240513633069e-01 3.357856110559984120e-02
9.550866347972518655e-01 2.941936925551436044e-01 3.549097988670540244e-02
9.593562034838216679e-01 2.797208969700026304e-01 3.730836663139033144e-02
9.636013275173300752e-01 2.644797968441063851e-01 3.902485723627415609e-02
9.677775280608608144e-01 2.485065384934618538e-01 4.063469625914983147e-02
9.718408649610028593e-01 2.318409515028312384e-01 4.213228722921352060e-02
9.757484564352941758e-01 2.145265917033192804e-01 4.351224656639694072e-02
9.794590056055844096e-01 1.966107252214933099e-01 4.476946003277955388e-02
9.829333251962836249e-01 1.781442495160195649e-01 4.589914049554663644e-02
9.861348508537129964e-01 1.591815488834092962e-01 4.689688566686108645e-02
9.890301329491034688e-01 1.397802836837009621e-01 4.775873440928154329e-02
9.915892964575230284e-01 1.200011144527658447e-01 4.848122016284669294e-02
9.937864585993749778e-01 9.990736405918425322e-02 4.906142006682447793e-02
9.956000944142288089e-01 7.956462304809927555e-02 4.949699841833786473e-02
9.970133413125712440e-01 5.904030520342851140e-02 4.978624323192592377e-02
9.980142349015415082e-01 3.840316206357284601e-02 4.992809483599563308e-02
9.985958699656249937e-01 1.772276655948297128e-02 4.992216565856427701e-02
9.987564823417250937e-01 -2.931022966308614863e-03 4.976875060746425994e-02
9.984994494817202026e-01 -2.348860641293522636e-02 4.946882772876661644e-02
9.978332096535570406e-01 -4.388118105036521027e-02 4.902404911939219762e-02
9.967711018963217873e-01 -6.404126413048187583e-02 4.843672236263620728e-02
9.953311309174052157e-01 -8.390318762916827711e-02 4.770978303550504201e-02
9.935356630088023611e-01 -1.034035548174129654e-01 4.684675909203769167e-02
9.914110606848094420e-01 -1.224816497581753816e-01 4.585172814643935502e-02
9.889872650419004874e-01 -1.410797925013957399e-01 4.472926885541391590e-02
9.862973357707291999e-01 -1.591436346177056704e-01 4.348440772475483523e-02
9.833769592894280320e-01 -1.766223916821074991e-01 4.212256273816475383e-02
9.802639356181016561e-01 -1.934690113025531732e-01 4.064948522645256412e-02
9.769976543984540962e-01 -2.096402772012861404e-01 3.907120136542017313e-02
9.736185699190531562e-01 -2.250968516258493868e-01 3.739395461590643704e-02
9.701676841884604441e-01 -2.398032599325706227e-01 3.562415030637573060e-02
9.666860460669293165e-01 -2.537278225048558156e-01 3.376830341506983219e-02
9.632142732885453640e-01 -2.668425402151568537e-01 3.183299044359712976e-02
9.597921029455311892e-01 -2.791229404025433736e-01 2.982480609542396618e-02
9.564579747272389243e-01 -2.905478908214252920e-01 2.775032528907822940e-02
9.532486499636790844e-01 -3.010993892373358127e-01 2.561607085411440193e-02
9.501988683640857358e-01 -3.107623363283538165e-01 2.342848708401625360e-02
9.473410433017696031e-01 -3.195242993276593557e-01 2.119391915892595082e-02
9.447049956037248952e-01 -3.273752734493171612e-01 1.891859830575193940e-02
9.423177250733385524e-01 -3.343074476119689553e-01 1.660863243591076746e-02
9.402032184139599291e-01 -3.403149803486573699e-01 1.427000189263925509e-02
9.383822918286921499e-01 -3.453937910974160252e-01 1.190855985044374753e-02
9.368724663393847019e-01 -3.495413713342116480e-01 9.530036838042526409e-03
9.356878737818663527e-01 -3.527566192600429806e-01 7.140048801773366850e-03
9.348391914773033218e-01 -3.550397010050292401e-01 4.744108087218283296e-03
9.345124656618205572e-01 -3.559274081359369291e-01 1.463401263222177152e-03
9.346572954816951828e-01 -3.555453420831806710e-01 -1.805512371933258500e-03
9.352700793350841035e-01 -3.538987533673784713e-01 -5.055851475831932978e-03
9.363412316143970848e-01 -3.509936418285133364e-01 -8.280852189450235018e-03
9.378552995841520357e-01 -3.468368527905620891e-01 -1.147372838316750195e-02
9.397911150759121757e-01 -3.414362385950984735e-01 -1.462763525935601924e-02
9.421219830813960527e-01 -3.348008809232682625e-01 -1.773563764249151686e-02
9.448159101975586172e-01 -3.269413680424059776e-01 -2.079068421923297924e-02
9.478358765140573183e-01 -3.178701198115870263e-01 -2.378558890615322524e-02
9.511401548850575427e-01 -3.076017519631423225e-01 -2.671302041715946027e-02
9.546826815503118846e-01 -2.961534698620795769e-01 -2.956550097118878714e-02
9.584134817291133368e-01 -2.835454806650144488e-01 -3.233541491875759760e-02
9.622791530799250648e-01 -2.698014116024600173e-01 -3.501502786944051676e-02
9.662234087870915644e-01 -2.549487210552816574e-01 -3.759651666883748189e-02
9.701876805105296153e-01 -2.390190882618475898e-01 -4.007201030260230945e-02
9.741117795422793435e-01 -2.220487669589953916e-01 -4.243364149884407827e-02
9.779346123068179963e-01 -2.040788881121895493e-01 -4.467360846398420182e-02
9.815949438972880747e-01 -1.851556972089020425e-01 -4.678424582967805057e-02
9.850322007600157415e-01 -1.653307124432031039e-01 -4.875810352186796953e-02
9.881873010510088262e-01 -1.446607915575397474e-01 -5.058803190279367173e-02
9.910034987351898916e-01 -1.232080971501884475e-01 -5.226727120079694561e-02
9.934272253378121365e-01 -1.010399528890928572e-01 -5.378954295058305246e-02
9.954089115450910352e-01 -7.822858623967865466e-02 -5.514914093812142704e-02
9.969037697346524451e-01 -5.485075691839125245e-02 -5.634101899824030951e-02
9.978725181202955374e-01 -3.098727418703641628e-02 -5.736087296495857163e-02
9.982820276091975975e-01 -6.722410132366150870e-03 -5.820521413594491322e-02
9.981058737368795342e-01 1.785677996778963633e-02 -5.887143178850210573e-02
9.973247781566914050e-01 4.266121541696328567e-02 -5.935784257348813986e-02
9.959269270503783300e-01 6.760060805330700417e-02 -5.966372500653117916e-02
9.939081573734998010e-01 9.258431992131063715e-02 -5.978933775646373683e-02
9.912720058847752647e-01 1.175222385251828983e-01 -5.973592097643016380e-02
9.880296202255569593e-01 1.423256467857685059e-01 -5.950568050609867515e-02
9.841995356866171107e-01 1.669080650593991189e-01 -5.910175536348426240e-02
9.798073254920518504e-01 1.911860437739091312e-01 -5.852816951117819494e-02
9.748851362257633379e-01 2.150798873158815128e-01 -5.778976939523309403e-02
9.694711232361872266e-01 2.385142926319524792e-01 -5.689214919052654890e-02
9.636088033346079662e-01 2.614188894114768402e-01 -5.584156602484619675e-02
9.573463437588258795e-01 2.837286724965325524e-01 -5.464484768287848626e-02
9.507358071706204505e-01 3.053843211057756801e-01 -5.330929540587333454e-02
9.438323724108906854e-01 3.263324033541070701e-01 -5.184258440541635732e-02
9.366935499182018621e-01 3.465254682134171205e-01 -5.025266460939983165e-02
9.293784092321401014e-01 3.659220303350753656e-01 -4.854766396913382659e-02
9.219468339878528207e-01 3.844864559254831948e-01 -4.673579639647978262e-02
9.144588174134111735e-01 4.021887600575172472e-01 -4.482527608885681497e-02
9.069738087214856970e-01 4.190043273807883550e-01 -4.282423965832470730e-02
8.995501180882032877e-01 4.349135691685642735e-01 -4.074067712804339825e-02
8.922443852660292274e-01 4.499015300476675305e-01 -3.858237251247344929e-02
8.851111143933885206e-01 4.639574576632991554e-01 -3.635685437102448986e-02
8.782022753257606729e-01 4.770743480140076098e-01 -3.407135642943667775e-02
8.715669698795633913e-01 4.892484783422803574e-01 -3.173278810648570702e-02
8.652511597849941172e-01 5.004789383746992559e-01 -2.934771456981801613e-02
8.592974518988687471e-01 5.107671694595132816e-01 -2.692234577507879659e-02
8.537449353268071750e-01 5.201165198277176716e-01 -2.446253381575302921e-02
8.486290645250956777e-01 5.285318228738797863e-01 -2.197377782414307312e-02
8.439815821654190753e-01 5.360190040697341285e-01 -1.946123561213648767e-02
8.398304755134647914e-01 5.425847209283883865e-01 -1.692974121851578348e-02
8.361999602554458511e-01 5.482360393584052582e-01 -1.438382753178329455e-02
8.331104860651028510e-01 5.529801488018694089e-01 -1.182775317806772017e-02
8.305787586999708871e-01 5.568241177453958635e-01 -9.265532897175150079e-03
8.286177740152700366e-01 5.597746905259191053e-01 -6.700970671271965634e-03
8.272368599565279590e-01 5.618381258152479463e-01 -4.137694915696122147e-03
8.264417233122836048e-01 5.630200767448163557e-01 -1.579195086352260663e-03
8.262344987546411668e-01 5.633255123071836401e-01 9.711408998398004394e-04
8.266137984506619629e-01 5.627586794235938106e-01 3.509988998061723889e-03
8.275747612775400386e-01 5.613231048759872444e-01 6.034051658531501376e-03
8.291091014076633625e-01 5.590216361455485616e-01 8.540021252458458723e-03
8.312051567361757876e-01 5.558565200568656994e-01 1.102454479861767964e-02
8.338479382945467311e-01 5.518295179767807035e-01 1.348419047953181363e-02
8.370191824200152730e-01 5.469420561413815829e-01 1.591541643362242089e-02
8.406974080230728008e-01 5.411954094668635085e-01 1.831454231153943277e-02
8.448579818026822341e-01 5.345909169264576599e-01 2.067772408921804417e-02
8.494731946894445995e-01 5.271302262359436330e-01 2.300093263465369242e-02
8.545123531364386960e-01 5.188155651780309574e-01 2.527993652717716241e-02
8.599418891103719487e-01 5.096500364093657920e-01 2.751028962412188639e-02
8.657254927451015769e-01 4.996379320366122201e-01 2.968732385699004300e-02
8.718242715880443194e-01 4.887850636293690765e-01 3.180614771427122539e-02
8.781969401803760844e-01 4.770991026733813478e-01 3.386165082777464752e-02
8.848000433488029115e-01 4.645899257799984694e-01 3.584851502081665142e-02
8.915882160378422183e-01 4.512699582861741110e-01 3.776123209747695580e-02
8.985144817697725550e-01 4.371545092387744691e-01 3.959412855075784832e-02
9.055305908843164220e-01 4.222620901981861685e-01 4.134139724319905312e-02
9.125873985900283536e-01 4.066147098636860302e-01 4.299713596689381384e-02
9.196352815728803254e-01 3.902381362630714112e-01 4.455539262293518876e-02
9.266245904847674186e-01 3.731621182071357401e-01 4.601021657670254644e-02
9.335061341177799399e-01 3.554205579272106119e-01 4.735571555034504693e-02
9.402316895130645724e-01 3.370516273251897288e-01 4.858611721421789847e-02
9.467545307204677796e-01 3.180978210930822669e-01 4.969583444320966464e-02
9.530299674896172135e-01 2.986059411115137840e-01 5.067953302132203325e-02
9.590158839121150081e-01 2.786270080045153974e-01 5.153220041864416817e-02
9.646732660258240388e-01 2.582160974827152899e-01 5.224921413918452717e-02
9.699667067086695793e-01 2.374321010997121340e-01 5.282640805543740298e-02
9.748648758933472491e-01 2.163374132085043589e-01 5.326013511425144176e-02
9.793409442722806890e-01 1.949975481508728625e-01 5.354732482461417586e-02
9.833729492598286548e-01 1.734806939441616291e-01 5.368553402470552932e-02
9.869440930374010490e-01 1.518572108412905297e-01 5.367298957310458890e-02
9.900429640016994437e-01 1.301990850248615217e-01 5.350862181395369538e-02
9.926636748152135592e-01 1.085793492554776030e-01 5.319208792127801816e-02
9.948059124455647106e-01 8.707148344253295980e-02 5.272378452338542104e-02
9.964748979804348705e-01 6.574880877793948253e-02 5.210484933151923043e-02
9.976812565077853856e-01 4.468388923032978743e-02 5.133715183302114959e-02
9.984052204579439982e-01 2.341742022843216683e-02 5.136811217797419837e-02
9.986836812299103583e-01 2.160195101874359813e-03 5.124725408318223097e-02
9.985188825046894534e-01 -1.901557101826171700e-02 5.097540310498311494e-02
9.979184611690629092e-01 -4.003835909084747097e-02 5.055409596070367662e-02
9.968952971953431996e-01 -6.083791003364757283e-02 4.998556314705326908e-02
9.954672815692532373e-01 -8.134576126977689781e-02 4.927270172226935058e-02
9.936570084223720345e-01 -1.014957443868633180e-01 4.841903906784274236e-02
9.914913993893571531e-01 -1.212244338032466701e-01 4.742868869770792278e-02
9.890012697235249783e-01 -1.404715381223089199e-01 4.630629938763371201e-02
9.862208468140251094e-01 -1.591802278777265101e-01 4.505699904799174288e-02
9.831872524253211232e-01 -1.772973955285582215e-01 4.368633485519725357e-02
9.799399602217512273e-01 -1.947738457522368571e-01 4.220021119032121154e-02
9.765202399670339650e-01 -2.115644162099258596e-01 4.060482691019864226e-02
9.729705992416415317e-01 -2.276280309376672306e-01 3.890661340203888097e-02
9.693342326570445477e-01 -2.429276902789290482e-01 3.711217475443075176e-02
9.656544874330061923e-01 -2.574304027681402762e-01 3.522823122452463374e-02
9.619743529161897122e-01 -2.711070655681204755e-01 3.326156700260381183e-02
9.583359802298487828e-01 -2.839323009430281264e-01 3.121898308085003029e-02
9.547802368261041339e-01 -2.958842568154477770e-01 2.910725583198402189e-02
9.513462993278323232e-01 -3.069443797286046660e-01 2.693310170378388282e-02
9.480712867503154895e-01 -3.170971685405674090e-01 2.470314824412993965e-02
9.449899350260654307e-01 -3.263299169524052079e-01 2.242391149360358979e-02
9.421343127503930548e-01 -3.346324525565999020e-01 2.010177962266298385e-02
9.395335772395628782e-01 -3.419968795267659956e-01 1.774300255044430896e-02
9.372137693563411531e-01 -3.484173313947134809e-01 1.535368716337950738e-02
9.351976451086789766e-01 -3.538897396125061379e-01 1.293979765403934987e-02
9.335045417577002569e-01 -3.584116228070092780e-01 1.050716042297713398e-02
9.321502760665028031e-01 -3.619819008284030359e-01 8.061472927296278040e-03
9.311470723624033496e-01 -3.646007368921977965e-01 5.608315817235266440e-03
9.305035182499505897e-01 -3.662694103305109694e-01 3.153167674126081035e-03
9.302245460761616735e-01 -3.669902217114527354e-01 7.014216475329255324e-04
9.303114385879729387e-01 -3.667664313595157544e-01 -1.741596715703854457e-03
9.307618576096257090e-01 -3.656022316152686136e-01 -4.170611154023565886e-03
9.315698949798014716e-01 -3.635027525071714560e-01 -6.580376577410786479e-03
9.327261454007055308e-01 -3.604740998681766895e-01 -8.965661831255291800e-03
9.342178012409543264e-01 -3.565234243106851775e-01 -1.132123398698379677e-02
9.360287696792869427e-01 -3.516590188717177434e-01 -1.364184477737983604e-02
9.381398128565503480e-01 -3.458904425536736826e-01 -1.592221975624936309e-02
9.405287119006051633e-01 -3.392286664149748443e-01 -1.815705071609901786e-02
9.431704557864374339e-01 -3.316862383124574709e-01 -2.034099184284960532e-02
9.461782209714815206e-01 -3.228016037338878874e-01 -2.336504523780909282e-02
9.494835951139954933e-01 -3.127107809517291059e-01 -2.632295604012872131e-02
9.530408135505759049e-01 -3.014302134047120441e-01 -2.920725213459840486e-02
9.568000596637120658e-01 -2.889792668721652413e-01 -3.201031355845666837e-02
9.607079385103594049e-01 -2.753806572704129429e-01 -3.472438937153823901e-02
9.647080108178145430e-01 -2.606608742986770144e-01 -3.734162552554620013e-02
9.687413880820742174e-01 -2.448505866953305243e-01 -3.985410388090843137e-02
9.727473876487934268e-01 -2.279850142310647920e-01 -4.225389221609437973e-02
9.766642444632824827e-01 -2.101042513039914350e-01 -4.453310473800655561e-02
9.804298737163478217e-01 -1.912535271981908036e-01 -4.668397224119367334e-02
9.839826759864390704e-01 -1.714833887968679749e-01 -4.869892068981949290e-02
9.872623738096711898e-01 -1.508497928605275207e-01 -5.057065662462858352e-02
9.902108660426711673e-01 -1.294140969186614309e-01 -5.229225744550089483e-02
9.927730840773396626e-01 -1.072429403747431342e-01 -5.385726430845271667e-02
9.948978320841600498e-01 -8.440801054261035108e-02 -5.525977512467581537e-02
9.965385921567363470e-01 -6.098569192781895520e-02 -5.649453497810013464e-02
9.976542746395761219e-01 -3.705660100763661507e-02 -5.755702120413633271e-02
9.982098941452849372e-01 -1.270501287739933191e-02 -5.844352040853145747e-02
9.981771528631319113e-01 1.198180978056070933e-02 -5.915119485865867610e-02
9.975349147317534859e-01 3.691437110188035275e-02 -5.967813595007349925e-02
9.962695568399191348e-01 6.200176212528756003e-02 -6.002340283120333186e-02
9.943751879184276055e-01 8.715252613035867624e-02 -6.018704474341610849e-02
9.918537278290138204e-01 1.122755468889404945e-01 -6.017010618042986647e-02
9.887148463371907559e-01 1.372809365202236065e-01 -5.997461456267049601e-02
9.849757639436821366e-01 1.620808996684229286e-01 -5.960355072793208780e-02
9.806609219036214187e-01 1.865905517466816821e-01 -5.906080312763983819e-02
9.758015325543281104e-01 2.107286709432596994e-01 -5.835110715763947714e-02
9.704350244993056318e-01 2.344183664409015821e-01 -5.747997151691738166e-02
9.646043998985640577e-01 2.575876486857693326e-01 -5.645359385579633987e-02
9.583575229864926825e-01 2.801698913552189696e-01 -5.527876823274245621e-02
9.517463599290537646e-01 3.021041786961004005e-01 -5.396278703940216720e-02
9.448261902502578247e-01 3.233355359216105174e-01 -5.251334007792477637e-02
9.376548093642145254e-01 3.438150441673057389e-01 -5.093841339100264182e-02
9.302917403472126257e-01 3.634998449482941263e-01 -4.924619026707873631e-02
9.227974711093420712e-01 3.823530420015254228e-01 -4.744495658868234239e-02
9.152327307306736826e-01 4.003435107546078897e-01 -4.554301238113991901e-02
9.076578160721566757e-01 4.174456273946885454e-01 -4.354859107298487270e-02
9.001319770096398720e-01 4.336389306172971358e-01 -4.146978761848500034e-02
8.927128659092151697e-01 4.489077296501537973e-01 -3.931449627503212640e-02
8.854560543802405537e-01 4.632406721324419663e-01 -3.709035848901088422e-02
8.784146180002996296e-01 4.766302849664692531e-01 -3.480472103508933102e-02
8.716387876686099156e-01 4.890725004370506390e-01 -3.246460428397938969e-02
8.651756645498129839e-01 5.005661788085009611e-01 -3.007668024746384949e-02
8.590689942342056851e-01 5.111126373507660636e-01 -2.764725986861948925e-02
8.533589947592642444e-01 5.207151943979110298e-01 -2.518228888878620841e-02
8.480822324913769306e-01 5.293787356756176621e-01 -2.268735152796878818e-02
8.432715395256226154e-01 5.371093088081030364e-01 -2.016768115754247540e-02
8.389559661878654984e-01 5.439137506738123129e-01 -1.762817711794840633e-02
8.351607623766903465e-01 5.497993511548391332e-01 -1.507342683362669633e-02
8.319073818216601302e-01 5.547735558364508268e-01 -1.250773239679742015e-02
8.292135038197615549e-01 5.588437093686925428e-01 -9.935140825167965498e-03
8.270930676077816734e-01 5.620168405011071178e-01 -7.359477241004382803e-03
8.255563152031032415e-01 5.642994892361377079e-01 -4.784380265671331692e-03
8.246098392720271342e-01 5.656975761032307926e-01 -2.213338970855968126e-03
8.242566333408565260e-01 5.662163132164729218e-01 3.502692278621439247e-04
8.244961424324258603e-01 5.658601565235760189e-01 2.903140310001942320e-03
8.253243129749224805e-01 5.646327984614915030e-01 5.442005563842753496e-03
8.267336415789166004e-01 5.625372000816495355e-01 7.963594191628871680e-03
8.287132230025968660e-01 5.595756615738217699e-01 1.046459710578072702e-02
8.312487983154809301e-01 5.557499299808397186e-01 1.294163240566494760e-02
8.345521525106184280e-01 5.506912638819978500e-01 1.618247495126705349e-02
8.385419953951738226e-01 5.444918342327171867e-01 1.939074568518961428e-02
8.431860940389341863e-01 5.371482138526788574e-01 2.256201684000496907e-02
8.484470111485452604e-01 5.286564606617536466e-01 2.569152041436885067e-02
8.542821704894747459e-01 5.190125850923877904e-01 2.877410403071258005e-02
8.606439479310392660e-01 5.082130739777086514e-01 3.180419482365390293e-02
8.674797981709356787e-01 4.962554655755485600e-01 3.477577251668659969e-02
8.747324276663399623e-01 4.831389689333394077e-01 3.768235286653501964e-02
8.823400244108138279e-01 4.688651190965651971e-01 4.051698264245937736e-02
8.902365548825451613e-01 4.534384577568696395e-01 4.327224725034398145e-02
8.983521376841036021e-01 4.368672268922757507e-01 4.594029199769211758e-02
9.066135020393436550e-01 4.191640608644971455e-01 4.851285781616419823e-02
9.149445373675965110e-01 4.003466604258432704e-01 5.098133200588832875e-02
9.232669376014726037e-01 3.804384302926526740e-01 5.333681423679311612e-02
9.315009407680705511e-01 3.594690605231984359e-01 5.557019763762058306e-02
9.395661606706506852e-01 3.374750310646346674e-01 5.767226432965986277e-02
9.473825033922252947e-01 3.145000186726879532e-01 5.963379423258072937e-02
9.548711569471222127e-01 2.905951861099745903e-01 6.144568540376827565e-02
9.619556379327333095e-01 2.658193352121176467e-01 6.309908359652606491e-02
9.685628747243244518e-01 2.402389081442888041e-01 6.458551816831067938e-02
9.746243028831309552e-01 2.139278249591840264e-01 6.589704097363502378e-02
9.800769452954417593e-01 1.869671503394383372e-01 6.702636447484701387e-02
9.848644474002108407e-01 1.594445880094474965e-01 6.796699503364171668e-02
9.889380369306826069e-01 1.314538074986244531e-01 6.871335723809320062e-02
9.922573780654269093e-01 1.030936144238707303e-01 6.926090519722233330e-02
9.947912918454566711e-01 7.446698187392820911e-02 6.960621700950035684e-02
9.965183181551228175e-01 4.567996643568616316e-02 6.974706908170326403e-02
9.974270993648075567e-01 1.684053752039904248e-02 6.968248762423963349e-02
9.975165716665234106e-01 -1.194264741753865017e-02 6.941277544847662684e-02
9.967959568806378234e-01 -4.056148669818331054e-02 6.893951309846632625e-02
9.952845546862099102e-01 -6.890966135264685322e-02 6.826553431257165183e-02
9.930113424056928872e-01 -9.688381010841987107e-02 6.739487677373948160e-02
9.900143962336831471e-01 -1.243846198337862363e-01 6.633271001446369719e-02
9.863401537515706918e-01 -1.513178027913803514e-01 6.508524314247048081e-02
9.820425423957885869e-01 -1.775949371775514263e-01 6.365961570346932719e-02
9.771820020193503487e-01 -2.031341533946741107e-01 6.206377546775669607e-02
9.718244316830065843e-01 -2.278606549359493971e-01 6.030634720188121634e-02
9.660400913210928087e-01 -2.517070692696065093e-01 5.839649656324097382e-02
9.599024880366355816e-01 -2.746136303313771454e-01 5.634379314603319561e-02
9.534872746639501129e-01 -2.965281998630598936e-01 5.415807643425997464e-02
9.468711851304317806e-01 -3.174061396345521646e-01 5.184932801256393609e-02
9.401310273249759986e-01 -3.372100504015058675e-01 4.942755288440667250e-02
9.333427499224168367e-01 -3.559093962075486894e-01 4.690267218686253181e-02
9.265805951944706687e-01 -3.734800343415687340e-01 4.428442900790195008e-02
9.199163455017168589e-01 -3.899036719738345202e-01 4.158230843737383692e-02
9.134186671103506905e-01 -4.051672703356143934e-01 3.880547244326348899e-02
9.071525513655892548e-01 -4.192624164237083728e-01 3.596270967999622842e-02
9.011788501845025001e-01 -4.321846807683760727e-01 3.306239991866054273e-02
8.955539003612131843e-01 -4.439329779669511367e-01 3.011249244676598644e-02
8.903292293219514653e-01 -4.545089446127998922e-01 2.712049751868326336e-02
8.855513337077430824e-01 -4.639163470790404475e-01 2.409348974384534214e-02
8.812615214547124820e-01 -4.721605294641260664e-01 2.103812217132622689e-02
8.774958078253520810e-01 -4.792479099617653060e-01 1.796064975749441309e-02
8.742848560485502185e-01 -4.851855320444809494e-01 1.486696087775860563e-02
8.716539537784515623e-01 -4.899806751877455180e-01 1.176261555332249603e-02
8.696230174108322553e-01 -4.936405284276808580e-01 8.652889099025255423e-03
8.682066173341069781e-01 -4.961719288389939142e-01 5.542819949313380554e-03
8.674140183808465299e-01 -4.975811660255656799e-01 2.437260477943280126e-03
8.672492310330253140e-01 -4.978738529070754759e-01 -6.590703136238043255e-04
8.677110702759730509e-01 -4.970548624264221615e-01 -3.741533309217972853e-03
8.690150865768575539e-01 -4.947268144547168345e-01 -7.628613570521791502e-03
8.710861776911985599e-01 -4.909958358569004311e-01 -1.148905121137264694e-02
8.739010341177175789e-01 -4.858625281706367427e-01 -1.531748100887819243e-02
8.774288251644328795e-01 -4.793261624297185941e-01 -1.910828889795540900e-02
8.816312950550420080e-01 -4.713851134863963899e-01 -2.285553365896773187e-02
8.864628782091049652e-01 -4.620373930788907457e-01 -2.655287729025304980e-02
8.918708456652392202e-01 -4.512812752863410992e-01 -3.019352586618265222e-02
8.977954962794986171e-01 -4.391160063033799910e-01 -3.377018272864321796e-02
9.041704075176270061e-01 -4.255425883426474098e-01 -3.727501588184037318e-02
9.109227612621551007e-01 -4.105646249470151776e-01 -4.069964143767784703e-02
9.179737599579111951e-01 -3.941892121156458373e-01 -4.403512487140985587e-02
9.252391475074925875e-01 -3.764278565163717283e-01 -4.727200167492336125e-02
9.326298474983888420e-01 -3.572973988171229687e-01 -5.040031871999180180e-02
9.400527285183533088e-01 -3.368209170160961219e-01 -5.340969725216019454e-02
9.474115024597740131e-01 -3.150285818237065771e-01 -5.628941791962151220e-02
9.546077568502727706e-01 -2.919584339240340887e-01 -5.902852760081710171e-02
9.615421164727069314e-01 -2.676570516138542799e-01 -6.161596704009212472e-02
9.681155230361766506e-01 -2.421800771751766446e-01 -6.404071745490072520e-02
9.742306147049861753e-01 -2.155925716438445439e-01 -6.629196337560305796e-02
9.797931802473964780e-01 -1.879691705917466704e-01 -6.835926806664625877e-02
9.847136558671751860e-01 -1.593940182491750679e-01 -7.023275701278773597e-02
9.889086269135523022e-01 -1.299604637396643558e-01 -7.190330419955620611e-02
9.923022921259718743e-01 -9.977051122124698523e-02 -7.336271533863558680e-02
9.948278453219483453e-01 -6.893402501184420217e-02 -7.460390184725375351e-02
9.964287288589362968e-01 -3.756770086343649145e-02 -7.562103933598755823e-02
9.970597150425927202e-01 -5.793824860194390913e-03 -7.640970462436717792e-02
9.966877759913868040e-01 2.626114870786683958e-02 -7.696698589840676730e-02
9.952927091827705741e-01 5.846816038166566948e-02 -7.729156153295797804e-02
9.928674946802019674e-01 9.069720235498643368e-02 -7.738374428230895830e-02
9.894183703716549205e-01 1.228190172264988361e-01 -7.724548892828209112e-02
9.849646227942636667e-01 1.547067847450748768e-01 -7.688036298083299191e-02
9.795381025463447688e-01 1.862377433406994243e-01 -7.629348155511850305e-02
9.731824841500992251e-01 2.172946967138207341e-01 -7.549140900223778872e-02
9.659522998323835097e-01 2.477673617130918271e-01 -7.448203115653473372e-02
9.579117844610161026e-01 2.775535217049350800e-01 -7.327440310422669856e-02
9.491335744003767116e-01 3.065599590323956902e-01 -7.187857812197881446e-02
9.396973061174764830e-01 3.347031503056900337e-01 -7.030542385146701378e-02
9.296881609636032939e-01 3.619097184848097393e-01 -6.856643186512759169e-02
9.191954008471376891e-01 3.881166453803708283e-01 -6.667352656181450843e-02
9.083109358216063800e-01 4.132712567896720257e-01 -6.463887885167160507e-02
8.971279593673726627e-01 4.373309996133644684e-01 -6.247472940397256341e-02
8.857396808301662983e-01 4.602630357281297657e-01 -6.019322540429400403e-02
8.742381775881143957e-01 4.820436810358874613e-01 -5.780627386359464548e-02
8.627133825113497689e-01 5.026577200178935501e-01 -5.532541360263108082e-02
8.512522155507514787e-01 5.220976264486199003e-01 -5.276170715317338167e-02
8.399378621570858794e-01 5.403627199028844252e-01 -5.012565301406683715e-02
8.288491959086388139e-01 5.574582855990625196e-01 -4.742711800443620562e-02
8.180603383434716935e-01 5.733946822559243817e-01 -4.467528888529460201e-02
8.076403455990107672e-01 5.881864592864692876e-01 -4.187864198067453581e-02
7.976530090363023184e-01 6.018515010675998811e-01 -3.904492921728122679e-02
7.881567554969213241e-01 6.144102124289049227e-01 -3.618117880783786738e-02
7.792046321003202047e-01 6.258847560713137748e-01 -3.329370871332409942e-02
7.708443604118554449e-01 6.362983494848580834e-01 -3.038815101611164887e-02
7.631184452637558291e-01 6.456746261686967525e-01 -2.746948540153180615e-02
7.560643243633836663e-01 6.540370636122043724e-01 -2.454208006200811823e-02
7.497145459566266767e-01 6.614084785879944528e-01 -2.160973848923479143e-02
7.440969631259537476e-01 6.678105888263934364e-01 -1.867575079159571744e-02
7.392349347071409671e-01 6.732636390584566533e-01 -1.574294835395884454e-02
7.351475242388249010e-01 6.777860886916902139e-01 -1.281376083530603657e-02
7.318496897652760902e-01 6.813943579730299405e-01 -9.890274668724309548e-03
7.296244072293629479e-01 6.838192698578240414e-01 -6.283938948366875679e-03
7.283972139812803226e-01 6.851498482620178576e-01 -2.691054880042152448e-03
7.281701812763285986e-01 6.853958398433199761e-01 8.876206433703079726e-04
7.289403997859821294e-01 6.845627341373463626e-01 4.451405264264309512e-03
7.307000591097171371e-01 6.826518064521952533e-01 7.999598197781048609e-03
7.334364739518651755e-01 6.796602275823562245e-01 1.153138897328523718e-02
7.371320594787732494e-01 6.755812396669385045e-01 1.504576809159332944e-02
7.417642599661324887e-01 6.704043986570910052e-01 1.854143986441995906e-02
7.473054364503048941e-01 6.641158848384919322e-01 2.201673780242734829e-02
7.537227207414588515e-01 6.566988836144697084e-01 2.546954305981695768e-02
7.609778448586744792e-01 6.481340392298814423e-01 2.889720662213231608e-02
7.690269567105196824e-01 6.383999842397904967e-01 3.229647613411693735e-02
7.778204346522789026e-01 6.274739472338236590e-01 3.566342849864819614e-02
7.873027153638300080e-01 6.153324405518169060e-01 3.899340962631785146e-02
7.974121512453626881e-01 6.019520284092655382e-01 4.228098296589274940e-02
8.080809151294368053e-01 5.873101739435382385e-01 4.551988868342778799e-02
8.192349714368248881e-01 5.713861611636933402e-01 4.870301556383847819e-02
8.307941338130662157e-01 5.541620846355930219e-01 5.182238786187397944e-02
8.426722296033888338e-01 5.356238959951713507e-01 5.486916940575378016e-02
8.547773910722158419e-01 5.157624921396819495e-01 5.783368723082408375e-02
8.670124918646764378e-01 4.945748253406815342e-01 6.070547686709322488e-02
8.792757446711615410e-01 4.720650107590085853e-01 6.347335110028469451e-02
8.914614722576524874e-01 4.482454021936017052e-01 6.612549355291465203e-02
9.034610588898122074e-01 4.231376026979158933e-01 6.864957777975619346e-02
9.151640827180852478e-01 3.967733733354593673e-01 7.103291174217052362e-02
9.264596220230166823e-01 3.691954012332547275e-01 7.326260653388318167e-02
9.372377195895057467e-01 3.404578876385330188e-01 7.532576710936918218e-02
9.473909802650835044e-01 3.106269182545975949e-01 7.720970156546648477e-02
9.568162674690229297e-01 2.797805819999520938e-01 7.890214431470267409e-02
9.654164556718932699e-01 2.480088106346622912e-01 8.039148734687230624e-02
9.731021883419966878e-01 2.154129203821684990e-01 8.166701279434386562e-02
9.797935852493879771e-01 1.821048474847893894e-01 8.271911928849670637e-02
9.854218399643785986e-01 1.482060820871143325e-01 8.353953420387119633e-02
9.899306483866087136e-01 1.138463182573622445e-01 8.412150389964380415e-02
9.932774124903746005e-01 7.916185148306223440e-02 8.445995452449384100e-02
9.954341702107420975e-01 4.429376766956041878e-02 8.455161685609922928e-02
9.963882122733654922e-01 9.385978576581834043e-03 8.439510996741049487e-02
9.961423592529932147e-01 -2.541683311101892301e-02 8.399098017758435675e-02
9.947148864466516249e-01 -5.997129094243421055e-02 8.334169365208622671e-02
9.921390993034251427e-01 -9.413735474870052466e-02 8.245158303629016028e-02
9.886062293850911287e-01 -1.272589535780426495e-01 8.039263775964604342e-02
9.841249259458068055e-01 -1.593596833487707365e-01 7.811985871451143648e-02
9.788006928217498626e-01 -1.903340744886550806e-01 7.564543092314751638e-02
9.727458523870465834e-01 -2.200889794769777530e-01 7.298240665710800656e-02
9.660775249325587177e-01 -2.485438639838657426e-01 7.014445057332499567e-02
9.589156499236002329e-01 -2.756307726935606772e-01 6.714559231626054947e-02
9.513811015766658885e-01 -3.012939996712479807e-01 6.399999377297800607e-02
9.435939412139273674e-01 -3.254895015616733334e-01 6.072173685945739946e-02
9.356718379970969668e-01 -3.481840974124432164e-01 5.732463629045084913e-02
9.277286786973309995e-01 -3.693545016021575478e-01 5.382208034540555269e-02
9.198733767914814008e-01 -3.889862365189143967e-01 5.022690127691332301e-02
9.122088818979370295e-01 -4.070724697030495554e-01 4.655127578236680636e-02
9.048313827209616411e-01 -4.236128166327512434e-01 4.280665491817811641e-02
8.978296904439861947e-01 -4.386121457003702706e-01 3.900372200168582965e-02
8.912847849431972946e-01 -4.520794166795709113e-01 3.515237642255848033e-02
8.852695032153050647e-01 -4.640265785374991236e-01 3.126174086187133438e-02
8.798483478804517421e-01 -4.744675471419239621e-01 2.734018917101033869e-02
8.750773933368772850e-01 -4.834172785051336629e-01 2.339539206529298032e-02
8.710042678902731872e-01 -4.908909488643402041e-01 1.943437780666660425e-02
8.676681917392621290e-01 -4.969032492160191383e-01 1.546360515377259021e-02
8.651000528656601629e-01 -5.014677989272763314e-01 1.148904601568963985e-02
8.633225054753261851e-01 -5.045966807167814316e-01 7.516275430812294905e-03
8.623500785130694402e-01 -5.063000975670139958e-01 3.550566681839312233e-03
8.621892848137908683e-01 -5.065861509062511425e-01 -4.030104663817098143e-04
8.628387245596120803e-01 -5.054607385722343915e-01 -4.339490270833067445e-03
8.642891798196223885e-01 -5.029275705188217538e-01 -8.253912008363666064e-03
8.665237000019327951e-01 -4.989882998273259540e-01 -1.214122314836239662e-02
8.695176810035670778e-01 -4.936427662120471682e-01 -1.599618635043794507e-02
8.732389436618182010e-01 -4.868893487466318670e-01 -1.981329194561411156e-02
8.776478197469409492e-01 -4.787254238757091551e-01 -2.358667759938570807e-02
8.826972561371593251e-01 -4.691479238196591961e-01 -2.731005691648726724e-02
8.883329499161169984e-01 -4.581539891523436769e-01 -3.097665881719524616e-02
8.944935288470976520e-01 -4.457417075784944061e-01 -3.457917957727940639e-02
9.011107929079623657e-01 -4.319109287348648629e-01 -3.810974945968595429e-02
9.081100332017005838e-01 -4.166641421986628790e-01 -4.155991585512720105e-02
9.154104444664978857e-01 -4.000074028619556854e-01 -4.492064476946176083e-02
9.229256464724046038e-01 -3.819512845233692389e-01 -4.818234232689599938e-02
9.305643276966120148e-01 -3.625118391118999361e-01 -5.133489768044536411e-02
9.382310217300581234e-01 -3.417115355976669266e-01 -5.436774831962272458e-02
9.458270228424626724e-01 -3.195801496148280574e-01 -5.726996823115713259e-02
9.531578277342784844e-01 -2.966384681115488142e-01 -5.912575560283936382e-02
9.601405599091060727e-01 -2.728184921417084463e-01 -6.082974361451552042e-02
9.667033536380912340e-01 -2.481818756531798953e-01 -6.237360470398031764e-02
9.727781787191021046e-01 -2.227974580824477746e-01 -6.374945667932804816e-02
9.783018734028544605e-01 -1.967410223958830640e-01 -6.494999346962003484e-02
9.832171470327667473e-01 -1.700948918739157989e-01 -6.596861309784637917e-02
9.874735243231851367e-01 -1.429473673740989104e-01 -6.679953905409637127e-02
9.910282030416801557e-01 -1.153920126891136294e-01 -6.743793124061651933e-02
9.938467980325298434e-01 -8.752680158185827120e-02 -6.787998283008944700e-02
9.959039470525907767e-01 -5.945314579140936750e-02 -6.812299972828626815e-02
9.971837577247826268e-01 -3.127482841104912981e-02 -6.816545985391639362e-02
9.976800798885501198e-01 -3.096871212995001149e-03 -6.800705012084941326e-02
9.973965934916336762e-01 2.497563254607932173e-02 -6.764867979788775909e-02
9.963467086017003815e-01 5.283868676318883434e-02 -6.709246978631430713e-02
9.945532807510720774e-01 8.039052948007380239e-02 -6.634171824665667516e-02
9.920481512774816935e-01 1.075327066490951861e-01 -6.540084387240970021e-02
9.888715282187163780e-01 1.341710540317702371e-01 -6.427530890082255866e-02
9.850712283357248022e-01 1.602165627454000818e-01 -6.297152462639708792e-02
9.807018047254834059e-01 1.855861090747306097e-01 -6.149674270805307458e-02
9.758235870789384592e-01 2.102030348821854189e-01 -5.985893591437870670e-02
9.703251765080297409e-01 2.344997379974600171e-01 -5.898308986944564292e-02
9.643343265660511143e-01 2.582661818544998988e-01 -5.794795033055786387e-02
9.579006027225729358e-01 2.814333936198326058e-01 -5.676053233431137268e-02
9.510779304975585102e-01 3.039383845672131712e-01 -5.542837661237946800e-02
9.439237617172914208e-01 3.257244013712584652e-01 -5.395944255484699109e-02
9.364982307629766689e-01 3.467410535894738799e-01 -5.236200075793842612e-02
9.288633204726349790e-01 3.669443225279551690e-01 -5.064452778182281650e-02
9.210820552194342037e-01 3.862964599112568287e-01 -4.881560546866095529e-02
9.132177360850922687e-01 4.047657873597028111e-01 -4.688382683307928955e-02
9.053332301524201764e-01 4.223264095711804500e-01 -4.485771016019335367e-02
8.974903229271515848e-01 4.389578553083816059e-01 -4.274562255268780919e-02
8.897491399198262929e-01 4.546446608448508897e-01 -4.055571377856176385e-02
8.821676406032569195e-01 4.693759104929188242e-01 -3.829586090198690285e-02
8.748011854109657426e-01 4.831447483135243304e-01 -3.597362384448993949e-02
8.677021742278703265e-01 4.959478741936504398e-01 -3.359621173152946977e-02
8.609197529883955147e-01 5.077850362764104730e-01 -3.117045963578126549e-02
8.544995835551293384e-01 5.186585303427193594e-01 -2.870281513488150138e-02
8.484836709973739843e-01 5.285727152637977877e-01 -2.619933395687948016e-02
8.429102417007915404e-01 5.375335521495340219e-01 -2.366568388780533258e-02
8.378136653821112168e-01 5.455481733732736593e-01 -2.110715605751126503e-02
8.332244140144308142e-01 5.526244863078472180e-01 -1.852868269622278546e-02
8.291690508435013429e-01 5.587708153946432388e-01 -1.593486045848106422e-02
8.256702430478899402e-01 5.639955851077343985e-01 -1.332997843677395135e-02
8.227467921227739067e-01 5.683070454770545732e-01 -1.071805002785095745e-02
8.204136767090731697e-01 5.717130410971175136e-01 -8.102847864758056656e-03
8.186821033124281888e-01 5.742208239616142240e-01 -5.487941081982075295e-03
8.175595611313353217e-01 5.758369100143441166e-01 -2.876734235529279388e-03
8.170498780170108999e-01 5.765669789740035522e-01 -2.725072508731555404e-04
8.171532754005634835e-01 5.764158167523095733e-01 2.321544183094133209e-03
8.178664208312123041e-01 5.753872996181731425e-01 4.902268318485621980e-03
8.191824775612256415e-01 5.734844191410154446e-01 7.466517666888950952e-03
8.210911513798755390e-01 5.707093468499627731e-01 1.001111042800033671e-02
8.235787356321844221e-01 5.670635374495920367e-01 1.253279351389376475e-02
8.266281560511009596e-01 5.625478693156364951e-01 1.502820765180708229e-02
8.302190176759888240e-01 5.571628208361090184e-01 1.749385505240556860e-02
8.343276567166877378e-01 5.509086809476749780e-01 1.992607013932858051e-02
8.389272007398486108e-01 5.437857919299352583e-01 2.232099384706192138e-02
8.439876409894928599e-01 5.357948221513754161e-01 2.467455200500680637e-02
8.494759209912664533e-01 5.269370660043395382e-01 2.698243833286488591e-02
8.553560458119668919e-01 5.172147677218653650e-01 2.924010257266667842e-02
8.617907692904561712e-01 5.062370771573023731e-01 3.226077286237883507e-02
8.686906451248164185e-01 4.941012503476451823e-01 3.522193215349003759e-02
8.759976812019423242e-01 4.808068462966522127e-01 3.811702316556702524e-02
8.836494115732735910e-01 4.663558553756876890e-01 4.093902057882347484e-02
8.915792050195243679e-01 4.507533822949976732e-01 4.368044075015050515e-02
8.997166516263208624e-01 4.340083398814291726e-01 4.633336520250559004e-02
9.079880352553960643e-01 4.161341388110701422e-01 4.888947866790251118e-02
9.163168977563850293e-01 3.971493564605684257e-01 5.134012220002406868e-02
9.246246981172381307e-01 3.770783662972660988e-01 5.367636153162604062e-02
9.328315665184795380e-01 3.559519078873067399e-01 5.588907043620799930e-02
9.408571495015408681e-01 3.338075768317986247e-01 5.796902837044775464e-02
9.486215382952321029e-01 3.106902139089702253e-01 5.990703113765650373e-02
9.560462679278107778e-01 2.866521735512512770e-01 6.169401274377798311e-02
9.630553702933281057e-01 2.617534536315211935e-01 6.332117604341913619e-02
9.695764600881477957e-01 2.360616714320411813e-01 6.478012922665657425e-02
9.755418287616082207e-01 2.096518746161660784e-01 6.606302471412819899e-02
9.808895186165305091e-01 1.826061809327833574e-01 6.716269664553300989e-02
9.855643472183768239e-01 1.550132460899793507e-01 6.807279290052001275e-02
9.895188515535429108e-01 1.269675654909920848e-01 6.878789751111742679e-02
9.927141220791025900e-01 9.856862201631488851e-02 6.930363943273643024e-02
9.951204990024764552e-01 6.991989839570790510e-02 6.961678394621567678e-02
9.967181067914401282e-01 4.112777855540525329e-02 6.972530346258987155e-02
9.974972079051266372e-01 1.230036727136250493e-02 6.962842517707130974e-02
9.974583628133153468e-01 -1.645373882501807022e-02 6.932665383709185614e-02
9.966123902035276538e-01 -4.502669361548352484e-02 6.882176880734622304e-02
9.949801284690710235e-01 -7.331262138513702786e-02 6.811679558037658788e-02
9.925920067012470316e-01 -1.012087794914356687e-01 6.721595283803818988e-02
9.894874400561523009e-01 -1.286166317900569456e-01 6.612457706161155302e-02
9.857140701527754567e-01 -1.554428049365735864e-01 6.484902746626403092e-02
9.813268757784739948e-01 -1.815999049589944736e-01 6.339657465844050765e-02
9.763871824192306148e-01 -2.070071775567914329e-01 6.177527685455582590e-02
9.709616008912033136e-01 -2.315910020427251192e-01 5.999384774221326599e-02
9.651209256310666618e-01 -2.552852153204624996e-01 5.806152011154448733e-02
9.589390221085267729e-01 -2.780312684305696336e-01 5.598790924770472022e-02
9.524917305396237710e-01 -2.997782237029918417e-01 5.378287978036497274e-02
9.458558098467133579e-01 -3.204826052018364679e-01 5.145641926420155277e-02
9.391079419057641875e-01 -3.401081187959526519e-01 4.901852125215921258e-02
9.323238118269804309e-01 -3.586252607757693944e-01 4.647908005789354313e-02
9.255772755997578871e-01 -3.760108354767416894e-01 4.384779882057070199e-02
9.189396221352152949e-01 -3.922474029380654259e-01 4.113411191517749033e-02
9.124789327536787509e-01 -4.073226773438791692e-01 3.834712221995646708e-02
9.062595376363002941e-01 -4.212288960145058048e-01 3.549555327824824996e-02
9.003415657854941800e-01 -4.339621772027629776e-01 3.258771598693562671e-02
8.947805826676661356e-01 -4.455218830703122079e-01 2.963148911363600729e-02
8.896273079531047401e-01 -4.559100021256707325e-01 2.663431269015559960e-02
8.849274045988642090e-01 -4.651305632341332097e-01 2.360319314651261255e-02
8.807213298940747004e-01 -4.731890911719019988e-01 2.054471893085371356e-02
8.770442389408416028e-01 -4.800921116777447373e-01 1.746508529652358865e-02
8.739259313068830082e-01 -4.858467121152508228e-01 1.437012691800834165e-02
8.713908321851938643e-01 -4.904601622329575195e-01 1.126535701182822952e-02
8.694580002604962443e-01 -4.939395981127704394e-01 8.156011676507238586e-03
8.681411555466145291e-01 -4.962917712259044545e-01 5.047098218231302683e-03
8.674487216649562349e-01 -4.975228635524944210e-01 1.943446287725835928e-03
8.673838783314822276e-01 -4.976383689378335307e-01 -1.150239287290571490e-03
8.679446211648998988e-01 -4.966430402191646665e-01 -4.229325035945442728e-03
8.691238272857285674e-01 -4.945409011217741790e-01 -7.289195760861316709e-03
8.709093265128339256e-01 -4.913353214494555199e-01 -1.032520281900895301e-02
8.732839792527897771e-01 -4.870291536400429555e-01 -1.333261472357955349e-02
8.762257633913972388e-01 -4.816249282816537636e-01 -1.630657100854950026e-02
8.797078736092409645e-01 -4.751251056535170658e-01 -1.924204028949028436e-02
8.838969471251594268e-01 -4.671172706143152387e-01 -2.297190735627605701e-02
8.887042461907836977e-01 -4.577057414337206143e-01 -2.665116370770294341e-02
8.940769112292394905e-01 -4.468893534462727857e-01 -3.027294996270211633e-02
8.999551800739262752e-01 -4.346680128654161201e-01 -3.382991244063467129e-02
9.062726504802595118e-01 -4.210434749607067650e-01 -3.731417267057727388e-02
9.129566184183213196e-01 -4.060201812019612611e-01 -4.071731295685378227e-02
9.199285070170806211e-01 -3.896061395373124903e-01 -4.403037971146572110e-02
9.271044000292713028e-01 -3.718138288954356829e-01 -4.724390607940279901e-02
9.343956917737984424e-01 -3.526611058462484349e-01 -5.034795509624375581e-02
9.417098626198499023e-01 -3.321720883147556980e-01 -5.333218421606866072e-02
9.489513851768354158e-01 -3.103779885575629338e-01 -5.618593152474275765e-02
9.560227614790336448e-01 -2.873178655515583602e-01 -5.889832331063560994e-02
9.628256857091809229e-01 -2.630392657963162573e-01 -6.145840191353683923e-02
9.692623205813459819e-01 -2.375987215769202743e-01 -6.385527193622826669e-02
9.752366686791450467e-01 -2.110620772198167905e-01 -6.607826201728800308e-02
9.806560131837571692e-01 -1.835046169846304698e-01 -6.811709847512598115e-02
9.854323959596152926e-01 -1.550109730583205947e-01 -6.996208629831193737e-02
9.894840953692709551e-01 -1.256747986212322643e-01 -7.160429223819389510e-02
9.927370619440605282e-01 -9.559819896289419028e-02 -7.303572421984964869e-02
9.951262675865962803e-01 -6.489092281630734482e-02 -7.424950098484033034e-02
9.966496918005443018e-01 -3.419831172242227685e-02 -7.429654171014073161e-02
9.972428747205999144e-01 -3.500342736157062429e-03 -7.412492822649058288e-02
9.969100406063913233e-01 2.708405320363500152e-02 -7.373556127727157183e-02
9.956670932859312817e-01 5.743721940260894387e-02 -7.313078888762108987e-02
9.935412678552595356e-01 8.744419827578535365e-02 -7.231436356222173401e-02
9.905705586300761478e-01 1.169940738976636557e-01 -7.129137051660677793e-02
9.868029443262785749e-01 1.459811940867153657e-01 -7.006812975865248094e-02
9.822954383342176188e-01 1.743062396842998962e-01 -6.865207576127052569e-02
9.771129971986924900e-01 2.018771158210239669e-01 -6.705161917394907023e-02
9.713273237927971815e-01 2.286096479259268344e-01 -6.527599547916879130e-02
9.650156030980158173e-01 2.544280735049966324e-01 -6.333510569911869614e-02
9.582592080399677803e-01 2.792653287934699913e-01 -6.123935420705717975e-02
9.511424106701275027e-01 3.030631368284488758e-01 -5.899948842137044819e-02
9.437511304175971727e-01 3.257719099416933051e-01 -5.662644469705263583e-02
9.361717465133156946e-01 3.473504848921692423e-01 -5.413120412542790638e-02
9.284899963902784048e-01 3.677657127128709513e-01 -5.152466125839003097e-02
9.207899762590314729e-01 3.869919278133321372e-01 -4.881750803722760546e-02
9.131532544853218081e-01 4.050103220280569793e-01 -4.602013447260889373e-02
