1.000000000000000000e+00 0.000000000000000000e+00 0.000000000000000000e+00
9.999961432137112194e-01 1.041438760708495977e-03 -2.574678533894565659e-03
9.999840134645455736e-01 2.349474532783119539e-03 -5.143228402089135981e-03
9.999626179841857310e-01 3.923425137378032043e-03 -7.705153514844556920e-03
9.999307608013416893e-01 5.762546926571665215e-03 -1.025995544086837422e-02
9.998870450748731376e-01 7.866032823031686438e-03 -1.280713306299916324e-02
9.998298756500607620e-01 1.023301008005604931e-02 -1.534618225528579238e-02
9.997574618424961423e-01 1.286253777287075725e-02 -1.787659558383503794e-02
9.996678204544733326e-01 1.575360403310023527e-02 -2.039786203374253926e-02
9.995587790291098340e-01 1.890512303936107627e-02 -2.290946676435734117e-02
9.994279793476983365e-01 2.231593177796298982e-02 -2.541089089505851537e-02
9.992728811759824525e-01 2.598478658873024788e-02 -2.790161132364341393e-02
9.990907662651616894e-01 2.991035951198034448e-02 -3.038110057934036851e-02
9.988787426134521086e-01 3.409123445371104594e-02 -3.284882671236383223e-02
9.986337489939599577e-01 3.852590318704907091e-02 -3.530425322182661335e-02
9.983525597544593566e-01 4.321276120899897322e-02 -3.774683902371151617e-02
9.980317898944007782e-01 4.815010347249508438e-02 -4.017603846048317662e-02
9.976679004241094662e-01 5.333612001469707764e-02 -4.259130135378972476e-02
9.972572040106625346e-01 5.876889150337517853e-02 -4.499207310156289052e-02
9.967958709143565077e-01 6.444638472409799923e-02 -4.737779482067415449e-02
9.962799352189924962e-01 7.036644803175753915e-02 -4.974790353614320232e-02
9.957053013584183931e-01 7.652680679073467496e-02 -5.210183241772362722e-02
9.950677509408679677e-01 8.292505882871725742e-02 -5.443901106450897004e-02
9.943629498716387571e-01 8.955866992982308705e-02 -5.675886583801054153e-02
9.935864557735458735e-01 9.642496939324358973e-02 -5.906082024395679225e-02
9.927337257033875817e-01 1.035211456841029637e-01 -6.134429536285301160e-02
9.918001241613613184e-01 1.108442422036121089e-01 -6.360871032912000789e-02
9.907809313889855973e-01 1.183911532058794513e-01 -6.585348285840190996e-02
9.896713519496125322e-01 1.261586198889127208e-01 -6.807802982239721801e-02
9.884665235840737196e-01 1.341432266873982815e-01 -7.028176787032412720e-02
9.871615263323928469e-01 1.423413977947707021e-01 -7.246411409588250641e-02
9.857513919108293887e-01 1.507493939418758644e-01 -7.462448674832153350e-02
9.842311133318055738e-01 1.593633094591809796e-01 -7.676230598596507637e-02
9.825956547525198648e-01 1.681790696489862680e-01 -7.887699467028835842e-02
9.808399615362776158e-01 1.771924284934414950e-01 -8.096797919838009949e-02
9.789589705087916593e-01 1.863989667233613701e-01 -8.303469037136639030e-02
9.769476203899279954e-01 1.957940902718633136e-01 -8.507656429611756832e-02
9.748008623796186045e-01 2.053730291357170612e-01 -8.709304331730902127e-02
9.725136708749421155e-01 2.151308366659974713e-01 -8.908357697666355324e-02
9.700810542937069458e-01 2.250623893081701854e-01 -9.104762299596802499e-02
9.674980659782690395e-01 2.351623868101157533e-01 -9.298464828023314532e-02
9.647598151518012033e-01 2.454253529148162638e-01 -9.489412993715405642e-02
9.618614778978149538e-01 2.558456365524936493e-01 -9.677555630883324933e-02
9.587983081324367163e-01 2.664174135449079994e-01 -9.862842801154793337e-02
9.555656485377744813e-01 2.771346888323058533e-01 -1.004522589791837783e-01
9.521589414236910631e-01 2.879912992311630116e-01 -1.022465775058176291e-01
9.485737394844464543e-01 2.989809167284059321e-01 -1.040109272828148440e-01
9.448057164159892052e-01 3.100970523152327130e-01 -1.057448684257149968e-01
9.408506773591880368e-01 3.213330603610068392e-01 -1.074479784861132048e-01
9.367045691340003533e-01 3.326821435249768810e-01 -1.091198534437057971e-01
9.323634902294946070e-01 3.441373582008051546e-01 -1.107601086736587082e-01
9.278237005147750294e-01 3.556916204860838815e-01 -1.123683798844764686e-01
9.230816306362167323e-01 3.673377126662011327e-01 -1.139443240215994718e-01
9.181338910670027165e-01 3.790682901991086484e-01 -1.154876201320377410e-01
9.129772807757688957e-01 3.908758891847656236e-01 -1.169979701854611670e-01
9.076087954822055215e-01 4.027529343003031226e-01 -1.184750998473087374e-01
9.020256354687326006e-01 4.146917471792996857e-01 -1.199187591996525443e-01
8.962252129188584826e-01 4.266845552109990725e-01 -1.213287234057555536e-01
8.902051587545356526e-01 4.387235007328585956e-01 -1.227047933144942982e-01
8.839633289467409005e-01 4.508006505875114533e-01 -1.240467960010776388e-01
8.774978102756094689e-01 4.629080060130799645e-01 -1.253545852407785821e-01
8.708069255187419477e-01 4.750375128338066300e-01 -1.266280419127070733e-01
8.638892380487508404e-01 4.871810719161939196e-01 -1.278670743309839042e-01
8.567435558237125326e-01 4.993305498542795484e-01 -1.290716185010291062e-01
8.493689347569178816e-01 5.114777898463321870e-01 -1.302416382990479182e-01
8.417646814551466017e-01 5.236146227241498252e-01 -1.313771255731824295e-01
8.339303553176128370e-01 5.357328780952851366e-01 -1.324781001651937073e-01
8.258657699907111516e-01 5.478243955579205071e-01 -1.335446098519442459e-01
8.175709941767148603e-01 5.598810359477716103e-01 -1.345767302063616833e-01
8.090463517976173025e-01 5.718946925763190858e-01 -1.355745643779783238e-01
8.002924215183350176e-01 5.838573024198498995e-01 -1.365382427935531162e-01
7.913100356364889398e-01 5.957608572192343299e-01 -1.374679227786916869e-01
7.821002783489181542e-01 6.075974144510629671e-01 -1.383637881017813764e-01
7.726644834079412494e-01 6.193591081317167957e-01 -1.392260484419493294e-01
7.630042311831376489e-01 6.310381594171318165e-01 -1.400549387831296344e-01
7.531213451470536446e-01 6.426268869624338631e-01 -1.408507187366877800e-01
7.430178878057317471e-01 6.541177170072494107e-01 -1.416136717953938307e-01
7.326961560972891085e-01 6.655031931543244905e-01 -1.423441045218582224e-01
7.221586762839251605e-01 6.767759858110939941e-01 -1.430423456748433075e-01
7.114081983646979301e-01 6.879289012660132485e-01 -1.437087452771376728e-01
7.004476900381653159e-01 6.989548903737755614e-01 -1.443436736289277211e-01
6.892803302455300374e-01 7.098470568259753755e-01 -1.449475202708201405e-01
6.779095023262452502e-01 7.205986649863092008e-01 -1.455206929008586447e-01
6.663387868191318342e-01 7.312031472720172953e-01 -1.460636162500387469e-01
6.545719539429160072e-01 7.416541110659351510e-01 -1.465767309209533020e-01
6.426129557907273027e-01 7.519453451462237981e-01 -1.470604921943008958e-01
6.304659182734901890e-01 7.620708256235562139e-01 -1.475153688080574899e-01
6.181351328473151385e-01 7.720247213782384099e-01 -1.479418417141494524e-01
6.056250480599374431e-01 7.818013989924106344e-01 -1.483404028174756806e-01
5.929402609509851763e-01 7.913954271750923697e-01 -1.487115537021058698e-01
5.800855083403787527e-01 8.008015806803823189e-01 -1.490558043494354112e-01
5.670656580384945133e-01 8.100148437215880515e-01 -1.493736718530031815e-01
5.538857000108643458e-01 8.190304128864163147e-01 -1.496656791345813975e-01
5.405507375291572769e-01 8.278436995605999993e-01 -1.499323536660247813e-01
5.270659783390022612e-01 8.364503318694495038e-01 -1.501742262012248086e-01
5.134367258738823381e-01 8.448461561487897731e-01 -1.503918295223530543e-01
4.996683705428773270e-01 8.530272379585661646e-01 -1.505856972043994879e-01
4.857663811184644298e-01 8.609898626540708477e-01 -1.507563624018169735e-01
4.717362962489287659e-01 8.687305355312412436e-01 -1.509043566608773146e-01
4.575837161181952051e-01 8.762459815638221627e-01 -1.510302087611251065e-01
4.433142942740950776e-01 8.835331447513457004e-01 -1.511344435890895066e-01
4.289337296442345959e-01 8.905891870978840386e-01 -1.512175810471797222e-01
4.144477587567561017e-01 8.974114872423529787e-01 -1.512801350004508993e-01
3.998621481813923184e-01 9.039976387618062770e-01 -1.513226122636852911e-01
3.851826872043211947e-01 9.103454481696551248e-01 -1.513455116309902482e-01
3.704151807484501457e-01 9.164529326310811852e-01 -1.513493229498713843e-01
3.555654425489042647e-01 9.223183174180961119e-01 -1.513345262414982628e-01
3.406392885916764146e-01 9.279400331267309010e-01 -1.513015908686428379e-01
3.256425308216293613e-01 9.333167126787358381e-01 -1.512509747525376258e-01
3.105809711243290860e-01 9.384471881299314422e-01 -1.511831236396741773e-01
2.954603955845452878e-01 9.433304873069923158e-01 -1.510984704193426564e-01
2.802865690226862272e-01 9.479658302939687475e-01 -1.509974344925015532e-01
2.650652298089473669e-01 9.523526257892729330e-01 -1.508804211923638616e-01
2.498020849535528831e-01 9.564904673531823276e-01 -1.507478212568923448e-01
2.345028054701599751e-01 9.603791295651538107e-01 -1.506000103532132706e-01
2.191730220082825642e-01 9.640185641094086710e-01 -1.504373486537846083e-01
2.038183207494754234e-01 9.674088958063489230e-01 -1.502601804639925598e-01
1.884442395610038679e-01 9.705504186064125571e-01 -1.500688339006982508e-01
1.730562643998099503e-01 9.734435915619741309e-01 -1.498636206211163280e-01
1.576598259587718431e-01 9.760890347918600440e-01 -1.496448356012764769e-01
1.422602965465404046e-01 9.784875254519853627e-01 -1.494127569632005270e-01
1.268629871916230611e-01 9.806399937245330323e-01 -1.491676458498189251e-01
1.119728241537863572e-01 9.825171530892290450e-01 -1.487351065508685510e-01
9.709705754142468337e-02 9.841598794411273721e-01 -1.483290076276901626e-01
8.223670945401241605e-02 9.855699344616778435e-01 -1.479494146526177389e-01
6.739273037318348203e-02 9.867489711959507304e-01 -1.475963723573488484e-01
5.256600687343399025e-02 9.876985326508459506e-01 -1.472699050068509152e-01
3.775736927363339268e-02 9.884200507100135979e-01 -1.469700167488147136e-01
2.296759922389569539e-02 9.889148453564782226e-01 -1.466966919381175460e-01
8.197437222964556666e-03 9.891841241945511509e-01 -1.464498954359056970e-01
-6.552409938215193394e-03 9.892289822632219787e-01 -1.462295728830462493e-01
-2.128126181063005884e-02 9.890504021338411000e-01 -1.460356509478338560e-01
-3.598845700256794039e-02 9.886492542855339627e-01 -1.458680375479686486e-01
-5.067334597948063013e-02 9.880262977524132406e-01 -1.457266220469469742e-01
-6.533528395139102940e-02 9.871821810372813921e-01 -1.456112754251287777e-01
-7.997362385076901836e-02 9.861174432871274709e-01 -1.455218504258632417e-01
-9.458770940374305880e-02 9.848325157263243534e-01 -1.454581816771688685e-01
-1.091768682975274851e-01 9.833277233440117504e-01 -1.454200857895763810e-01
-1.237404054470249287e-01 9.816032868327081440e-01 -1.454073614308515894e-01
-1.382775963637075667e-01 9.796593247757243716e-01 -1.454197893784225648e-01
-1.527876806300863255e-01 9.774958560814493991e-01 -1.454571325504409596e-01
-1.672698554833422224e-01 9.751128026630397905e-01 -1.455191360165104530e-01
-1.817232695120147012e-01 9.725099923624673792e-01 -1.456055269892178872e-01
-1.961470164700154506e-01 9.696871621182556744e-01 -1.457160147977041575e-01
-2.105401292126604373e-01 9.666439613765679395e-01 -1.458502908446118462e-01
-2.249015737598829001e-01 9.633799557455863249e-01 -1.460080285478465578e-01
-2.392302434923038179e-01 9.598946308933484772e-01 -1.461888832686878137e-01
-2.535249534863894816e-01 9.561873966893708054e-01 -1.463924922278838081e-01
-2.677844349955142422e-01 9.522575915904935018e-01 -1.466184744114616967e-01
-2.820073300843670139e-01 9.481044872714188276e-01 -1.468664304680826760e-01
-2.961921864247867853e-01 9.437272935003854224e-01 -1.471359425998666759e-01
-3.103374522617825537e-01 9.391251632603176969e-01 -1.474265744487068819e-01
-3.244414715591807385e-01 9.342971981156145134e-01 -1.477378709801880075e-01
-3.385024793350409067e-01 9.292424538244837828e-01 -1.480693583673144964e-01
-3.525185971976888544e-01 9.239599461963974303e-01 -1.484205438763443741e-01
-3.664878290939209693e-01 9.184486571938214050e-01 -1.487909157571126462e-01
-3.804080572816362915e-01 9.127075412768730356e-01 -1.491799431403122711e-01
-3.942770385398400301e-01 9.067355319889697229e-01 -1.495870759442813613e-01
-4.080924006296328677e-01 9.005315487808521757e-01 -1.500117447939220139e-01
-4.218516390204420929e-01 8.940945040696011148e-01 -1.504533609544472794e-01
-4.355521138963583949e-01 8.874233105284075052e-01 -1.509113162827180610e-01
-4.491910474580078083e-01 8.805168886019085761e-01 -1.513849831989905192e-01
-4.627655215359010588e-01 8.733741742408669406e-01 -1.518737146819451045e-01
-4.762724755316570802e-01 8.659941268488429156e-01 -1.523768442899104680e-01
-4.897087047038810037e-01 8.583757374323003342e-01 -1.528936862112276196e-01
-5.030708588157836170e-01 8.505180369442890687e-01 -1.534235353467212071e-01
-5.163554411618469508e-01 8.424201048104736911e-01 -1.539656674272536774e-01
-5.295588079909606671e-01 8.340810776248249736e-01 -1.545193391693343854e-01
-5.426771683434683524e-01 8.255001580007698125e-01 -1.550837884717373438e-01
-5.557065843194581856e-01 8.166766235620092074e-01 -1.556582346560474173e-01
-5.686429717954033514e-01 8.076098360555711286e-01 -1.562418787540039433e-01
-5.814821016058933090e-01 7.982992505679764594e-01 -1.568339038444427069e-01
-5.942196012066870425e-01 7.887444248236654687e-01 -1.574334754425493754e-01
-6.068509568346576177e-01 7.789450285430782328e-01 -1.580397419440301710e-01
-6.193715161793776902e-01 7.689008528360108397e-01 -1.586518351266772153e-01
-6.317764915801035164e-01 7.586118196040956274e-01 -1.592688707116552138e-01
-6.440609637607561666e-01 7.480779909244936743e-01 -1.598899489866638934e-01
-6.562198861141553818e-01 7.372995783851540308e-01 -1.605141554929335468e-01
-6.682480895452410641e-01 7.262769523403055372e-01 -1.611405617777917076e-01
-6.801402878813098685e-01 7.150106510532204807e-01 -1.617682262142944305e-01
-6.918910838554021003e-01 7.035013896917410303e-01 -1.623961948891478879e-01
-7.034949756668973375e-01 6.917500691406135438e-01 -1.630235025598533449e-01
-7.148601564165397715e-01 6.803095312564569896e-01 -1.617216737709213092e-01
-7.259420014876437621e-01 6.687913838874438577e-01 -1.603941913451167600e-01
-7.367410092504997898e-01 6.572051951892464716e-01 -1.590409318175811382e-01
-7.472579328807441579e-01 6.455604863046751074e-01 -1.576617948093140542e-01
-7.574937768627756363e-01 6.338667225022769358e-01 -1.562567034617827200e-01
-7.674497930769647036e-01 6.221333044058600104e-01 -1.548256047879460195e-01
-7.771274764706552762e-01 6.103695593403982711e-01 -1.533684699404828378e-01
-7.865285603151098703e-01 5.985847328198103945e-01 -1.518852943983431680e-01
-7.956550110526879882e-01 5.867879802019411173e-01 -1.503760980730619035e-01
-8.045090227406584971e-01 5.749883585357140614e-01 -1.488409253365857443e-01
-8.130930111001085647e-01 5.631948186248766364e-01 -1.472798449726623327e-01
-8.214096071804102284e-01 5.514161973320239607e-01 -1.456929500541253031e-01
-8.294616506516268029e-01 5.396612101456824684e-01 -1.440803577486784171e-01
-8.372521827390654314e-01 5.279384440321648331e-01 -1.424422090560337195e-01
-8.447844388159018170e-01 5.162563505926840435e-01 -1.407786684794923304e-01
-8.520618406714025594e-01 5.046232395448525532e-01 -1.390899236352705071e-01
-8.590879884737404604e-01 4.930472725462038963e-01 -1.373761848030662092e-01
-8.658666524477292015e-01 4.815364573757735522e-01 -1.356376844215330946e-01
-8.724017642889904112e-01 4.700986424880772008e-01 -1.338746765324774768e-01
-8.786974083370986399e-01 4.587415119520457107e-01 -1.320874361777193418e-01
-8.847578125311273967e-01 4.474725807856300142e-01 -1.302762587526613280e-01
-8.905873391717378240e-01 4.362991906948924248e-01 -1.284414593206881505e-01
-8.961904755145094770e-01 4.252285062244708924e-01 -1.265833718925743756e-01
-9.015718242196120169e-01 4.142675113243514118e-01 -1.247023486751106802e-01
-9.067360936831559970e-01 4.034230063359300344e-01 -1.227987592931675948e-01
-9.116880882756481785e-01 3.927016053984022093e-01 -1.208729899894029347e-01
-9.164326985129119807e-01 3.821097342745965464e-01 -1.189254428057838348e-01
-9.209748911846246111e-01 3.716536285934901596e-01 -1.169565347510390235e-01
-9.253196994652763685e-01 3.613393325048095961e-01 -1.149666969580813158e-01
-9.294722130318828768e-01 3.511726977393518911e-01 -1.129563738353462216e-01
-9.334375682121802686e-01 3.411593830669625294e-01 -1.109260222158807846e-01
-9.372209381863276789e-01 3.313048541424901683e-01 -1.088761105078890346e-01
-9.408275232643282804e-01 3.216143837285121432e-01 -1.068071178502975477e-01
-9.442625412604781499e-01 3.120930522821939723e-01 -1.047195332767484610e-01
-9.475312179851693717e-01 3.027457488923210316e-01 -1.026138548912590986e-01
-9.506387778733204064e-01 2.935771725513213193e-01 -1.004905890586086648e-01
-9.535904347675974169e-01 2.845918337459919512e-01 -9.835024961232466389e-02
-9.563913828734299516e-01 2.757940563496506514e-01 -9.619335708294649012e-02
-9.590467879016307817e-01 2.671879797975577064e-01 -9.402043794904201002e-02
-9.615617784132092227e-01 2.587775615266960649e-01 -9.183202391324714331e-02
-9.639414373797323687e-01 2.505665796603557260e-01 -8.962865120538859864e-02
-9.661907939713476612e-01 2.425586359174426443e-01 -8.741085991453892423e-02
-9.683148155833447568e-01 2.347571587260218473e-01 -8.517919335164053640e-02
-9.703184001109134149e-01 2.271654065203027595e-01 -8.293419744412378058e-02
-9.722063684805526407e-01 2.197864712000833221e-01 -8.067642016373395564e-02
-9.739834574454184768e-01 2.126232817315808210e-01 -7.840641098857467628e-02
-9.756543126507628561e-01 2.056786078685890196e-01 -7.612472040017076447e-02
-9.772234819745285739e-01 1.989550639730076065e-01 -7.383189941615452001e-02
-9.786954091471250505e-01 1.924551129139865924e-01 -7.152849915898443212e-02
-9.800744276534246735e-01 1.861810700252093109e-01 -6.921507046091704418e-02
-9.813647549190924746e-01 1.801351071001978665e-01 -6.689216350527034394e-02
-9.825704867824985866e-01 1.743192564059583838e-01 -6.456032750384178842e-02
-9.836955922526651186e-01 1.687354146957847634e-01 -6.222011041017645044e-02
-9.847439085529654523e-01 1.633853472026030040e-01 -5.987205866822019329e-02
-9.857191364496353803e-01 1.582706915948580706e-01 -5.751671699574098517e-02
-9.866248358635608673e-01 1.533929618776159465e-01 -5.515462820175722619e-02
-9.874644217632870813e-01 1.487535522222704631e-01 -5.278633303707630509e-02
-9.882411603367415864e-01 1.443537407090009217e-01 -5.041237007691930921e-02
-9.889581654387817888e-01 1.401946929669200259e-01 -4.803327563448886450e-02
-9.896183953113626419e-01 1.362774656976747101e-01 -4.564958370422648321e-02
-9.902246495728715958e-01 1.326030100691138747e-01 -4.326182593340355265e-02
-9.907795664729950325e-01 1.291721749665095398e-01 -4.087053162059601369e-02
-9.912856204093531964e-01 1.259857100897105175e-01 -3.847622773950674230e-02
-9.917451197020802356e-01 1.230442688855154371e-01 -3.607943898652142545e-02
-9.921602046225103111e-01 1.203484113054720944e-01 -3.368068785031339690e-02
-9.925328456721759229e-01 1.178986063802398149e-01 -3.128049470174975449e-02
-9.928648421084087516e-01 1.156952346025885703e-01 -2.887937790229566648e-02
-9.931578207129664326e-01 1.137385901120502030e-01 -2.647785392906507052e-02
-9.934132348002785440e-01 1.120288826751819622e-01 -2.407643751462437698e-02
-9.936323634621079259e-01 1.105662394563482892e-01 -2.167564179962093787e-02
-9.938163110456582627e-01 1.093507065748725859e-01 -1.927597849627949930e-02
-9.939660068624184275e-01 1.083822504453546276e-01 -1.687795806078792871e-02
-9.940822051253116465e-01 1.076607588988905823e-01 -1.448208987257751379e-02
-9.941654851120135250e-01 1.071860420838704891e-01 -1.208888241849338102e-02
-9.942162515526072886e-01 1.069578331459610093e-01 -9.698843479846640248e-03
-9.942347352400550120e-01 1.069757886878093950e-01 -7.312480320341777085e-03
-9.942209938622753596e-01 1.072394890099262893e-01 -4.930299872880494413e-03
-9.941749130549245583e-01 1.077484381351203890e-01 -2.552808923256554268e-03
-9.940962076742756448e-01 1.085020636197657207e-01 -1.805142887751870311e-04
-9.939844232898755738e-01 1.094997161560821025e-01 2.186077010144716042e-03
-9.939614442020391349e-01 1.097118807390154299e-01 1.987757118290501678e-03
-9.939406413232010351e-01 1.099035946699959410e-01 1.789390535915779930e-03
-9.939220266633558287e-01 1.100748568201122407e-01 1.591013290828357987e-03
-9.939056105894943371e-01 1.102256696371203964e-01 1.392661347188225117e-03
-9.938914018235099901e-01 1.103560391370991128e-01 1.194370600046284949e-03
-9.938794074412826696e-01 1.104659748957957516e-01 9.961768699132409269e-04
-9.938696328729363927e-01 1.105554900396666651e-01 7.981158973577837405e-04
-9.938620819042659482e-01 1.106246012366153414e-01 6.002233376332310414e-04
-9.938567566793271579e-01 1.106733286864307886e-01 4.025347553317571749e-04
-9.938536577041858777e-01 1.107016961109286157e-01 2.050856190653563293e-04
-9.938527838518179669e-01 1.107097307437964195e-01 7.911296172682745877e-06
-9.938541323681534534e-01 1.106974633201446984e-01 -1.889529525490839517e-04
-9.938576988792570122e-01 1.106649280657641121e-01 -3.854719780881898364e-04
-9.938634773996352090e-01 1.106121626860893381e-01 -5.816107484389072954e-04
-9.938714603416627380e-01 1.105392083548692866e-01 -7.773343537996011288e-04
-9.938816385261156627e-01 1.104461097025430660e-01 -9.726080117490630084e-04
-9.938940011938028896e-01 1.103329148043205865e-01 -1.167397072401894081e-03
-9.939085360182825513e-01 1.101996751679661657e-01 -1.361667023543696939e-03
-9.939252291196533085e-01 1.100464457212831648e-01 -1.555383495746809515e-03
-9.939440650794062471e-01 1.098732847992973383e-01 -1.748512267467290096e-03
-9.939650269563248264e-01 1.096802541311358292e-01 -1.941019270123829112e-03
-9.939880963034193329e-01 1.094674188265988141e-01 -2.132870593159234655e-03
-9.940132531858807408e-01 1.092348473624199234e-01 -2.324032489085100725e-03
-9.940404762000385475e-01 1.089826115682116653e-01 -2.514471378510232599e-03
-9.940697424933081505e-01 1.087107866120912564e-01 -2.704153855153363858e-03
-9.941010277851104471e-01 1.084194509859822964e-01 -2.893046690840657062e-03
-9.941343063887464471e-01 1.081086864905871914e-01 -3.081116840488441495e-03
-9.941695512342106911e-01 1.077785782200249010e-01 -3.268331447071586102e-03
-9.942067338919245989e-01 1.074292145461284292e-01 -3.454657846577874076e-03
-9.942458245973710973e-01 1.070606871023960655e-01 -3.640063572948678758e-03
-9.942867922766122080e-01 1.066730907675901702e-01 -3.824516363006207585e-03
-9.943296045726688348e-01 1.062665236489770543e-01 -4.007984161367512260e-03
-9.943742278727436545e-01 1.058410870652012614e-01 -4.190435125345423444e-03
-9.944206273362659054e-01 1.053968855287873846e-01 -4.371837629836505812e-03
-9.944687669237366467e-01 1.049340267282622974e-01 -4.552160272196072513e-03
-9.945186094263540610e-01 1.044526215098905975e-01 -4.731371877100245572e-03
-9.945701164963945962e-01 1.039527838590158099e-01 -4.909441501394990262e-03
-9.946232486783297411e-01 1.034346308809998699e-01 -5.086338438931979448e-03
-9.946779654406532334e-01 1.028982827817532530e-01 -5.262032225391105773e-03
-9.947342252083969383e-01 1.023438628478479939e-01 -5.436492643089380593e-03
-9.947919853963100856e-01 1.017714974262058231e-01 -5.609689725775901352e-03
-9.948512024426783285e-01 1.011813159033536219e-01 -5.781593763412510960e-03
-9.949118318437581987e-01 1.005734506842382997e-01 -5.952175306939710281e-03
-9.949738281888004243e-01 9.994803717059326520e-02 -6.121405173027312865e-03
-9.950371451956381286e-01 9.930521373884866609e-02 -6.289254448809284206e-03
-9.951017357468131541e-01 9.864512171757754133e-02 -6.455694496602125410e-03
-9.951675519262145331e-01 9.796790536447026743e-02 -6.620696958606118662e-03
-9.952345450562026796e-01 9.727371184282955496e-02 -6.784233761588670357e-03
-9.953026657351918827e-01 9.656269119757851516e-02 -6.946277121548941752e-03
-9.953718638756648973e-01 9.583499633077433022e-02 -7.106799548362881594e-03
-9.954420887425908804e-01 9.509078297662035273e-02 -7.265773850407721349e-03
-9.955132889922200246e-01 9.433020967596948692e-02 -7.423173139164938178e-03
-9.955854127112263585e-01 9.355343775031194076e-02 -7.578970833800608396e-03
-9.956584074561706244e-01 9.276063127524068752e-02 -7.733140665722049861e-03
-9.957322202932544775e-01 9.195195705338818359e-02 -7.885656683109558071e-03
-9.958067978383378094e-01 9.112758458682818086e-02 -8.036493255422012122e-03
-9.958820862971898835e-01 9.028768604893655514e-02 -8.185625077875046882e-03
-9.959580315059456401e-01 8.943243625570573840e-02 -8.333027175890459978e-03
-9.960345789717373055e-01 8.856201263650717581e-02 -8.478674909515444141e-03
-9.961116739134733278e-01 8.767659520429704756e-02 -8.622543977810195534e-03
-9.961892613027333310e-01 8.677636652526041217e-02 -8.764610423202395806e-03
-9.962672859047515539e-01 8.586151168788956622e-02 -8.904850635807030901e-03
-9.963456923194572434e-01 8.493221827149276260e-02 -9.043241357709935063e-03
-9.964244250225439137e-01 8.398867631412962331e-02 -9.179759687213434605e-03
-9.965034284065370507e-01 8.303107827997033286e-02 -9.314383083042391404e-03
-9.965826468218307310e-01 8.205961902607582237e-02 -9.447089368508953047e-03
-9.966620246176627340e-01 8.107449576859675211e-02 -9.577856735634214178e-03
-9.967415061830002809e-01 8.007590804838954357e-02 -9.706663749225021356e-03
-9.968210359873046489e-01 7.906405769604814282e-02 -9.833489350904068768e-03
-9.969005586211464598e-01 7.803914879635073798e-02 -9.958312863091447684e-03
-9.969800188366420013e-01 7.700138765212105607e-02 -1.008111399293572588e-02
-9.970593615876806037e-01 7.595098274750447520e-02 -1.020187283619268179e-02
-9.971385320699148735e-01 7.488814471065965983e-02 -1.032056988104971401e-02
-9.972174757604836959e-01 7.381308627586691262e-02 -1.043718601189398687e-02
-9.972961384574399180e-01 7.272602224505503310e-02 -1.055170251302233082e-02
-9.973744663188536252e-01 7.162716944874901459e-02 -1.066410107229089597e-02
-9.974524059015630328e-01 7.051674670644138276e-02 -1.077436378470255154e-02
-9.975299041995441263e-01 6.939497478639063133e-02 -1.088247315593001904e-02
-9.976069086818714071e-01 6.826207636485071006e-02 -1.098841210577271126e-02
-9.976833673302427652e-01 6.711827598473611711e-02 -1.109216397154524046e-02
-9.977592286760403884e-01 6.596380001372767476e-02 -1.119371251139557669e-02
-9.978344418369007318e-01 6.479887660182470643e-02 -1.129304190755082114e-02
-9.979089565527674566e-01 6.362373563834984591e-02 -1.139013676948856871e-02
-9.979827232214010246e-01 6.243860870841325128e-02 -1.148498213703185410e-02
-9.980556929333187499e-01 6.124372904884374524e-02 -1.157756348336565037e-02
-9.981278175061402136e-01 6.003933150359470894e-02 -1.166786671797296129e-02
-9.981990495183131751e-01 5.882565247863336816e-02 -1.175587818948850213e-02
-9.982693423421954426e-01 5.760292989632251337e-02 -1.184158468846802960e-02
-9.983386501764686116e-01 5.637140314930435409e-02 -1.192497345007137791e-02
-9.984069280778603561e-01 5.513131305389674941e-02 -1.200603215665729459e-02
-9.984741319921522917e-01 5.388290180301251453e-02 -1.208474894028820253e-02
-9.985402187844513167e-01 5.262641291861323151e-02 -1.216111238514302334e-02
-9.986051462687022262e-01 5.136209120370933273e-02 -1.223511152983625984e-02
-9.986688732364206178e-01 5.009018269391890543e-02 -1.230673586964155068e-02
-9.987313594846255471e-01 4.881093460859809580e-02 -1.237597535861796952e-02
-9.987925658429522846e-01 4.752459530155655337e-02 -1.244282041163734948e-02
-9.988524541999250772e-01 4.623141421137180046e-02 -1.250726190631100930e-02
-9.989109875283718187e-01 4.493164181131699408e-02 -1.256929118481424704e-02
-9.989681299099635314e-01 4.362552955891688122e-02 -1.262890005560706949e-02
-9.990238465588592298e-01 4.231332984514736550e-02 -1.268608079504964306e-02
-9.990644005800273231e-01 4.203489647483225899e-02 -1.016816097206861905e-02
-9.990875756261692331e-01 4.201707372047428640e-02 -7.653905880407241812e-03
-9.990934290058827161e-01 4.225945811502476723e-02 -5.143816848999516363e-03
-9.990818217939327894e-01 4.276158054708568274e-02 -2.638395367216795143e-03
-9.990524201070433152e-01 4.352290593110993977e-02 -1.381433978026895201e-04
-9.990046965975690751e-01 4.454283260406094458e-02 2.356436318326497487e-03
-9.989379321659136446e-01 4.582069145404276539e-02 4.844839967740106890e-03
-9.988512178930395446e-01 4.735574478740171150e-02 7.326562382900417975e-03
-9.987434571948600182e-01 4.914718494178449415e-02 9.801096775569527464e-03
-9.986133682007077850e-01 5.119413265361673349e-02 1.226793448742123649e-02
-9.984594863584355107e-01 5.349563518943827034e-02 1.472656476001233186e-02
-9.982801672690151396e-01 5.605066425149746873e-02 1.717647452621063817e-02
-9.980735897537561518e-01 5.885811366896456093e-02 1.961714822511384862e-02
-9.978377591574609795e-01 6.191679688707247414e-02 2.204806764242334821e-02
-9.975705108909667107e-01 6.522544426743066837e-02 2.446871177816065460e-02
-9.972695142165851623e-01 6.878270021368117215e-02 2.687855674353047813e-02
-9.969322762799457394e-01 7.258712013757352699e-02 2.927707568864349255e-02
-9.965561463916609020e-01 7.663716728142344614e-02 3.166373876271357662e-02
-9.961383205620706338e-01 8.093120941378570410e-02 3.403801310823807019e-02
-9.956758462920780595e-01 8.546751541601035895e-02 3.639936289055558521e-02
-9.953551045686419574e-01 8.921151833790652574e-02 3.618731136844760554e-02
-9.950225506676958487e-01 9.293199567073423539e-02 3.596899417404952892e-02
-9.946784957301892938e-01 9.662827590830198876e-02 3.574446984909531583e-02
-9.943232581823797656e-01 1.002996962843568374e-01 3.551379816491142399e-02
-9.939571634485506735e-01 1.039456029295408868e-01 3.527704009055424722e-02
-9.935805436596761853e-01 1.075653510201709240e-01 3.503425776058358143e-02
-9.931937373583695772e-01 1.111583049187963024e-01 3.478551444251493791e-02
-9.927970892004528425e-01 1.147238383065040807e-01 3.453087450399346114e-02
-9.923909496534840669e-01 1.182613343069542633e-01 3.427040337973196599e-02
-9.919756746925768587e-01 1.217701856021415202e-01 3.400416753825555999e-02
-9.915516254938473439e-01 1.252497945398932389e-01 3.373223444849478281e-02
-9.911191681258180175e-01 1.286995732331269737e-01 3.345467254626904863e-02
-9.906786732391085204e-01 1.321189436509032089e-01 3.317155120070155311e-02
-9.902305157547376391e-01 1.355073377013220615e-01 3.288294068060634845e-02
-9.897750745513587134e-01 1.388641973063252100e-01 3.258891212088767947e-02
-9.893127321517448669e-01 1.421889744684759482e-01 3.228953748899102832e-02
-9.888438744088366983e-01 1.454811313298022546e-01 3.198488955144454526e-02
-9.883688901916600766e-01 1.487401402227992442e-01 3.167504184052879340e-02
-9.878881710714148001e-01 1.519654837136981684e-01 3.136006862111186816e-02
-9.874021110080311026e-01 1.551566546381198952e-01 3.104004485768603605e-02
-9.869111060374822220e-01 1.583131561292407952e-01 3.071504618164109038e-02
-9.864155539601362488e-01 1.614345016386092013e-01 3.038514885880864991e-02
-9.859158540304236995e-01 1.645202149497592969e-01 3.005042975731049212e-02
-9.854124066480884903e-01 1.675698301847788341e-01 2.971096631574300997e-02
-9.849056130512837681e-01 1.705828918039951625e-01 2.936683651172867018e-02
-9.843958750117663969e-01 1.735589545989522642e-01 2.901811883086422711e-02
-9.838835945324346799e-01 1.764975836788587049e-01 2.866489223609422834e-02
-9.833691735474475726e-01 1.793983544506939087e-01 2.830723613753710968e-02
-9.828530136251535376e-01 1.822608525931664336e-01 2.794523036278991762e-02
-9.823355156740505301e-01 1.850846740247240885e-01 2.757895512773642088e-02
-9.818170796519882781e-01 1.878694248658213939e-01 2.720849100788205743e-02
-9.812981042788174735e-01 1.906147213956549402e-01 2.683391891023787640e-02
-9.807789867526792715e-01 1.933201900035821375e-01 2.645532004577423255e-02
-9.802601224701222860e-01 1.959854671354425704e-01 2.607277590246372123e-02
-9.797419047502236022e-01 1.986101992350052525e-01 2.568636821893144698e-02
-9.792247245628831198e-01 2.011940426807682369e-01 2.529617895872937269e-02
-9.787089702614503173e-01 2.037366637183396223e-01 2.490229028525012267e-02
-9.781950273198349866e-01 2.062377383886316862e-01 2.450478453729428019e-02
-9.776832780742441553e-01 2.086969524521011810e-01 2.410374420530384323e-02
-9.771741014696793126e-01 2.111140013092709378e-01 2.369925190827316258e-02
-9.766678728113199481e-01 2.134885899177683122e-01 2.329139037134733345e-02
-9.761649635209092013e-01 2.158204327061168937e-01 2.288024240411669699e-02
-9.756657408982520874e-01 2.181092534845179010e-01 2.246589087961477910e-02
-9.751705678879262207e-01 2.203547853528576017e-01 2.204841871402568251e-02
-9.746798028512981826e-01 2.225567706061762352e-01 2.162790884710567504e-02
-9.741937993439313548e-01 2.247149606378330278e-01 2.120444422332244672e-02
-9.737129058984617114e-01 2.268291158406004482e-01 2.077810777371426332e-02
-9.732374658130129585e-01 2.288990055059189899e-01 2.034898239846998774e-02
-9.727678169452138590e-01 2.309244077215419910e-01 1.991715095022979221e-02
-9.723042915118734753e-01 2.329051092677970614e-01 1.948269621810516314e-02
-9.718472158943644024e-01 2.348409055126885192e-01 1.904570091241566607e-02
-9.713969104497566232e-01 2.367316003060615792e-01 1.860624765013882062e-02
-9.709536893277385117e-01 2.385770058730462828e-01 1.816441894106833252e-02
-9.705178602933564047e-01 2.403769427069950282e-01 1.772029717467486776e-02
-9.700897245555964998e-01 2.421312394621240316e-01 1.727396460766253417e-02
-9.696695766018296192e-01 2.438397328460647495e-01 1.682550335221319471e-02
-9.692577040381320508e-01 2.455022675125268228e-01 1.637499536490982788e-02
-9.688543874354915708e-01 2.471186959542698569e-01 1.592252243632916522e-02
-9.684599001819037545e-01 2.486888783965760796e-01 1.546816618129294787e-02
-9.680745083403573537e-01 2.502126826914112256e-01 1.501200802976628348e-02
-9.676984705127044117e-01 2.516899842124558084e-01 1.455412921839073503e-02
-9.673320377094073441e-01 2.531206657511834157e-01 1.409461078263898881e-02
-9.669754532251495505e-01 2.545046174141569750e-01 1.363353354957717867e-02
-9.666289525202947930e-01 2.558417365217091621e-01 1.317097813122019775e-02
-9.662927631081759117e-01 2.571319275081657141e-01 1.270702491846466102e-02
-9.659671044481901170e-01 2.583751018237664399e-01 1.224175407558350005e-02
-9.656521878446773233e-01 2.595711778384307555e-01 1.177524553526555079e-02
-9.653482163515528791e-01 2.607200807475099635e-01 1.130757899418292391e-02
-9.650553846826658289e-01 2.618217424796612791e-01 1.083883390906835442e-02
-9.647738791278500647e-01 2.628761016069727230e-01 1.036908949328424479e-02
-9.645038774746353960e-01 2.638831032574615598e-01 9.898424713864602265e-03
-9.642455489355824527e-01 2.648426990300623562e-01 9.426918289010637747e-03
-9.639990540812050090e-01 2.657548469122145152e-01 8.954648686020361126e-03
-9.637645447784410901e-01 2.666195112001519818e-01 8.481694119632130283e-03
-9.635421641346337829e-01 2.674366624219924327e-01 8.008132550761760254e-03
-9.633320464469817823e-01 2.682062772637148207e-01 7.534041685612471312e-03
-9.631343171574178186e-01 2.689283384981097091e-01 7.059498975136678858e-03
-9.629490928128744409e-01 2.696028349167778893e-01 6.584581614828371315e-03
-9.627764810308941934e-01 2.702297612652482806e-01 6.109366544824587977e-03
-9.626165804705423268e-01 2.708091181812777304e-01 5.633930450294331004e-03
-9.624694808085793030e-01 2.713409121363898335e-01 5.158349762093078321e-03
-9.623352627208503485e-01 2.718251553807025656e-01 4.682700657660928030e-03
-9.622139978688498685e-01 2.722618658910884171e-01 4.207059062142314704e-03
-9.621057488914178668e-01 2.726510673227037773e-01 3.731500649705149931e-03
-9.620105694015261832e-01 2.729927889639179317e-01 3.256100845037213868e-03
-9.619285039881134702e-01 2.732870656946654320e-01 2.780934824997593775e-03
-9.618595882229260541e-01 2.735339379482393252e-01 2.306077520400984585e-03
-9.618038486723251568e-01 2.737334516765360659e-01 1.831603617912710372e-03
-9.617613029140189562e-01 2.738856583187564975e-01 1.357587562032382600e-03
-9.617319595586796277e-01 2.739906147735615694e-01 8.841035571442159777e-04
-9.617158182764067309e-01 2.740483833746742426e-01 4.112255696121323444e-04
-9.617128698279974186e-01 2.740590318699137051e-01 -6.097267010206559087e-05
-9.617230961009854973e-01 2.740226334036413025e-01 -5.324176653189997442e-04
-9.617464701504119251e-01 2.739392665025919271e-01 -1.003036151041855140e-03
-9.617829562442898883e-01 2.738090150650582810e-01 -1.472755091897485786e-03
-9.618325099137280398e-01 2.736319683533900982e-01 -1.941501680139376667e-03
-9.618950780076760410e-01 2.734082209897633620e-01 -2.409203333733082788e-03
-9.619705987522572110e-01 2.731378729551707241e-01 -2.875787694544476927e-03
-9.620590018146540912e-01 2.728210295915766137e-01 -3.341182626650819176e-03
-9.621602083715117271e-01 2.724578016071766418e-01 -3.805316214794329886e-03
-9.622741311818255872e-01 2.720483050846942419e-01 -4.268116762997580665e-03
-9.624006746642803645e-01 2.715926614926431615e-01 -4.729512793359642690e-03
-9.625397349790061341e-01 2.710909976994783088e-01 -5.189433045051526985e-03
-9.626912001137185593e-01 2.705434459905526334e-01 -5.647806473529021556e-03
-9.628549499742110607e-01 2.699501440877927760e-01 -6.104562249980589189e-03
-9.630308564791648651e-01 2.693112351720015063e-01 -6.559629761027526568e-03
-9.632187836592438490e-01 2.686268679076892485e-01 -7.012938608693085329e-03
-9.634185877604415360e-01 2.678971964703336095e-01 -7.464418610656758241e-03
-9.636301173516453877e-01 2.671223805759601055e-01 -7.913999800809409790e-03
-9.638532134363853032e-01 2.663025855129337316e-01 -8.361612430124369319e-03
-9.640877095687306886e-01 2.654379821758460767e-01 -8.807186967859051419e-03
-9.643334319733013471e-01 2.645287471013788028e-01 -9.250654103101085476e-03
-9.645901996693547753e-01 2.635750625060206409e-01 -9.691944746672308264e-03
-9.648578245989143376e-01 2.625771163255105067e-01 -1.013099003340339581e-02
-9.651361117588979077e-01 2.615351022558758398e-01 -1.056772132479122557e-02
-9.654248593372092291e-01 2.604492197959326072e-01 -1.100207021205043025e-02
-9.657238588527499168e-01 2.593196742911081931e-01 -1.143396851956993490e-02
-9.660328952993094687e-01 2.581466769784470650e-01 -1.186334830878455274e-02
-9.663517472932903196e-01 2.569304450326548861e-01 -1.229014188247103991e-02
-9.666801872252203109e-01 2.556712016130341381e-01 -1.271428178947726050e-02
-9.670179814150059450e-01 2.543691759111615935e-01 -1.313570082989241015e-02
-9.673648902708756880e-01 2.530246031991558731e-01 -1.355433206066545236e-02
-9.677206684519612523e-01 2.516377248783801535e-01 -1.397010880167820490e-02
-9.680850650344622332e-01 2.502087885284238755e-01 -1.438296464227868839e-02
-9.684578236813365937e-01 2.487380479562043278e-01 -1.479283344827960964e-02
-9.688386828154574859e-01 2.472257632450285125e-01 -1.519964936942599411e-02
-9.692273757961733516e-01 2.456722008034529503e-01 -1.560334684733523034e-02
-9.696236310992063512e-01 2.440776334137784997e-01 -1.600386062391190647e-02
-9.700271724998191791e-01 2.424423402800159610e-01 -1.640112575023902619e-02
-9.704377192591802093e-01 2.407666070751574017e-01 -1.679507759594633942e-02
-9.708549863138500324e-01 2.390507259875872814e-01 -1.718565185905566658e-02
-9.712786844683118925e-01 2.372949957664673148e-01 -1.757278457630224305e-02
-9.717085205904637535e-01 2.354997217659288156e-01 -1.795641213393024335e-02
-9.721441978099859549e-01 2.336652159879060164e-01 -1.833647127895981013e-02
-9.725854157194953054e-01 2.317917971234445540e-01 -1.871289913092197277e-02
-9.730318705783921329e-01 2.298797905923194718e-01 -1.908563319405704242e-02
-9.734832555193037029e-01 2.279295285807983462e-01 -1.945461136997114759e-02
-9.739392607570223070e-01 2.259413500773856665e-01 -1.981977197074472063e-02
-9.743995737998331075e-01 2.239156009063864028e-01 -2.018105373248584716e-02
-9.748638796631230452e-01 2.218526337591278375e-01 -2.053839582932055069e-02
-9.753318610851571258e-01 2.197528082226809509e-01 -2.089173788781119659e-02
-9.758031987449048428e-01 2.176164908059243230e-01 -2.124102000179332525e-02
-9.762775714817950590e-01 2.154440549627963386e-01 -2.158618274762037770e-02
-9.767546565172743334e-01 2.132358811125835973e-01 -2.192716719980494430e-02
-9.772341296780376885e-01 2.109923566570968412e-01 -2.226391494704428944e-02
-9.777156656207992569e-01 2.087138759945882382e-01 -2.259636810861708270e-02
-9.781989380584632521e-01 2.064008405302679705e-01 -2.292446935113748308e-02
-9.786836199875541542e-01 2.040536586832811528e-01 -2.324816190565185195e-02
-9.791693839167594504e-01 2.016727458900103298e-01 -2.356738958506264872e-02
-9.796559020964346054e-01 1.992585246035729896e-01 -2.388209680186324096e-02
-9.801428467489160523e-01 1.968114242893879984e-01 -2.419222858616659755e-02
-9.806298902994848854e-01 1.943318814166892505e-01 -2.449773060401016014e-02
-9.811167056078188287e-01 1.918203394458704303e-01 -2.479854917591837321e-02
-9.816029661997673905e-01 1.892772488115491702e-01 -2.509463129570376969e-02
-9.820883464992820056e-01 1.867030669012452182e-01 -2.538592464948673938e-02
-9.825725220603280796e-01 1.840982580295719429e-01 -2.567237763491353117e-02
-9.830551697986043003e-01 1.814632934078473092e-01 -2.595393938055140168e-02
-9.835359682228907996e-01 1.787986511090359498e-01 -2.623055976543921947e-02
-9.840145976658444260e-01 1.761048160279406471e-01 -2.650218943877130640e-02
-9.844907405140581602e-01 1.733822798365678153e-01 -2.676877983969176006e-02
-9.848548791331426244e-01 1.716422410251357278e-01 -2.449099502088379621e-02
-9.851704608750203596e-01 1.701344295666676887e-01 -2.221350016723216275e-02
-9.854385676160288821e-01 1.688589769521847417e-01 -1.993680147726379845e-02
-9.856601288659168070e-01 1.678159285151856472e-01 -1.766140419062323108e-02
-9.858359215612079174e-01 1.670052444705404648e-01 -1.538781266250700656e-02
-9.859665700778290631e-01 1.664268007879154687e-01 -1.311653044301861783e-02
-9.860525464614511293e-01 1.660803898989374749e-01 -1.084806035981774816e-02
-9.860941708741236544e-01 1.659657212381142055e-01 -8.582904602435673103e-03
-9.860916122559159058e-01 1.660824216183305890e-01 -6.321564806632334714e-03
-9.860448892004087806e-01 1.664300354425397310e-01 -4.064542137179813497e-03
-9.859538710430085784e-01 1.670080247540575991e-01 -1.812337367471768095e-03
-9.858182791611725948e-01 1.678157691286536468e-01 4.345490456213311516e-04
-9.856376884857428466e-01 1.688525654124021780e-01 2.675616893205575927e-03
-9.854115292226754974e-01 1.701176273100211689e-01 4.910366153648803092e-03
-9.851390887845261624e-01 1.716100848291745307e-01 7.138296941184164163e-03
-9.848195139311017865e-01 1.733289835869481488e-01 9.358909465276630049e-03
-9.844518131187156573e-01 1.752732839854302394e-01 1.157170400214956041e-02
-9.840348590574790055e-01 1.774418602640272513e-01 1.377618087981569324e-02
-9.835673914760312275e-01 1.798334994368296080e-01 1.597184047789871816e-02
-9.830480200930438173e-01 1.824469001240022203e-01 1.815818324346817059e-02
-9.827134255920076944e-01 1.842748368740541598e-01 1.780753908539942781e-02
-9.823821528276976967e-01 1.860662561080859423e-01 1.745436722322011788e-02
-9.820544436202113259e-01 1.878209353386012803e-01 1.709873695839097749e-02
-9.817305362161360405e-01 1.895386594414248671e-01 1.674071769050939490e-02
-9.814106651384534308e-01 1.912192206081287649e-01 1.638037890343903638e-02
-9.810950610401443228e-01 1.928624182971681866e-01 1.601779015184548460e-02
-9.807839505615530973e-01 1.944680591838578720e-01 1.565302104813786482e-02
-9.804775561915641813e-01 1.960359571093192588e-01 1.528614124981576665e-02
-9.801760961326414501e-01 1.975659330285271242e-01 1.491722044722011351e-02
-9.798797841697759470e-01 1.990578149575823463e-01 1.454632835168594672e-02
-9.795888295433838877e-01 2.005114379203361830e-01 1.417353468409448917e-02
-9.793034368261942513e-01 2.019266438944885556e-01 1.379890916382119255e-02
-9.790238058041601521e-01 2.033032817572817119e-01 1.342252149807587891e-02
-9.787501313614257459e-01 2.046412072309072017e-01 1.304444137163051146e-02
-9.784826033693769798e-01 2.059402828277423492e-01 1.266473843692950824e-02
-9.782214065798009450e-01 2.072003777955295778e-01 1.228348230457702514e-02
-9.779667205221753701e-01 2.084213680626088583e-01 1.190074253419502216e-02
-9.777187194051079056e-01 2.096031361833111117e-01 1.151658862564546894e-02
-9.774775720219402997e-01 2.107455712836169004e-01 1.113109001060949912e-02
-9.772434416605308982e-01 2.118485690071820471e-01 1.074431604451588779e-02
-9.770164860172257937e-01 2.129120314618281051e-01 1.035633599881071593e-02
-9.767968571150268398e-01 2.139358671665927136e-01 9.967219053559689054e-03
-9.765847012259621929e-01 2.149199909994310709e-01 9.577034290374129150e-03
-9.763801587976612684e-01 2.158643241456561501e-01 9.185850685651267278e-03
-9.761833643841369978e-01 2.167687940472022012e-01 8.793737104119098147e-03
-9.759944465807725011e-01 2.176333343527916686e-01 8.400762292675681420e-03
-9.758135279635096193e-01 2.184578848690824360e-01 8.006994874512436342e-03
-9.756407250322345348e-01 2.192423915128681178e-01 7.612503343510687408e-03
-9.754761481583529292e-01 2.199868062644006195e-01 7.217356058900389199e-03
-9.753199015365461300e-01 2.206910871218996373e-01 6.821621240169706973e-03
-9.751720831406984757e-01 2.213551980573104649e-01 6.425366962213874614e-03
-9.750327846839831336e-01 2.219791089733669787e-01 6.028661150711508640e-03
-9.749020915830940437e-01 2.225627956620128134e-01 5.631571577716357538e-03
-9.747800829266088929e-01 2.231062397642295247e-01 5.234165857452271337e-03
-9.746668314474667971e-01 2.236094287313166451e-01 4.836511442299014189e-03
-9.745624034995440388e-01 2.240723557876640459e-01 4.438675618956377036e-03
-9.744668590383094298e-01 2.244950198950533549e-01 4.040725504773948554e-03
-9.743802516055394269e-01 2.248774257185204850e-01 3.642728044233766848e-03
-9.743026283180732383e-01 2.252195835938078095e-01 3.244750005573006271e-03
-9.742340298605858262e-01 2.255215094964296285e-01 2.846857977533785201e-03
-9.739354136719399202e-01 2.267713497696620950e-01 4.956380735267169879e-03
-9.735809229915236562e-01 2.282331177531330413e-01 7.059117874289106559e-03
-9.731698246146048836e-01 2.299058216086076190e-01 9.154586545093544234e-03
-9.727012681033877506e-01 2.317883828582656958e-01 1.124230467712319763e-02
-9.721742882112632822e-01 2.338796358069045733e-01 1.332179103181216004e-02
-9.715878074941709519e-01 2.361783268892744259e-01 1.539256526731634656e-02
-9.709406391073021059e-01 2.386831139501119636e-01 1.745414801582909764e-02
-9.702314897852076792e-01 2.413925654649316521e-01 1.950606097431735464e-02
-9.694589630031834604e-01 2.443051597100992234e-01 2.154782700944751425e-02
-9.686215623175870038e-01 2.474192838911503656e-01 2.357897027739973284e-02
-9.677176948824960379e-01 2.507332332387242624e-01 2.559901635919507173e-02
-9.667456751398441073e-01 2.542452100818559102e-01 2.760749241208165089e-02
-9.657037286798709763e-01 2.579533229087109802e-01 2.960392733744417193e-02
-9.645899962683955886e-01 2.618555854251484738e-01 3.158785196561583741e-02
-9.634025380370659919e-01 2.659499156217614013e-01 3.355879925788319423e-02
-9.621393378323602752e-01 2.702341348602663729e-01 3.551630452588291909e-02
-9.607983077187068899e-01 2.747059669902928714e-01 3.745990566849538572e-02
-9.593772926306628479e-01 2.793630375077571504e-01 3.938914342624330600e-02
-9.578740751686403154e-01 2.842028727660914078e-01 4.130356165310504479e-02
-9.562863805321988320e-01 2.892228992516379105e-01 4.320270760555189327e-02
-9.550171657292403360e-01 2.934693277420330482e-01 4.263763388185758813e-02
-9.537466036347648224e-01 2.976538141170222418e-01 4.206689887837027075e-02
-9.524756177656675815e-01 3.017759526322310593e-01 4.149063699113637871e-02
-9.512051253577984422e-01 3.058353570991946269e-01 4.090898217754636301e-02
-9.499360367731248811e-01 3.098316605201496543e-01 4.032206789694341154e-02
-9.486692549234220229e-01 3.137645147119256794e-01 3.973002705377066263e-02
-9.474056747106672782e-01 3.176335899198219348e-01 3.913299194328102859e-02
-9.461461824842780644e-01 3.214385744223511865e-01 3.853109419982870404e-02
-9.448916555152951924e-01 3.251791741277246794e-01 3.792446474775635484e-02
-9.436429614875803118e-01 3.288551121629427199e-01 3.731323375488698746e-02
-9.424009580060613844e-01 3.324661284563455443e-01 3.669753058862484235e-02
-9.411664921220279645e-01 3.360119793144665801e-01 3.607748377466499928e-02
-9.399403998754466416e-01 3.394924369940181541e-01 3.545322095830689274e-02
-9.387235058542376942e-01 3.429072892698237229e-01 3.482486886836275164e-02
-9.375166227704254673e-01 3.462563389994968710e-01 3.419255328364779328e-02
-9.363205510530484554e-01 3.495394036856496744e-01 3.355639900203508802e-02
-9.351360784576889795e-01 3.527563150363959288e-01 3.291652981205427098e-02
-9.339639796924595894e-01 3.559069185248968648e-01 3.227306846700964821e-02
-9.328050160602594509e-01 3.589910729486774366e-01 3.162613666158992781e-02
-9.316599351170943288e-01 3.620086499894215604e-01 3.097585501093842730e-02
-9.305294703462336781e-01 3.649595337739352519e-01 3.032234303214977056e-02
-9.294143408479604851e-01 3.678436204369446294e-01 2.966571912815599288e-02
-9.283152510446532890e-01 3.706608176863755988e-01 2.900610057396243308e-02
-9.272328904009242700e-01 3.734110443717401084e-01 2.834360350519119984e-02
-9.261679331585240815e-01 3.760942300562319929e-01 2.767834290888764384e-02
-9.251210380857118887e-01 3.787103145931134951e-01 2.701043261654307442e-02
-9.240928482407786415e-01 3.812592477069517427e-01 2.633998529928497506e-02
-9.230839907494007290e-01 3.837409885802416376e-01 2.566711246518401171e-02
-9.220950765954959438e-01 3.861555054459299696e-01 2.499192445862553208e-02
-9.211267004252431390e-01 3.885027751863330825e-01 2.431453046169156432e-02
-9.201794403639251829e-01 3.907827829389181606e-01 2.363503849749801211e-02
-9.192538578452482678e-01 3.929955217093968334e-01 2.295355543543037280e-02
-9.183504974527875175e-01 3.951409919925573111e-01 2.227018699822024342e-02
-9.174698867732087315e-01 3.972192014012397854e-01 2.158503777080378674e-02
-9.166125362609131022e-01 3.992301643038395076e-01 2.089821121090249326e-02
-9.157789391137539647e-01 4.011739014706992013e-01 2.020980966126577349e-02
-9.149695711594737491e-01 4.030504397297333674e-01 1.951993436351426650e-02
-9.141848907525147450e-01 4.048598116316056150e-01 1.882868547352219146e-02
-9.134253386808561803e-01 4.066020551247608861e-01 1.813616207827660476e-02
-9.126913380825386612e-01 4.082772132405940724e-01 1.744246221415109849e-02
-9.119832943715393547e-01 4.098853337890184800e-01 1.674768288653118511e-02
-9.113015951726666231e-01 4.114264690646771694e-01 1.605192009072841861e-02
-9.106466102651522565e-01 4.129006755640236004e-01 1.535526883412023993e-02
-9.100186915346230032e-01 4.143080137134788621e-01 1.465782315945246550e-02
-9.094181729331441977e-01 4.156485476088558895e-01 1.395967616924138899e-02
-9.088453704470343952e-01 4.169223447662240845e-01 1.326092005121256266e-02
-9.083005820721606893e-01 4.181294758843704384e-01 1.256164610471349231e-02
-9.077840877964334920e-01 4.192700146189987098e-01 1.186194476803768480e-02
-9.072961495892292172e-01 4.203440373687905018e-01 1.116190564659772996e-02
-9.068370113974805191e-01 4.213516230734389301e-01 1.046161754188544221e-02
-9.064068991481852855e-01 4.222928530237490818e-01 9.761168481157383656e-03
-9.060060207570952429e-01 4.231678106838861475e-01 9.060645747784498369e-03
-9.056345661433585770e-01 4.239765815258377257e-01 8.360135912204998479e-03
-9.052927072499025174e-01 4.247192528761434271e-01 7.659724863420056505e-03
-9.049805980693533813e-01 4.253959137749315222e-01 6.959497840972351905e-03
-9.046983746753048949e-01 4.260066548472896120e-01 6.259539467347975152e-03
-9.044461552587585995e-01 4.265515681869845865e-01 5.559933780742721751e-03
-9.042240401695719187e-01 4.270307472525335379e-01 4.860764268134309084e-03
-9.040321119627633406e-01 4.274442867756170772e-01 4.162113898602584974e-03
-9.038704354495373794e-01 4.277922826818141289e-01 3.464065156840343777e-03
-9.037390577529044178e-01 4.280748320236263393e-01 2.766700076797919561e-03
-9.036380083677841846e-01 4.282920329257495773e-01 2.070100275405274172e-03
-9.035672992254945024e-01 4.284439845425387916e-01 1.374346986315878394e-03
-9.035269247625411504e-01 4.285307870276025000e-01 6.795210936172412257e-04
-9.035168619936352341e-01 4.285525415154531337e-01 -1.429683454647339043e-05
-9.035370705888805531e-01 4.285093501151284179e-01 -7.070265124937317276e-04
-9.035874929550840040e-01 4.284013159156909722e-01 -1.398587903720229907e-03
-9.036680543211553784e-01 4.282285430035012164e-01 -2.088901187861633580e-03
-9.037786628275765732e-01 4.279911364911511695e-01 -2.777886727956706443e-03
-9.039192096199297755e-01 4.276892025579364098e-01 -3.465465038062489397e-03
-9.040895689464898410e-01 4.273228485017334655e-01 -4.151556751272606448e-03
-9.042895982598947446e-01 4.268921828021421949e-01 -4.836082588189181616e-03
-9.045191383229214122e-01 4.263973151947417772e-01 -5.518963325898264966e-03
-9.047780133184044615e-01 4.258383567563007732e-01 -6.200119767498058626e-03
-9.050660309633474787e-01 4.252154200007727258e-01 -6.879472712228644309e-03
-9.053829826272848935e-01 4.245286189858982762e-01 -7.556942926251291465e-03
-9.057286434549655096e-01 4.237780694302275553e-01 -8.232451114124820710e-03
-9.061027724934352934e-01 4.229638888403656205e-01 -8.905917891025853100e-03
-9.065051128236099043e-01 4.220861966482358785e-01 -9.577263755759166108e-03
-9.069353916964325579e-01 4.211451143581463330e-01 -1.024640906460369018e-02
-9.073933206737249124e-01 4.201407657034347820e-01 -1.091327400603904658e-02
-9.078785957738431112e-01 4.190732768124594831e-01 -1.157777857639681260e-02
-9.083908976222618836e-01 4.179427763836923160e-01 -1.223984255648002430e-02
-9.089298916072138246e-01 4.167493958696629197e-01 -1.289938548919368315e-02
-9.094952280405184109e-01 4.154932696694911831e-01 -1.355632665822828486e-02
-9.100865423237418650e-01 4.141745353297376364e-01 -1.421058506783761353e-02
-9.107034551198319727e-01 4.127933337532902480e-01 -1.486207942375125136e-02
-9.113455725303789556e-01 4.113498094159978580e-01 -1.551072811526138344e-02
-9.120124862786557207e-01 4.098441105907488780e-01 -1.615644919852263217e-02
-9.127037738985951387e-01 4.082763895786861164e-01 -1.679916038110273319e-02
-9.134189989298638901e-01 4.066468029472372625e-01 -1.743877900782091206e-02
-9.141577111191943050e-01 4.049555117746311828e-01 -1.807522204790984119e-02
-9.149194466281379556e-01 4.032026819005603557e-01 -1.870840608353598056e-02
-9.157037282474039808e-01 4.013884841826397265e-01 -1.933824729971206011e-02
-9.165100656179457905e-01 3.995130947583021563e-01 -1.996466147563431826e-02
-9.173379554589579099e-01 3.975766953117609304e-01 -2.058756397747585690e-02
-9.181868818029444990e-01 3.955794733456599044e-01 -2.120686975266633523e-02
-9.190563162380168682e-01 3.935216224570216026e-01 -2.182249332568681616e-02
-9.199457181575757536e-01 3.914033426170943630e-01 -2.243434879540725721e-02
-9.208545350175284527e-01 3.892248404546896912e-01 -2.304234983399272574e-02
-9.217822026011878167e-01 3.869863295425909899e-01 -2.364640968740289520e-02
-9.227281452919925409e-01 3.846880306866060639e-01 -2.424644117750782146e-02
-9.236917763541834248e-01 3.823301722168262473e-01 -2.484235670584138134e-02
-9.246724982215623889e-01 3.799129902806456238e-01 -2.543406825901207285e-02
-9.256697027944529310e-01 3.774367291370856470e-01 -2.602148741578905883e-02
-9.266827717449710455e-01 3.749016414519609208e-01 -2.660452535587957620e-02
-9.277110768307083033e-01 3.723079885934150179e-01 -2.718309287041181799e-02
-9.287539802169154646e-01 3.696560409273453307e-01 -2.775710037413551753e-02
-9.298108348072656737e-01 3.669460781122306225e-01 -2.832645791935032090e-02
-9.308809845832631824e-01 3.641783893928656202e-01 -2.889107521156996858e-02
-9.319637649523513367e-01 3.613532738925017140e-01 -2.945086162692803558e-02
-9.330585031047596845e-01 3.584710409028860623e-01 -3.000572623132878244e-02
-9.341645183791150719e-01 3.555320101716855641e-01 -3.055557780134424140e-02
-9.352811226368280551e-01 3.525365121867770068e-01 -3.110032484685630941e-02
-9.364076206452478512e-01 3.494848884568801939e-01 -3.163987563544010118e-02
-9.375433104695646280e-01 3.463774917880073079e-01 -3.217413821848225802e-02
-9.386874838734198256e-01 3.432146865551973236e-01 -3.270302045902533788e-02
-9.398394267281664494e-01 3.399968489690031181e-01 -3.322643006132668109e-02
-9.409984194307050576e-01 3.367243673361964285e-01 -3.374427460211742308e-02
-9.421637373297995222e-01 3.333976423141546963e-01 -3.425646156354456712e-02
-9.433346511607590967e-01 3.300170871583940069e-01 -3.476289836777618492e-02
-9.445104274883525663e-01 3.265831279627131600e-01 -3.526349241324689548e-02
-9.456903291577982706e-01 3.230962038914151901e-01 -3.575815111251784417e-02
-9.468736157536561393e-01 3.195567674030753702e-01 -3.624678193172252427e-02
-9.480595440664228990e-01 3.159652844653283998e-01 -3.672929243156665413e-02
-9.492473685666120709e-01 3.123222347601522508e-01 -3.720559030984742221e-02
-9.504363418860783952e-01 3.086281118791310840e-01 -3.767558344545433174e-02
-9.516257153063232277e-01 3.048834235081873678e-01 -3.813917994381080256e-02
-9.528147392534955795e-01 3.010886916012801562e-01 -3.859628818371263481e-02
-9.540026637997818248e-01 2.972444525425760875e-01 -3.904681686551646908e-02
-9.551887391708532293e-01 2.933512572966092136e-01 -3.949067506062817895e-02
-9.563722162590193587e-01 2.894096715459577585e-01 -3.992777226223828690e-02
-9.575523471417124455e-01 2.854202758159771203e-01 -4.035801843724830945e-02
-9.587283856049062525e-01 2.813836655861434166e-01 -4.078132407932912734e-02
-9.598995876710495478e-01 2.773004513875751975e-01 -4.119760026304945116e-02
-9.610652121310752083e-01 2.731712588863181579e-01 -4.160675869900960083e-02
-9.622245210800225435e-01 2.689967289519938909e-01 -4.200871178991304189e-02
-9.633767804557907821e-01 2.647775177114328193e-01 -4.240337268750533906e-02
-9.645212605805207895e-01 2.605142965869302052e-01 -4.279065535030749517e-02
-9.656572367040839877e-01 2.562077523187851757e-01 -4.317047460206818038e-02
-9.667839895491355806e-01 2.518585869718047432e-01 -4.354274619085669179e-02
-9.679008058571739737e-01 2.474675179254774149e-01 -4.390738684871629827e-02
-9.690069789350296281e-01 2.430352778475445286e-01 -4.426431435179524476e-02
-9.701018092011892691e-01 2.385626146507238698e-01 -4.461344758087062989e-02
-9.711846047313470454e-01 2.340502914323646932e-01 -4.495470658217825405e-02
-9.722546818025598059e-01 2.294990863968415507e-01 -4.528801262845988385e-02
-9.733113654353691135e-01 2.249097927605213376e-01 -4.561328828013742898e-02
-9.743539899332412935e-01 2.202832186391678881e-01 -4.593045744652222984e-02
-9.753818994186657099e-01 2.156201869176772867e-01 -4.623944544696604458e-02
-9.763944483652411410e-01 2.109215351020680140e-01 -4.654017907185932501e-02
-9.773910021250731273e-01 2.061881151536812673e-01 -4.683258664338120492e-02
-9.783709374507966183e-01 2.014207933055783273e-01 -4.711659807590492383e-02
-9.793336430115335833e-01 1.966204498611544005e-01 -4.739214493596166644e-02
-9.802785199020915829e-01 1.917879789750216168e-01 -4.765916050166548595e-02
-9.812049821447065279e-01 1.869242884162461704e-01 -4.791757982150162548e-02
-9.821124571826312932e-01 1.820302993140594516e-01 -4.816733977238072534e-02
-9.830003863648738571e-01 1.771069458861958545e-01 -4.840837911686145939e-02
-9.838682254213912959e-01 1.721551751500443317e-01 -4.864063855944466414e-02
-9.847154449280476340e-01 1.671759466168349917e-01 -4.886406080184269030e-02
-9.855415307606526509e-01 1.621702319691157024e-01 -4.907859059712852551e-02
-9.863459845374040746e-01 1.571390147218078015e-01 -4.928417480267045098e-02
-9.871283240490654753e-01 1.520832898671633238e-01 -4.948076243175923705e-02
-9.878880836762231610e-01 1.470040635039800703e-01 -4.966830470383656881e-02
-9.886248147929781460e-01 1.419023524514630430e-01 -4.984675509323501646e-02
-9.893380861564433637e-01 1.367791838481534905e-01 -5.001606937634215516e-02
-9.900274842814318355e-01 1.316355947363787859e-01 -5.017620567710339569e-02
-9.906926137997411619e-01 1.264726316327066113e-01 -5.032712451078077964e-02
-9.913330978034562424e-01 1.212913500849180093e-01 -5.046878882588756027e-02
-9.919485781717147788e-01 1.160928142160424642e-01 -5.060116404422131120e-02
-9.925387158804030996e-01 1.108780962560266814e-01 -5.072421809892144196e-02
-9.931031912942712703e-01 1.056482760616359873e-01 -5.083792147048023929e-02
-9.936417044409848742e-01 1.004044406252129346e-01 -5.094224722064005784e-02
-9.941539752666550545e-01 9.514768357294273171e-02 -5.103717102411300249e-02
-9.946397438724187134e-01 8.987910465329813914e-02 -5.112267119806322702e-02
-9.950987707316675257e-01 8.459980921635845696e-02 -5.119872872929598362e-02
-9.955308368875577241e-01 7.931090768471768526e-02 -5.126532729910179137e-02
-9.959357441304617087e-01 7.401351501671557531e-02 -5.132245330570832376e-02
-9.963133151550566113e-01 6.870875016274245739e-02 -5.137009588429705675e-02
