1.000000000000000000e+00 0.000000000000000000e+00 0.000000000000000000e+00
1.000000000000000000e+00 0.000000000000000000e+00 0.000000000000000000e+00
1.000000000000000000e+00 0.000000000000000000e+00 0.000000000000000000e+00
1.000000000000000000e+00 0.000000000000000000e+00 0.000000000000000000e+00
1.000000000000000000e+00 0.000000000000000000e+00 0.000000000000000000e+00
1.000000000000000000e+00 0.000000000000000000e+00 0.000000000000000000e+00
1.000000000000000000e+00 0.000000000000000000e+00 0.000000000000000000e+00
1.000000000000000000e+00 0.000000000000000000e+00 0.000000000000000000e+00
1.000000000000000000e+00 0.000000000000000000e+00 0.000000000000000000e+00
1.000000000000000000e+00 0.000000000000000000e+00 0.000000000000000000e+00
1.000000000000000000e+00 0.000000000000000000e+00 0.000000000000000000e+00
1.000000000000000000e+00 0.000000000000000000e+00 0.000000000000000000e+00
1.000000000000000000e+00 0.000000000000000000e+00 0.000000000000000000e+00
1.000000000000000000e+00 0.000000000000000000e+00 0.000000000000000000e+00
1.000000000000000000e+00 0.000000000000000000e+00 0.000000000000000000e+00
1.000000000000000000e+00 0.000000000000000000e+00 0.000000000000000000e+00
1.000000000000000000e+00 0.000000000000000000e+00 0.000000000000000000e+00
1.000000000000000000e+00 0.000000000000000000e+00 0.000000000000000000e+00
1.000000000000000000e+00 0.000000000000000000e+00 0.000000000000000000e+00
1.000000000000000000e+00 0.000000000000000000e+00 0.000000000000000000e+00
1.000000000000000000e+00 0.000000000000000000e+00 0.000000000000000000e+00
1.000000000000000000e+00 0.000000000000000000e+00 0.000000000000000000e+00
9.999961004032256184e-01 1.366369501114697354e-03 -2.435661960887165398e-03
9.999831968668501103e-01 3.226678193699671938e-03 -4.816118990962053176e-03
9.999589957043576449e-01 5.569322555455906779e-03 -7.140746283790350493e-03
9.999205993756790090e-01 8.382556508758291780e-03 -9.408964846235106858e-03
9.998645627939879432e-01 1.165449459030068469e-02 -1.162023999518761556e-02
9.997869490320863139e-01 1.537311405339525198e-02 -1.377408009173593587e-02
9.996833843172509004e-01 1.952625620847523585e-02 -1.587003551506699014e-02
9.995491122094886105e-01 2.410162729155563427e-02 -1.790769787443754341e-02
9.993790468623787726e-01 2.908679913312535448e-02 -1.988669945389761121e-02
9.991678252683501293e-01 3.446920988135578068e-02 -2.180671288110804656e-02
9.989098583916198315e-01 4.023616501378021737e-02 -2.366745100856287864e-02
9.985993810924066461e-01 4.637483885088281022e-02 -2.546866699280731991e-02
9.982305007456959700e-01 5.287227676348621452e-02 -2.721015455483494563e-02
9.977972444570732957e-01 5.971539824359340526e-02 -2.889174840275310699e-02
9.972936047772191781e-01 6.689100098557135277e-02 -3.051332479602505629e-02
9.967135838158351913e-01 7.438576610141593715e-02 -3.207480222913082490e-02
9.960512356552858604e-01 8.218626457046682154e-02 -3.357614221133651405e-02
9.953007069643199367e-01 9.027896500051198203e-02 -3.501735011842233708e-02
9.944562757130654962e-01 9.865024275390457675e-02 -3.639847609169144516e-02
9.935123878922528240e-01 1.072863904692857862e-01 -3.771961595936029754e-02
9.927123970518005880e-01 1.148258073685157060e-01 -3.656685110343408512e-02
9.918832476697162503e-01 1.221213438877881141e-01 -3.541192247437436463e-02
9.910302219858229122e-01 1.291729243920940184e-01 -3.425578209727556805e-02
9.901584112981703933e-01 1.359807222395304216e-01 -3.309935961935683846e-02
9.892727093945006267e-01 1.425451480306592911e-01 -3.194356139617678114e-02
9.883778069910575947e-01 1.488668378666338221e-01 -3.078926971180054664e-02
9.874781871453697235e-01 1.549466416784779366e-01 -2.963734212755493244e-02
9.865781216062090575e-01 1.607856116845399752e-01 -2.848861095354343273e-02
9.856816680610996917e-01 1.663849910277372113e-01 -2.734388283671390987e-02
9.847926682394788633e-01 1.717462026388243412e-01 -2.620393845897256435e-02
9.839147468278760522e-01 1.768708383666051931e-01 -2.506953233861508243e-02
9.830513111522353187e-01 1.817606484108100218e-01 -2.394139272819439251e-02
9.822055515817198490e-01 1.864175310883186831e-01 -2.282022160185901219e-02
9.813804426079741905e-01 1.908435229585561388e-01 -2.170669472517154294e-02
9.805787445538312053e-01 1.950407893292493977e-01 -2.060146180044771652e-02
9.798030058658037111e-01 1.990116151593349925e-01 -1.950514668073714125e-02
9.790555659453504811e-01 2.027583963716613480e-01 -1.841834764569215410e-02
9.783385584748164332e-01 2.062836315842533075e-01 -1.734163773273552159e-02
9.776539151950824902e-01 2.095899142653036840e-01 -1.627556511713610862e-02
9.770033700932796439e-01 2.126799253137352241e-01 -1.522065353482902200e-02
9.763884639603969129e-01 2.155564260641343599e-01 -1.417740274206855285e-02
9.758105492802118253e-01 2.182222517120953886e-01 -1.314628900627393127e-02
9.752707954126597079e-01 2.206803051535251303e-01 -1.212776562271553060e-02
9.747701940365174345e-01 2.229335512292356380e-01 -1.112226345198881819e-02
9.743095648180751800e-01 2.249850113641895522e-01 -1.013019147353153016e-02
9.738895612742902719e-01 2.268377585890474779e-01 -9.151937350753194464e-03
9.735106768007368849e-01 2.284949129301886706e-01 -8.187868003662272798e-03
9.731732508364722145e-01 2.299596371531235361e-01 -7.238330185192341781e-03
9.728774751397123444e-01 2.312351328431754283e-01 -6.303651057742578473e-03
9.726234001499435289e-01 2.323246368064678935e-01 -5.384138766757444114e-03
9.724109414137707130e-01 2.332314177735979321e-01 -4.480083008474044538e-03
9.722398860534217091e-01 2.339587733878927822e-01 -3.591755589261792433e-03
9.721098992583708798e-01 2.345100274598242995e-01 -2.719410974266398690e-03
9.720205307820174445e-01 2.348885274689788694e-01 -1.863286823347857363e-03
9.719712214267487438e-01 2.350976422949377920e-01 -1.023604512569086574e-03
9.719613095020309679e-01 2.351407601585034923e-01 -2.005696397475739776e-04
9.719900372414037593e-01 2.350212867548969464e-01 6.056274871737940026e-04
9.720565571654046222e-01 2.347426435608426232e-01 1.394811379948947879e-03
9.721599383785217707e-01 2.343082662978360209e-01 2.166820918837058813e-03
9.722991727892639213e-01 2.337216035343483989e-01 2.921508920983952907e-03
9.721688232145496711e-01 2.342778693131420120e-01 1.289885531095425831e-03
9.719576695514531295e-01 2.351556932825445423e-01 -3.054604966325695069e-04
9.716668294881952717e-01 2.363474193715031368e-01 -1.864060371580548731e-03
9.712971679415612902e-01 2.378452333809268071e-01 -3.385483816686921544e-03
9.708493197916709949e-01 2.396411752863451539e-01 -4.869338928962662835e-03
9.703237124394322732e-01 2.417271511638088566e-01 -6.315272015572224312e-03
9.697205881025535712e-01 2.440949447933662142e-01 -7.722967409037719347e-03
9.690400257703924991e-01 2.467362289913250517e-01 -9.092147264128696421e-03
9.682819627423047137e-01 2.496425767188797940e-01 -1.042257133808507236e-02
9.674462156785466060e-01 2.528054720106237552e-01 -1.171403675499039024e-02
9.665325010971715924e-01 2.562163207620525851e-01 -1.296637775436954888e-02
9.655404552547595110e-01 2.598664614104691517e-01 -1.417946542343163051e-02
9.644696533532395311e-01 2.637471755387960082e-01 -1.535320741181536372e-02
9.633196280195119865e-01 2.678496984267590419e-01 -1.648754762722224113e-02
9.620898870090592858e-01 2.721652295687932988e-01 -1.758246590993949379e-02
9.607799300892587713e-01 2.766849431729048736e-01 -1.863797768396019058e-02
9.593892650626822949e-01 2.813999986496623640e-01 -1.965413358219837009e-02
9.579174228952807013e-01 2.863015510955467802e-01 -2.063101904316982232e-02
9.563639719190151212e-01 2.913807617701156816e-01 -2.156875387646027542e-02
9.547285310831938876e-01 2.966288085618829506e-01 -2.246749179432744672e-02
9.530107822335084355e-01 3.020368964335297113e-01 -2.332741990687686034e-02
9.512104814025115207e-01 3.075962678330819156e-01 -2.414875817840777400e-02
9.493274691000379573e-01 3.132982130540537535e-01 -2.493175884273897414e-02
9.473616795968153870e-01 3.191340805242931511e-01 -2.567670577558844175e-02
9.453131491992246005e-01 3.250952870004020778e-01 -2.638391382238901295e-02
9.431820235178284273e-01 3.311733276421568450e-01 -2.705372808026778111e-02
9.409685637368712108e-01 3.373597859393409615e-01 -2.768652313329280842e-02
9.386731518964270826e-01 3.436463434618278190e-01 -2.828270224049010684e-02
9.362962952032236608e-01 3.500247894026205508e-01 -2.884269647654973123e-02
9.338386293903591095e-01 3.564870298828649031e-01 -2.936696382556556323e-02
9.313009211501369622e-01 3.630250969875938871e-01 -2.985598822858234053e-02
9.286840696680410678e-01 3.696311575011245187e-01 -3.031027858614942019e-02
9.259891072894367303e-01 3.762975213115918316e-01 -3.073036771749779877e-02
9.232171993538872412e-01 3.830166494550517609e-01 -3.111681127835930899e-02
9.203696432350042533e-01 3.897811617708857312e-01 -3.147018663982986686e-02
9.174478666264739291e-01 3.965838441418705340e-01 -3.179109173103728675e-02
9.144534251173180861e-01 4.034176552942013716e-01 -3.208014384870454955e-02
9.113879991015327864e-01 4.102757331349441428e-01 -3.233797843699813546e-02
9.082533900689985229e-01 4.171514006068085534e-01 -3.256524784131509948e-02
9.050515163259575946e-01 4.240381710427368889e-01 -3.276262003988938964e-02
9.023929801411557650e-01 4.298158527333471035e-01 -3.074490531705272728e-02
8.998726433447071793e-01 4.352038911831676571e-01 -2.875423493056887894e-02
8.974948712813631824e-01 4.402104003072999094e-01 -2.679116923239780595e-02
8.952633847954214463e-01 4.448433973585458889e-01 -2.485620710498309682e-02
8.931812898016687763e-01 4.491107860609779290e-01 -2.294978973821042850e-02
8.912511065663788479e-01 4.530203423531708462e-01 -2.107230438111201698e-02
8.894747985656850098e-01 4.565797025764844475e-01 -1.922408804530358409e-02
8.878538008093934675e-01 4.597963539437189273e-01 -1.740543114006941339e-02
8.863890475375222344e-01 4.626776271250013228e-01 -1.561658102173751547e-02
8.850809992145185490e-01 4.652306907906266775e-01 -1.385774544250761332e-02
8.839296687622307802e-01 4.674625479545327367e-01 -1.212909588621045170e-02
8.829346469873073922e-01 4.693800339669095267e-01 -1.043077078059156081e-02
8.820951271718134867e-01 4.709898160099386111e-01 -8.762878577632218086e-03
8.814099288075480931e-01 4.722983939566439138e-01 -7.125500695153174496e-03
8.808775204648776613e-01 4.733121024591654957e-01 -5.518694314502284662e-03
8.804960417959477592e-01 4.740371141393052712e-01 -3.942495030516172776e-03
8.802633246799725919e-01 4.744794437608253479e-01 -2.396919351179725450e-03
8.801769135250120391e-01 4.746449532696110918e-01 -8.819670454972838858e-04
8.802340847463083762e-01 4.745393575943618325e-01 6.023766609523149677e-04
8.804318654459518667e-01 4.741682311068778355e-01 2.056139042466512308e-03
8.802025853562907010e-01 4.745962913796065719e-01 1.333324443364976774e-03
8.799029909661894022e-01 4.751529668279385610e-01 6.272463954122906157e-04
8.795345625936897838e-01 4.758350115482698484e-01 -6.199744408241108541e-05
8.790987430443734096e-01 4.766391398355916409e-01 -7.343234104034056459e-04
8.785969407483413818e-01 4.775620309909259786e-01 -1.389661786679678582e-03
8.780305328154950351e-01 4.786003340484305535e-01 -2.027956734063648438e-03
8.774008680000880966e-01 4.797506724188491667e-01 -2.649166197905625155e-03
8.767092695662312973e-01 4.810096484460385513e-01 -3.253261790965525195e-03
8.759570380467575079e-01 4.823738478733515245e-01 -3.840228654678875999e-03
8.751454538885934387e-01 4.838398442167037850e-01 -4.410065299472042122e-03
8.742757799785300099e-01 4.854042030412007991e-01 -4.962783425101863558e-03
8.733492640440342347e-01 4.870634861382520664e-01 -5.498407721977473760e-03
8.723671409244909691e-01 4.888142556001563999e-01 -6.016975654406875838e-03
8.713306347090087334e-01 4.906530777892062489e-01 -6.518537226697795547e-03
8.702409607376579981e-01 4.925765271984312021e-01 -7.003154733031190585e-03
8.690993274637328625e-01 4.945811902011835182e-01 -7.470902492016462913e-03
8.679069381753338197e-01 4.966636686868637907e-01 -7.921866566829626269e-03
8.666649925752603068e-01 4.988205835801911570e-01 -8.356144471829246925e-03
8.653746882188669831e-01 5.010485782415439182e-01 -8.773844866539620702e-03
8.640372218101831647e-01 5.033443217460300545e-01 -9.175087237886177943e-03
8.632704457126014752e-01 5.046865126455051254e-01 -7.461282998280814420e-03
8.626746139304836136e-01 5.057263234062124857e-01 -5.779759590687430157e-03
8.622475761882638645e-01 5.064702024474855291e-01 -4.130473481597504021e-03
8.619868597718172154e-01 5.069243987982016142e-01 -2.513363603693496030e-03
8.618896913808209437e-01 5.070949690669140919e-01 -9.283539887418449429e-04
8.619530179564189876e-01 5.069877852042944388e-01 6.246437772109258556e-04
8.621735265244627744e-01 5.066085429467150902e-01 2.145728274730042059e-03
8.625476630982931159e-01 5.059627708375653565e-01 3.635006145668681632e-03
8.630716506878113314e-01 5.050558397302445934e-01 5.092590158741435932e-03
8.637415064635491913e-01 5.038929726837007017e-01 6.518597442621842930e-03
8.645530581256741787e-01 5.024792551678680663e-01 7.913147882789560786e-03
8.655019595284417777e-01 5.008196455023993243e-01 9.276362678024514807e-03
8.665837056105957226e-01 4.989189854576893679e-01 1.060836305217940229e-02
8.677936466816951189e-01 4.967820109523704564e-01 1.190926911664833866e-02
8.691270021133692403e-01 4.944133627862242752e-01 1.317919887877939782e-02
8.705788734831267917e-01 4.918175973518397193e-01 1.441826739134420381e-02
8.721442572166236973e-01 4.889991972723616298e-01 1.562658603807162705e-02
8.738180567722725334e-01 4.859625819163569393e-01 1.680426195016865645e-02
8.755950944097936617e-01 4.827121177441956457e-01 1.795139754868432108e-02
8.774701225818093420e-01 4.792521284434383966e-01 1.906809020751748518e-02
8.794378349848939180e-01 4.755869048135670796e-01 2.015443203182238491e-02
8.814928773036537768e-01 4.717207143630231525e-01 2.121050974652396656e-02
8.836298576784499259e-01 4.676578105839592214e-01 2.223640468961550140e-02
8.858433569243159278e-01 4.634024418723936001e-01 2.323219290487194694e-02
8.881279385254972070e-01 4.589588600636128612e-01 2.419794532857250449e-02
8.904781584268633976e-01 4.543313285547233016e-01 2.513372806478388760e-02
8.928885746402519530e-01 4.495241299882318242e-01 2.603960274371170530e-02
8.953537566806033521e-01 4.445415734724691426e-01 2.691562695758096743e-02
8.978682948435755540e-01 4.393880013165704645e-01 2.776185476845843131e-02
9.004268093331946332e-01 4.340677952596253553e-01 2.857833728238029156e-02
9.030239592450260977e-01 4.285853821755169490e-01 2.936512328409935160e-02
9.056544514073661123e-01 4.229452392369034142e-01 3.012225992671796471e-02
9.083130490800642720e-01 4.171518985237701593e-01 3.084979347042798165e-02
9.109945805078228931e-01 4.112099510640058186e-01 3.154777006453866189e-02
9.136939473221882269e-01 4.051240502955382738e-01 3.221623656693976129e-02
9.164061327839752025e-01 3.988989149417151436e-01 3.285524139512188690e-02
9.191262098555672555e-01 3.925393312938266210e-01 3.346483540286158964e-02
9.218493490904156040e-01 3.860501548969493268e-01 3.404507277667694065e-02
9.245708263251549708e-01 3.794363116376327505e-01 3.459601194617201864e-02
9.272860301580559961e-01 3.727027982343539270e-01 3.511771650241851672e-02
9.299904691960694247e-01 3.658546821341165378e-01 3.561025611857050743e-02
9.326797790514933517e-01 3.588971008210659064e-01 3.607370746697687730e-02
9.353497290683157050e-01 3.518352605455113413e-01 3.650815512714600947e-02
9.379962287575664970e-01 3.446744344842838093e-01 3.691369247903032724e-02
9.406153339205534092e-01 3.374199603458907792e-01 3.729042257623573636e-02
9.432032524386646521e-01 3.300772374364436823e-01 3.763845899392308236e-02
9.457563497084906512e-01 3.226517232048118911e-01 3.795792664635635333e-02
9.482711537013577274e-01 3.151489292878756343e-01 3.824896256926551413e-02
9.507443596269612440e-01 3.075744170790933874e-01 3.851171666243041053e-02
9.531728341816375627e-01 2.999337928458440383e-01 3.874635238815574145e-02
9.555536193629120545e-01 2.922327024231308745e-01 3.895304742159459710e-02
9.578839358332896792e-01 2.844768255132240631e-01 3.913199424918861052e-02
9.601611858178057402e-01 2.766718696226500573e-01 3.928340071182473414e-02
9.623829555216103504e-01 2.688235636695936459e-01 3.940749048966018381e-02
9.645470170557995937e-01 2.609376512962429673e-01 3.950450352593613129e-02
9.666513298618153449e-01 2.530198839218666396e-01 3.957469638748499496e-02
9.686940416269861354e-01 2.450760135734479650e-01 3.961834256003277793e-02
9.706734886861551059e-01 2.371117855315080236e-01 3.963573267680434165e-02
9.725881959068097826e-01 2.291329308293136302e-01 3.962717467935247817e-02
9.744368760576701538e-01 2.211451586439840966e-01 3.959299390994830414e-02
9.762184286632753505e-01 2.131541486180774658e-01 3.953353313528724239e-02
9.779319383497169227e-01 2.051655431500517823e-01 3.944915250167884552e-02
9.795766726892622955e-01 1.971849396915605623e-01 3.934022942229626479e-02
9.811520795541771589e-01 1.892178830888598395e-01 3.920715839745945314e-02
9.826577839925619839e-01 1.812698580046815666e-01 3.905035076931148708e-02
9.840935846414406996e-01 1.733462814557763798e-01 3.887023441261747841e-02
9.854594496946589288e-01 1.654524954999581909e-01 3.866725336376672373e-02
9.867555124453397664e-01 1.575937601049077763e-01 3.844186739038897571e-02
9.879820664246892203e-01 1.497752462292295805e-01 3.819455150430241946e-02
9.891395601608266031e-01 1.420020291443221949e-01 3.792579542079174693e-02
9.902285915830160157e-01 1.342790820235379989e-01 3.763610296746817963e-02
9.912499020981838660e-01 1.266112698228921141e-01 3.732599144618762438e-02
9.922043703679158666e-01 1.190033434752570812e-01 3.699599095169700536e-02
9.930930058152226403e-01 1.114599344175688234e-01 3.664664365084187997e-02
9.939169418912420229e-01 1.039855494680947678e-01 3.627850302629936213e-02
9.946774291327084017e-01 9.658456606829975144e-02 3.589213308889979692e-02
9.953758280414588544e-01 8.926122790131051088e-02 3.548810756266791711e-02
9.960136018174686745e-01 8.201964089644903089e-02 3.506700904675060654e-02
9.965923089769201937e-01 7.486376962679823499e-02 3.462942815840365507e-02
9.971135958866075288e-01 6.779743410430226491e-02 3.417596266118620024e-02
9.975745086751973689e-01 6.218481063835897688e-02 3.127556177049098385e-02
9.979604873247905905e-01 5.716186763939384158e-02 2.841476073181303449e-02
9.982812286269843183e-01 5.272096694981357606e-02 2.559492965145206828e-02
9.985452738384874571e-01 4.885402886324330396e-02 2.281737010980649377e-02
9.987600492594074231e-01 4.555257445411314138e-02 2.008331639993818710e-02
9.989319091803334771e-01 4.280776360971930844e-02 1.739393702560572755e-02
9.990661808418335177e-01 4.061042896096155735e-02 1.475033639509784784e-02
9.991672110767749748e-01 3.895110593410375938e-02 1.215355665236375962e-02
9.992384143322148304e-01 3.782005916726700195e-02 9.604579592220469086e-03
9.992823217930122404e-01 3.720730555222618446e-02 7.104328611744677516e-03
9.993006313534379403e-01 3.710263417474427700e-02 4.653670655264712658e-03
9.992942582055961420e-01 3.749562343545518456e-02 2.253418115602681595e-03
9.992633858342340192e-01 3.837565563850942746e-02 -9.566934066571356962e-05
9.992075172263531480e-01 3.973192933713352165e-02 -2.392883051202963907e-03
9.991255261208839000e-01 4.155346972421973539e-02 -4.637563761642422670e-03
9.990157081385252491e-01 4.382913735233920360e-02 -6.829100172978035815e-03
9.988758316447217123e-01 4.654763546142264008e-02 -8.966927646179526090e-03
9.987031882097300306e-01 4.969751618402667992e-02 -1.105052707349350391e-02
9.984946425389292779e-01 5.326718588783026231e-02 -1.307942392203394373e-02
9.982466817541063575e-01 5.724490990299832549e-02 -1.505318745166794002e-02
9.980769462277214732e-01 6.025755641396585843e-02 -1.454139260805201346e-02
9.979045670964405979e-01 6.316374989296691389e-02 -1.402966367955554329e-02
9.977304603752000789e-01 6.596360917102878085e-02 -1.351837640454248840e-02
9.975555027670632846e-01 6.865733235833208770e-02 -1.300789796475972440e-02
9.973805308831639183e-01 7.124519450342454985e-02 -1.249858685840635371e-02
9.972063406131878027e-01 7.372754525077583609e-02 -1.199079278958975828e-02
9.970336866416080746e-01 7.610480650195507180e-02 -1.148485657357490621e-02
9.968632821046192749e-01 7.837747008529934167e-02 -1.098111005720935236e-02
9.966957983824905609e-01 8.054609543853116782e-02 -1.047987605388739536e-02
9.965318650218615293e-01 8.261130730837841496e-02 -9.981468292402701295e-03
9.963720697823431616e-01 8.457379347085364207e-02 -9.486191379029089085e-03
9.962169588016597244e-01 8.643430247546299294e-02 -8.994340772163905706e-03
9.960670368734649838e-01 8.819364141624039255e-02 -8.506202768867151404e-03
9.959227678318974819e-01 8.985267373214117503e-02 -8.022054502632020023e-03
9.957845750368937709e-01 9.141231703898290706e-02 -7.542163951728456626e-03
9.956528419542598485e-01 9.287354099479071257e-02 -7.066789957470471367e-03
9.955279128245028142e-01 9.423736520009055873e-02 -6.596182251769932940e-03
9.954100934144499702e-01 9.550485713439846314e-02 -6.130581493354158272e-03
9.952996518457256636e-01 9.667713012987559640e-02 -5.670219312041505262e-03
9.951968194942182322e-01 9.775534138286069707e-02 -5.215318360488081263e-03
9.949520618194933608e-01 1.000935906623324628e-01 -7.189145229045481450e-03
9.946573839780765702e-01 1.028282753528076271e-01 -9.113203420553842027e-03
9.943109104553935484e-01 1.059486422754024604e-01 -1.098703363845457241e-02
9.939104439390737955e-01 1.094437946292284719e-01 -1.281022129522689165e-02
9.934535059839384452e-01 1.133027001406358703e-01 -1.458239603284193497e-02
9.929373769405454020e-01 1.175141989932257103e-01 -1.630323133765309435e-02
9.923591350425826629e-01 1.220670116850936515e-01 -1.797244424583226141e-02
9.917156945529737033e-01 1.269497469469993978e-01 -1.958979513352529164e-02
9.910038428727695470e-01 1.321509098416962236e-01 -2.115508758418709057e-02
9.902202765208856228e-01 1.376589101506513479e-01 -2.266816832406875690e-02
9.893616358966168534e-01 1.434620711399845205e-01 -2.412892721556651743e-02
9.884245387407456507e-01 1.495486387827907881e-01 -2.553729729710342566e-02
9.874056122150638437e-01 1.559067915002327331e-01 -2.689325485739806759e-02
9.863015235243461909e-01 1.625246504690251448e-01 -2.819681953137585795e-02
9.851090090093373997e-01 1.693902905283236615e-01 -2.944805440459346418e-02
9.838249016442094375e-01 1.764917517047009388e-01 -3.064706611286885027e-02
9.824461568772737685e-01 1.838170513599751421e-01 -3.179400492383117199e-02
9.809698767595287361e-01 1.913541969532688847e-01 -3.288906478731701277e-02
9.793933323119156098e-01 1.990911993959388615e-01 -3.393248334193203070e-02
9.777139840889464972e-01 2.070160869660366276e-01 -3.492454186565834701e-02
9.763001613005934942e-01 2.138133505518176603e-01 -3.349424961630079883e-02
9.749019532658131926e-01 2.203125897504956132e-01 -3.207121641200195994e-02
9.735247970803041495e-01 2.265163908309023033e-01 -3.065636609549983460e-02
9.721737832109310640e-01 2.324275310805817008e-01 -2.925058433489273815e-02
9.708536578717806842e-01 2.380489620063150347e-01 -2.785471882321182563e-02
9.695688264423991676e-01 2.433837933162693867e-01 -2.646957961695067807e-02
9.683233578381410522e-01 2.484352777129240908e-01 -2.509593959965551041e-02
9.671209897447132775e-01 2.532067965173148139e-01 -2.373453505700997071e-02
9.659651346317043030e-01 2.577018461371769487e-01 -2.238606635025939054e-02
9.648588864630515127e-01 2.619240253842758936e-01 -2.105119867529835903e-02
9.638050280259367053e-01 2.658770236395848197e-01 -1.973056289528019383e-02
9.628060388034170858e-01 2.695646098590001594e-01 -1.842475643518615841e-02
9.618641033201338342e-01 2.729906224069573728e-01 -1.713434422740563179e-02
9.609811198946074384e-01 2.761589597006035013e-01 -1.585985969801646106e-02
9.601587097358812439e-01 2.790735716430716162e-01 -1.460180578410877686e-02
9.593982263265444788e-01 2.817384518208563282e-01 -1.336065597315809136e-02
9.587007650384110624e-01 2.841576304372787076e-01 -1.213685535611769284e-02
9.580671729313068319e-01 2.863351679515149240e-01 -1.093082168656035399e-02
9.574980586894890067e-01 2.882751493906148821e-01 -9.742946438850189420e-03
9.569938026541574549e-01 2.899816793003175408e-01 -8.573595858962716754e-03
9.561519032348476665e-01 2.927088745156102290e-01 -9.750486558210457941e-03
9.552313041889615164e-01 2.956594868100910212e-01 -1.089232281605472495e-02
9.542322407651951943e-01 2.988258259601074829e-01 -1.199899299440786160e-02
9.531548935343095996e-01 3.022001531632091398e-01 -1.307041838309605866e-02
9.519994028623625093e-01 3.057746910027220322e-01 -1.410655288436357679e-02
9.507658827702323290e-01 3.095416333138120146e-01 -1.510738266885593845e-02
9.494544341447044289e-01 3.134931549579930699e-01 -1.607292580239330637e-02
9.480651572702728513e-01 3.176214215098228100e-01 -1.700323184269526139e-02
9.465981636547122768e-01 3.219185988563966205e-01 -1.789838140512346049e-02
9.450535871253804565e-01 3.263768627072385353e-01 -1.875848569646619557e-02
9.434315941771198588e-01 3.309884080093298819e-01 -1.958368601579569754e-02
9.417323935565219406e-01 3.357454582593420445e-01 -2.037415322148140862e-02
9.399562450711916872e-01 3.406402747026778255e-01 -2.113008716353638808e-02
9.381034676164821118e-01 3.456651654066984491e-01 -2.185171608060559878e-02
9.361744464159567070e-01 3.508124941935404362e-01 -2.253929596106926669e-02
9.341696394755523158e-01 3.560746894162238330e-01 -2.319310986792760126e-02
9.320895832550508686e-01 3.614442525603323575e-01 -2.381346722735005333e-02
9.299348975640009396e-01 3.669137666524149854e-01 -2.440070308100826188e-02
9.277062896926483448e-01 3.724759044554202814e-01 -2.495517730256239380e-02
9.254045577917147103e-01 3.781234364309318252e-01 -2.547727377893087286e-02
9.235749751722351908e-01 3.826830863038890862e-01 -2.372637780525042178e-02
9.218580753470733136e-01 3.869027639450366984e-01 -2.199910345917659507e-02
9.202565704524213741e-01 3.907888674100806203e-01 -2.029596276644295497e-02
9.187726948907887214e-01 3.943477491323860717e-01 -1.861742216179141512e-02
9.174082262543842292e-01 3.975857051364664607e-01 -1.696390509681421077e-02
9.161645061295435877e-01 4.005089659289707282e-01 -1.533579462122558988e-02
9.150424607006000244e-01 4.031236889638285525e-01 -1.373343592314142138e-02
9.140426210834881049e-01 4.054359525778084006e-01 -1.215713881568331566e-02
9.131651433304150967e-01 4.074517512932350760e-01 -1.060718015885510866e-02
9.124098280571182329e-01 4.091769923858619151e-01 -9.083806207161711221e-03
9.117761396535494223e-01 4.106174936177761636e-01 -7.587234874853425806e-03
9.112632250472935125e-01 4.117789820376183685e-01 -6.117657911984348586e-03
9.108699319966615526e-01 4.126670937532158079e-01 -4.675242985674216319e-03
9.105948268972209325e-01 4.132873745848757996e-01 -3.260135662062716225e-03
9.104362120915703294e-01 4.136452815109729619e-01 -1.872461285448411613e-03
9.103921426774707060e-01 4.137461848210287063e-01 -5.123267520161188786e-04
9.104604428140438133e-01 4.135953708951576879e-01 8.201778236177699639e-04
9.106387215296898319e-01 4.131980455324916757e-01 2.124977550067143860e-03
9.109243880386975745e-01 4.125593377549476859e-01 3.402011309399476015e-03
9.113146665762654752e-01 4.116843040164417933e-01 4.651230415672683895e-03
9.118066107638681528e-01 4.105779327513398580e-01 5.872597380998561059e-03
9.123971175186260663e-01 4.092451491995541257e-01 7.066084787864190808e-03
9.130829405216135397e-01 4.076908204492263876e-01 8.231674266013424418e-03
9.138607032609114000e-01 4.059197606413705306e-01 9.369355571808440225e-03
9.147269116657107402e-01 4.039367362841718156e-01 1.047912576765191658e-02
9.156779663479457376e-01 4.017464716278532633e-01 1.156098849874916817e-02
9.167101744678110009e-01 3.993536540541198776e-01 1.261495336422270401e-02
9.178197612391341131e-01 3.967629394371804397e-01 1.364103537935548033e-02
9.190028810899626421e-01 3.939789574362277391e-01 1.463925452553046548e-02
9.202556284929167552e-01 3.910063166820365588e-01 1.560963538425005903e-02
9.215740484788828013e-01 3.878496098230209688e-01 1.655220685145700893e-02
9.229541468465074505e-01 3.845134183986856358e-01 1.746700192823650091e-02
9.243919000787242934e-01 3.810023175109177873e-01 1.835405758385531133e-02
9.258832649762265277e-01 3.773208802660057426e-01 1.921341468698672256e-02
9.274241880164187934e-01 3.734736819626428006e-01 2.004511800087814544e-02
9.290106144449554737e-01 3.694653040034923119e-01 2.084921623814101760e-02
9.306384971055264854e-01 3.653003375101551709e-01 2.162576217077894977e-02
9.323038050121026377e-01 3.609833866236042965e-01 2.237481279101966036e-02
9.340025316664216648e-01 3.565190714743337597e-01 2.309642951847871301e-02
9.357307031220933879e-01 3.519120308086238214e-01 2.379067844915829302e-02
9.370960173982092467e-01 3.483671697797296463e-01 2.216735958299762346e-02
9.383297095807210386e-01 3.451296346990823660e-01 2.056487459636279283e-02
9.394366487007258515e-01 3.421964589859826100e-01 1.898392200563267865e-02
9.404214017196247388e-01 3.395643873672966606e-01 1.742517840916387936e-02
9.412882418754652258e-01 3.372298901699570250e-01 1.588929735606073312e-02
9.420411577485527932e-01 3.351891772820001503e-01 1.437690834040281432e-02
9.426838629811080672e-01 3.334382117771615417e-01 1.288861591240932601e-02
9.432198065851119528e-01 3.319727232017280483e-01 1.142499889831416655e-02
9.436521837722767758e-01 3.307882205256676422e-01 9.986609721071654233e-03
9.439839472402604681e-01 3.298800047629995014e-01 8.573973814402065241e-03
9.442178188497746261e-01 3.292431812689217141e-01 7.187589123109490788e-03
9.443563016280839273e-01 3.288726717233715346e-01 5.827925683053853355e-03
9.444016920355258193e-01 3.287632258124599249e-01 4.495425274626344177e-03
9.443560924330590689e-01 3.289094326206002394e-01 3.190501144055713639e-03
9.442214236904571401e-01 3.293057317471541068e-01 1.913537787354884293e-03
9.439994378765631522e-01 3.299464241620606586e-01 6.648907921970011528e-04
9.436917309750030292e-01 3.308256828152167373e-01 -5.551132665184740477e-04
9.432997555708833026e-01 3.319375630143593381e-01 -1.746176881190788848e-03
9.428248334562683297e-01 3.332760125858900135e-01 -2.908031619474836169e-03
9.422681681046165547e-01 3.348348818325032616e-01 -4.040438088592225932e-03
9.416308569668437878e-01 3.366079333006624652e-01 -5.143185858525342602e-03
9.409139035442625199e-01 3.385888513699412128e-01 -6.216093346257922300e-03
9.401182291963019466e-01 3.407712516750401877e-01 -7.259007662890629153e-03
9.392446846436395269e-01 3.431486903699349500e-01 -8.271804425157123705e-03
9.382940611301547884e-01 3.457146732421345070e-01 -9.254387532596353508e-03
9.372671012099450527e-01 3.484626646834678709e-01 -1.020668891140104687e-02
9.361645091285087927e-01 3.513860965221920485e-01 -1.112866822576086961e-02
9.349869607700963536e-01 3.544783767195603397e-01 -1.202031255735129013e-02
9.337351131461422149e-01 3.577328979323297076e-01 -1.288163605348531179e-02
9.324096134026164107e-01 3.611430459410485683e-01 -1.371267954434389480e-02
9.310111073270588289e-01 3.647022079423707375e-01 -1.451351012963088966e-02
9.295402473389754450e-01 3.684037807021152133e-01 -1.528422073495803307e-02
9.279976999501738932e-01 3.722411785643495730e-01 -1.602492963825312769e-02
9.263841526844845964e-01 3.762078413104382735e-01 -1.673577996649793648e-02
9.247003204491444084e-01 3.802972418607805105e-01 -1.741693916313926879e-02
9.229469513528979485e-01 3.845028938108786543e-01 -1.806859842657471821e-02
9.211248319685938490e-01 3.888183587924381457e-01 -1.869097212019116272e-02
9.192347920406985784e-01 3.932372536494140869e-01 -1.928429715452654319e-02
9.172777086407192249e-01 3.977532574182912617e-01 -1.984883234223128179e-02
9.152545097759959836e-01 4.023601181014203054e-01 -2.038485772662183490e-02
9.137220070395584148e-01 4.059105645071978685e-01 -1.867437492902248447e-02
9.123153712202981547e-01 4.091357181836597356e-01 -1.698977412912240983e-02
9.110358669625931993e-01 4.120420145508754683e-01 -1.533141589497935206e-02
9.098843322741394513e-01 4.146358007477171093e-01 -1.369962255316615335e-02
9.088611999344139436e-01 4.169233299585577979e-01 -1.209468082674920383e-02
9.079665184954726076e-01 4.189107571610595215e-01 -1.051684439842245737e-02
9.071999728290005560e-01 4.206041361852148053e-01 -8.966336389360562986e-03
9.065609041833169179e-01 4.220094179763420050e-01 -7.443351745831462522e-03
9.060483297228725252e-01 4.231324499577666098e-01 -5.948059526966117776e-03
9.056609615307059657e-01 4.239789763923452748e-01 -4.480605088324976157e-03
9.053972250613666617e-01 4.245546396457067773e-01 -3.041112157032160174e-03
9.052552770380160041e-01 4.248649822580129465e-01 -1.629684795274887127e-03
9.052330227928235828e-01 4.249154497351066984e-01 -2.464092498934908337e-04
9.053281330544271643e-01 4.247113939740550514e-01 1.108644313376955454e-03
9.055380601901740212e-01 4.242580772422557822e-01 2.435420191702327396e-03
9.058600539141546948e-01 4.235606766334179540e-01 3.733875643000140326e-03
9.062911764747260124e-01 4.226242889278107318e-01 5.003979499264002949e-03
9.068283173373454797e-01 4.214539357881747494e-01 6.245710894247509179e-03
9.074682073801526583e-01 4.200545692265861830e-01 7.459058103919859878e-03
9.082074326208802173e-01 4.184310772813369939e-01 8.644017497685927559e-03
9.090424474943988864e-01 4.165882898465407824e-01 9.800592597992246330e-03
9.099695877005411493e-01 4.145309846006796084e-01 1.092879324561235078e-02
9.109850826418486314e-01 4.122638929836782706e-01 1.202863486761528156e-02
9.120850674705826000e-01 4.097917061753252321e-01 1.310013784476571179e-02
9.132655947637665639e-01 4.071190810309589514e-01 1.414332697487897042e-02
9.145226458442238249e-01 4.042506459333122804e-01 1.515823102845599915e-02
9.158521417645678619e-01 4.011910065222607513e-01 1.614488239274874254e-02
9.172499539699278115e-01 3.979447512669649356e-01 1.710331680025311760e-02
9.187119146538734737e-01 3.945164568475386102e-01 1.803357313749223007e-02
9.202338268205730865e-01 3.909106933159265385e-01 1.893569332983496833e-02
9.218114740646988770e-01 3.871320290081472493e-01 1.980972229799306261e-02
9.234406300790096722e-01 3.831850351824554468e-01 2.065570798175178635e-02
9.251170678979179218e-01 3.790742903603195324e-01 2.147370142641484569e-02
9.268365688837014726e-01 3.748043843493958915e-01 2.226375692738197590e-02
9.285949314603804128e-01 3.703799219299256928e-01 2.302593222822783489e-02
9.303879795986534917e-01 3.658055261881875131e-01 2.376028876761284575e-02
9.322115710537045574e-01 3.610858414828154728e-01 2.446689197033049754e-02
9.340616053561590082e-01 3.562255360319438457e-01 2.514581157778156967e-02
9.359340315550104261e-01 3.512293041112701797e-01 2.579712201316385067e-02
9.378248557099606586e-01 3.461018678552384431e-01 2.642090277667658721e-02
9.397301481293408587e-01 3.408479786556379842e-01 2.701723886606256439e-02
9.416460503486127065e-01 3.354724181539880390e-01 2.758622121784766110e-02
9.435687818434015384e-01 3.299799988261335471e-01 2.812794716468859993e-02
9.454946464700973996e-01 3.243755641595097439e-01 2.864252090430461153e-02
9.474200386262805473e-01 3.186639884255404453e-01 2.913005397554841586e-02
9.493414491225933283e-01 3.128501760516099184e-01 2.959066573726657629e-02
9.512554707571980739e-01 3.069390605989846810e-01 3.002448384570904905e-02
9.531588035836281447e-01 3.009356033549558385e-01 3.043164472637292089e-02
9.550482598626676145e-01 2.948447915493124794e-01 3.081229403630586852e-02
9.569207686888754338e-01 2.886716362070366748e-01 3.116658711305057144e-02
9.587733802825106899e-01 2.824211696508212577e-01 3.149468940658213534e-02
9.606032699379070117e-01 2.760984426686428628e-01 3.179677689077596570e-02
9.624077416197883705e-01 2.697085213631665312e-01 3.207303645114299717e-02
9.641842311996052794e-01 2.632564837012036363e-01 3.232366624578197206e-02
9.659303093246971450e-01 2.567474157827853709e-01 3.254887603672385055e-02
9.676436839139441748e-01 2.501864078506367828e-01 3.274888748908020425e-02
9.693222022745475730e-01 2.435785500619380151e-01 3.292393443565450745e-02
9.709638528356682174e-01 2.369289280452278601e-01 3.307426310493159771e-02
9.725667664958398406e-01 2.302426182661362897e-01 3.320013231062406145e-02
9.741292175823486055e-01 2.235246832263197703e-01 3.330181360122431988e-02
9.754383320263404489e-01 2.180808604461597078e-01 3.099719632904905306e-02
9.766100706791995822e-01 2.130914299336651163e-01 2.872002630671327550e-02
9.776529013137481572e-01 2.085523774399451469e-01 2.647145838436173321e-02
9.785746094806205830e-01 2.044592196121266248e-01 2.425260827154139542e-02
9.793823148934220901e-01 2.008070337115913373e-01 2.206455123807693833e-02
9.800824897695469273e-01 1.975904857506889101e-01 1.990832108003605383e-02
9.806809789435090297e-01 1.948038570608078279e-01 1.778490932087153573e-02
9.811830215725529936e-01 1.924410693205181044e-01 1.569526461911307721e-02
9.815932742582472725e-01 1.904957080866808705e-01 1.364029235546773342e-02
9.819158354125119281e-01 1.889610448839075529e-01 1.162085437383625353e-02
9.821542707019024210e-01 1.878300579185327446e-01 9.637768852527272417e-03
9.823116394097970439e-01 1.870954514923485190e-01 7.691810283819714572e-03
9.823905215622640297e-01 1.867496741987658138e-01 5.783709541955050874e-03
9.823930456696865487e-01 1.867849359898680617e-01 3.914154021607246792e-03
9.823209169426009302e-01 1.871932242070680763e-01 2.083787830854133463e-03
9.821754458465583593e-01 1.879663186708431799e-01 2.932120246365058861e-04
9.819575768670969484e-01 1.890958059263918023e-01 -1.457015133379809023e-03
9.816679173620507237e-01 1.905730927421159515e-01 -3.166377890746407357e-03
9.813067663844026178e-01 1.923894189566859592e-01 -4.834402716377094594e-03
9.808741433646814833e-01 1.945358697681851823e-01 -6.460658007564394623e-03
9.806495828087519184e-01 1.956895925474942954e-01 -5.657647326095166518e-03
9.804552130299812873e-01 1.966822654900833578e-01 -4.867398656089258653e-03
9.802910171350474045e-01 1.975166373519437746e-01 -4.090183032759450374e-03
9.801568816374559567e-01 1.981954926890775182e-01 -3.326255897818536714e-03
9.800526011618883038e-01 1.987216491829845721e-01 -2.575857474096825573e-03
9.799778831761689624e-01 1.990979551340413545e-01 -1.839213135366822485e-03
9.799323527371557319e-01 1.993272871116394396e-01 -1.116533770089980998e-03
9.799155572377141743e-01 1.994125477498993049e-01 -4.080161379661170241e-04
9.799269711427665008e-01 1.993566636777983070e-01 2.861567816745788813e-04
9.799660007031887332e-01 1.991625835726479055e-01 9.658154504445156394e-04
9.800319886370809641e-01 1.988332763260174108e-01 1.630803441098964326e-03
9.801242187686445284e-01 1.983717293114219404e-01 2.280977117888094256e-03
9.802419206155718046e-01 1.977809467433673807e-01 2.916205327455136630e-03
9.803842739164909670e-01 1.970639481176666430e-01 3.536369100552732084e-03
9.805504130906044225e-01 1.962237667233063254e-01 4.141361364735135844e-03
9.807394316222263209e-01 1.952634482165432062e-01 4.731086668077540136e-03
9.809503863634553289e-01 1.941860492483437339e-01 5.305460913875325799e-03
9.811823017487183440e-01 1.929946361367398389e-01 5.864411106185535121e-03
9.814341739153941147e-01 1.916922835761572519e-01 6.407875105990176214e-03
9.817049747251689329e-01 1.902820733762742300e-01 6.935801397686040468e-03
9.819936556811981188e-01 1.887670932234853938e-01 7.448148865538407361e-03
9.822991517365431413e-01 1.871504354585715457e-01 7.944886579676129976e-03
9.826203849897318099e-01 1.854351958647115772e-01 8.425993591153025514e-03
9.829562682636496795e-01 1.836244724605106959e-01 8.891458735554984630e-03
9.833057085643109874e-01 1.817213642932583584e-01 9.341280444593553361e-03
9.836676104163890599e-01 1.797289702281668344e-01 9.775466565094780014e-03
9.840408790727004362e-01 1.776503877298735434e-01 1.019403418476645153e-02
9.844244235951457034e-01 1.754887116330156871e-01 1.059700946410743576e-02
9.848171598049052511e-01 1.732470328992009312e-01 1.098442747380920688e-02
9.852180130999780294e-01 1.709284373582014571e-01 1.135633203699166170e-02
9.856259211384378327e-01 1.685360044316882577e-01 1.171277557561267030e-02
9.860398363860568560e-01 1.660728058382960892e-01 1.205381896039314955e-02
9.864587285272237160e-01 1.635419042792654043e-01 1.237953136360655723e-02
9.868815867383543550e-01 1.609463521043447698e-01 1.268999011409323308e-02
9.873074218232619215e-01 1.582891899580528838e-01 1.298528055387565376e-02
9.877352682102207293e-01 1.555734454067941863e-01 1.326549589577017026e-02
9.881641858107232945e-01 1.528021315476928432e-01 1.353073708141375522e-02
9.885932617401940181e-01 1.499782456003573294e-01 1.378111263915045986e-02
9.890216119011840945e-01 1.471047674831099938e-01 1.401673854125132408e-02
9.894483824298333507e-01 1.441846583755132249e-01 1.423773805997308010e-02
9.897131214162158130e-01 1.425594777958501536e-01 1.203175511376182449e-02
9.899064277714745286e-01 1.413787974855322260e-01 9.865626071646715206e-03
9.900313411640546679e-01 1.406345040885070563e-01 7.740195599010203480e-03
9.900903162527552315e-01 1.403182218955499050e-01 5.656260012435836843e-03
9.900852568854234814e-01 1.404213308703190222e-01 3.614567809077872795e-03
9.900175508259954071e-01 1.409349832416356418e-01 1.615820226736472496e-03
9.898881048503475055e-01 1.418501188048192641e-01 -3.393281834446703303e-04
9.896973800603191540e-01 1.431574790762529248e-01 -2.250268987051324068e-03
9.894454272736757927e-01 1.448476204449426485e-01 -4.116439312028164106e-03
9.891319223556742646e-01 1.469109264628082057e-01 -5.937321320145357018e-03
9.887562013652674286e-01 1.493376194119393208e-01 -7.712441712196265939e-03
9.883172953958553331e-01 1.521177712822118777e-01 -9.441371272565876605e-03
9.878139649968844527e-01 1.552413142866212459e-01 -1.112372445669901691e-02
9.872447340685672756e-01 1.586980510345925022e-01 -1.275915902304023200e-02
9.866079231275862726e-01 1.624776644755042965e-01 -1.434737570922095876e-02
9.859016818469322763e-01 1.665697277158484924e-01 -1.588811795064010157e-02
9.851240207780684877e-01 1.709637138039705739e-01 -1.738117163812568852e-02
9.842728421684825424e-01 1.756490055663243732e-01 -1.882636491008058549e-02
9.833459697924578080e-01 1.806149055687543414e-01 -2.022356797340572887e-02
9.823411777176329629e-01 1.858506462656100977e-01 -2.157269294655999453e-02
9.815648032896251429e-01 1.900285854337757929e-01 -2.048674973542038633e-02
9.808127144045750700e-01 1.939838387338078396e-01 -1.940934936714982725e-02
9.800872167483642983e-01 1.977187026996143904e-01 -1.834108659180736650e-02
9.793904173972799443e-01 2.012355776710985922e-01 -1.728253154211625842e-02
9.787242282888245493e-01 2.045369601328991815e-01 -1.623423007714337382e-02
9.780903700995776662e-01 2.076254354533755564e-01 -1.519670416854541559e-02
9.774903764915602311e-01 2.105036710237533359e-01 -1.417045232373263797e-02
9.769255986899946231e-01 2.131744097946616789e-01 -1.315595004054882430e-02
9.763972103568887562e-01 2.156404642048634634e-01 -1.215365028833061828e-02
9.759062127264821473e-01 2.179047104948023672e-01 -1.116398401048629939e-02
9.754534399702483594e-01 2.199700833956572121e-01 -1.018736064402042674e-02
9.750395647608363081e-01 2.218395711828955730e-01 -9.224168651723322482e-03
9.746651040060249072e-01 2.235162110818461889e-01 -8.274776063040431562e-03
9.743304247254546135e-01 2.250030850115514458e-01 -7.339531019933655254e-03
9.740357500445638861e-01 2.263033156521067624e-01 -6.418762324342583772e-03
9.737811652817895958e-01 2.274200628198301266e-01 -5.512779984146184455e-03
9.735666241066773807e-01 2.283565201339206319e-01 -4.621875754813289244e-03
9.733919547480794909e-01 2.291159119577478032e-01 -3.746323674211566104e-03
9.732568662330907117e-01 2.297014905975506283e-01 -2.886380588318407468e-03
9.731609546387783860e-01 2.301165337411057166e-01 -2.042286665842179064e-03
9.731037093401004867e-01 2.303643421188350526e-01 -1.214265900017676668e-03
9.730845192386683440e-01 2.304482373698550635e-01 -4.025265960847330612e-04
9.731026789582009062e-01 2.303715600956081355e-01 3.927381568068970090e-04
9.731573949936334067e-01 2.301376680839564703e-01 1.171350030300388756e-03
9.732477918018841434e-01 2.297499346869442405e-01 1.933145018965251073e-03
9.733729178232530810e-01 2.292117473358399882e-01 2.677973020484765085e-03
9.735317514233225999e-01 2.285265061775465234e-01 3.405697434333602568e-03
9.737232067460627194e-01 2.276976228170031757e-01 4.116194779206463344e-03
9.739461394696066199e-01 2.267285191507961983e-01 4.809354329295276870e-03
9.741993524568677287e-01 2.256226262778310843e-01 5.485077769361137827e-03
9.744816012938137817e-01 2.243833834735974864e-01 6.143278868407557949e-03
9.747915997088080209e-01 2.230142372152680574e-01 6.783883171633639693e-03
9.751280248669679240e-01 2.215186402456101600e-01 7.406827710229197011e-03
9.754895225339925702e-01 2.199000506644488984e-01 8.012060728468405058e-03
9.758747121043641615e-01 2.181619310371954445e-01 8.599541427464019519e-03
9.762821914892524378e-01 2.163077475107423320e-01 9.169239724860235238e-03
9.767105418598365230e-01 2.143409689278221453e-01 9.721136029668597453e-03
9.771583322421213413e-01 2.122650659317234234e-01 1.025522103138765302e-02
9.776241239596608068e-01 2.100835100540546785e-01 1.077149550249298718e-02
9.781064749209155140e-01 2.077997727790392990e-01 1.126997011333948084e-02
9.786039437482741965e-01 2.054173245786086455e-01 1.175066525848183357e-02
9.791150937460514347e-01 2.029396339133333893e-01 1.221361089339210310e-02
9.796384967050526527e-01 2.003701661949925383e-01 1.265884638053404315e-02
9.801727365415642268e-01 1.977123827073212770e-01 1.308642034374280817e-02
9.807164127688910993e-01 1.949697394822012819e-01 1.349639052985491215e-02
9.812681437998258538e-01 1.921456861292581419e-01 1.388882367653673094e-02
9.818265700786940053e-01 1.892436646175065518e-01 1.426379538526992979e-02
9.823903570418812681e-01 1.862671080083343755e-01 1.462138999846860667e-02
9.829581979060152408e-01 1.832194391397382605e-01 1.496170047972528519e-02
9.835288162832392933e-01 1.801040692623157857e-01 1.528482829621069690e-02
9.841009686232912168e-01 1.769243966280794611e-01 1.559088330228525568e-02
9.846734464823763133e-01 1.736838050336848849e-01 1.587998362341773093e-02
9.852450786191052634e-01 1.703856623201589482e-01 1.615225553954852816e-02
9.858147329180574348e-01 1.670333188316713291e-01 1.640783336708074441e-02
9.863813181418209508e-01 1.636301058363139882e-01 1.664685933873135543e-02
9.869437855126578230e-01 1.601793339122374871e-01 1.686948348052704633e-02
9.875011301252443197e-01 1.566842913028398954e-01 1.707586348528403880e-02
9.880523921922383934e-01 1.531482422450121950e-01 1.726616458196818943e-02
9.885966581247316309e-01 1.495744252747148173e-01 1.744055940039037148e-02
9.891330614499496132e-01 1.459660515143914594e-01 1.759922783075214270e-02
9.895077397345579673e-01 1.436644016112612887e-01 1.532994252325416834e-02
9.898057988203369240e-01 1.418200412131945809e-01 1.309927899079541339e-02
9.900312087996104848e-01 1.404252557738449869e-01 1.090815648785411346e-02
9.901873017080425887e-01 1.394720387130468642e-01 8.757445073056908599e-03
9.902768048395683698e-01 1.389521118629738761e-01 6.647966069738902098e-03
9.903018748452355746e-01 1.388569442594278225e-01 4.580492588323738928e-03
9.902641324416012747e-01 1.391777694172519619e-01 2.555750088179781047e-03
9.901646975639546433e-01 1.399056012330688326e-01 5.744169594072796522e-04
9.900042248088517516e-01 1.410312486607778470e-01 -1.362874892239592786e-03
9.897829390191813514e-01 1.425453293056482551e-01 -3.255539471416781482e-03
9.895006708731949319e-01 1.444382820815452717e-01 -5.103036141780647149e-03
9.891568923466171892e-01 1.467003790729747292e-01 -6.904869106176186877e-03
9.887507519241065523e-01 1.493217367393638306e-01 -8.660586925153637358e-03
9.882811094429900800e-01 1.522923265934542636e-01 -1.036978207834272046e-02
9.877465704583848760e-01 1.556019854790073320e-01 -1.203209057116302709e-02
9.871455200245997652e-01 1.592404255653471212e-01 -1.364719158745727502e-02
9.864761557931415181e-01 1.631972441677314867e-01 -1.521480718690799115e-02
9.857365203327957959e-01 1.674619334932735959e-01 -1.673470204454269306e-02
9.849245325821931463e-01 1.720238904022703408e-01 -1.820668322825125945e-02
9.840380183500664346e-01 1.768724262644527923e-01 -1.963060000903392791e-02
9.833666671935475945e-01 1.806752166659915115e-01 -1.861454101906865471e-02
9.827180011213902944e-01 1.842698276279634562e-01 -1.760676333429304560e-02
9.820939550438169130e-01 1.876584161578055687e-01 -1.660781577149762073e-02
9.814962903121767779e-01 1.908432351640416413e-01 -1.561822478613130588e-02
9.809265978967790511e-01 1.938266268517991053e-01 -1.463849477436427945e-02
9.803863019092661224e-01 1.966110164497091861e-01 -1.366910840954338111e-02
9.798766634373343720e-01 1.991989062674526523e-01 -1.271052700843761964e-02
9.793987846607692394e-01 2.015928700810833696e-01 -1.176319092287847479e-02
9.789536132189935458e-01 2.037955478413377430e-01 -1.082751995261923943e-02
9.785419468016142153e-01 2.058096406984137317e-01 -9.903913775466914940e-03
9.781644379347796958e-01 2.076379063351729559e-01 -8.992752390976412394e-03
9.778215989375046435e-01 2.092831545993781572e-01 -8.094396574237789493e-03
9.775138070234732357e-01 2.107482434244160874e-01 -7.209188336530745166e-03
9.772413095251806237e-01 2.120360750269659755e-01 -6.337451389864615439e-03
9.770042292186046362e-01 2.131495923692465766e-01 -5.479491612665027614e-03
9.768025697279055786e-01 2.140917758728012876e-01 -4.635597514108516157e-03
9.766362209909253966e-01 2.148656403702514095e-01 -3.806040694842487485e-03
9.765049647674908240e-01 2.154742322810526411e-01 -2.991076302058752641e-03
9.764084801737115127e-01 2.159206269970205816e-01 -2.190943477113364759e-03
9.763463492266029053e-01 2.162079264632368325e-01 -1.405865794102890282e-03
9.763180623844482930e-01 2.163392569398999432e-01 -6.360516880167311517e-04
9.763230240693451245e-01 2.163177669307355666e-01 1.183051287138792628e-04
9.763605581593566285e-01 2.161466252637191665e-01 8.570252622575424799e-04
9.764299134386069667e-01 2.158290193100840804e-01 1.579943246819673526e-03
9.765302689945234427e-01 2.153681533278797855e-01 2.286907168106390269e-03
9.766607395522360902e-01 2.147672469167022924e-01 2.977778301283697145e-03
9.768203807369018055e-01 2.140295335706330626e-01 3.652430763747090657e-03
9.770081942554234011e-01 2.131582593168883932e-01 4.310751182873488740e-03
9.772231329896906571e-01 2.121566814281909963e-01 4.952638378794183178e-03
9.774641059940785137e-01 2.110280671974236466e-01 5.578003062104281568e-03
9.777299833905047644e-01 2.097756927637051683e-01 6.186767546310778867e-03
9.780196011548744073e-01 2.084028419796367659e-01 6.778865474717808703e-03
9.783317657892274255e-01 2.069128053100967313e-01 7.354241561353643333e-03
9.786652588743612879e-01 2.053088787536079540e-01 7.912851345459428684e-03
9.790188414981242371e-01 2.035943627779632226e-01 8.454660958984248909e-03
9.793912585549717775e-01 2.017725612624615417e-01 8.979646906464675005e-03
9.797812429127533695e-01 1.998467804397820180e-01 9.487795856609214373e-03
9.801875194430458293e-01 1.978203278311967128e-01 9.979104444858766937e-03
9.806088089116856699e-01 1.956965111694960180e-01 1.045357908615302846e-02
9.810438317264703612e-01 1.934786373046664953e-01 1.091123579709947153e-02
9.812588523903308380e-01 1.924858968844482821e-01 8.960031385113090968e-03
9.813925839684395358e-01 1.918827525646538135e-01 7.045820321023864991e-03
9.814474641439479008e-01 1.916616593317069239e-01 5.169311291834442247e-03
9.814254983619853379e-01 1.918148401706978035e-01 3.331170044294825237e-03
9.813282875144401229e-01 1.923343016857444743e-01 1.532019561619568692e-03
9.811570559156960192e-01 1.932118488435388692e-01 -2.275597211926908611e-04
9.809126794448848052e-01 1.944390989326937880e-01 -1.947029674580354761e-03
9.805957137361053233e-01 1.960074948311979481e-01 -3.625894213536256551e-03
9.802064223038009505e-01 1.979083176728415605e-01 -5.263699026258786100e-03
9.797448044960728186e-01 2.001326990009892337e-01 -6.860031298337956711e-03
9.792106231741303235e-01 2.026716324946506165e-01 -8.414519436934241037e-03
9.786034320213478077e-01 2.055159853475333753e-01 -9.926832797966569574e-03
9.779226023905273069e-01 2.086565093757580536e-01 -1.139668141799394380e-02
9.771673496029787964e-01 2.120838519242713716e-01 -1.282381575125862705e-02
9.763367586179475532e-01 2.157885666358147492e-01 -1.420802641126231967e-02
9.754298089957731399e-01 2.197611241396853488e-01 -1.554914391527327175e-02
9.744453990829859968e-01 2.239919227105666155e-01 -1.684703842931383963e-02
9.733823693523613318e-01 2.284712989404980021e-01 -1.810161951045510809e-02
9.722395248357899034e-01 2.331895384596914811e-01 -1.931283584264747999e-02
9.710156565927099415e-01 2.381368867344759999e-01 -2.048067496184182226e-02
9.697095621618047057e-01 2.433035599632436818e-01 -2.160516296580250115e-02
9.683200649487125888e-01 2.486797560839678345e-01 -2.268636420377734275e-02
9.668460325076435602e-01 2.542556658997376373e-01 -2.372438094106622819e-02
9.652863936800490929e-01 2.600214843218821015e-01 -2.471935299351381635e-02
9.636401545588548778e-01 2.659674217237027460e-01 -2.567145732703673966e-02
9.619064132522322508e-01 2.720837153916634277e-01 -2.658090761747467987e-02
9.600843734264459250e-01 2.783606410551507371e-01 -2.744795376632015380e-02
9.581733566129534418e-01 2.847885244706697683e-01 -2.827288136822569270e-02
9.561728132706295291e-01 2.913577530316194264e-01 -2.905601112660052138e-02
9.540823325997145332e-01 2.980587873706343482e-01 -2.979769821408286348e-02
9.519016511098119526e-01 3.048821729179136408e-01 -3.049833157519920429e-02
9.496306599499554357e-01 3.118185513760003968e-01 -3.115833316908875328e-02
9.472694110143864421e-01 3.188586720691440335e-01 -3.177815715077016157e-02
9.448181218431950246e-01 3.259934031236720320e-01 -3.235828899004888903e-02
9.422771793423395659e-01 3.332137424347182963e-01 -3.289924452779782738e-02
9.396471423527302802e-01 3.405108283741907771e-01 -3.340156896998163621e-02
9.369287431029987845e-01 3.478759501949941213e-01 -3.386583582042801410e-02
9.341228875852446434e-01 3.553005580872308222e-01 -3.429264575396825943e-02
9.312306548974069731e-01 3.627762728433557848e-01 -3.468262543216703297e-02
9.282532955999260871e-01 3.702948950910198156e-01 -3.503642626443008445e-02
9.251922291379995889e-01 3.778484140545656511e-01 -3.535472311781222982e-02
9.220490403839803895e-01 3.854290158087935181e-01 -3.563821297934021554e-02
9.188254753572776545e-01 3.930290909916404063e-01 -3.588761357511120742e-02
9.155234361814980071e-01 4.006412419457695551e-01 -3.610366195082365809e-02
9.121449753404816674e-01 4.082582892626920312e-01 -3.628711301873944334e-02
9.086922892963462672e-01 4.158732777068840925e-01 -3.643873807636242163e-02
9.051677115336419499e-01 4.234794815013709912e-01 -3.655932330234708955e-02
9.015737050942519426e-01 4.310704089603644151e-01 -3.664966823532130741e-02
8.979128546677466183e-01 4.386398064587155865e-01 -3.671058424141895871e-02
8.941878583015344661e-01 4.461816617321275324e-01 -3.674289297637305801e-02
8.904015187943634668e-01 4.536902065062115574e-01 -3.674742484801842707e-02
8.865567348355336552e-01 4.611599184565262077e-01 -3.672501748499826246e-02
8.826564919506116880e-01 4.685855225056660411e-01 -3.667651421736318335e-02
8.787038533125209883e-01 4.759619914672273411e-01 -3.660276257459802590e-02
8.747019504746442742e-01 4.832845460500421186e-01 -3.650461280641488504e-02
8.706539740800552929e-01 4.905486542394058569e-01 -3.638291643141403769e-02
8.665631645982259101e-01 4.977500300751064866e-01 -3.623852481844261342e-02
8.624328031375729786e-01 5.048846318488728890e-01 -3.607228780517813399e-02
8.582662023790474937e-01 5.119486597463812627e-01 -3.588505235813526512e-02
8.540666976726671855e-01 5.189385529611824088e-01 -3.567766127794403525e-02
8.505326634972788513e-01 5.248609316649105461e-01 -3.339509267137699688e-02
8.471987380223346964e-01 5.303622805515665339e-01 -3.114789367601730405e-02
8.440689720762424297e-01 5.354533590950385502e-01 -2.893635032771875448e-02
8.411466450207476520e-01 5.401446376484234646e-01 -2.676067798414479698e-02
8.384343096508390936e-01 5.444462833517270672e-01 -2.462102713391720737e-02
8.359338355858263458e-01 5.483681494910555010e-01 -2.251748904721509112e-02
8.336464510421404128e-01 5.519197680118759219e-01 -2.045010124618463696e-02
8.315727829084114120e-01 5.551103449011767221e-01 -1.841885277774097870e-02
8.297128950700876082e-01 5.579487581669568819e-01 -1.642368927511124455e-02
8.280663249544222282e-01 5.604435581580017312e-01 -1.446451779780460328e-02
8.266321182872745643e-01 5.626029699819947716e-01 -1.254121144262628114e-02
8.254088620710336999e-01 5.644348977953658197e-01 -1.065361372090557410e-02
8.243947158082992610e-01 5.659469307536240112e-01 -8.801542699311918141e-03
8.235874410089426556e-01 5.671463504260545463e-01 -6.984794903517270448e-03
8.229844290290428965e-01 5.680401394933988213e-01 -5.203148985556797085e-03
8.225827272991371730e-01 5.686349915613480022e-01 -3.456369157071787802e-03
8.223790640064437829e-01 5.689373219362530154e-01 -1.744208391716462131e-03
8.223698713013928296e-01 5.689532792223140900e-01 -6.641140090042217843e-05
8.225513071030962076e-01 5.686887576116002041e-01 1.577282612254196506e-03
8.229192755814758176e-01 5.681494097495346507e-01 3.187137415313836750e-03
8.234694463957830113e-01 5.673406600689451240e-01 4.763417419455515285e-03
8.241972727703198442e-01 5.662677184954155729e-01 6.306385556779555909e-03
8.250980084884342869e-01 5.649355944355051173e-01 7.816301355689368041e-03
8.261667238854104589e-01 5.633491109674282349e-01 9.293419207903537080e-03
8.273983209198124689e-01 5.615129191610598314e-01 1.073798682062186011e-02
8.287875474012484922e-01 5.594315124606618062e-01 1.215024384737706589e-02
8.303290104504743585e-01 5.571092410695701602e-01 1.353042069115575202e-02
8.320171892653218659e-01 5.545503262812750966e-01 1.487873747345470378e-02
8.338464472631710311e-01 5.517588747059154475e-01 1.619540316304269797e-02
8.358110436676371435e-01 5.487388923452422018e-01 1.748061485831493497e-02
8.379051446038590090e-01 5.454942984726297572e-01 1.873455721725003978e-02
8.401228337632877796e-01 5.420289392777807302e-01 1.995740202910211564e-02
8.424581226952186919e-01 5.383466012384272581e-01 2.114930792207724702e-02
8.449049607785154015e-01 5.344510241836250009e-01 2.231042020135097850e-02
8.474572449230616256e-01 5.303459140152200213e-01 2.344087081187706811e-02
8.501088290464712260e-01 5.260349550557836817e-01 2.454077842051542377e-02
8.528535333675066887e-01 5.215218219928022814e-01 2.561024861206675704e-02
8.556851535535195952e-01 5.168101913902263256e-01 2.664937419384161635e-02
8.585974697550503576e-01 5.119037527396625986e-01 2.765823560341131720e-02
8.615842555565241812e-01 5.068062190245771204e-01 2.863690141418791593e-02
8.646392868677729160e-01 5.015213367719008053e-01 2.958542893345981681e-02
8.677563507769112672e-01 4.960528955664350037e-01 3.050386488747003355e-02
8.709292543809218357e-01 4.904047370044637422e-01 3.139224618806648465e-02
8.741518336061651073e-01 4.845807630640355246e-01 3.225060077538011161e-02
8.774179620269547675e-01 4.785849438704965486e-01 3.307894853089865528e-02
8.807215596863341434e-01 4.724213248370717766e-01 3.387730225520465405e-02
8.840566019192817038e-01 4.660940331616172383e-01 3.464566870453764796e-02
8.874171281747776918e-01 4.596072836621264424e-01 3.538404968022632741e-02
8.907972508295022296e-01 4.529653839351799327e-01 3.609244316491926757e-02
8.941911639824265956e-01 4.461727388232918368e-01 3.677084449942637223e-02
8.975931522162269305e-01 4.392338541790375972e-01 3.741924759387087879e-02
9.009975993083129131e-01 4.321533399159481759e-01 3.803764616674708277e-02
9.043989968713431749e-01 4.249359123384273684e-01 3.862603500538568796e-02
9.077919529004212507e-01 4.175863957453884168e-01 3.918441124125025821e-02
9.111712002017403611e-01 4.101097233049059709e-01 3.971277563342817674e-02
9.145316046753020345e-01 4.025109371999300856e-01 4.021113385364140369e-02
9.178681734224859445e-01 3.947951880479959041e-01 4.067949776608894424e-02
9.211760626477111247e-01 3.869677336008703339e-01 4.111788669544768487e-02
