1.000000000000000000e+00 0.000000000000000000e+00 0.000000000000000000e+00
1.000000000000000000e+00 0.000000000000000000e+00 0.000000000000000000e+00
1.000000000000000000e+00 0.000000000000000000e+00 0.000000000000000000e+00
1.000000000000000000e+00 0.000000000000000000e+00 0.000000000000000000e+00
1.000000000000000000e+00 0.000000000000000000e+00 0.000000000000000000e+00
1.000000000000000000e+00 0.000000000000000000e+00 0.000000000000000000e+00
1.000000000000000000e+00 0.000000000000000000e+00 0.000000000000000000e+00
1.000000000000000000e+00 0.000000000000000000e+00 0.000000000000000000e+00
1.000000000000000000e+00 0.000000000000000000e+00 0.000000000000000000e+00
1.000000000000000000e+00 0.000000000000000000e+00 0.000000000000000000e+00
1.000000000000000000e+00 0.000000000000000000e+00 0.000000000000000000e+00
1.000000000000000000e+00 0.000000000000000000e+00 0.000000000000000000e+00
1.000000000000000000e+00 0.000000000000000000e+00 0.000000000000000000e+00
1.000000000000000000e+00 0.000000000000000000e+00 0.000000000000000000e+00
1.000000000000000000e+00 0.000000000000000000e+00 0.000000000000000000e+00
1.000000000000000000e+00 0.000000000000000000e+00 0.000000000000000000e+00
1.000000000000000000e+00 0.000000000000000000e+00 0.000000000000000000e+00
1.000000000000000000e+00 0.000000000000000000e+00 0.000000000000000000e+00
1.000000000000000000e+00 0.000000000000000000e+00 0.000000000000000000e+00
1.000000000000000000e+00 0.000000000000000000e+00 0.000000000000000000e+00
1.000000000000000000e+00 0.000000000000000000e+00 0.000000000000000000e+00
1.000000000000000000e+00 0.000000000000000000e+00 0.000000000000000000e+00
1.000000000000000000e+00 0.000000000000000000e+00 0.000000000000000000e+00
1.000000000000000000e+00 0.000000000000000000e+00 0.000000000000000000e+00
1.000000000000000000e+00 0.000000000000000000e+00 0.000000000000000000e+00
1.000000000000000000e+00 0.000000000000000000e+00 0.000000000000000000e+00
1.000000000000000000e+00 0.000000000000000000e+00 0.000000000000000000e+00
1.000000000000000000e+00 0.000000000000000000e+00 0.000000000000000000e+00
1.000000000000000000e+00 0.000000000000000000e+00 0.000000000000000000e+00
1.000000000000000000e+00 0.000000000000000000e+00 0.000000000000000000e+00
1.000000000000000000e+00 0.000000000000000000e+00 0.000000000000000000e+00
1.000000000000000000e+00 0.000000000000000000e+00 0.000000000000000000e+00
1.000000000000000000e+00 0.000000000000000000e+00 0.000000000000000000e+00
1.000000000000000000e+00 0.000000000000000000e+00 0.000000000000000000e+00
1.000000000000000000e+00 0.000000000000000000e+00 0.000000000000000000e+00
1.000000000000000000e+00 0.000000000000000000e+00 0.000000000000000000e+00
1.000000000000000000e+00 0.000000000000000000e+00 0.000000000000000000e+00
1.000000000000000000e+00 0.000000000000000000e+00 0.000000000000000000e+00
1.000000000000000000e+00 0.000000000000000000e+00 0.000000000000000000e+00
1.000000000000000000e+00 0.000000000000000000e+00 0.000000000000000000e+00
1.000000000000000000e+00 0.000000000000000000e+00 0.000000000000000000e+00
1.000000000000000000e+00 0.000000000000000000e+00 0.000000000000000000e+00
1.000000000000000000e+00 0.000000000000000000e+00 0.000000000000000000e+00
1.000000000000000000e+00 0.000000000000000000e+00 0.000000000000000000e+00
1.000000000000000000e+00 0.000000000000000000e+00 0.000000000000000000e+00
1.000000000000000000e+00 0.000000000000000000e+00 0.000000000000000000e+00
1.000000000000000000e+00 0.000000000000000000e+00 0.000000000000000000e+00
1.000000000000000000e+00 0.000000000000000000e+00 0.000000000000000000e+00
1.000000000000000000e+00 0.000000000000000000e+00 0.000000000000000000e+00
1.000000000000000000e+00 0.000000000000000000e+00 0.000000000000000000e+00
1.000000000000000000e+00 0.000000000000000000e+00 0.000000000000000000e+00
1.000000000000000000e+00 0.000000000000000000e+00 0.000000000000000000e+00
1.000000000000000000e+00 0.000000000000000000e+00 0.000000000000000000e+00
1.000000000000000000e+00 0.000000000000000000e+00 0.000000000000000000e+00
1.000000000000000000e+00 0.000000000000000000e+00 0.000000000000000000e+00
1.000000000000000000e+00 0.000000000000000000e+00 0.000000000000000000e+00
1.000000000000000000e+00 0.000000000000000000e+00 0.000000000000000000e+00
1.000000000000000000e+00 0.000000000000000000e+00 0.000000000000000000e+00
1.000000000000000000e+00 0.000000000000000000e+00 0.000000000000000000e+00
1.000000000000000000e+00 0.000000000000000000e+00 0.000000000000000000e+00
1.000000000000000000e+00 0.000000000000000000e+00 0.000000000000000000e+00
1.000000000000000000e+00 0.000000000000000000e+00 0.000000000000000000e+00
1.000000000000000000e+00 0.000000000000000000e+00 0.000000000000000000e+00
1.000000000000000000e+00 0.000000000000000000e+00 0.000000000000000000e+00
1.000000000000000000e+00 0.000000000000000000e+00 0.000000000000000000e+00
1.000000000000000000e+00 0.000000000000000000e+00 0.000000000000000000e+00
1.000000000000000000e+00 0.000000000000000000e+00 0.000000000000000000e+00
1.000000000000000000e+00 0.000000000000000000e+00 0.000000000000000000e+00
1.000000000000000000e+00 0.000000000000000000e+00 0.000000000000000000e+00
1.000000000000000000e+00 0.000000000000000000e+00 0.000000000000000000e+00
1.000000000000000000e+00 0.000000000000000000e+00 0.000000000000000000e+00
1.000000000000000000e+00 0.000000000000000000e+00 0.000000000000000000e+00
1.000000000000000000e+00 0.000000000000000000e+00 0.000000000000000000e+00
1.000000000000000000e+00 0.000000000000000000e+00 0.000000000000000000e+00
1.000000000000000000e+00 0.000000000000000000e+00 0.000000000000000000e+00
1.000000000000000000e+00 0.000000000000000000e+00 0.000000000000000000e+00
1.000000000000000000e+00 0.000000000000000000e+00 0.000000000000000000e+00
1.000000000000000000e+00 0.000000000000000000e+00 0.000000000000000000e+00
1.000000000000000000e+00 0.000000000000000000e+00 0.000000000000000000e+00
1.000000000000000000e+00 0.000000000000000000e+00 0.000000000000000000e+00
1.000000000000000000e+00 0.000000000000000000e+00 0.000000000000000000e+00
1.000000000000000000e+00 0.000000000000000000e+00 0.000000000000000000e+00
1.000000000000000000e+00 0.000000000000000000e+00 0.000000000000000000e+00
1.000000000000000000e+00 0.000000000000000000e+00 0.000000000000000000e+00
1.000000000000000000e+00 0.000000000000000000e+00 0.000000000000000000e+00
1.000000000000000000e+00 0.000000000000000000e+00 0.000000000000000000e+00
1.000000000000000000e+00 0.000000000000000000e+00 0.000000000000000000e+00
1.000000000000000000e+00 0.000000000000000000e+00 0.000000000000000000e+00
1.000000000000000000e+00 0.000000000000000000e+00 0.000000000000000000e+00
1.000000000000000000e+00 0.000000000000000000e+00 0.000000000000000000e+00
1.000000000000000000e+00 0.000000000000000000e+00 0.000000000000000000e+00
1.000000000000000000e+00 0.000000000000000000e+00 0.000000000000000000e+00
1.000000000000000000e+00 0.000000000000000000e+00 0.000000000000000000e+00
1.000000000000000000e+00 0.000000000000000000e+00 0.000000000000000000e+00
1.000000000000000000e+00 0.000000000000000000e+00 0.000000000000000000e+00
1.000000000000000000e+00 0.000000000000000000e+00 0.000000000000000000e+00
1.000000000000000000e+00 0.000000000000000000e+00 0.000000000000000000e+00
1.000000000000000000e+00 0.000000000000000000e+00 0.000000000000000000e+00
1.000000000000000000e+00 0.000000000000000000e+00 0.000000000000000000e+00
1.000000000000000000e+00 0.000000000000000000e+00 0.000000000000000000e+00
1.000000000000000000e+00 0.000000000000000000e+00 0.000000000000000000e+00
1.000000000000000000e+00 0.000000000000000000e+00 0.000000000000000000e+00
1.000000000000000000e+00 0.000000000000000000e+00 0.000000000000000000e+00
1.000000000000000000e+00 0.000000000000000000e+00 0.000000000000000000e+00
1.000000000000000000e+00 0.000000000000000000e+00 0.000000000000000000e+00
1.000000000000000000e+00 0.000000000000000000e+00 0.000000000000000000e+00
1.000000000000000000e+00 0.000000000000000000e+00 0.000000000000000000e+00
1.000000000000000000e+00 0.000000000000000000e+00 0.000000000000000000e+00
1.000000000000000000e+00 0.000000000000000000e+00 0.000000000000000000e+00
1.000000000000000000e+00 0.000000000000000000e+00 0.000000000000000000e+00
1.000000000000000000e+00 0.000000000000000000e+00 0.000000000000000000e+00
1.000000000000000000e+00 0.000000000000000000e+00 0.000000000000000000e+00
1.000000000000000000e+00 0.000000000000000000e+00 0.000000000000000000e+00
1.000000000000000000e+00 0.000000000000000000e+00 0.000000000000000000e+00
1.000000000000000000e+00 0.000000000000000000e+00 0.000000000000000000e+00
1.000000000000000000e+00 0.000000000000000000e+00 0.000000000000000000e+00
1.000000000000000000e+00 0.000000000000000000e+00 0.000000000000000000e+00
1.000000000000000000e+00 0.000000000000000000e+00 0.000000000000000000e+00
1.000000000000000000e+00 0.000000000000000000e+00 0.000000000000000000e+00
1.000000000000000000e+00 0.000000000000000000e+00 0.000000000000000000e+00
1.000000000000000000e+00 0.000000000000000000e+00 0.000000000000000000e+00
1.000000000000000000e+00 0.000000000000000000e+00 0.000000000000000000e+00
1.000000000000000000e+00 0.000000000000000000e+00 0.000000000000000000e+00
1.000000000000000000e+00 0.000000000000000000e+00 0.000000000000000000e+00
1.000000000000000000e+00 0.000000000000000000e+00 0.000000000000000000e+00
1.000000000000000000e+00 0.000000000000000000e+00 0.000000000000000000e+00
1.000000000000000000e+00 0.000000000000000000e+00 0.000000000000000000e+00
1.000000000000000000e+00 0.000000000000000000e+00 0.000000000000000000e+00
1.000000000000000000e+00 0.000000000000000000e+00 0.000000000000000000e+00
1.000000000000000000e+00 0.000000000000000000e+00 0.000000000000000000e+00
1.000000000000000000e+00 0.000000000000000000e+00 0.000000000000000000e+00
1.000000000000000000e+00 0.000000000000000000e+00 0.000000000000000000e+00
1.000000000000000000e+00 0.000000000000000000e+00 0.000000000000000000e+00
1.000000000000000000e+00 0.000000000000000000e+00 0.000000000000000000e+00
1.000000000000000000e+00 0.000000000000000000e+00 0.000000000000000000e+00
1.000000000000000000e+00 0.000000000000000000e+00 0.000000000000000000e+00
1.000000000000000000e+00 0.000000000000000000e+00 0.000000000000000000e+00
1.000000000000000000e+00 0.000000000000000000e+00 0.000000000000000000e+00
1.000000000000000000e+00 0.000000000000000000e+00 0.000000000000000000e+00
1.000000000000000000e+00 0.000000000000000000e+00 0.000000000000000000e+00
1.000000000000000000e+00 0.000000000000000000e+00 0.000000000000000000e+00
1.000000000000000000e+00 0.000000000000000000e+00 0.000000000000000000e+00
9.999987694905421165e-01 8.237342047139604214e-04 -1.335157640288799638e-03
9.999937540932809510e-01 2.335370633686631621e-03 -2.652967887212726462e-03
9.999819746589549974e-01 4.524272561422170227e-03 -3.947413139955573483e-03
9.999592062748667853e-01 7.376695994665149678e-03 -5.212610496254046002e-03
9.999201004605214882e-01 1.087585306829429513e-02 -6.442837736328099925e-03
9.998583332733994578e-01 1.500198661895295500e-02 -7.632559143941262253e-03
9.997667762053340512e-01 1.973245705681457574e-02 -8.776451136835117239e-03
9.996376863090808973e-01 2.504184273330471375e-02 -9.869427629624885276e-03
9.994629116070677943e-01 3.090205498460930553e-02 -1.090666500056001846e-02
9.992341075097896930e-01 3.728246891451055672e-02 -1.188362648221527595e-02
9.989429597202592603e-01 4.415007076736898739e-02 -1.279608574809960007e-02
9.985814089337734512e-01 5.146962243958007333e-02 -1.364014942518170480e-02
9.981418725687193350e-01 5.920384329690083630e-02 -1.441227822904020232e-02
9.976174587923788417e-01 6.731360902126691526e-02 -1.510930639600354536e-02
9.970021682414619280e-01 7.575816672336273261e-02 -1.572845907702177803e-02
9.962910790829847540e-01 8.449536504833747574e-02 -1.626736736229085142e-02
9.954805114158739032e-01 9.348189749551163996e-02 -1.672408062434537629e-02
9.945681674718290788e-01 1.026735566930912918e-01 -1.709707590024450025e-02
9.935532446256069017e-01 1.120254969394754302e-01 -1.738526407967078136e-02
9.924365188558064155e-01 1.214925019653680105e-01 -1.758799272362370977e-02
9.913498536066843725e-01 1.302194888946392459e-01 -1.638172722552631161e-02
9.902752663739864403e-01 1.382990839845335551e-01 -1.510853298504257793e-02
9.892328955261305845e-01 1.457001760770625931e-01 -1.377475264539459662e-02
9.882420194874241837e-01 1.523951488040132807e-01 -1.238690564579816161e-02
9.873207254523644893e-01 1.583598798089204118e-01 -1.095165315600159575e-02
9.864856067173942700e-01 1.635737206872972527e-01 -9.475765518384426239e-03
9.857514928028630052e-01 1.680194623984858637e-01 -7.966092321179143315e-03
9.851312157451991292e-01 1.716832907590579160e-01 -6.429535097770895657e-03
9.846354151810586819e-01 1.745547363046646705e-01 -4.873022528638752855e-03
9.842723841362781556e-01 1.766266223285690995e-01 -3.303487918136970014e-03
9.840479567805430205e-01 1.778950142981429172e-01 -1.727848630975481860e-03
9.839654388149847719e-01 1.783591731447578266e-01 -1.529871051474968741e-04
9.840255806201090305e-01 1.780215141480378238e-01 1.414266989387420259e-03
9.842265927968900652e-01 1.768875723227070762e-01 2.967153902981153543e-03
9.845642032730529403e-01 1.749659743950101043e-01 4.499000730758838384e-03
9.850317547066723689e-01 1.722684166545818130e-01 6.003238553956923018e-03
9.856203404875889529e-01 1.688096472139856974e-01 7.473420206279779432e-03
9.863189772027513014e-01 1.646074505275020305e-01 8.903239018372205091e-03
9.871148109862983855e-01 1.596826314367003619e-01 1.028654882197395544e-02
9.879933547148208595e-01 1.540589955440408165e-01 1.161738540978348930e-02
9.889387525333440676e-01 1.477633223854880051e-01 1.288998955044471512e-02
9.899340677138878108e-01 1.408253276936657084e-01 1.409883155374580185e-02
9.909615893669686537e-01 1.332776110249897228e-01 1.523863727283296388e-02
9.920031530630325500e-01 1.251555851730848934e-01 1.630441532206114777e-02
9.930404699956282277e-01 1.164973841064947530e-01 1.729148518530832998e-02
9.940554589543365571e-01 1.073437466447494798e-01 1.819550579452712188e-02
9.950305750978061248e-01 9.773787370999886814e-02 1.901250407625667063e-02
9.959491293503605069e-01 8.772525774145245592e-02 1.973890289873309403e-02
9.967955922121358725e-01 7.735348370994879486e-02 2.037154780756897376e-02
9.975558758912607127e-01 6.667200208730128530e-02 2.090773191644066872e-02
9.982175889501568866e-01 5.573187507207265357e-02 2.134521832261294244e-02
9.987702581123436563e-01 4.458549830940743836e-02 2.168225944612995129e-02
9.992055124986132242e-01 3.328630122566139660e-02 2.191761274558618258e-02
9.995172263407352542e-01 2.188842988808829826e-02 2.205055234078404092e-02
9.997016171368751092e-01 1.044641695853218942e-02 2.208087617029678637e-02
9.997572972376751466e-01 -9.851561935808068188e-04 2.200890842590647392e-02
9.996852779509216580e-01 -1.235199984343495795e-02 2.183549713110813709e-02
9.994889263867398066e-01 -2.360045324310776349e-02 2.156200686177751902e-02
9.991738763928480482e-01 -3.467781354422767165e-02 2.119030673780308849e-02
9.987478960092303071e-01 -4.553265121546331423e-02 2.072275393913885350e-02
9.982207148649487882e-01 -5.611510733606653312e-02 2.016217311287754957e-02
9.976038158128902600e-01 -6.637716878091989847e-02 1.951183213479906059e-02
9.969101958239060535e-01 -7.627291807184034822e-02 1.877541476558729910e-02
9.961541017209928350e-01 -8.575875551671031938e-02 1.795699079583216312e-02
9.953507467165026990e-01 -9.479359215196031530e-02 1.706098430357695303e-02
9.945160139192630311e-01 -1.033390129041814459e-01 1.609214065332320240e-02
9.936661530105148632e-01 -1.113594102541772546e-01 1.505549284703947520e-02
9.928174761614254606e-01 -1.188220894863166316e-01 1.395632779787070628e-02
9.919860589999017764e-01 -1.256973473077022396e-01 1.280015303881399183e-02
9.911874520537244937e-01 -1.319585262019226379e-01 1.159266430517207069e-02
9.904364076258982408e-01 -1.375820473245346898e-01 1.033971434509393938e-02
9.897466265221668280e-01 -1.425474250426010947e-01 9.047283221130197201e-03
9.891305284741825909e-01 -1.468372663661407507e-01 7.721450271616497885e-03
9.885990495066052652e-01 -1.504372585190672518e-01 6.368367807798892659e-03
9.881614689006560370e-01 -1.533361477603797929e-01 4.994236534533334250e-03
9.878252678244706653e-01 -1.555257123068139458e-01 3.605282602282036328e-03
9.875960211417308399e-01 -1.570007318431456134e-01 2.207736128628837256e-03
9.874773233800062666e-01 -1.577589556556947825e-01 8.078109707288147739e-04
9.874707493407053338e-01 -1.578010709097775743e-01 -5.883145124824294778e-04
9.875758493619919420e-01 -1.571306720352632358e-01 -1.974515996894902602e-03
9.877901788006262507e-01 -1.557542316085881173e-01 -3.344741328988746869e-03
9.881093608731199573e-01 -1.536810725468176209e-01 -4.693028557292828334e-03
9.885271815851039978e-01 -1.509233408810890242e-01 -6.013524137219018392e-03
9.890357150751031279e-01 -1.474959778732807814e-01 -7.300501554023469501e-03
9.896254773010738637e-01 -1.434166897997141699e-01 -8.548380563025100021e-03
9.902856056032530718e-01 -1.387059133658118393e-01 -9.751747189672388752e-03
9.910040612859118969e-01 -1.333867744502409969e-01 -1.090537456672315691e-02
9.917678519773340806e-01 -1.274850377176628968e-01 -1.200424461413953162e-02
9.925632701586880602e-01 -1.210290445940195303e-01 -1.304357049202652281e-02
9.933761439083308442e-01 -1.140496371717971413e-01 -1.401881968099296175e-02
9.941920956009239196e-01 -1.065800658052351996e-01 -1.492573747075392684e-02
9.949968040448763373e-01 -9.865587846282281026e-02 -1.576037056972183492e-02
9.957762653523891672e-01 -9.031479031776684652e-02 -1.651909048876152794e-02
9.965170477290228312e-01 -8.159653256284796208e-02 -1.719861630400989702e-02
9.972065353582975078e-01 -7.254268001614348760e-02 -1.779603636912567219e-02
9.978331566530237451e-01 -6.319645771644925858e-02 -1.830882852849195080e-02
9.983865923569915646e-01 -5.360252736662382556e-02 -1.873487838107681241e-02
9.988579593119988331e-01 -4.380675514208511728e-02 -1.907249516047879873e-02
9.992399661544899558e-01 -3.385596301197471569e-02 -1.932042482996333688e-02
9.995270377662537342e-01 -2.379766629423666832e-02 -1.947786004102957866e-02
9.997154059620948496e-01 -1.367980065719116671e-02 -1.954444666842602985e-02
9.998031646363445546e-01 -3.550442166705825367e-03 -1.952028671101240301e-02
9.997902883873102109e-01 6.542475757902718736e-03 -1.940593743328010434e-02
9.996786144687268560e-01 1.655144448646783673e-02 -1.920240671307167982e-02
9.994717887524681155e-01 2.642965743647118781e-02 -1.891114465319082213e-02
9.991751771992051223e-01 3.613127861341535602e-02 -1.853403160422555790e-02
9.987957450964722872e-01 4.561169887794325889e-02 -1.807336282923579021e-02
9.983419070123280559e-01 5.482777677954234208e-02 -1.753183011456573362e-02
9.978233510069178802e-01 6.373806128819091421e-02 -1.691250069205850470e-02
9.972508411279390472e-01 7.230299431980186098e-02 -1.621879388418341963e-02
9.966360025788757460e-01 8.048509156256362929e-02 -1.545445591362003962e-02
9.959910941861367384e-01 8.824910074187732045e-02 -1.462353333207659645e-02
9.953287729036145448e-01 9.556213708447418298e-02 -1.373034551976020680e-02
9.946618550864338992e-01 1.023937963320849243e-01 -1.277945668791831239e-02
9.940030791497418416e-01 1.087162461891923310e-01 -1.177564778384633873e-02
9.933648740165734736e-01 1.145042975491602916e-01 -1.072388865284807161e-02
9.927591374665226676e-01 1.197354572140046647e-01 -9.629310757374838492e-03
9.921970281406715664e-01 1.243899640955658248e-01 -8.497180692731339316e-03
9.916887745544841204e-01 1.284508110549212601e-01 -7.332874674191162609e-03
9.912435040347503667e-01 1.319037546021597229e-01 -6.141854104950004827e-03
9.908690940431089667e-01 1.347373146439210245e-01 -4.929642270745734564e-03
9.905720478889069591e-01 1.369427663388381733e-01 -3.701802147635250076e-03
9.903573963774039424e-01 1.385141259117012025e-01 -2.463915256468151085e-03
9.902286264922249837e-01 1.394481319987085355e-01 -1.221561452803673377e-03
9.901876377776787086e-01 1.397442237632724737e-01 1.970049424478517199e-05
9.902347266690724181e-01 1.394045166503673494e-01 1.254351705513987846e-03
9.903685986177321876e-01 1.384337762538357386e-01 2.476931562615547824e-03
9.905864074711232536e-01 1.368393903720057370e-01 3.682055833514333559e-03
9.908838211957033959e-01 1.346313389386917803e-01 4.864434731736699824e-03
9.912551126693393000e-01 1.318221611546845362e-01 6.018891069084551619e-03
9.916932739202286573e-01 1.284269188235929171e-01 7.140378633203682372e-03
9.921901518502808104e-01 1.244631546283159612e-01 8.224000884528022415e-03
9.927366031542063096e-01 1.199508438815999473e-01 9.265030023505697876e-03
9.933226658342175774e-01 1.149123381550135325e-01 1.025892643036449906e-02
9.939377444190649058e-01 1.093722991417000329e-01 1.120135842795180053e-02
9.945708057316470230e-01 1.033576211430964203e-01 1.208822226549506607e-02
9.952105818196221865e-01 9.689734068905800357e-02 1.291566216966846814e-02
9.958457764773486209e-01 9.002253200188556348e-02 1.368009026132731634e-02
9.964652716546839040e-01 8.276618729169996080e-02 1.437820609382575027e-02
9.970583299781421438e-01 7.516308121426630573e-02 1.500701553394877263e-02
9.975790895171424699e-01 6.806930306935442265e-02 1.423173536130521027e-02
9.980239803052659564e-01 6.138907401855134283e-02 1.339880434488922162e-02
9.983995758910613194e-01 5.515196680134481361e-02 1.251233521663808537e-02
9.987127149564318795e-01 4.938526075312690139e-02 1.157668419649305128e-02
9.989703182658875580e-01 4.411381999848145580e-02 1.059642599913358796e-02
9.991792106018494435e-01 3.935998895621590360e-02 9.576328191573054566e-03
9.993459513031949237e-01 3.514350466822987323e-02 8.521325150544510618e-03
9.994766767608751490e-01 3.148142524105509987e-02 7.436491835364477179e-03
9.995769579006643646e-01 2.838807353384292104e-02 6.327017555450757322e-03
9.996516753097282049e-01 2.587499514109607018e-02 5.198179873991076380e-03
9.997049142513857456e-01 2.395092970045397188e-02 4.055318752449901462e-03
9.997398813713491705e-01 2.262179460007865753e-02 2.903811006541622344e-03
9.997588444382073947e-01 2.189068025861392805e-02 1.749045114634111518e-03
9.997630959894043823e-01 2.175785629299284429e-02 5.963963956242017070e-04
9.997529412789472048e-01 2.222078806352773342e-02 -5.487974438525826826e-04
9.997277104512184431e-01 2.327416327860208634e-02 -1.681260402825030019e-03
9.996857944025591136e-01 2.490992853926500550e-02 -2.795801932151303730e-03
9.996247033443150798e-01 2.711733589358460497e-02 -3.887340340342176296e-03
9.995411466531662903e-01 2.988299963891552155e-02 -4.950925853754582773e-03
9.994311321922132452e-01 3.319096374568420577e-02 -5.981763307622635882e-03
9.993286434501973403e-01 3.620014761072232190e-02 -5.641024589389424977e-03
9.992242765296759366e-01 3.902586340108139817e-02 -5.276035318127246000e-03
9.991200541624817300e-01 4.165606866439496014e-02 -4.888618233492468372e-03
9.990179741572468020e-01 4.407969968446407566e-02 -4.480688523200872415e-03
9.989199728963403802e-01 4.628671461202128745e-02 -4.054244215148920631e-03
9.988278903908127671e-01 4.826813131188940204e-02 -3.611356320826209377e-03
9.987434375146466703e-01 5.001605991724544092e-02 -3.154158783302917109e-03
9.986681659902727493e-01 5.152373011197310115e-02 -2.684838279868837461e-03
9.986034416386332380e-01 5.278551318609423643e-02 -2.205623925941540761e-03
9.985504213403886276e-01 5.379693892706158970e-02 -1.718776923326645811e-03
9.985100340815362685e-01 5.455470742158662067e-02 -1.226580192470347070e-03
9.984829663781717990e-01 5.505669584922331938e-02 -7.313280251448427529e-04
9.984696522928099283e-01 5.530196035089507411e-02 -2.353157911815224705e-04
9.984702681700294846e-01 5.529073305386973669e-02 2.591702694808106864e-04
9.984847321336266512e-01 5.502441433041461993e-02 7.498631399596649783e-04
9.985127083023370709e-01 5.450556036163028972e-02 1.234524976528891902e-03
9.985536155978562700e-01 5.373786607192838904e-02 1.710956887968840623e-03
9.986066409386331610e-01 5.272614349441831494e-02 2.177008516483124306e-03
9.986707565369736805e-01 5.147629562416361493e-02 2.630587391966109946e-03
9.987447409465254333e-01 4.999528581580878206e-02 3.069668030417418373e-03
9.988272034433240965e-01 4.829110278525364924e-02 3.492300745960187549e-03
9.989166112672734910e-01 4.637272128247112157e-02 3.896620144351787846e-03
9.990113192031331302e-01 4.425005851461833589e-02 4.280853264216331368e-03
9.991096009415980639e-01 4.193392641544550770e-02 4.643327330623170379e-03
9.992096816325783948e-01 3.943597987858901699e-02 4.982477084231999760e-03
9.993097710248535215e-01 3.676866109833880347e-02 5.296851648166229012e-03
9.994080965792807580e-01 3.394514019136474214e-02 5.585120894194582804e-03
9.995029359468836638e-01 3.097925230593966128e-02 5.846081269812735889e-03
9.995926482184460671e-01 2.788543146049983837e-02 6.078661048517208440e-03
9.996757033784907653e-01 2.467864138989261935e-02 6.281924967022145881e-03
9.997507094333226707e-01 2.137430371423285416e-02 6.455078215426486923e-03
9.998164367295205857e-01 1.798822378073487022e-02 6.597469749404037860e-03
9.998718390350286311e-01 1.453651456201264687e-02 6.708594897340093739e-03
9.999160710187590118e-01 1.103551902400494965e-02 6.788097239922332750e-03
9.999485018351365051e-01 7.501731401837264182e-03 6.835769744928486304e-03
9.999687245958707171e-01 3.951717841670684093e-03 6.851555145730445565e-03
9.999765615908998706e-01 4.020368801785734018e-04 6.835545558223915172e-03
9.999720652022670020e-01 -3.130839759789468164e-03 6.787981337347996982e-03
9.999555145369763975e-01 -6.630605578846842339e-03 6.709249180922965440e-03
9.999274078859360371e-01 -1.008119644458011117e-02 6.599879495045658448e-03
9.998884511942559561e-01 -1.346686601142186267e-02 6.460543041581154333e-03
9.998395428018552744e-01 -1.677225897973941629e-02 6.292046894226186945e-03
9.997817547810777805e-01 -1.998248178317251975e-02 6.095329735057808916e-03
9.997163112585104594e-01 -2.308317032445164271e-02 5.871456528303525650e-03
9.996445641603355359e-01 -2.606055441519999211e-02 5.621612612183538027e-03
9.995679668634056547e-01 -2.890151861351648865e-02 5.347097253015790051e-03
9.994880462671502652e-01 -3.159365919334345546e-02 5.049316708302820783e-03
9.994063738239405970e-01 -3.412533702061666674e-02 4.729776847227895251e-03
9.993245360774641872e-01 -3.648572615188276635e-02 4.390075377897104461e-03
9.992441052600075091e-01 -3.866485801042888332e-02 4.031893730821440626e-03
9.991666104905467805e-01 -4.065366103209128168e-02 3.656988647609492847e-03
9.990935100966485960e-01 -4.244399570702753199e-02 3.267183522728678378e-03
9.990261655549844688e-01 -4.402868497425015820e-02 2.864359544597703654e-03
9.989658175085321945e-01 -4.540153995221507532e-02 2.450446680312632838e-03
9.989135642741591159e-01 -4.655738101101433019e-02 2.027414546106299457e-03
9.988703432032377538e-01 -4.749205420971330804e-02 1.597263203318652954e-03
9.988369152013030217e-01 -4.820244313625773880e-02 1.162013917331765605e-03
9.988138526516204818e-01 -4.868647619748801836e-02 7.236999147057450238e-04
9.988015309230534600e-01 -4.894312941362097269e-02 2.843571717349560103e-04
9.988001235759333962e-01 -4.897242477569976188e-02 -1.539847340953168372e-04
9.988477170519249881e-01 -4.795362026646363129e-02 -1.922934092416246589e-03
9.989335939192076630e-01 -4.602409885489185115e-02 -3.669730881898830826e-03
9.990520486156759805e-01 -4.319722509685316320e-02 -5.386476808380165175e-03
9.991949773611563668e-01 -3.949035084446165383e-02 -7.065432805654733861e-03
9.993520896298416778e-01 -3.492476554477844802e-02 -8.699049323371911210e-03
9.995111660235775908e-01 -2.952563840792615107e-02 -1.027999752333908640e-02
9.996583576543967009e-01 -2.332194891569198264e-02 -1.180120152004083753e-02
9.997785213617234046e-01 -1.634640179815302283e-02 -1.325587167488946443e-02
9.998555843451496505e-01 -8.635322489126375650e-03 -1.463753881835644019e-02
9.998729311083462967e-01 -2.285291937698472747e-04 -1.594008913619100395e-02
9.998138050098703822e-01 8.830821934325869260e-03 -1.715779932225500182e-02
9.996617162326824069e-01 1.849642141250529281e-02 -1.828537147801906348e-02
9.994008476482764136e-01 2.871902294169812603e-02 -1.931796713417268177e-02
9.990164498947873284e-01 3.944669291923659504e-02 -2.025123968922506665e-02
9.984952170389367332e-01 5.062509293015846068e-02 -2.108136450860930572e-02
9.978256344702652880e-01 6.219779397932029275e-02 -2.180506590956839824e-02
9.969982911946331239e-01 7.410661998118767135e-02 -2.241964027433979156e-02
9.960061494529909298e-01 8.629201681102960375e-02 -2.292297458740233038e-02
9.948447655788543731e-01 9.869344210258162997e-02 -2.331355978041366184e-02
9.935124571986977404e-01 1.112497700118683652e-01 -2.359049838762494050e-02
9.920104132362596028e-01 1.238997044065556358e-01 -2.375350615989619413e-02
9.903427446566059889e-01 1.365821934262722304e-01 -2.380290745030598509e-02
9.885164754229137651e-01 1.492368381199684346e-01 -2.373962436096991452e-02
9.865414746779821442e-01 1.618042879147039981e-01 -2.356515982060785816e-02
9.844303326424399536e-01 1.742266160036142209e-01 -2.328157493705037065e-02
9.821981840846475409e-01 1.864476683410687952e-01 -2.289146113007407488e-02
9.798624844124390609e-01 1.984133807681129069e-01 -2.239790769043086341e-02
9.774427444230401330e-01 2.100720598175123133e-01 -2.180446552473544811e-02
9.749602304958562282e-01 2.213746239130790494e-01 -2.111510792868162220e-02
9.724376375078856993e-01 2.322748029256026248e-01 -2.033418928035957488e-02
9.698987419914727459e-01 2.427292953197416614e-01 -1.946640256058156451e-02
9.673680430500296579e-01 2.526978833671492675e-01 -1.851673658918127213e-02
9.648703983215352054e-01 2.621435080608675583e-01 -1.749043381786946280e-02
9.624306618633058363e-01 2.710323064024118822e-01 -1.639294944529454817e-02
9.600733302622561638e-01 2.793336146131408793e-01 -1.522991252326881886e-02
9.578222025935284600e-01 2.870199415228088524e-01 -1.400708961001972952e-02
9.557000590985477162e-01 2.940669168980933890e-01 -1.273035140234115431e-02
9.537283626709430751e-01 3.004532197893464707e-01 -1.140564264905734315e-02
9.519269864611605847e-01 3.061604921000771751e-01 -1.003895551829458131e-02
9.503139701682689067e-01 3.111732425327871643e-01 -8.636306465129615223e-03
9.491605268222195191e-01 3.147365043040761812e-01 -5.936429872568296275e-03
9.484315961346089230e-01 3.169654515144876838e-01 -3.228589033534353704e-03
9.481369052231087835e-01 3.178618400199148541e-01 -5.229447741327028325e-04
9.482790372073155449e-01 3.174305764257933093e-01 2.170476571176281795e-03
9.488534855948687063e-01 3.156796400432554384e-01 4.841757714368207302e-03
9.498487928600680696e-01 3.126200892113308871e-01 7.481065348310524804e-03
9.512467713892854837e-01 3.082661483152207560e-01 1.007862780557491900e-02
9.530228058664946822e-01 3.026353688279296850e-01 1.262471765355722628e-02
9.551462368300306371e-01 2.957488548660521799e-01 1.510964125160917798e-02
9.575808254306769074e-01 2.876315411121157517e-01 1.752373705602764536e-02
9.602852992655994679e-01 2.783125085617735306e-01 1.985738416458036892e-02
9.632139784838339436e-01 2.678253214678473770e-01 2.210102224346843780e-02
9.663174801209035714e-01 2.562083671559217679e-01 2.424518357743801061e-02
9.695434968243890062e-01 2.435051791738608029e-01 2.628053753200760428e-02
9.728376438227338552e-01 2.297647236150567041e-01 2.819794722300812337e-02
9.761443652550099159e-01 2.150416285269396433e-01 2.998853766485628028e-02
9.794078879535949023e-01 1.993963371749378488e-01 3.164377413210360535e-02
9.825732076303410611e-01 1.828951676452035824e-01 3.315554894051241097e-02
9.855870893697750157e-01 1.656102638658274728e-01 3.451627435996657695e-02
9.883990616125397644e-01 1.476194265837353914e-01 3.571897894039419152e-02
9.909623806573700788e-01 1.290058170705170315e-01 3.675740419275868448e-02
9.932349413459745646e-01 1.098575311979300140e-01 3.762609834753814775e-02
9.951801092136742799e-01 9.026704681282607390e-02 3.832050383598788884e-02
9.967674501260407327e-01 7.033055278800486032e-02 3.883703522076368403e-02
9.979733353420657815e-01 5.014717342848196840e-02 3.917314454861493128e-02
9.987814030268219456e-01 2.981810675462191751e-02 3.932737150421630745e-02
9.991828613709758944e-01 9.445699257701313523e-03 3.929937629448677916e-02
9.991766234655748979e-01 -1.086751723934301431e-02 3.908995385949642909e-02
9.987692696609790088e-01 -3.101979918892491112e-02 3.870102875243063012e-02
9.979748389907344697e-01 -5.091114753778909485e-02 3.813563081360068358e-02
9.968144570230053070e-01 -7.044421966605644847e-02 3.739785253564381629e-02
9.953158128784721503e-01 -8.952517243950679215e-02 3.649278973320075475e-02
9.935125028240847644e-01 -1.080644152116553569e-01 3.542646774955360289e-02
9.914432615764560142e-01 -1.259772559754933074e-01 3.420575592199292386e-02
9.891511050647818770e-01 -1.431844288569167345e-01 3.283827336446500794e-02
9.866824098361827167e-01 -1.596124964457293904e-01 3.133228929934026713e-02
9.840859545492157689e-01 -1.751941257597919022e-01 2.969662118060558895e-02
9.814119481865366534e-01 -1.898682416436145992e-01 2.794053370967362893e-02
9.787110678825197141e-01 -2.035800658706306554e-01 2.607364157222500506e-02
9.760335268087114713e-01 -2.162810539640177832e-01 2.410581834609645466e-02
9.736393843037116635e-01 -2.271473395471720058e-01 2.074759906241635879e-02
9.715307902126785189e-01 -2.362789052646407650e-01 1.732707876348294623e-02
9.697620979683437836e-01 -2.436584207203896513e-01 1.385895404362307189e-02
9.683774586041908883e-01 -2.492746253900562925e-01 1.035764341301740471e-02
9.674102941381589327e-01 -2.531217007555232046e-01 6.837297347291101252e-03
9.668829514435812733e-01 -2.551987677385050279e-01 3.311824423790122457e-03
9.668065270417673940e-01 -2.555095273541027612e-01 -2.050710580612578708e-04
9.671808545859095219e-01 -2.540620551509097935e-01 -3.699844793603855684e-03
9.679946488428845530e-01 -2.508687527819153940e-01 -7.159066410882809067e-03
9.692258023238413678e-01 -2.459464530422333928e-01 -1.056937643482939657e-02
9.708418329759306298e-01 -2.393166679685253262e-01 -1.391745087203655543e-02
9.728004831571550604e-01 -2.310059631704276806e-01 -1.718997767126648549e-02
9.750504711424676785e-01 -2.210464355262913017e-01 -2.037364884610199864e-02
9.775323963738186128e-01 -2.094762658338086558e-01 -2.345517144414669200e-02
9.801797983624317423e-01 -1.963403131224568665e-01 -2.642129980840080689e-02
9.829203664596074530e-01 -1.816907133264799024e-01 -2.925889070120306357e-02
9.856772936211525282e-01 -1.655874421501496163e-01 -3.195498185728914975e-02
9.883707619111912202e-01 -1.480988005270891528e-01 -3.449689341894549011e-02
9.909195410677403837e-01 -1.293017813789638371e-01 -3.687235051548987119e-02
9.932426743634548139e-01 -1.092822786744095109e-01 -3.906962402894399028e-02
9.952612187415685874e-01 -8.813510425316771479e-02 -4.107768539976970612e-02
9.968999993864248177e-01 -6.596378456284775205e-02 -4.288637024456325858e-02
9.980893331500911847e-01 -4.288011824123442312e-02 -4.448654466180976957e-02
9.987666712466412022e-01 -1.900348606005104052e-02 -4.587026747168814617e-02
9.988781099167568511e-01 5.540083374465182287e-03 -4.703094134165401036e-02
9.983797187883434177e-01 3.061907627009609334e-02 -4.796344584289333191e-02
9.972386406400343128e-01 5.609785644220523226e-02 -4.866424598890892878e-02
9.954339231897481044e-01 8.183818879718414430e-02 -4.913147071906356911e-02
9.929570530860823974e-01 1.077008747060799188e-01 -4.936495706427612012e-02
9.898121739250749229e-01 1.335474437652360014e-01 -4.936625729309156857e-02
9.860159830850072638e-01 1.592418429168088456e-01 -4.913860808019111792e-02
9.815973155645032477e-01 1.846520638363854105e-01 -4.868686254422455867e-02
9.765964358743610685e-01 2.096516528732695617e-01 -4.801738773994181780e-02
9.710640704734314621e-01 2.341210543454224635e-01 -4.713793174046695955e-02
9.650602224987010480e-01 2.579487470847323660e-01 -4.605746570790966027e-02
9.586528170794156312e-01 2.810321450494069895e-01 -4.478600725167881241e-02
9.519162290615037492e-01 3.032782447147209792e-01 -4.333443187537733970e-02
9.449297454855112299e-01 3.246040139538011182e-01 -4.171427941197900641e-02
9.377760128877991042e-01 3.449365284307857604e-01 -3.993756207260868579e-02
9.305395148584280074e-01 3.642128714931476274e-01 -3.801658014243612660e-02
9.233051188528945685e-01 3.823798216955771045e-01 -3.596375052159526270e-02
9.161567236479360998e-01 3.993933581441407865e-01 -3.379145231198253663e-02
9.091760306838462258e-01 4.152180177423431262e-01 -3.151189257454303089e-02
9.024414544227725710e-01 4.298261402471128534e-01 -2.913699430115100283e-02
8.960271792561612658e-01 4.431970370321562935e-01 -2.667830762276576090e-02
8.900023637803249343e-01 4.553161179264575420e-01 -2.414694435793389438e-02
8.844304876692938855e-01 4.661740078090823025e-01 -2.155353522318122564e-02
8.793688320340405928e-01 4.757656811651178597e-01 -1.890820839406200798e-02
8.748680810909065242e-01 4.840896388828876407e-01 -1.622058762381487287e-02
8.709720311132876924e-01 4.911471474931435321e-01 -1.349980778632870262e-02
8.677173918952895137e-01 4.969415570501098389e-01 -1.075454549460839668e-02
8.651336661639128511e-01 5.014777101005218896e-01 -7.993062333899318347e-03
8.632430933695518505e-01 5.047614507855964217e-01 -5.223258217103869325e-03
8.620606458921991067e-01 5.067992401208212261e-01 -2.452732396600117333e-03
8.615940677587778929e-01 5.075978809004082493e-01 3.111502693190749090e-04
8.618439483243762744e-01 5.071643534406438114e-01 3.061190112511857995e-03
8.628038258910575298e-01 5.055057614457941773e-01 5.790282738575304108e-03
8.644603188015598239e-01 5.026293855716748027e-01 8.491350532179116686e-03
8.667932840435181863e-01 4.985428406882684849e-01 1.115727763327540104e-02
8.697760057343847384e-01 4.932543313180529632e-01 1.378085035408923437e-02
8.733754179358086400e-01 4.867729981742028866e-01 1.635470492972638037e-02
8.775523679801998655e-01 4.791093470817878730e-01 1.887128441322219810e-02
8.822619277948724470e-01 4.702757497968713674e-01 2.132280642904420959e-02
8.874537614960107401e-01 4.602870043319725601e-01 2.370124337563284111e-02
8.930725577155705919e-01 4.491609403725528860e-01 2.599831650470828606e-02
8.990585346477827366e-01 4.369190532838522212e-01 2.820550509012593673e-02
9.053480246022639344e-01 4.235871481523601489e-01 3.031407162084217080e-02
9.118741428958412332e-01 4.091959734078691735e-01 3.231510360280011318e-02
9.185675432064619450e-01 3.937818219867234015e-01 3.419957212945045483e-02
9.253572580945156334e-01 3.773870769023773275e-01 3.595840688227091436e-02
9.321716193656134353e-01 3.600606776727216518e-01 3.758258666024553302e-02
9.389392484575738163e-01 3.418584844948587831e-01 3.906324392794021522e-02
9.455901022946079371e-01 3.228435185110559713e-01 4.039178124078628140e-02
9.520565553285416094e-01 3.030860590815886990e-01 4.155999678613625514e-02
9.582744940872220951e-01 2.826635827112277122e-01 4.256021570813597193e-02
9.641843968037719925e-01 2.616605331222759401e-01 4.338542340534274483e-02
9.697323679343151648e-01 2.401679177891945793e-01 4.402939664411389953e-02
9.748710958811271921e-01 2.182827328110662213e-01 4.448682815581285477e-02
9.795607022539816189e-01 1.961072249715918314e-01 4.475344041125736694e-02
9.837694526630428316e-01 1.737480068242838183e-01 4.482608450879042861e-02
9.874743023645851103e-01 1.513150472037732286e-01 4.470282057485151783e-02
9.906612549704885140e-01 1.289205652593113927e-01 4.438297674295974687e-02
9.933255186504056367e-01 1.066778605273794867e-01 4.386718461663369900e-02
9.954714514548230753e-01 8.470011437809595034e-02 4.315739008694102069e-02
9.971122951353763586e-01 6.309919916777030624e-02 4.225683940765194435e-02
9.982697046554803721e-01 4.198453052542087255e-02 4.117004146553761290e-02
9.989730879857470214e-01 2.146199545648294627e-02 3.990270815481936073e-02
9.992587773217103120e-01 1.632984562415201735e-03 3.846167561308672794e-02
9.991690581831654816e-01 -1.740644903208300731e-02 3.685480975167645251e-02
9.987510867017800331e-01 -3.556628807946587284e-02 3.509089998157684243e-02
9.980557276497006303e-01 -5.276309807113651468e-02 3.317954527819031579e-02
9.971363464085297723e-01 -6.892042081177968127e-02 3.113103674370312421e-02
9.960475872449083834e-01 -8.396901967419548307e-02 2.895624062911603819e-02
9.948441681615397547e-01 -9.784698746400613545e-02 2.666648539693758715e-02
9.935797195132130000e-01 -1.104997327599816365e-01 2.427345587719892742e-02
9.923056898333065812e-01 -1.218798643326381298e-01 2.178909693611117554e-02
9.910703382278028828e-01 -1.319469957013996719e-01 1.922552838192842159e-02
9.899178285574443681e-01 -1.406674930745914209e-01 1.659497211786662221e-02
9.888874366955422435e-01 -1.480141899025860242e-01 1.390969185404710741e-02
9.880128786111146422e-01 -1.539660901899303214e-01 1.118194503987860779e-02
9.873217640104804405e-01 -1.585080807172629946e-01 8.423946098583975917e-03
9.868351778347997927e-01 -1.616306695937436144e-01 5.647839553379314578e-03
9.865673900544704722e-01 -1.633297652724787219e-01 2.865681240645171456e-03
9.865256928691077398e-01 -1.636065064836746130e-01 8.942551475537912839e-05
9.867103635176739385e-01 -1.624671496277852734e-01 -2.669083836324633290e-03
9.871147503014866542e-01 -1.599230161631808589e-01 -5.398121327045660167e-03
9.877254789810202551e-01 -1.559904985453628712e-01 -8.086088504484089876e-03
9.885227762792561101e-01 -1.506911194426540090e-01 -1.072152589823133217e-02
9.894809066713096124e-01 -1.440516353757592682e-01 -1.329313020580947906e-02
9.905687178425620631e-01 -1.361041727128491363e-01 -1.578977843314688032e-02
9.917502890648134395e-01 -1.268863812057862694e-01 -1.820056033393654960e-02
9.929856752187865565e-01 -1.164415880858499647e-01 -2.051482004596494671e-02
9.942317372726251490e-01 -1.048189342565492982e-01 -2.272220731892763204e-02
9.954430477494228269e-01 -9.207347342783969713e-02 -2.481273818249506505e-02
9.965728571718220907e-01 -7.826621521622240119e-02 -2.677686433498114443e-02
9.975741047953909924e-01 -6.346409434931898907e-02 -2.860554996530782421e-02
9.984004543126947517e-01 -4.773985018520106316e-02 -3.029035418083641726e-02
9.990073328342580217e-01 -3.117180376181555995e-02 -3.182351673011324378e-02
9.993529495526063400e-01 -1.384352344952743952e-02 -3.319804431230994474e-02
9.993992692881679130e-01 4.156625151923425826e-03 -3.440779448219584424e-02
9.991777312870031569e-01 2.191345638571132182e-02 -3.411355398487044693e-02
9.986536095904576804e-01 3.946925970483559920e-02 -3.366329891124181239e-02
9.978415527700058574e-01 5.673910763008070679e-02 -3.306025346238545409e-02
9.967613975413851524e-01 7.364066485041140253e-02 -3.230849403144336190e-02
9.954377054443623862e-01 9.009480011232767760e-02 -3.141289742433307774e-02
9.938992096616918737e-01 1.060261267589094197e-01 -3.037907982131759013e-02
9.921781880180231550e-01 1.213634624191197997e-01 -2.921332848388917894e-02
9.903097795681020665e-01 1.360402017888203141e-01 -2.792252837256464088e-02
9.883312628011652334e-01 1.499945999774545402e-01 -2.651408589716375622e-02
9.862813133873544746e-01 1.631699673307517584e-01 -2.499585197557490854e-02
9.841992586470328375e-01 1.755147798131274639e-01 -2.337604643926149625e-02
9.821243446425640400e-01 1.869827118070910843e-01 -2.166318560768725962e-02
9.800950301032602674e-01 1.975326004604950336e-01 -1.986601457633007869e-02
9.781483194361408895e-01 2.071283524238029250e-01 -1.799344544242449315e-02
9.763191449845024517e-01 2.157388049436925748e-01 -1.605450234754064731e-02
9.746398065984370751e-01 2.233375538242128311e-01 -1.405827386400090168e-02
9.731394745830810322e-01 2.299027607674049845e-01 -1.201387290839900715e-02
9.718437602747145299e-01 2.354169521169116042e-01 -9.930404043010473969e-03
9.707743569190867561e-01 2.398668201187967863e-01 -7.816937734752405983e-03
9.699487522215040070e-01 2.432430365582977927e-01 -5.682490888875410019e-03
9.691780267254843650e-01 2.463141653918636265e-01 -4.830289347437536837e-03
9.685084574102638122e-01 2.489492824564349671e-01 -3.958504590126660054e-03
9.679457991995533694e-01 2.511404900450877609e-01 -3.070991596238994720e-03
9.674947896584114027e-01 2.528817170654465984e-01 -2.171626070435879203e-03
9.671590962737542929e-01 2.541687053626107695e-01 -1.264291603632441193e-03
9.669412780445011402e-01 2.549989940821471013e-01 -3.528674352047466789e-04
9.668427616401877867e-01 2.553719027404877662e-01 5.587832726111566098e-04
9.668638322070387536e-01 2.552885134841106352e-01 1.466824748676684269e-03
9.670036387290555924e-01 2.547516528243684575e-01 2.367459622430169181e-03
9.672602136879366874e-01 2.537658729380741773e-01 3.256939737827563731e-03
9.676305066085709727e-01 2.523374324310895811e-01 4.131576877701525694e-03
9.681104309253975027e-01 2.504742762790831412e-01 4.987753496964478402e-03
9.686949234581740953e-01 2.481860144918238420e-01 5.821933551317974402e-03
9.693780156430531481e-01 2.454838988999054616e-01 6.630673492556497448e-03
9.701529155261835458e-01 2.423807973401292115e-01 7.410633482684367106e-03
9.710120993927791044e-01 2.388911644217464325e-01 8.158588857500868527e-03
9.719474117758005738e-01 2.350310079934655461e-01 8.871441846727053798e-03
9.729501724668346840e-01 2.308178504028170208e-01 9.546233532886291839e-03
9.740112890398053835e-01 2.262706836464813964e-01 1.018015600579511015e-02
9.751213732987809024e-01 2.214099175528634056e-01 1.077056464448618127e-02
9.764284294412310938e-01 2.154723421586566545e-01 1.261912783529078180e-02
9.778937172376481746e-01 2.086059124603407977e-01 1.440495605680256613e-02
9.794912957497087236e-01 2.008406938643177431e-01 1.612049196526557995e-02
9.811930506282543485e-01 1.922105398986734826e-01 1.775838350404998836e-02
9.829691800827580206e-01 1.827531455904671809e-01 1.931151678853253520e-02
9.847887138118947004e-01 1.725100773308177737e-01 2.077305354091397299e-02
9.866200574718657634e-01 1.615267706880829934e-01 2.213647263045262145e-02
9.884315541771061531e-01 1.498524882799413260e-01 2.339561504080622800e-02
9.901920535021159209e-01 1.375402308274863983e-01 2.454473136830370716e-02
9.918714775564541064e-01 1.246465958705881005e-01 2.557853076314315494e-02
9.934413730128297537e-01 1.112315802876474025e-01 2.649223006974432346e-02
9.948754375528487959e-01 9.735832467939153911e-02 2.728160181202256979e-02
9.961500091192477813e-01 8.309279977221784019e-02 2.794301961197975803e-02
9.972445066752251286e-01 6.850343718266767301e-02 2.847349963134029882e-02
9.981418118984389798e-01 5.366070906005471208e-02 2.887073668882308639e-02
9.988285823830131971e-01 3.863666318215722845e-02 2.913313382960166370e-02
9.992954884649172254e-01 2.350442191295732883e-02 2.925982430463328759e-02
9.995373676756403869e-01 8.337654943418055381e-03 2.925068514842383768e-02
9.995532929934731747e-01 -6.789963156804889807e-03 2.910634181386935818e-02
9.993465534087123681e-01 -2.180529890845799706e-02 2.882816361894244631e-02
9.989245477431641929e-01 -3.663629760549064890e-02 2.841825006730764117e-02
9.982985950540216313e-01 -5.121250127282007264e-02 2.787940840785864058e-02
9.974836671983378089e-01 -6.546553631179177768e-02 2.721512308141529543e-02
9.964980511376854144e-01 -7.932956152874053035e-02 2.642951795252399677e-02
9.953629502408010143e-01 -9.274166888033717748e-02 2.552731242888761284e-02
9.941020351347039652e-01 -1.056422311699211219e-01 2.451377272181966965e-02
9.927409555268222885e-01 -1.179751929876474148e-01 2.339465959310660370e-02
9.913068248630434454e-01 -1.296883032966131832e-01 2.217617396517243544e-02
9.898276897152679110e-01 -1.407332901236337530e-01 2.086490174429514455e-02
9.883319954446515565e-01 -1.510659797236074131e-01 1.946775912567721284e-02
9.868480590181543111e-01 -1.606463642720344087e-01 1.799193952173134062e-02
9.854035589328434819e-01 -1.694386235410647035e-01 1.644486309007178043e-02
9.840250510970840470e-01 -1.774111070899947185e-01 1.483412964549380569e-02
9.827375183030520045e-01 -1.845362842305926787e-01 1.316747553109131989e-02
9.815639596690131086e-01 -1.907906694083493504e-01 1.145273480772034808e-02
9.805250251919686022e-01 -1.961547306857755746e-01 9.697804907586284745e-03
9.796386993795130893e-01 -2.006127887488987072e-01 7.910616694991571760e-03
9.789200368588601986e-01 -2.041529133182005407e-01 6.099108692052678839e-03
9.783809519120407749e-01 -2.067668230716257771e-01 4.271205064878362372e-03
9.780300630671281414e-01 -2.084497942245743529e-01 2.434796830299861339e-03
9.780407404930419046e-01 -2.084127103950852988e-01 -7.082580165449639878e-04
9.783785776270392809e-01 -2.067867271012749919e-01 -3.828662649959567107e-03
9.790329047288246489e-01 -2.035849294963723299e-01 -6.913715396365075275e-03
9.799844418968495230e-01 -1.988253704883723438e-01 -9.950819698283416836e-03
9.812057182277271750e-01 -1.925312284387318273e-01 -1.292747838768313479e-02
9.826616253040666438e-01 -1.847310413401895834e-01 -1.583129676983643930e-02
9.843101021738381862e-01 -1.754589993553321847e-01 -1.864999706430809853e-02
9.861029480170474537e-01 -1.647552736976873045e-01 -2.137144622951331341e-02
9.879867569566432861e-01 -1.526663566467649780e-01 -2.398369857746577780e-02
9.899039669285425447e-01 -1.392453851700327094e-01 -2.647505387660857926e-02
9.917940112268872621e-01 -1.245524193494119691e-01 -2.883413085943981047e-02
9.935945574148291604e-01 -1.086546467427871171e-01 -3.104995522160056143e-02
9.952428139508655569e-01 -9.162648509203116798e-02 -3.311206035160332156e-02
9.966768804141399318e-01 -7.354955850964474406e-02 -3.501059820443126053e-02
9.978371129673002660e-01 -5.451252645594094337e-02 -3.673645697297527046e-02
9.986674730564826241e-01 -3.461075038498158396e-02 -3.828138156735464565e-02
9.991168247029235117e-01 -1.394578971065591963e-02 -3.963809243201146804e-02
9.991401444446975644e-01 7.375273566217425275e-03 -4.080039795769296179e-02
9.986996083231078902e-01 2.924067401671833974e-02 -4.176329571394258450e-02
9.977655224509016652e-01 5.153494991572585282e-02 -4.252305795708543473e-02
9.963170676864784303e-01 7.414005474867499390e-02 -4.307729736052907238e-02
9.943428346545717389e-01 9.693656270906514383e-02 -4.342500965012716790e-02
9.918411325317632032e-01 1.198049324950372641e-01 -4.356659076904496192e-02
9.888200632515102839e-01 1.426267902687709810e-01 -4.350382728806715532e-02
9.852973615733053858e-01 1.652861913111437486e-01 -4.323985994946458883e-02
9.813000102438080852e-01 1.876708207748720991e-01 -4.277912140917756317e-02
9.768636476917808009e-01 2.096730969300315550e-01 -4.212725034692744314e-02
9.720317928320824086e-01 2.311911451624000247e-01 -4.129098507768050319e-02
9.668549171935261199e-01 2.521296173483154601e-01 -4.027804056456808085e-02
9.613893984502115408e-01 2.724003386156564899e-01 -3.909697326451046923e-02
9.556963913959535262e-01 2.919227713885490516e-01 -3.775703851507888897e-02
9.498406524785480975e-01 3.106242944860724275e-01 -3.626804519643710145e-02
9.438893523639003691e-01 3.284403024334878185e-01 -3.464021219560990683e-02
9.379109078983312031e-01 3.453141366630517739e-01 -3.288403079645486199e-02
9.319738606241212420e-01 3.611968656516911236e-01 -3.101013656204652455e-02
9.261458240585908053e-01 3.760469351019968820e-01 -2.902919361600677164e-02
9.204925166514263957e-01 3.898297119709041025e-01 -2.695179351494245840e-02
9.150768920394513062e-01 4.025169475356040749e-01 -2.478837018089499744e-02
9.099583732212837006e-01 4.140861848853117366e-01 -2.254913166891493737e-02
9.051921928091574143e-01 4.245201354210302314e-01 -2.024400891015554205e-02
9.008288377433565364e-01 4.338060473434051101e-01 -1.788262101545321295e-02
8.969135938688587162e-01 4.419350869283655836e-01 -1.547425625938604436e-02
8.934861836046208428e-01 4.489017508377019516e-01 -1.302786749341725697e-02
8.905804885628834100e-01 4.547033249687765233e-01 -1.055208045558192129e-02
8.882243483390006578e-01 4.593394025630313515e-01 -8.055213245143038117e-03
8.864394267043048670e-01 4.628114715788626543e-01 -5.545305102590325497e-03
8.852411369913605332e-01 4.651225787658901933e-01 -3.030152565739520267e-03
8.846386194506938860e-01 4.662770754957215047e-01 -5.173510489391106720e-04
8.846347646674097565e-01 4.662804482208549595e-01 1.985660097004759029e-03
8.852262786448349408e-01 4.651392344371444443e-01 4.471550951263172750e-03
8.864037867859082542e-01 4.628610231885936788e-01 6.933054670102833592e-03
8.881519756336636595e-01 4.594545374388545600e-01 9.362923203426916363e-03
8.904497727788478478e-01 4.549297940012848596e-01 1.175388679297355993e-02
8.932705667210206757e-01 4.492983351314138729e-01 1.409861887633578025e-02
8.965824696011490680e-01 4.425735243133531727e-01 1.638970791842718835e-02
9.003486265368403352e-01 4.347708971995595806e-01 1.861963757031660782e-02
9.045275757214142898e-01 4.259085570930871145e-01 2.078077640859877367e-02
9.090736634397413862e-01 4.160076028147204341e-01 2.286537833028542271e-02
9.139375176642734466e-01 4.050925753172800459e-01 2.486559446256544903e-02
9.190665828974775575e-01 3.931919080603517025e-01 2.677349718891704200e-02
9.246556244693245885e-01 3.796353073843347081e-01 2.981767055472141562e-02
9.306047720757908426e-01 3.645578833152592901e-01 3.274745116036308773e-02
9.368222829692629539e-01 3.479946402294177288e-01 3.555041615627644452e-02
9.432112969291238658e-01 3.299882503349936269e-01 3.821386768697175584e-02
9.496712050011265616e-01 3.105900542074844228e-01 4.072493776841895619e-02
9.560991839386628888e-01 2.898609450595543979e-01 4.307072369784843702e-02
9.623918826326814946e-01 2.678720874875958335e-01 4.523845173844473488e-02
9.684472363040458331e-01 2.447054232315952205e-01 4.721566538337886032e-02
9.741663733298802086e-01 2.204539209771295971e-01 4.899043304135259486e-02
9.794555690727752006e-01 1.952215346393889328e-01 5.055156859782013873e-02
9.842281918687714182e-01 1.691228448898817738e-01 5.188885710521978778e-02
9.884065793230095709e-01 1.422823716304571218e-01 5.299327695914820419e-02
9.919237791080575128e-01 1.148335601028011022e-01 5.385720943434092745e-02
9.947250882330787025e-01 8.691745948016804668e-02 5.447462647118005846e-02
9.967693286535517228e-01 5.868112903336932668e-02 5.484124817125460988e-02
9.980298051722571451e-01 3.027582207789317192e-02 5.495466258428972212e-02
9.984949035026180475e-01 1.855010672052577470e-03 5.481440200206311175e-02
9.981683014006069721e-01 -2.642767664093756408e-02 5.442197202055247540e-02
9.970687828702222699e-01 -5.442052669529771208e-02 5.378083194920593030e-02
9.952296633365264045e-01 -8.197574548020847285e-02 5.289632756622088261e-02
9.928549469212234468e-01 -1.081384308083249424e-01 5.045052405445132199e-02
9.899736012768861615e-01 -1.329200576296884762e-01 4.779793221524780700e-02
9.866995330752140747e-01 -1.562153239158383666e-01 4.495457018106996383e-02
9.831486954720386473e-01 -1.779326483441446283e-01 4.193708273369551459e-02
9.794365759860956810e-01 -1.979938424605683089e-01 3.876248446791886321e-02
9.756758500192459493e-01 -2.163334764110620423e-01 3.544793155971760062e-02
9.719742456543918330e-01 -2.328980043921730081e-01 3.201052806409262347e-02
9.684326498460209542e-01 -2.476447201019834621e-01 2.846717039285689282e-02
9.651434718048637063e-01 -2.605406125138834961e-01 2.483443145427437215e-02
9.621892671249848705e-01 -2.715611889538998569e-01 2.112848398283212817e-02
9.596416165446643998e-01 -2.806893265422946704e-01 1.736506091640658417e-02
9.575602464074794984e-01 -2.879142053619920816e-01 1.355944932024156016e-02
9.559923738744063870e-01 -2.932303679567349608e-01 9.726513312451067622e-03
9.549722585050416379e-01 -2.966369405237316847e-01 5.880740692075823485e-03
9.545209426032310596e-01 -2.981370418757418594e-01 2.036307472860194798e-03
9.546461652423902100e-01 -2.977373971776987038e-01 -1.792845756056747099e-03
9.553424386305134908e-01 -2.954481647487562923e-01 -5.592931825134653950e-03
9.565912799077889161e-01 -2.912829758935144842e-01 -9.350235473637691710e-03
9.583615960589877414e-01 -2.852591797522094907e-01 -1.305103829935007516e-02
9.606102238573798191e-01 -2.773982774812492891e-01 -1.668155584250024040e-02
9.632826301594974439e-01 -2.677265226518796282e-01 -2.022789206103447340e-02
9.663137800099530494e-01 -2.562756575984487251e-01 -2.367601590108269968e-02
9.696291805247353457e-01 -2.430837486534467573e-01 -2.701176395812683595e-02
9.731461071157194720e-01 -2.281960769701756042e-01 -3.022087234210913548e-02
9.767750151241875178e-01 -2.116660362585481847e-01 -3.328903978977187927e-02
9.804211343121317368e-01 -1.935559846452764854e-01 -3.620202280752356228e-02
9.839862360510805983e-01 -1.739379954864536948e-01 -3.894576219297870429e-02
9.873705537756215511e-01 -1.528944518024681620e-01 -4.150653871003184142e-02
9.904748268624951058e-01 -1.305184315294257991e-01 -4.387115404285637371e-02
9.932024272804864662e-01 -1.069138363353065585e-01 -4.602713151537138336e-02
9.954615180163002286e-01 -8.219522549519986399e-02 -4.796292954241282436e-02
9.971671834005652046e-01 -5.648732816736734552e-02 -4.966815949840700656e-02
9.982434650293654510e-01 -2.992422196917845709e-02 -5.113379877211049473e-02
9.986252338955414753e-01 -2.648182311869549943e-03 -5.235238933318311222e-02
9.982598302930740797e-01 2.519177548161688832e-02 -5.331821225199811359e-02
9.971084084020988003e-01 5.344162189720232103e-02 -5.402742933101280925e-02
9.951469321715565863e-01 8.194425159130917791e-02 -5.447818431563324765e-02
9.923667827329046842e-01 1.105415662051741077e-01 -5.467065799026523537e-02
9.887749542358266197e-01 1.390766243908981570e-01 -5.460707371330469212e-02
9.843938334985766758e-01 1.673957774866681458e-01 -5.429165244207702357e-02
9.792605778078286027e-01 1.953507100605895164e-01 -5.373051885719775517e-02
9.734261231302503425e-01 2.228003103322870326e-01 -5.293156262106312598e-02
9.669538705658150546e-01 2.496123057264166556e-01 -5.190426091776974282e-02
9.599181109927574784e-01 2.756646125746076148e-01 -5.065947007651377954e-02
9.524022558014599849e-01 3.008463650566631786e-01 -4.920919518062354114e-02
9.444969450838297531e-01 3.250586055300352939e-01 -4.756634706867748918e-02
9.362981037483854019e-01 3.482146351371643300e-01 -4.574449605695215387e-02
9.279050112478739454e-01 3.702400388600434189e-01 -4.375763111654058790e-02
9.194184426905006591e-01 3.910724121231916039e-01 -4.161993222322726838e-02
9.109389289780601695e-01 4.106608260538642807e-01 -3.934556228477205375e-02
9.025651722469999472e-01 4.289650753373577818e-01 -3.694848356658550492e-02
8.943926412060653197e-01 4.459547562957951183e-01 -3.444230200420859284e-02
8.865123597655125698e-01 4.616082236505641978e-01 -3.184014131400337427e-02
8.790098922625095845e-01 4.759114728506447234e-01 -2.915454747310612660e-02
8.719645200352070802e-01 4.888569914058473187e-01 -2.639742299099101519e-02
8.654485973234568030e-01 5.004426179274684694e-01 -2.357998946738921325e-02
8.595270695483991918e-01 5.106704420931560406e-01 -2.071277623167006726e-02
8.542571338823207183e-01 5.195457729943337988e-01 -1.780563237585695846e-02
8.496880205032985023e-01 5.270761976782292191e-01 -1.486775920291936656e-02
8.458608728149181744e-01 5.332707464459668367e-01 -1.190775998151748401e-02
8.431938103059706258e-01 5.375531046716984784e-01 -7.807543136345877419e-03
8.416347237821684146e-01 5.400345402457991106e-01 -3.713105088514271832e-03
8.411965580167137801e-01 5.407294300585397950e-01 3.673811204961572804e-04
8.418788324293497993e-01 5.396485371923116503e-01 4.426004424104256797e-03
8.436678637872381259e-01 5.367989875472181094e-01 8.454915859374211029e-03
8.465369681117924650e-01 5.321845169228177630e-01 1.244613369735053654e-02
8.504466483401670329e-01 5.258059797860114015e-01 1.639135804445781067e-02
8.553447831112366284e-01 5.176621095170896858e-01 2.028179937455364124e-02
8.611668401197380973e-01 5.077505177659141777e-01 2.410802555398074490e-02
8.678361445794504636e-01 4.960689172822960735e-01 2.785983209217447742e-02
8.752642391619306350e-01 4.826165479225146271e-01 3.152614052793924898e-02
8.833513759603284221e-01 4.673957793206833244e-01 3.509492997337444048e-02
8.919871831263820328e-01 4.504138559554674015e-01 3.855320680075115247e-02
9.010515483545793458e-01 4.316847412430773190e-01 4.188701718455318385e-02
9.104157578513581983e-01 4.112310072773950331e-01 4.508150661551220406e-02
9.199439224055003805e-01 3.890857065933108760e-01 4.812102951120923039e-02
9.294947113957251483e-01 3.652941527663961518e-01 5.098931060684606248e-02
9.389234010069456016e-01 3.399155289026158933e-01 5.366965790368463662e-02
