1.000000000000000000e+00 0.000000000000000000e+00 0.000000000000000000e+00
9.999986108702485499e-01 8.752175418685466347e-04 -1.418604901046583225e-03
9.999929489588401665e-01 2.481330377152049082e-03 -2.818777487827987815e-03
9.999796510977548847e-01 4.807034116583588229e-03 -4.194122839577601666e-03
9.999539478043020235e-01 7.837719056937513668e-03 -5.538388468457658073e-03
9.999098012818941061e-01 1.155553532188797333e-02 -6.845491866269120228e-03
9.998400727118603726e-01 1.593946956683829283e-02 -8.109547980249360785e-03
9.997367153252282312e-01 2.096543466120599081e-02 -9.324896600186073636e-03
9.995909892407098818e-01 2.660637386266226367e-02 -1.048612957932512982e-02
9.993936936098921642e-01 3.283238098382821463e-02 -1.158811774867289646e-02
9.991354112345071092e-01 3.961083791929274900e-02 -1.262603732174338508e-02
9.988067605263380999e-01 4.690657065161398659e-02 -1.359539552809521483e-02
9.983986494807453038e-01 5.468202449708831070e-02 -1.449205516256577009e-02
9.979025262422477338e-01 6.289745889907411014e-02 -1.531225769610328365e-02
9.973106208655850846e-01 7.151116154732987951e-02 -1.605264456625962732e-02
9.966161730258903395e-01 8.047968101945433828e-02 -1.671027625289519744e-02
9.958136407108502119e-01 8.975807653186018698e-02 -1.728264874890603556e-02
9.948988853351548034e-01 9.930018278172243751e-02 -1.776770705743874190e-02
9.938693292470164309e-01 1.090588872876757515e-01 -1.816385538585945161e-02
9.927240822364604700e-01 1.189864171244622432e-01 -1.846996376154697722e-02
9.914640343885270379e-01 1.290346315215220308e-01 -1.868537086339617029e-02
9.900919134297679891e-01 1.391553164799348430e-01 -1.880988294299935221e-02
9.886123055679505445e-01 1.493004773731158308e-01 -1.884376879746519837e-02
9.870316396945600923e-01 1.594226254449040425e-01 -1.878775084795325859e-02
9.853581356782999956e-01 1.694750542079331845e-01 -1.864299247025317380e-02
9.836017182965286487e-01 1.794121019721734156e-01 -1.841108181213830727e-02
9.817738991037031626e-01 1.891893970882664311e-01 -1.809401241302639393e-02
9.798876291981050146e-01 1.987640829566915956e-01 -1.769416101137496686e-02
9.779571264017237198e-01 2.080950204108868995e-01 -1.721426298152257256e-02
9.759976807999666271e-01 2.171429657055684859e-01 -1.665738588238313903e-02
9.740254428905813500e-01 2.258707230038841940e-01 -1.602690162433620391e-02
9.720571987635626687e-01 2.342432709313462813e-01 -1.532645776747515801e-02
9.701101367803020015e-01 2.422278634242394091e-01 -1.455994845450928575e-02
9.682016101502838312e-01 2.497941057210811000e-01 -1.373148545620133526e-02
9.663488996308283729e-01 2.569140069066313536e-01 -1.284536976799246707e-02
9.645689803163239873e-01 2.635620109017852153e-01 -1.190606414561059742e-02
9.628782961565531817e-01 2.697150081867307203e-01 -1.091816690747529107e-02
9.612925454682108573e-01 2.753523308408671322e-01 -9.886387265262846363e-03
9.598264802982733324e-01 2.804557336774226028e-01 -8.815522373763113456e-03
9.584937220798411817e-01 2.850093643438284530e-01 -7.710436219732429500e-03
9.573065956056917569e-01 2.889997252545823958e-01 -6.576040399220058064e-03
9.562759829445969251e-01 2.924156301283795112e-01 -5.417276765950171727e-03
9.554111985500558513e-01 2.952481577247816902e-01 -4.239101871601118864e-03
9.547198864669049767e-01 2.974906051283296438e-01 -3.046473063732547081e-03
9.542079402316945291e-01 2.991384426214856451e-01 -1.844336059833120685e-03
9.538794457883239541e-01 3.001892718343525668e-01 -6.376137773460481897e-04
9.537366474992993171e-01 3.006427884710645704e-01 5.688038298637372939e-04
9.537799371211781452e-01 3.005007505022003200e-01 1.770069198006568589e-03
9.540078654248440593e-01 2.997669522912284057e-01 2.961386122504622211e-03
9.544171759707806846e-01 2.984472047020248486e-01 4.138018550231860326e-03
9.550028603896302259e-01 2.965493208244757151e-01 5.295299466916994491e-03
9.557582343622892385e-01 2.940831065660604593e-01 6.428640134612651977e-03
9.566750333354887559e-01 2.910603549984580596e-01 7.533539908805311942e-03
9.577435268431665483e-01 2.874948430283613687e-01 8.605596831955301604e-03
9.589526501273830661e-01 2.834023286889003068e-01 9.640519160865281337e-03
9.602901515632349394e-01 2.788005471296927107e-01 1.063413794026913349e-02
9.617427541903733612e-01 2.737092032260181607e-01 1.158242068554295352e-02
9.632963294416329036e-01 2.681499586363320087e-01 1.248148618474026646e-02
9.649360809413602968e-01 2.621464111163955835e-01 1.332762037565556057e-02
9.666467360287406274e-01 2.557240639502083024e-01 1.411729319885659042e-02
9.684127424529778150e-01 2.489102834833594180e-01 1.484717627422588865e-02
9.702184674972393896e-01 2.417342429419247485e-01 1.551416119820325443e-02
9.722233788295795431e-01 2.334001423500254857e-01 1.749528277910265828e-02
9.743801430217766679e-01 2.240696972747807103e-01 1.939379020609294929e-02
9.766514667637929970e-01 2.137812456412121753e-01 2.120152711156620198e-02
9.789981900650787106e-01 2.025775526042966623e-01 2.291056908402627074e-02
9.813799547291777170e-01 1.905059080880131539e-01 2.451327152186091179e-02
9.837559052521247516e-01 1.776181774675726077e-01 2.600232376527666922e-02
9.860854112571109109e-01 1.639707941019502568e-01 2.737080844761597548e-02
9.883287989233467963e-01 1.496246839884524116e-01 2.861226469571606992e-02
9.904480774024275735e-01 1.346451148845953516e-01 2.972075353646261645e-02
9.924076450668284366e-01 1.191014647726158504e-01 3.069092364902956463e-02
9.941749597221305468e-01 1.030669074438505251e-01 3.151807545419035850e-02
9.957211567402656227e-01 8.661801613825828583e-02 3.219822146588648126e-02
9.970215995117743812e-01 6.983428944585812204e-02 3.272814085468170320e-02
9.980563477115994564e-01 5.279760689965194709e-02 3.310542629182103985e-02
9.988105306241826797e-01 3.559162469223366848e-02 3.332852135482676503e-02
9.992746151335687443e-01 1.830112456216007391e-02 3.339674707346051291e-02
9.994445608627470223e-01 1.011330968594414265e-03 3.331031656524109652e-02
9.993218582144746120e-01 -1.619278692051007856e-02 3.307033713420564486e-02
9.989134485640746020e-01 -3.322721124550249983e-02 3.267879966298183753e-02
9.982315294057464428e-01 -5.000955242970693548e-02 3.213855559189847388e-02
9.972932506759519811e-01 -6.645969097536699732e-02 3.145328222467962120e-02
9.961203115985144407e-01 -8.250036957322995357e-02 3.062743750448960675e-02
9.947384700673340685e-01 -9.805772325970930903e-02 2.966620574608349117e-02
9.931769786890669582e-01 -1.130617380708777847e-01 2.857543607347491285e-02
9.914679630758747031e-01 -1.274466316693613765e-01 2.736157548728415656e-02
9.896457587780250753e-01 -1.411511525862179650e-01 2.603159856716549467e-02
9.877462233919246382e-01 -1.541187978556441684e-01 2.459293580370142812e-02
9.858060399244096272e-01 -1.662979517708820520e-01 2.305340245746136107e-02
9.838620265237547624e-01 -1.776419511237221638e-01 2.142112967146719837e-02
9.819504663090790064e-01 -1.881090845062345640e-01 1.970449933114656882e-02
9.801064693618690704e-01 -1.976625349835496592e-01 1.791208388888675118e-02
9.783633771075344043e-01 -2.062702766554437295e-01 1.605259206501060895e-02
9.767522174257836642e-01 -2.139049363074116417e-01 1.413482101933073894e-02
9.753012169867354419e-01 -2.205436315300507988e-01 1.216761527193790590e-02
9.740353755965431848e-01 -2.261677964004747965e-01 1.015983235106071927e-02
9.729761058113450822e-01 -2.307630051269274063e-01 8.120314869855163598e-03
9.721409397779248174e-01 -2.343188030220275664e-01 6.057868490567061906e-03
9.715433041976369033e-01 -2.368285528587801558e-01 3.981245029066238575e-03
9.711923634807415606e-01 -2.382893031436540410e-01 1.899129788643779456e-03
9.710929305379515375e-01 -2.387016831762898417e-01 -1.798679091264414505e-04
9.714433153075257010e-01 -2.372440652476124900e-01 -3.625620528688501803e-03
9.721972393851445737e-01 -2.340577566451730041e-01 -7.035772219668989629e-03
9.733332217137311559e-01 -2.291601048079455194e-01 -1.039689789587913346e-02
9.748197384757212314e-01 -2.225734017238920337e-01 -1.369562700688265779e-02
9.766158261811433983e-01 -2.143252263769971633e-01 -1.691862743464278909e-02
9.786718376636169836e-01 -2.044488808102239985e-01 -2.005260429825050927e-02
9.809303506236631831e-01 -1.929838921084909564e-01 -2.308431664193912394e-02
9.833272268262939209e-01 -1.799765479877734053e-01 -2.600061423986747139e-02
9.857928172503794828e-01 -1.654804299934283796e-01 -2.878849587979041488e-02
9.882533044092006724e-01 -1.495569058157996400e-01 -3.143518949839270438e-02
9.906321678421613486e-01 -1.322755411960503669e-01 -3.392825345595642389e-02
9.928517526702373974e-01 -1.137143925823841661e-01 -3.625569709209323227e-02
9.948349144896686536e-01 -9.396014432282810691e-02 -3.840611754594829702e-02
9.965067072363613665e-01 -7.310805887564314487e-02 -4.036884871455016094e-02
9.977960745547855836e-01 -5.126171528635667385e-02 -4.213411723228403100e-02
9.986375002544032320e-01 -2.853251986724162151e-02 -4.369319955756841012e-02
9.989725702201158741e-01 -5.038983289559584994e-03 -4.503857372186849395e-02
9.987513971657636658e-01 1.909423034687516424e-02 -4.616405909268359725e-02
9.979338612417182341e-01 4.373746512962232991e-02 -4.706493766877827001e-02
9.964906238904138736e-01 6.875741687507946898e-02 -4.773805097944231607e-02
9.944038794126299763e-01 9.401861957130236425e-02 -4.818186758595977004e-02
9.916678181400562231e-01 1.193850273620988972e-01 -4.839651743642259946e-02
9.882887863533856843e-01 1.447216389536958858e-01 -4.838379082820302990e-02
9.842851404034685947e-01 1.698961085990821074e-01 -4.814710138558673386e-02
9.796868050368532366e-01 1.947802883296358700e-01 -4.769141414854247835e-02
9.745345578208948201e-01 2.192516497955194210e-01 -4.702314147450194909e-02
9.688790719954801789e-01 2.431945406181443836e-01 -4.615001086918719964e-02
9.627797583804665882e-01 2.665012389969184103e-01 -4.508090999514893088e-02
9.563034526776730271e-01 2.890727807338936972e-01 -4.382571489535963538e-02
9.495229974005910956e-01 3.108195440466109405e-01 -4.239510788339095892e-02
9.425157677645128462e-01 3.316615887343508651e-01 -4.080039159322013109e-02
9.353621884153606736e-01 3.515287567248899236e-01 -3.905330538160005360e-02
9.281442832829410738e-01 3.703605501713663761e-01 -3.716584968840355718e-02
9.209442946455733692e-01 3.881058106779262662e-01 -3.515012315496603840e-02
9.138434002731258277e-01 4.047222286804939007e-01 -3.301817635370095372e-02
9.069205498535647392e-01 4.201757154457507193e-01 -3.078188496974720162e-02
9.002514343288364751e-01 4.344396716813002657e-01 -2.845284426536328487e-02
8.939075947049486270e-01 4.474941865949520481e-01 -2.604228570651024796e-02
8.879556706861087001e-01 4.593251997001718268e-01 -2.356101578039474995e-02
8.824567843282445923e-01 4.699236550743391971e-01 -2.101937630939642795e-02
8.778598675060423906e-01 4.786092900588852506e-01 -1.718228810757672573e-02
8.741326064263993390e-01 4.855046333465723452e-01 -1.332167164469708932e-02
8.713204515036282460e-01 4.906235124615465071e-01 -9.448218647807791332e-03
8.694558249392944083e-01 4.939793015343998950e-01 -5.571988353547039675e-03
8.685582200403795250e-01 4.955842500719292998e-01 -1.702557053592121568e-03
8.686343480042765242e-01 4.954490622969474622e-01 2.150824063397315574e-03
8.696783166118088326e-01 4.935827259277331680e-01 5.979067906073326846e-03
8.716718332322109797e-01 4.899925858855192495e-01 9.773092170642179791e-03
8.745844323800605613e-01 4.846846555075007834e-01 1.352366638397727375e-02
8.783737355064493713e-01 4.776641550212192278e-01 1.722126982613019983e-02
8.829857575034804062e-01 4.689362639517030695e-01 2.085596478687710628e-02
8.883552802947856097e-01 4.585070704887786452e-01 2.441728956912923507e-02
8.944063185961864670e-01 4.463846964229251091e-01 2.789417559927959492e-02
9.010527061532359605e-01 4.325805709546219346e-01 3.127489288971856823e-02
9.081988321669461905e-01 4.171108205155387716e-01 3.454702786395525554e-02
9.157405568721539435e-01 3.999977348832777224e-01 3.769749713989561934e-02
9.235663320297532453e-01 3.812712626647334346e-01 4.071260021524603784e-02
9.315585462037474507e-01 3.609704821772455885e-01 4.357811306471189028e-02
9.395951060163447721e-01 3.391449875401659209e-01 4.627942341424001044e-02
9.475512531992352772e-01 3.158561251938061254e-01 4.880170690252094712e-02
9.553016035230211811e-01 2.911780139421160096e-01 5.113014150823664422e-02
9.627223782118616846e-01 2.651982828003010551e-01 5.325015558668705351e-02
9.696937821569201477e-01 2.380184661179229333e-01 5.514770273613558982e-02
9.761024673206033508e-01 2.097540050903941300e-01 5.680955465443373459e-02
9.818440055601489469e-01 1.805338189509630153e-01 5.822360132939675970e-02
9.868252841541899079e-01 1.504994274806814303e-01 5.937914652205927152e-02
9.909667309631436938e-01 1.198036281167392803e-01 6.026718572977241006e-02
9.942042754991667897e-01 8.860875453307452687e-02 6.088065380070221272e-02
9.964909578860398076e-01 5.708456737948707643e-02 6.121463019899350821e-02
9.977981098338881694e-01 2.540584994340931713e-02 6.126649160028953961e-02
9.981160497642426188e-01 -6.250200115509807475e-03 6.103600395364794373e-02
9.974542568844265711e-01 -3.770667883517120345e-02 6.052534921681484298e-02
9.958410145821002812e-01 -6.878967340248907936e-02 5.973908542562551827e-02
9.933225399051545113e-01 -9.933083956239401047e-02 5.868404231809998262e-02
9.899616409265628025e-01 -1.291697577608061920e-01 5.736915810986185915e-02
9.858359654495120195e-01 -1.581559813960482785e-01 5.580526594171442145e-02
9.810359211639571031e-01 -1.861507101471990278e-01 5.400484077700393182e-02
9.756623579688129544e-01 -2.130280441289827686e-01 5.198171897536985747e-02
9.698241073236989473e-01 -2.386757986077415183e-01 4.975080335641971635e-02
9.636354714329353754e-01 -2.629958822819780107e-01 4.732776632249593995e-02
9.572137475857834810e-01 -2.859042630327143231e-01 4.472876263741221853e-02
9.506768612738474289e-01 -3.073305623471965786e-01 4.197016191376828909e-02
9.441411671916842829e-01 -3.272173325666050681e-01 3.906830892975133446e-02
9.377194613531911749e-01 -3.455190794472929872e-01 3.603931776660490582e-02
9.315192316653623239e-01 -3.622010964315502957e-01 3.289890360419993331e-02
9.256411595108746670e-01 -3.772381770088347741e-01 2.966225397832265853e-02
9.201778720344012674e-01 -3.906132683406396411e-01 2.634393949502022644e-02
9.152129344341806139e-01 -4.023161237516109101e-01 2.295786247970833804e-02
9.108200638757689704e-01 -4.123420045853096738e-01 1.951724083905109070e-02
9.070625416745765612e-01 -4.206904740351009031e-01 1.603462352752732523e-02
9.039927979599881036e-01 -4.273643175083215451e-01 1.252193341007736341e-02
9.016521428346324640e-01 -4.323686163277694616e-01 8.990532953994954946e-03
9.000706197051838720e-01 -4.357099944201359709e-01 5.451308016601711520e-03
8.992669595861534360e-01 -4.373960512381403487e-01 1.914764968772560225e-03
8.992486193693705054e-01 -4.374349885361005219e-01 -1.608863538958932044e-03
9.000118919355696301e-01 -4.358354336920087224e-01 -5.109508740158866941e-03
9.015420812175908294e-01 -4.326064578975296060e-01 -8.577156272174989854e-03
9.038137405947027636e-01 -4.277577835351926150e-01 -1.200174132299472105e-02
9.067909780176971468e-01 -4.213001712317950842e-01 -1.537305251876087964e-02
9.104278357664321586e-01 -4.132459732349352821e-01 -1.868064849905350447e-02
9.149591876987879235e-01 -4.028782146372232864e-01 -2.321374566682238294e-02
9.202648013628427215e-01 -3.903177363968158287e-01 -2.765526049729252062e-02
9.262388381575392682e-01 -3.755773030343666496e-01 -3.199003903406873878e-02
9.327601772781627387e-01 -3.586752455244415216e-01 -3.620198976087053711e-02
9.396937442214500225e-01 -3.396376549435087266e-01 -4.027407104833923002e-02
9.468921730165498207e-01 -3.185006754380321214e-01 -4.418834239640993811e-02
9.541978433976928686e-01 -2.953128012068617636e-01 -4.792608422369751264e-02
9.614453194455081508e-01 -2.701370688515195018e-01 -5.146798867492029250e-02
9.684641955264848834e-01 -2.430530260099952322e-01 -5.479442096488029018e-02
9.750823292429419142e-01 -2.141583516022560474e-01 -5.788574720370462390e-02
9.811294108574417638e-01 -1.835700042386058939e-01 -6.072272060033679503e-02
9.864407863160309375e-01 -1.514247850658381189e-01 -6.328691367059909034e-02
9.908614192988960401e-01 -1.178792206508275375e-01 -6.556117992922735893e-02
9.942498499125882461e-01 -8.310870062264680280e-02 -6.753012493870932942e-02
9.964819871142207575e-01 -4.730584276062430038e-02 -6.918056396373549466e-02
9.974545618630822341e-01 -1.067810282087282292e-02 -7.050194224721995084e-02
9.970880707010223443e-01 2.655530573800502642e-02 -7.148669439120597380e-02
9.953290561164314099e-01 6.416707008305652660e-02 -7.213052164171360192e-02
9.921516002431027825e-01 1.019258610553393507e-01 -7.243256998450742223e-02
9.875579501222145895e-01 1.396006562834667397e-01 -7.239549758384257461e-02
9.815782423538396140e-01 1.769651008184090213e-01 -7.202542676579749836e-02
9.742693478509308891e-01 2.138017003150453066e-01 -7.133178284736538255e-02
9.657129084972073674e-01 2.499056550696409917e-01 -7.032702896786786895e-02
9.560126819658160136e-01 2.850881706630294388e-01 -6.902631204989914671e-02
9.452913448518057704e-01 3.191791194370611762e-01 -6.744703958296791035e-02
9.336869250792433350e-01 3.520289723559902328e-01 -6.560840974965827244e-02
9.213490413705157644e-01 3.835099683421461236e-01 -6.353091838381576262e-02
9.084351211213546051e-01 4.135165334951341198e-01 -6.123586545781787432e-02
8.951067503523193469e-01 4.419650020186077777e-01 -5.874488151271370362e-02
8.815262834472288311e-01 4.687927216066191671e-01 -5.607949106135860090e-02
8.678538094862139340e-01 4.939566471534765357e-01 -5.326072595444978491e-02
8.542445394171638284e-01 5.174315378157601231e-01 -5.030879743784948122e-02
8.408466469334580085e-01 5.392078745311763566e-01 -4.724283152451990569e-02
8.277995679206040514e-01 5.592896096374180281e-01 -4.408066864495225473e-02
8.152327401208844249e-01 5.776918491585867343e-01 -4.083872551409097051e-02
8.032647469273123120e-01 5.944385536420135896e-01 -3.753191485030114155e-02
7.920028170115764876e-01 6.095603269937573954e-01 -3.417361700903506078e-02
7.815426243972850573e-01 6.230923461404295205e-01 -3.077569669339790329e-02
7.719683308855520565e-01 6.350724687322208961e-01 -2.734855757747882768e-02
7.633528135484375365e-01 6.455395423092532559e-01 -2.390122780691187471e-02
7.562205603565610446e-01 6.540301139838363698e-01 -1.936909027853451690e-02
7.505211259419518610e-01 6.606797312109736753e-01 -1.484656017927319868e-02
7.462971373437400358e-01 6.655327174852271321e-01 -1.033796542671180062e-02
7.435771023915779265e-01 6.686247070841753182e-01 -5.846667886869577613e-03
7.423761208458909966e-01 6.699820103896039214e-01 -1.375352359939701133e-03
7.426964261914466015e-01 6.696212830485739342e-01 3.073686146858610295e-03
7.445277439589126356e-01 6.675494794465423043e-01 7.498259152012065436e-03
7.478474637111379719e-01 6.637640772504072029e-01 1.189600718546805595e-02
7.526206323118077579e-01 6.582535662886920269e-01 1.626412960463623214e-02
7.587997861437680847e-01 6.509982011084534115e-01 2.059912350404428938e-02
7.663246498772326998e-01 6.419710215641118989e-01 2.489653399741849696e-02
7.751217394288026918e-01 6.311391491498450357e-01 2.915071895872246854e-02
7.851039169834117537e-01 6.184653678866143256e-01 3.335463235936220183e-02
7.961699562643544947e-01 6.039099968280212671e-01 3.749963156544621617e-02
8.082041862864619564e-01 5.874330561013346719e-01 4.157531527192242365e-02
8.210762909970477086e-01 5.689967193836616977e-01 4.556940003197969269e-02
8.346413495913370673e-01 5.485680325286077519e-01 4.946764444172364189e-02
8.487402066989544469e-01 5.261218606807964715e-01 5.325383078292991040e-02
8.632002616696685671e-01 5.016440050186565802e-01 5.690981410789689582e-02
8.778367603268376618e-01 4.751344061504495508e-01 6.041564815758263679e-02
8.924546593665713123e-01 4.466103256847273051e-01 6.374979593819406209e-02
9.068511119413303900e-01 4.161093728107360112e-01 6.688943008843292737e-02
9.208185923786826876e-01 3.836922216916169304e-01 6.981082428002836904e-02
9.341486388786734985e-01 3.494448513794224387e-01 7.248983186312864258e-02
9.466361470325399541e-01 3.134801362146257264e-01 7.490244201047331629e-02
9.580840970828764513e-01 2.759386243327673349e-01 7.702539712414215034e-02
9.683085482730703353e-01 2.369883671029070493e-01 7.883684881318554771e-02
9.771436896851194431e-01 1.968237036924623540e-01 8.031702402974433275e-02
9.844467043411739837e-01 1.556629611286461934e-01 8.144886872247759924e-02
9.901021873720946553e-01 1.137450976251155321e-01 8.221863433677448207e-02
9.940258637701789857e-01 7.132538988829305315e-02 8.261637319750424202e-02
9.961673785250902968e-01 2.867033638885038010e-02 8.263631250277823914e-02
9.965119809202833689e-01 -1.394798966320530409e-02 8.227708322201608693e-02
9.950809916455055637e-01 -5.625785896300795202e-02 8.154178912634776899e-02
9.919310197908368654e-01 -9.799377513531459805e-02 8.043791164076870281e-02
9.871519786393325724e-01 -1.389020355811065865e-01 7.897705712389495314e-02
9.808640258566203585e-01 -1.787456931825221751e-01 7.717456341171165246e-02
9.732136173598264772e-01 -2.173086969357792553e-01 7.504899096941167191e-02
9.643689089386477953e-01 -2.543990540537566236e-01 7.262152999916160478e-02
9.545147623900129830e-01 -2.898509284859324131e-01 6.991535792651767944e-02
9.438476132382777051e-01 -3.235256633397837756e-01 6.695498179787526261e-02
9.325704374313393830e-01 -3.553117803858901191e-01 6.376559758213708184e-02
9.208880191080539568e-01 -3.851240634114028727e-01 6.037249376194350758e-02
9.090026761077624196e-01 -4.129018705266742084e-01 5.680052064966041592e-02
8.971105500208502725e-01 -4.386068426993193214e-01 5.307364032296759543e-02
8.853985183780458401e-01 -4.622201827647014483e-01 4.921456562092903220e-02
8.740417420809292182e-01 -4.837396733099416646e-01 4.524449080604320272e-02
8.632018240950287691e-01 -5.031765863166117736e-01 4.118291163611562805e-02
8.530255271410280837e-01 -5.205526156808130134e-01 3.704752887976505565e-02
8.436439788624748859e-01 -5.358969389062949729e-01 3.285422677515523193e-02
8.351722820866213093e-01 -5.492434890787085688e-01 2.861711648059364274e-02
8.277094441393401114e-01 -5.606284947129099860e-01 2.434863402967660240e-02
8.213385412675751063e-01 -5.700883245729438942e-01 2.005968247660020604e-02
8.161270405686993357e-01 -5.776576578246940263e-01 1.575980858585046204e-02
8.121272110568712455e-01 -5.833679871085116764e-01 1.145740538605288794e-02
8.093765664658433279e-01 -5.872464531405938715e-01 7.159932999298438197e-03
8.078982942116089694e-01 -5.893150038301090410e-01 2.874151237408624146e-03
8.077016369918192940e-01 -5.895898680363461652e-01 -1.393641577564795619e-03
8.087822053846016601e-01 -5.880813333084587979e-01 -5.637368330667614190e-03
8.111222113089182617e-01 -5.847938175471255606e-01 -9.850935578507826612e-03
8.150826864057588717e-01 -5.791456373189712847e-01 -1.518679863133976828e-02
8.205485516092521081e-01 -5.712099498175675638e-01 -2.047837658017694420e-02
8.274416440670524509e-01 -5.609625797426995852e-01 -2.571787138445941201e-02
8.356630899373186372e-01 -5.483728110938281830e-01 -3.089599763181159753e-02
8.450930321797786027e-01 -5.334058051443382187e-01 -3.600167299996331199e-02
8.555904456148393233e-01 -5.160254992774824245e-01 -4.102175701266603386e-02
8.669931574845982647e-01 -4.961979640825298632e-01 -4.594085069129789228e-02
8.791182051428971800e-01 -4.738951757048894264e-01 -5.074117125933451378e-02
8.917626700723558786e-01 -4.490991327691937762e-01 -5.540251702739010242e-02
9.047051266869553521e-01 -4.218062129873087485e-01 -5.990233758541639586e-02
9.177078326670650155e-01 -3.920316256335310001e-01 -6.421592305835745196e-02
9.305197624454384364e-01 -3.598137754828221180e-01 -6.831672308403553828e-02
9.428805452214676919e-01 -3.252183159353406738e-01 -7.217680109723625947e-02
9.545253131999016372e-01 -2.883416393926297450e-01 -7.576742239043121607e-02
9.651903962856520636e-01 -2.493135376700071348e-01 -7.905976547638687846e-02
9.746197203203370574e-01 -2.082987703580623795e-01 -8.202573603661254820e-02
9.825716838039465495e-01 -1.654973094170081038e-01 -8.463885208336334454e-02
9.888262118255949362e-01 -1.211430863352080389e-01 -8.687515907138582127e-02
9.931916258564753575e-01 -7.550115285156611122e-02 -8.871412592330091273e-02
9.955109341978064519e-01 -2.886327230361363655e-02 -9.013946861343773154e-02
9.956671483114513110e-01 1.845792326311264386e-02 -9.113984816170847547e-02
9.935872692970632025e-01 6.613595765336210963e-02 -9.170939519400236883e-02
9.892446655973814451e-01 1.138383615641823110e-01 -9.184802352164994632e-02
9.826596711831432351e-01 1.612349205434158161e-01 -9.156150962935556692e-02
9.738983615699727814e-01 2.080058543587761100e-01 -9.086133202657843688e-02
9.630695983268757754e-01 2.538494698471822075e-01 -8.976428216166067175e-02
9.503205556518079522e-01 2.984888793273602903e-01 -8.829187495524047635e-02
9.358310412742381068e-01 3.416774620993386358e-01 -8.646960014673586714e-02
9.198069885448298955e-01 3.832028558473428714e-01 -8.432606426042180137e-02
9.024735225670393879e-01 4.228893839411260180e-01 -8.189207648793839223e-02
8.840679916543607852e-01 4.605989397777148220e-01 -7.919973029107645057e-02
8.648333120430026222e-01 4.962304487107500051e-01 -7.628152682010300167e-02
8.450119076248960859e-01 5.297181037360917388e-01 -7.316957750905027369e-02
8.248404477969505377e-01 5.610286191463231820e-01 -6.989491281747715890e-02
8.045455052602629165e-01 5.901577670369887452e-01 -6.648691335283167525e-02
7.843401799617077952e-01 6.171264581886470868e-01 -6.297286961832405938e-02
7.644216711384880236e-01 6.419766067861590875e-01 -5.937766815620095645e-02
7.449697297955248931e-01 6.647669837977808749e-01 -5.572359531926803639e-02
7.261458897748168662e-01 6.855692225681635499e-01 -5.203024541894166188e-02
7.080933559188149484e-01 7.044640973667881667e-01 -4.831451744121041669e-02
6.909374205597048624e-01 7.215381551432933360e-01 -4.459068361132207531e-02
6.747862819678971391e-01 7.368807451389646213e-01 -4.087051346435933291e-02
6.597321476418128716e-01 7.505814616676844686e-01 -3.716343836817843915e-02
6.458525188198086520e-01 7.627279927276540139e-01 -3.347674330341771781e-02
6.332115681679966190e-01 7.734043508613392959e-01 -2.981577484406206999e-02
6.218615385688976982e-01 7.826894521321838827e-01 -2.618415647895207254e-02
6.118441061238810708e-01 7.906560032979161878e-01 -2.258400451234282569e-02
6.031916641432559789e-01 7.973696552383493508e-01 -1.901613968025443052e-02
5.959284966434689190e-01 8.028883814985787737e-01 -1.548029126540986788e-02
5.900718195813998701e-01 8.072620436107937891e-01 -1.197529186813788352e-02
5.856326757996193066e-01 8.105321089794760292e-01 -8.499262098529247744e-03
5.826166756228177146e-01 8.127314920255213071e-01 -5.049785315644705896e-03
5.810245794923576401e-01 8.138844945934203823e-01 -1.624073179186597601e-03
5.808527222423204295e-01 8.140068270592626387e-01 1.780876773812841308e-03
5.820932809024300658e-01 8.131056969579091298e-01 5.168130033365164744e-03
5.847343895485949128e-01 8.111799571674537246e-01 8.540668869758178197e-03
5.887601059824945082e-01 8.082203106874370491e-01 1.190124929082080063e-02
5.941502361609344307e-01 8.042095737895013086e-01 1.525225965971883924e-02
6.008800235476685625e-01 7.991230037774657013e-01 1.859557963891899854e-02
6.089197121398560730e-01 7.929287017301600571e-01 2.193243844172998794e-02
6.186208089863675097e-01 7.852546620657167020e-01 2.614543767732379828e-02
6.298962726843990723e-01 7.760856210206455996e-01 3.036392154254845266e-02
6.426869652128333055e-01 7.653478236160600190e-01 3.458824293043218784e-02
6.569221064399491938e-01 7.529586727782719979e-01 3.881695284605816282e-02
6.725176819247993265e-01 7.388282178290128677e-01 4.304654016039004966e-02
6.893747812156906241e-01 7.228609962435047498e-01 4.727117403269950197e-02
7.073779415419864103e-01 7.049582808803389611e-01 5.148245684020171659e-02
7.263935907817491433e-01 6.850207778091160771e-01 5.566919827431594803e-02
7.462687037820403546e-01 6.629518063497169544e-01 5.981722420947983843e-02
7.668298058884002177e-01 6.386609717250365525e-01 6.390923680868070000e-02
7.878824745799664075e-01 6.120683108569722197e-01 6.792474479367836826e-02
8.092115013729785922e-01 5.831088529657754149e-01 7.184008447773809758e-02
8.305818780259975886e-01 5.517374894268204377e-01 7.562855255730191462e-02
8.517407596421673333e-01 5.179339938456016812e-01 7.926067027064974402e-02
8.724205288238205958e-01 4.817079772887222777e-01 8.270459486951445283e-02
8.923430368424531967e-01 4.431035106596241113e-01 8.592668805201369997e-02
9.112250289151090366e-01 4.022031036088614675e-01 8.889224195182114652e-02
9.287846729226107989e-01 3.591307054642570162e-01 9.156635170977313332e-02
9.447490094949230199e-01 3.140533967790638536e-01 9.391491026556857136e-02
9.588620352404473302e-01 2.671814770063369870e-01 9.590568698294696381e-02
9.708930321578936873e-01 2.187667280078416931e-01 9.750943867412073529e-02
9.806446790066793984e-01 1.690987431954055764e-01 9.870099138454263565e-02
9.879604384733126077e-01 1.184993507815055025e-01 9.946022577464505576e-02
9.927307183429577853e-01 6.731531372015028825e-02 9.977289954860170396e-02
9.948973610798174105e-01 1.590964076443216607e-02 9.963124786318869330e-02
9.944561223818715323e-01 -3.534802695468008266e-02 9.903431675728606443e-02
9.914569456215870380e-01 -8.609139943197567646e-02 9.798800407809399315e-02
9.860020090085543920e-01 -1.359673001268099091e-01 9.650480494278543264e-02
9.782416950469077221e-01 -1.846446376984191007e-01 9.460328171159072819e-02
9.683687861396650387e-01 -2.318220948984143492e-01 9.230729894084312159e-02
9.566113080169613703e-01 -2.772341635999751031e-01 8.964507944694018182e-02
9.432245123034016521e-01 -3.206553030400162152e-01 8.664814688973797308e-02
9.284825070644243672e-01 -3.619021537623648421e-01 8.335022265669103647e-02
9.126700133176011143e-01 -4.008338840033289774e-01 7.978614079306416140e-02
8.960746560603600752e-01 -4.373508638380138591e-01 7.599083557867727934e-02
8.789801037208978540e-01 -4.713919464336963627e-01 7.199844387142700919e-02
8.616602643284041463e-01 -5.029306823692749617e-01 6.784155041169091793e-02
8.443746429346287163e-01 -5.319708045439897059e-01 6.355059060918626102e-02
8.273648727396829550e-01 -5.585413038177780010e-01 5.915341321999101343e-02
8.108523581753522835e-01 -5.826913772912635237e-01 5.467499558790980818e-02
7.950369145223078471e-01 -6.044854805191178793e-01 5.013729712155351459e-02
7.800962551934598199e-01 -6.239986595989723828e-01 4.555923236721386160e-02
7.661861622562757823e-01 -6.413122850720166523e-01 4.095674310488945508e-02
7.534411745885520872e-01 -6.565102611571407287e-01 3.634294887322831596e-02
7.419756373794605953e-01 -6.696757434964200062e-01 3.172835669902587807e-02
7.318849728025464962e-01 -6.808883673100959433e-01 2.712111307131905361e-02
7.232470514404443218e-01 -6.902219655322742176e-01 2.252728393092691406e-02
7.161235649752354382e-01 -6.977427422895715603e-01 1.795115130522882685e-02
7.105613210414012393e-01 -7.035078597672795864e-01 1.339551795897001019e-02
7.065933998962774520e-01 -7.075643947164761416e-01 8.862013891549037903e-03
7.042401291673067165e-01 -7.099486232598709590e-01 4.351400593273002833e-03
7.035098472762917332e-01 -7.106855980560602415e-01 -1.361293690220009150e-04
7.043994384062424174e-01 -7.097889892580863114e-01 -4.600658645602022020e-03
7.068946324478532217e-01 -7.072611692046935072e-01 -9.042257693806402680e-03
7.109700727304057999e-01 -7.030935297120736172e-01 -1.346070370161004878e-02
7.165891630374656707e-01 -6.972670295982631439e-01 -1.785520589226515312e-02
7.237037139493514015e-01 -6.897529781402025328e-01 -2.222413763543364118e-02
7.322534173998098694e-01 -6.805140670182097118e-01 -2.656477651267957762e-02
7.421651878358875853e-01 -6.695056684043579898e-01 -3.087305452554056640e-02
7.533524187269657890e-01 -6.566774196114186779e-01 -3.514332195738795878e-02
7.660857643619493063e-01 -6.414637440796298051e-01 -4.046012559484936377e-02
7.802018458892033825e-01 -6.238538015957408867e-01 -4.573479286879196526e-02
7.955363491958337141e-01 -6.037595839160709854e-01 -5.095529669994659089e-02
8.119000690369889695e-01 -5.810942566587211644e-01 -5.610621078056867578e-02
8.290781018756331333e-01 -5.557770080915750421e-01 -6.116851449340032776e-02
8.468296649311692903e-01 -5.277384817400800898e-01 -6.611950018244995564e-02
8.648887652201324716e-01 -4.969266971645243114e-01 -7.093280920849587279e-02
8.829659396416621453e-01 -4.633132974079645083e-01 -7.557862329681812319e-02
9.007512640529078407e-01 -4.268998878410343867e-01 -8.002403502046771810e-02
9.179187807184970849e-01 -3.877241558245481667e-01 -8.423361518330561848e-02
9.341324162653232843e-01 -3.458653929328850962e-01 -8.817018494348818902e-02
9.490533563529283123e-01 -3.014489928596651991e-01 -9.179578675467807425e-02
9.623487133101342739e-01 -2.546494810264193220e-01 -9.507283121525406111e-02
9.737011790905181208e-01 -2.056916578201740675e-01 -9.796537804716275166e-02
9.828192135696919296e-01 -1.548495142072547626e-01 -1.004404907346884007e-01
9.894471969993335891e-01 -1.024427078356628384e-01 -1.024695884345817876e-01
9.933748961794334198e-01 -4.883056288034105102e-02 -1.040297083874671541e-01
9.944455748490133029e-01 5.596238086931493161e-03 -1.051045896368340560e-01
9.925621313390472489e-01 6.042589076745571997e-02 -1.056854959118622705e-01
9.876907717654775931e-01 1.152370658659686714e-01 -1.057717122004216415e-01
9.798619140675056682e-01 1.696111581559722192e-01 -1.053706743867167256e-01
9.691682450728940079e-01 2.231444122946230069e-01 -1.044977214476223298e-01
9.557600900913114650e-01 2.754591641817845660e-01 -1.031754911967519839e-01
9.398384709019270700e-01 3.262135309824412133e-01 -1.014330092756454832e-01
9.216463960132657007e-01 3.751090422706249705e-01 -9.930454338676855675e-02
9.014590282879700878e-01 4.218959048320498617e-01 -9.682830819978410775e-02
8.795734026790781312e-01 4.663758059752405871e-01 -9.404511004535578977e-02
8.562983258392333763e-01 5.084023575329751354e-01 -9.099701509286430012e-02
8.319449939480412226e-01 5.478794437297108688e-01 -8.772611207394313826e-02
8.068187348682832605e-01 5.847578479275719054e-01 -8.427342336299438463e-02
7.812121364871384976e-01 6.190305921956553714e-01 -8.067799911615465558e-02
7.553996832485097013e-01 6.507274337113051477e-01 -7.697621064412085712e-02
7.296339011904574567e-01 6.799089326128362476e-01 -7.320124307513747874e-02
7.041429164604448010e-01 7.066604491343202454e-01 -6.938277473848952770e-02
6.791292662235060007e-01 7.310863559180492688e-01 -6.554682195500675934e-02
6.547697628541183645e-01 7.533046750141266790e-01 -6.171572289383023269e-02
6.312161982849117114e-01 7.734422764050691290e-01 -5.790823231054667564e-02
6.085966799491554502e-01 7.916307113008416163e-01 -5.413969960193871361e-02
5.870174071971322460e-01 8.080027017299943326e-01 -5.042230494158018300e-02
5.665647221833395308e-01 8.226892688424998212e-01 -4.676533160873587447e-02
5.473072977335025069e-01 8.358174551311879918e-01 -4.317545642389799404e-02
5.292983534093804732e-01 8.475085788960170508e-01 -3.965704403444680892e-02
5.125778177374257227e-01 8.578769507495263014e-01 -3.621243436797352139e-02
4.971743780863072670e-01 8.670289797721802971e-01 -3.284221572135065381e-02
4.831073793927939675e-01 8.750625992191115587e-01 -2.954547860518038152e-02
4.703885487645474428e-01 8.820669468832572635e-01 -2.632004760588045958e-02
4.590235351709256451e-01 8.881222420846468513e-01 -2.316269019390926678e-02
4.490132623883995588e-01 8.932998088458490304e-01 -2.006930265297329069e-02
4.403550995931428402e-01 8.976622024708499348e-01 -1.703507419833548073e-02
4.330438579958262868e-01 9.012634040393451285e-01 -1.405463096048406579e-02
4.270726241645555477e-01 9.041490540098227058e-01 -1.112216189674482617e-02
4.224334415964028921e-01 9.063567020749764280e-01 -8.231528913551408241e-03
4.191178520259969953e-01 9.079160556079892697e-01 -5.376363582724325713e-03
4.171173071863416570e-01 9.088492135171581943e-01 -2.550152853949234216e-03
4.164234604889701652e-01 9.091708761677720352e-01 2.536838680029357938e-04
4.170283465443997972e-01 9.088885253351778326e-01 3.041723977069020392e-03
4.189244547364288640e-01 9.080025710332626510e-01 5.820475026034969621e-03
4.221047013020295391e-01 9.065064646325480258e-01 8.596310053397965972e-03
4.265623026389726569e-01 9.043867800537073176e-01 1.137540282275645125e-02
4.322905509408420666e-01 9.016232671016792821e-01 1.416366100548536663e-02
4.396018432676971899e-01 8.980205518534909448e-01 1.759410318106648108e-02
4.484537426242223845e-01 8.935581276291454378e-01 2.105603663736152140e-02
4.588380353351221852e-01 8.881806319763982938e-01 2.455736507767515911e-02
4.707440970490763266e-01 8.818221663815526412e-01 2.810519531799066106e-02
4.841576989291465627e-01 8.744062618083026095e-01 3.170567462393965308e-02
4.990596049629355546e-01 8.658459144214456504e-01 3.536380573868062177e-02
5.154239547983012759e-01 8.560437374389685550e-01 3.908323760162766419e-02
5.332164315892923279e-01 8.448922835992991320e-01 4.286603065845896732e-02
5.523922223752404381e-01 8.322746014997051134e-01 4.671239691943344929e-02
5.728937901086249562e-01 8.180650974474286130e-01 5.062041661952940141e-02
5.946484921489451070e-01 8.021307815494286286e-01 5.458573554826169627e-02
6.175661002617068851e-01 7.843329812692967362e-01 5.860124990772808129e-02
6.415363020248000536e-01 7.645296059267638888e-01 6.265678894400188159e-02
6.664262926864060743e-01 7.425780395524833599e-01 6.673880953435977481e-02
6.920785988601969585e-01 7.183387247961214861e-01 7.083012126053890578e-02
7.183093089402432518e-01 6.916794747904441154e-01 7.490966498736831292e-02
7.449069165371309253e-01 6.624805108292883826e-01 7.895237217000844465e-02
7.716320080331076081e-01 6.306401700243372543e-01 8.292913543066779414e-02
7.982180377379074487e-01 5.960811587981790227e-01 8.680692261083840233e-02
8.243734274341357748e-01 5.587571473674264322e-01 9.054906563551197440e-02
8.495352985481888775e-01 5.192872516166442409e-01 9.290189876515603240e-02
8.733844404164120556e-01 4.776735235008654490e-01 9.501508059152234675e-02
8.956682669042249634e-01 4.340487131380810215e-01 9.685203678997586496e-02
9.161447331584604559e-01 3.885884239646633098e-01 9.837741838609118106e-02
9.345902606760818632e-01 3.415105790293107568e-01 9.955814949488647758e-02
9.508077508386796328e-01 2.930731135922299835e-01 1.003644870017174340e-01
9.646342298915915325e-01 2.435698309347183454e-01 1.007710317048025050e-01
9.759476425365090080e-01 1.933244947777629230e-01 1.007576270538899227e-01
9.846723308871406788e-01 1.426833774974331503e-01 1.003100842605286758e-01
9.907828035318740900e-01 9.200662120143360267e-02 9.942068162399966824e-02
9.943055118118266922e-01 4.165888067348923890e-02 9.808840087731789115e-02
9.953184960016787652e-01 -8.000212431864051066e-03 9.631888273084714125e-02
9.939489260795654202e-01 -5.662520617888958802e-02 9.412410535020712676e-02
9.903687205196596288e-01 -1.038930837250685857e-01 9.152181064204453764e-02
9.847885629324584222e-01 -1.495101807109389391e-01 8.853472140277060531e-02
9.774507351841487113e-01 -1.932174501566055469e-01 8.518960559222711615e-02
9.686212378924958788e-01 -2.347939029098013997e-01 8.151625103887777390e-02
9.585816732304006660e-01 -2.740581964591328190e-01 7.754641454083986696e-02
9.476213258286027008e-01 -3.108684755922885290e-01 7.331280426796971117e-02
9.360298053506466154e-01 -3.451206727499813720e-01 6.884814493150154258e-02
9.236922714763527997e-01 -3.774962635915570797e-01 6.549269159384307759e-02
9.109731339355783275e-01 -4.077888352147612250e-01 6.193820691507087584e-02
8.980875313901445223e-01 -4.359477101846398472e-01 5.821081756478854730e-02
8.852424338313246155e-01 -4.619454550075308696e-01 5.433546758429983609e-02
8.726335807710710046e-01 -4.857747142192307410e-01 5.033555815613339340e-02
8.604431344109867430e-01 -5.074448284802496323e-01 4.623268958757818792e-02
8.488380038995163579e-01 -5.269784001534928430e-01 4.204650069041644678e-02
8.379687687365138249e-01 -5.444079420300440564e-01 3.779459708084555170e-02
8.279691117588082738e-01 -5.597727150583889921e-01 3.349255763057258639e-02
8.189556637823780516e-01 -5.731158320011617846e-01 2.915400721033006848e-02
8.110281612274982121e-01 -5.844816779340847868e-01 2.479074375010346248e-02
8.042698230811413662e-01 -5.939136766486211583e-01 2.041290824027914771e-02
7.987478625975411584e-01 -6.014524148632247602e-01 1.602918736582285147e-02
7.945140606764595770e-01 -6.071341236886532711e-01 1.164703978056215103e-02
7.916053406747569632e-01 -6.109895086517362905e-01 7.272938408547900864e-03
7.900442976170828357e-01 -6.130429151432252866e-01 2.912622464013860449e-03
7.898396478003217869e-01 -6.133118146788195668e-01 -1.428645989977968614e-03
7.909865773165191127e-01 -6.118065980646300028e-01 -5.745825237426017626e-03
7.934669799288649461e-01 -6.085306636630274379e-01 -1.003384054525880559e-02
7.972495860327921680e-01 -6.034807917201887584e-01 -1.428733760939259606e-02
8.026810864155251579e-01 -5.960850265576375095e-01 -1.964212911374240561e-02
8.096364108770841561e-01 -5.864012331281480694e-01 -2.495149518469980815e-02
8.180217672737598589e-01 -5.743935834164451970e-01 -3.020767606164934810e-02
8.277223187135446247e-01 -5.600202097139719282e-01 -3.540106463343701410e-02
8.386017274440705771e-01 -5.432360366939273932e-01 -4.051990628166911995e-02
8.505018433464689442e-01 -5.239961102312262753e-01 -4.555005336041257485e-02
8.632426742977358236e-01 -5.022593981284232401e-01 -5.047478878286720816e-02
8.766227883580152147e-01 -4.779930116087475200e-01 -5.527473490912121479e-02
8.904203032401941664e-01 -4.511767619952949948e-01 -5.992786482183180830e-02
9.043946137814586894e-01 -4.218079256391968346e-01 -6.440963268915340934e-02
9.182889900407731343e-01 -3.899060444409480075e-01 -6.869323779879675518e-02
9.318341445224804787e-01 -3.555175432880313680e-01 -7.275003262498130896e-02
9.447528153292163999e-01 -3.187199049619661162e-01 -7.655007873903624249e-02
9.567653431091719396e-01 -2.796251142788802047e-01 -8.006284552688774925e-02
9.675961363814351568e-01 -2.383820736327332823e-01 -8.325803590947380983e-02
9.769808280941907341e-01 -1.951777083296426241e-01 -8.610651135259700384e-02
9.846738349479308150e-01 -1.502365268036876533e-01 -8.858127657265055244e-02
9.904559512289451417e-01 -1.038184792876162832e-01 -9.065847396902641797e-02
9.941415526664235669e-01 -5.621506556032815349e-02 -9.231833053684286583e-02
9.955849640931645483e-01 -7.743769779691732358e-03 -9.354599728702246708e-02
9.946855651082456840e-01 4.125896464695895383e-02 -9.433222404103824843e-02
9.913912729030510684e-01 9.044588050642715649e-02 -9.467382119409709085e-02
9.857001468711557024e-01 1.394677308307564201e-01 -9.457387411861059578e-02
9.776599951175298786e-01 1.879822765098542181e-01 -9.404169392506178671e-02
9.673660130278257663e-01 2.356629368821044346e-01 -9.309250825913814587e-02
9.549566306656164238e-01 2.822066072517941393e-01 -9.174691530968769049e-02
9.406078715505240551e-01 3.273402368745781943e-01 -9.003014092909852883e-02
9.245266165192885799e-01 3.708258743310479666e-01 -8.797115089660501042e-02
9.069432147796030463e-01 4.124640190563673148e-01 -8.560167681283366303e-02
8.881038884108363174e-01 4.520952515995650400e-01 -8.295521470016750665e-02
8.682633410405439234e-01 4.896002360330108938e-01 -8.006605070836109173e-02
8.476779153982836323e-01 5.248982846301534222e-01 -7.696835960451024750e-02
8.265995595306947497e-01 5.579447411359743647e-01 -7.369541050113624647e-02
8.052707695383103381e-01 5.887274732429895741e-01 -7.027890212193967090e-02
7.839205881476325466e-01 6.172627699568078441e-01 -6.674843819872741668e-02
7.627616610186370716e-01 6.435909209244550233e-01 -6.313114336405470373e-02
7.419882911138341308e-01 6.677717194453001159e-01 -5.945141177669311522e-02
7.217753875354662174e-01 6.898800858612410547e-01 -5.573077493239528279e-02
7.022781784469041000e-01 7.100019596012003831e-01 -5.198787160156744663e-02
6.836325458942209554e-01 7.282305612623323210e-01 -4.823850131554502374e-02
6.664560046485389355e-01 7.442712420755288605e-01 -4.355313029431659433e-02
6.507121480341810926e-01 7.583269459680125335e-01 -3.891155072852089253e-02
6.364902524804255668e-01 7.705209536342398913e-01 -3.431889259019067079e-02
6.238616379358015163e-01 7.809674213341498694e-01 -2.977774375815549560e-02
6.128820455401176037e-01 7.897697528631146824e-01 -2.528851150344241933e-02
6.035938258282259605e-01 7.970194201413014490e-01 -2.084977055107279167e-02
5.960278870181706656e-01 8.027951485434927648e-01 -1.645859304269721435e-02
5.902053715970964065e-01 8.071623916249269781e-01 -1.211085843382673187e-02
5.861390434175779429e-01 8.101730306179522056e-01 -7.801543446017524322e-03
5.838343775229473120e-01 8.118652458544786121e-01 -3.524993732069786438e-03
5.832903517026798434e-01 8.122635193576758228e-01 7.248200173808564545e-04
5.844999431263607770e-01 8.113787397855679595e-01 4.954058117831081597e-03
5.874503360776550664e-01 8.092083924589067445e-01 9.168776324050198143e-03
5.921228485204884651e-01 8.057368282701423690e-01 1.337469481620305600e-02
5.984925866395628402e-01 8.009356158324727470e-01 1.757696807680055387e-02
6.065278382219110309e-01 7.947639912913240234e-01 2.177995240740266195e-02
6.161892183624829711e-01 7.871694297564966192e-01 2.598696848666762205e-02
6.274285850262915076e-01 7.780883712121812179e-01 3.020005728366091310e-02
6.401877479817200678e-01 7.674471417885918578e-01 3.441972883966990665e-02
6.543970029697280255e-01 7.551631180299489543e-01 3.864470494881074025e-02
6.699735340225984048e-01 7.411461866634677653e-01 4.287165862833266367e-02
6.868197407553131573e-01 7.253005545329721526e-01 4.709495548398093950e-02
7.048215641265496156e-01 7.075269617546601220e-01 5.130640462509333810e-02
7.238469031394973996e-01 6.877253445384793329e-01 5.549502960386537564e-02
7.437442352659044964e-01 6.657979811510847945e-01 5.964687281589266254e-02
7.643415734552162499e-01 6.416531338806849005e-01 6.374484969712451710e-02
7.854459101554041034e-01 6.152091705884346062e-01 6.776867158578235573e-02
8.068433108243421303e-01 5.863991110796148432e-01 7.169485789176345547e-02
8.282998223394365533e-01 5.551754966573780870e-01 7.549685875480627306e-02
8.495633515778002742e-01 5.215154277566761420e-01 7.914530815679610143e-02
8.703666424642397814e-01 4.854255581225210836e-01 8.260842398547324494e-02
8.904314330734720562e-01 4.469467800852517936e-01 8.585256544531920386e-02
9.094738067886769528e-01 4.061582913076043910e-01 8.884294932835523628e-02
9.272106645981389450e-01 3.631807072987797702e-01 9.154451519925696501e-02
9.433671443124621581e-01 3.181778844679735707e-01 9.392291617498889356e-02
9.576847054914795487e-01 2.713571525706569565e-01 9.594559784249878653e-02
9.699294982054833536e-01 2.229677269632512893e-01 9.758291455462059227e-02
9.799005535264786459e-01 1.732971791817072282e-01 9.880922174597756014e-02
9.874372879476652765e-01 1.226659821435652081e-01 9.960387688746034918e-02
9.924258141979626080e-01 7.142030091263523728e-02 9.995208176686387613e-02
9.948036032583523758e-01 1.992335390175747900e-02 9.984550575484801849e-02
9.945621455734303673e-01 -3.145419713398139860e-02 9.928264342795636854e-02
9.917474042361313913e-01 -8.234427548896816607e-02 9.826887914848930761e-02
9.864580230130647331e-01 -1.323912417839514521e-01 9.681625378509631230e-02
9.788414267169017746e-01 -1.812609929942764486e-01 9.494295194690420547e-02
9.690881090491528793e-01 -2.286488048947283303e-01 9.267254903848951009e-02
9.574245250878010705e-01 -2.742855339063061115e-01 9.003307366516181964e-02
9.441050796784257182e-01 -3.179419422022338182e-01 8.705595078438052581e-02
9.294037245298049088e-01 -3.594310666653242059e-01 8.377489390388168089e-02
9.136056490482937775e-01 -3.986086990451780387e-01 8.022481099964204332e-02
8.969994823868068234e-01 -4.353721664175974615e-01 7.644077992981453129e-02
8.798703301601040749e-01 -4.696576883996829155e-01 7.245713672192344301e-02
8.624938631883205531e-01 -5.014366372060128363e-01 6.830670611998869435e-02
8.451315705731365924e-01 -5.307110406002385483e-01 6.402018993324268270e-02
8.280271955603288880e-01 -5.575086520546228552e-01 5.962571637839808592e-02
8.114042965122210127e-01 -5.818778750610590356e-01 5.514854361703933061e-02
7.954648198028040351e-01 -6.038827781121166582e-01 5.061090344301984872e-02
7.803885364387618262e-01 -6.235983811897399809e-01 4.603196655544720267e-02
7.663331774409950503e-01 -6.411063399211588409e-01 4.142790875973992315e-02
7.534351010074724631e-01 -6.564911042960939191e-01 3.681205730744718102e-02
7.418103333019533396e-01 -6.698365875975872408e-01 3.219509789136568156e-02
7.315558406153194193e-01 -6.812233490697552352e-01 2.758532505126928477e-02
7.227509103955291891e-01 -6.907262707758468068e-01 2.298892147997051716e-02
7.154585397105452937e-01 -6.984126942818992267e-01 1.841025460222886490e-02
7.097267503018725998e-01 -7.043409750133924341e-01 1.385218157643508009e-02
7.055897683811116483e-01 -7.085594100003784757e-01 9.316356371644858581e-03
7.030690241531657447e-01 -7.111054969027362782e-01 4.803534699875323423e-03
7.021739405827982505e-01 -7.120054874745136431e-01 3.138742864589429485e-04
7.029024933292451482e-01 -7.112742059441525821e-01 -4.152770774562530506e-03
7.052415344310840606e-01 -7.089151112940136334e-01 -8.596562000610685414e-03
7.091668817199088259e-01 -7.049205914098829462e-01 -1.301739483856256471e-02
7.146431846121069631e-01 -6.992724859434791274e-01 -1.741462329677774881e-02
7.216235853998976824e-01 -6.919428429579790318e-01 -2.178679121127672161e-02
7.300492039064883087e-01 -6.828949214965468473e-01 -2.613137115729254056e-02
7.398484827558439170e-01 -6.720844575940529975e-01 -3.044451303014479582e-02
7.509364407578407175e-01 -6.594612143613979294e-01 -3.472080562037570955e-02
7.632138930485413697e-01 -6.449708369709528100e-01 -3.895305604928867710e-02
7.765667084228091710e-01 -6.285570299781680914e-01 -4.313209364137883528e-02
7.908651862123133869e-01 -6.101640667479562019e-01 -4.724660658683105252e-02
8.059636461986922074e-01 -5.897396282179432347e-01 -5.128302144796189482e-02
8.220267011930423307e-01 -5.666494574483823543e-01 -5.639747805170169936e-02
8.388383381845995190e-01 -5.409055104324261842e-01 -6.141381832189318768e-02
8.561544612350393546e-01 -5.124479384268422200e-01 -6.630868137090274728e-02
8.737068768034714772e-01 -4.812355437990657459e-01 -7.105522325204347012e-02
8.912054003041079975e-01 -4.472518883168767889e-01 -7.562335395876514099e-02
9.083412288023143821e-01 -4.105113956300378009e-01 -7.998015344797165804e-02
9.247917014965358895e-01 -3.710651287506676610e-01 -8.409048076270450589e-02
9.402264871569581128e-01 -3.290058640516119182e-01 -8.791777970953273957e-02
9.543151291204072795e-01 -2.844720457550545811e-01 -9.142507042904582382e-02
9.667357497208163286e-01 -2.376502006951484447e-01 -9.457609937411316781e-02
9.771845782977462980e-01 -1.887754322801594165e-01 -9.733660215847397823e-02
9.853858360782705716e-01 -1.381297008815664529e-01 -9.967561656933469905e-02
9.911014062800941327e-01 -8.603773461705485626e-02 -1.015667692750747142e-01
9.941396579254393462e-01 -3.286059075875968905e-02 -1.029894519496898225e-01
9.943627926778204618e-01 2.101291348190900687e-02 -1.039298027490238030e-01
9.916921536829523820e-01 7.517648513494866458e-02 -1.043814183953580554e-01
9.861110718045644763e-01 1.292177704839391761e-01 -1.043457402799740918e-01
9.776650145176298823e-01 1.827302015804863899e-01 -1.038320832201620331e-01
9.664590231805346709e-01 2.353245308609906994e-01 -1.028573047777859989e-01
9.526526468738654163e-01 2.866393445206734114e-01 -1.014451425744295338e-01
9.368702029493399808e-01 3.355765673196242638e-01 -9.829991648341755706e-02
9.192638945546512952e-01 3.820510651479531172e-01 -9.482165483167658004e-02
9.001802128422066174e-01 4.258933987087820117e-01 -9.105303766784517139e-02
8.799697449578194330e-01 4.669882811852201776e-01 -8.703700675066090853e-02
8.589778640266374499e-01 5.052710708861063438e-01 -8.281552890987069204e-02
8.375369340221726633e-01 5.407227337170837922e-01 -7.842856111978005473e-02
8.159601889060028590e-01 5.733637821749921759e-01 -7.391323878228986399e-02
7.945373010107973366e-01 6.032476689095656042e-01 -6.930328962953595517e-02
7.735315392398105505e-01 6.304540502317570461e-01 -6.462866055907467988e-02
7.531783374681932930e-01 6.550822529784506854e-01 -5.991533416489595865e-02
7.336850465141538935e-01 6.772451898871458820e-01 -5.518530558893373211e-02
7.152316246298369151e-01 6.970638841290576204e-01 -5.045668798558853446e-02
6.979720252499589384e-01 7.146626895480484576e-01 -4.574391551977433773e-02
6.820360599242608624e-01 7.301652329697089217e-01 -4.105801550564840141e-02
6.675315427047552319e-01 7.436910596717858368e-01 -3.640692521114591296e-02
6.545465546293912640e-01 7.553529319639341599e-01 -3.179583332200214968e-02
6.431516995189144881e-01 7.652547119726221814e-01 -2.722753056993686485e-02
6.334022525278869553e-01 7.734897508520025555e-01 -2.270275824118575189e-02
6.253401292914224641e-01 7.801397053755430022e-01 -1.822054699311755760e-02
6.189956254569812799e-01 7.852737070489499427e-01 -1.377854152678722501e-02
6.139496409957010403e-01 7.892788453010125549e-01 -1.024554996969156626e-02
6.103064579672445866e-01 7.921368954561376352e-01 -6.737645344106836347e-03
6.080712620141986990e-01 7.938759272531159539e-01 -3.253158703715235741e-03
6.072438117547508396e-01 7.945156641014089471e-01 2.098946027707820385e-04
6.078187868446407460e-01 7.940675068508119550e-01 3.653652576497953830e-03
6.097859847883758677e-01 7.925346401072476121e-01 7.080249606557185819e-03
6.131303701333067346e-01 7.899122152343509562e-01 1.049166363034117512e-02
6.178319816066036863e-01 7.861876090109786164e-01 1.388956617664128049e-02
6.238657046486768554e-01 7.813407614610422547e-01 1.727517420960530264e-02
6.312009188819422967e-01 7.753446005596644763e-01 2.064910297027143515e-02
6.398010325312939450e-01 7.681655652585593907e-01 2.401121940998087942e-02
6.496229188521435161e-01 7.597642414440843872e-01 2.736049632657581998e-02
6.606162733544558296e-01 7.500961278830249324e-01 3.069486794994262524e-02
6.727229151163249821e-01 7.391125507149427509e-01 3.401108847569117577e-02
6.858760607692081512e-01 7.267617453562770224e-01 3.730459590653575908e-02
6.999996057300157393e-01 7.129901234850073433e-01 4.056938451312532001e-02
7.150074537597083113e-01 6.977437397387821205e-01 4.379789023957603167e-02
7.308029426115809635e-01 6.809699675421392318e-01 4.698089440692860413e-02
7.472784199020909846e-01 6.626193857735063197e-01 5.010745204328007074e-02
7.643150287270774612e-01 6.426478675753474201e-01 5.316485200351687979e-02
7.821243724868462976e-01 6.204866066677934278e-01 5.725457291180886116e-02
8.005358373274892303e-01 5.961456876879888123e-01 6.126128482921264912e-02
8.193546731724830057e-01 5.695715553786163676e-01 6.516456131561387810e-02
8.383686626856031721e-01 5.407266842423870123e-01 6.894128496459191180e-02
8.573496892479958165e-01 5.095939330770310471e-01 7.256584682092387384e-02
8.760561951853729212e-01 4.761808762345501322e-01 7.601046740821795766e-02
8.942366023372637640e-01 4.405239027055541934e-01 7.924564817520912685e-02
9.116337158728444745e-01 4.026918383146972369e-01 8.224075550688089709e-02
9.279900660384500233e-01 3.627888233705386378e-01 8.496473077461944023e-02
9.430540645391022325e-01 3.209561743903324715e-01 8.738690965379448949e-02
9.565867684704051355e-01 2.773729795411726817e-01 8.947792290995672249e-02
9.683689636058431249e-01 2.322552266814486288e-01 9.121064017234629950e-02
9.782082106493653617e-01 1.858533405761214619e-01 9.256110923535311452e-02
9.859454534393663483e-01 1.384481080780814721e-01 9.350943756933682849e-02
9.914607763086824566e-01 9.034508849447968337e-02 9.404056121245170374e-02
9.946779248264436823e-01 4.186772887132278465e-02 9.414484984638994691e-02
9.955672710096070688e-01 -6.650483865107727210e-03 9.381850577005490521e-02
9.941470060671753206e-01 -5.487441450349765659e-02 9.306372805036194906e-02
9.904824705844971211e-01 -1.024757446655382154e-01 9.188862999143962429e-02
9.846836694175135074e-01 -1.491410342535788858e-01 9.030691632066725760e-02
9.769011503146665110e-01 -1.945789398870335918e-01 8.833734400418839783e-02
9.673205362378414218e-01 -2.385262283106643622e-01 8.600300536406967067e-02
9.561560798018509111e-01 -2.807523288911898396e-01 8.333048262221505464e-02
9.436436476837471998e-01 -3.210622903412773121e-01 8.034892828004877585e-02
9.300335425726821148e-01 -3.592981280565266111e-01 7.708912576631632430e-02
9.155835348263750006e-01 -3.953386569015935881e-01 7.358258015714787270e-02
9.005524139241778414e-01 -4.290979903396592854e-01 6.986068061409833607e-02
8.851942914970586385e-01 -4.605229451849141009e-01 6.595396588161893392e-02
8.697538037158442092e-01 -4.895896209951392519e-01 6.189151313365032214e-02
8.544622802696627550e-01 -5.162994268117528929e-01 5.770045987145344668e-02
8.395348768574727449e-01 -5.406748106316375813e-01 5.340565935134462816e-02
8.251686121468889690e-01 -5.627549148797470480e-01 4.902946270423475666e-02
8.115412100926835404e-01 -5.825913405529807854e-01 4.459161570457977064e-02
7.988106238723469144e-01 -6.002441592150203897e-01 4.010925498785273408e-02
7.871151065981254469e-01 -6.157782700433147571e-01 3.559698714787930263e-02
7.765736937415618213e-01 -6.292601617191363461e-01 3.106703420897320711e-02
7.672869699618389827e-01 -6.407551078844797576e-01 2.652943007015423627e-02
7.593380060281923472e-01 -6.503248008678234049e-01 2.199225428578069352e-02
7.527933674391354968e-01 -6.580254113034880170e-01 1.746189165504123675e-02
7.477041133556708852e-01 -6.639060505024438896e-01 1.294330828330375951e-02
7.445537111306057554e-01 -6.675218910328258870e-01 7.383220559732953797e-03
7.432709987839613008e-01 -6.689880565105811305e-01 1.849274666585803625e-03
7.438603379833438334e-01 -6.683252453303373253e-01 -3.658240627232846494e-03
7.463079998008783633e-01 -6.655381779223594751e-01 -9.139110613742309347e-03
7.505823095029331427e-01 -6.606159778287414852e-01 -1.459274429762825141e-02
7.566334322937819934e-01 -6.535329851861233497e-01 -2.001773389650182006e-02
7.643928355426772292e-01 -6.442500115366368574e-01 -2.541142622525000699e-02
7.737724827798111438e-01 -6.327160572592364085e-01 -3.076950940303982418e-02
7.846638357137256659e-01 -6.188705213193596011e-01 -3.608562042147974575e-02
7.969367629934979158e-01 -6.026459359529340309e-01 -4.135098180834233250e-02
8.104384781427715900e-01 -5.839712547223189221e-01 -4.655407876212986490e-02
8.249926530395151891e-01 -5.627757094976455488e-01 -5.168039149595227838e-02
8.403988756604955368e-01 -5.389932289014627287e-01 -5.671220079979408246e-02
8.564326387751381997e-01 -5.125673766590091995e-01 -6.162848758760685469e-02
8.728460561819288976e-01 -4.834567230470107058e-01 -6.640494891440407166e-02
8.893695005619718374e-01 -4.516405074996528435e-01 -7.101415302307789723e-02
9.057143374612580677e-01 -4.171243884890161735e-01 -7.542585378145021113e-02
9.215768891580353728e-01 -3.799460132818602842e-01 -7.960747983646143666e-02
9.366436975202192539e-01 -3.401800825459615485e-01 -8.352480557987067289e-02
9.505980662769228928e-01 -2.979425423555042696e-01 -8.714279956806639249e-02
9.631277539326807968e-01 -2.533935191562006750e-01 -9.042663183309566921e-02
9.739335667309862998e-01 -2.067386312842325324e-01 -9.334280560956521866e-02
9.827384789165254375e-01 -1.582283706059018635e-01 -9.586036301396200221e-02
9.892968007884193060e-01 -1.081553518443106321e-01 -9.795210023757347506e-02
9.934028408008049871e-01 -5.684937067702677815e-02 -9.959571812383595513e-02
9.948984817843625761e-01 -4.670382851930138246e-03 -1.007748306573405528e-01
9.936791238160418427e-01 4.800030313306305474e-02 -1.014797583005322967e-01
9.896975400441969661e-01 1.007701605527276945e-01 -1.017080456345869077e-01
9.829653400227201798e-01 1.532463170616220616e-01 -1.014646624862268892e-01
9.735519216944710230e-01 2.050465024234900957e-01 -1.007618725170455615e-01
9.615809950905529480e-01 2.558094019361665805e-01 -9.961878006946746356e-02
9.472249522589405446e-01 3.052038080574537848e-01 -9.806059148324949848e-02
9.306975150264393815e-01 3.529360835421344600e-01 -9.611764795505871317e-02
9.122451972708867096e-01 3.987556110535672160e-01 -9.382430097156579940e-02
8.921381627482192211e-01 4.424580839214632966e-01 -9.121770725336444952e-02
8.706610441530522326e-01 4.838866673194072154e-01 -8.833661813275200947e-02
8.481042232926834235e-01 5.229312090781479405e-01 -8.522022958681027549e-02
8.247559708873072326e-01 5.595257913882241141e-01 -8.190714572943177951e-02
