1.000000000000000000e+00 0.000000000000000000e+00 0.000000000000000000e+00
9.999984195890654348e-01 8.386315257136868311e-04 -1.567671823469981088e-03
9.999926069942223217e-01 2.243947191737607171e-03 -3.122634111780236976e-03
9.999802708950779051e-01 4.210648855748472946e-03 -4.661392302531378734e-03
9.999582391047754371e-01 6.732161184391058373e-03 -6.180496403912048506e-03
9.999225063635039934e-01 9.800640358272499561e-03 -7.676547864302487797e-03
9.998682916157156653e-01 1.340698352215967740e-02 -9.146206632438350428e-03
9.997901042053599641e-01 1.754083946089405807e-02 -1.058619844533429354e-02
9.996818183407225611e-01 2.219062104307997774e-02 -1.199332236865673258e-02
9.995367550981381077e-01 2.734352001971449009e-02 -1.336445860042509252e-02
9.993477711526492779e-01 3.298552479213501948e-02 -1.469657653414896056e-02
9.991073533446503951e-01 3.910144177185355396e-02 -1.598674306214319107e-02
9.988077181160635032e-01 4.567492094331761232e-02 -1.723213108419792416e-02
9.984409147792908668e-01 5.268848620913114955e-02 -1.843002817142729705e-02
9.979989315189656818e-01 6.012357104600902363e-02 -1.957784532040080655e-02
9.974738029724242727e-01 6.796055992946239965e-02 -2.067312571899620338e-02
9.968577181919787700e-01 7.617883589718194015e-02 -2.171355343321269837e-02
9.961431277625769631e-01 8.475683451708759808e-02 -2.269696191383561643e-02
9.953228488342868996e-01 9.367210440834490559e-02 -2.362134221369996054e-02
9.943901668319868881e-01 1.029013743350747911e-01 -2.448485080066426650e-02
9.933389326261017338e-01 1.124206267561894262e-01 -2.528581684852077710e-02
9.921636539891962592e-01 1.222051775742886703e-01 -2.602274888810533066e-02
9.908595802242068373e-01 1.322297616856092928e-01 -2.669434070392199404e-02
9.894227789309681942e-01 1.424686237955183898e-01 -2.729947636766786104e-02
9.878502039777786736e-01 1.528956138338725124e-01 -2.783723430904655807e-02
9.861397538627130199e-01 1.634842861854844953e-01 -2.830689033601722568e-02
9.842903197833002826e-01 1.742080018464465807e-01 -2.870791953087438453e-02
9.823018228805180385e-01 1.850400325302597182e-01 -2.903999696494710334e-02
9.801752402808102671e-01 1.959536656812104205e-01 -2.930299719282740065e-02
9.779126197246018615e-01 2.069223093082143972e-01 -2.949699250641533640e-02
9.755170827378555343e-01 2.179195955317196343e-01 -2.962224994918897722e-02
9.729928164707487559e-01 2.289194817398137183e-01 -2.967922711143671302e-02
9.703450544906659925e-01 2.398963482772451805e-01 -2.966856674718938366e-02
9.675800469716686614e-01 2.508250916417451570e-01 -2.959109027273893605e-02
9.647050208659306847e-01 2.616812122342334623e-01 -2.944779022444191097e-02
9.617281307712270966e-01 2.724408958009985060e-01 -2.923982176954433021e-02
9.586584013198159449e-01 2.830810878140213038e-01 -2.896849337765881882e-02
9.555056620059304562e-01 2.935795601571173363e-01 -2.863525677198102901e-02
9.522804754401793526e-01 3.039149696170748705e-01 -2.824169628813961996e-02
9.489940600686802563e-01 3.140669078168878969e-01 -2.778951777460876571e-02
9.456582084226115015e-01 3.240159423689206175e-01 -2.728053717183800270e-02
9.422852019705690862e-01 3.337436491659108162e-01 -2.671666890771788941e-02
9.388877236327488607e-01 3.432326358638461694e-01 -2.609991424482531464e-02
9.354787689841131959e-01 3.524665567399857813e-01 -2.543234971026964511e-02
9.320715571253523901e-01 3.614301192290867992e-01 -2.471611573213713942e-02
9.286794421379246378e-01 3.701090825491266112e-01 -2.395340559779547684e-02
9.253158259652941586e-01 3.784902489228579303e-01 -2.314645483899222325e-02
9.219940734793388160e-01 3.865614479822620519e-01 -2.229753113709669748e-02
9.187274304014446669e-01 3.943115150087220244e-01 -2.140892482933355948e-02
9.155289446546569510e-01 4.017302637123246756e-01 -2.048294008377117559e-02
9.124113916288990600e-01 4.088084542893346551e-01 -1.952188679747316261e-02
9.093872037479708847e-01 4.155377575181404826e-01 -1.852807325888711568e-02
9.064684046368272075e-01 4.219107156617299959e-01 -1.750379960248776845e-02
9.036665481022565505e-01 4.279207009401225226e-01 -1.645135207113440634e-02
9.009926620609718384e-01 4.335618723204534564e-01 -1.537299808972724877e-02
8.984571974774201442e-01 4.388291313469677712e-01 -1.427098214269871719e-02
8.960699823101404560e-01 4.437180776994746889e-01 -1.314752243775845104e-02
8.938401804107806159e-01 4.482249651282932956e-01 -1.200480832919531039e-02
8.917762552741890225e-01 4.523466583677687169e-01 -1.084499846596158334e-02
8.898859385013337953e-01 4.560805915803801680e-01 -9.670219622731721087e-03
8.881762028089776884e-01 4.594247288304909582e-01 -8.482566166122569237e-03
8.866532394006566564e-01 4.623775270319792630e-01 -7.284100103246888419e-03
8.856760290684866366e-01 4.642800769085663748e-01 -4.688739518594388714e-03
8.851256710462527266e-01 4.653473463469288141e-01 -2.096738030101084720e-03
8.850043182343175774e-01 4.655825606084401658e-01 4.885351869603317757e-04
8.853112572402187519e-01 4.649888106865136539e-01 3.063753185242619644e-03
8.860429386830371845e-01 4.635690524247489397e-01 5.625608675521099819e-03
8.871930128964820028e-01 4.613261311543820908e-01 8.170791907045666172e-03
8.887523712132066045e-01 4.582628311721091974e-01 1.069596936417428236e-02
8.907091933631402503e-01 4.543819491803265387e-01 1.319776363732006429e-02
8.930490018431512800e-01 4.496863906059284099e-01 1.567273481893092027e-02
8.957547244067106673e-01 4.441792874948543024e-01 1.811736376805972437e-02
8.988067660728934483e-01 4.378641364427571236e-01 2.052803757923401390e-02
9.021830922563718325e-01 4.307449547643106280e-01 2.290103758177924886e-02
9.058593247662656278e-01 4.228264528235789466e-01 2.523253018333336192e-02
9.098088525040568530e-01 4.141142201465361494e-01 2.751856085476730301e-02
9.140029587017243218e-01 4.046149226176816160e-01 2.975505153181827456e-02
9.184109664738232537e-01 3.943365077317713130e-01 3.193780168020369375e-02
9.230004043054214069e-01 3.832884145376530549e-01 3.406249323467577805e-02
9.277371928570696813e-01 3.714817845853627398e-01 3.612469957744946641e-02
9.325858541358489351e-01 3.589296698837610711e-01 3.811989866701653851e-02
9.375097436581610877e-01 3.456472336099449816e-01 4.004349036423743291e-02
9.424713057187484866e-01 3.316519391009433715e-01 4.189081792892057621e-02
9.474323512886304588e-01 3.169637225212076359e-01 4.365719357752324836e-02
9.523543574036738013e-01 3.016051445545733789e-01 4.533792790238830306e-02
9.571987861912458762e-01 2.856015165341271311e-01 4.692836285693469806e-02
9.619274209351956761e-01 2.689809966130025654e-01 4.842390791193352390e-02
9.665027158238268523e-01 2.517746519053659093e-01 4.982007888849203370e-02
9.708881552897125067e-01 2.340164829968763016e-01 5.111253887720427352e-02
9.750486181649430373e-01 2.157434078390781385e-01 5.229714056404701633e-02
9.789507412728476465e-01 1.969952027971267894e-01 5.336996920614452133e-02
9.825632765893095311e-01 1.778143995022538615e-01 5.432738543862387914e-02
9.858574357634399821e-01 1.582461371491836188e-01 5.516606705131404248e-02
9.888072156145990554e-01 1.383379709467766061e-01 5.588304885438191705e-02
9.913896982407998104e-01 1.181396385434732715e-01 5.647575975777056889e-02
9.935853195951859229e-01 9.770278736845466883e-02 5.694205622215043477e-02
9.953781008164865884e-01 7.708066691228848688e-02 5.728025129949711886e-02
9.967558372303690906e-01 5.632779097347952180e-02 5.748913856857004734e-02
9.977102407556776020e-01 3.549957577736795322e-02 5.756801038236766810e-02
9.982370324272622497e-01 1.465196059257763486e-02 5.751666997768391243e-02
9.983359828514594136e-01 -6.158982004744396194e-03 5.733543714665782082e-02
9.980108996003133059e-01 -2.687743876152946104e-02 5.702514733124273288e-02
9.972695617806026647e-01 -4.744824374099580744e-02 5.658714416774228428e-02
9.961236032356736159e-01 -6.781725430716878389e-02 5.602326567358956178e-02
9.945883470045034924e-01 -8.793170811866428405e-02 5.533582442606956031e-02
9.926825947289986685e-01 -1.077405547491988858e-01 5.452758222680703648e-02
9.904283756285355844e-01 -1.271947563346636778e-01 5.360171987140493338e-02
9.878506604190586682e-01 -1.462475525768459073e-01 5.256180274647125061e-02
9.849770461205771266e-01 -1.648546864716371463e-01 5.141174305345833778e-02
9.818374180594219292e-01 -1.829745882315410022e-01 5.015575950860330645e-02
9.784635955278673247e-01 -2.005685159947845908e-01 4.879833539046233432e-02
9.748889675208824990e-01 -2.176006530145976336e-01 4.734417580198378717e-02
9.711481247434222697e-01 -2.340381620645243521e-01 4.579816498477816411e-02
9.672764936942517267e-01 -2.498511987469120565e-01 4.416532447213636359e-02
9.633099781113901861e-01 -2.650128862267175922e-01 4.245077279800975323e-02
9.592846124406324559e-01 -2.794992546136348954e-01 4.065968739560299472e-02
9.552362312943435407e-01 -2.932891487719323509e-01 3.879726922561606284e-02
9.512001581345281842e-01 -3.063641087460902690e-01 3.686871057461774820e-02
9.472109156718264700e-01 -3.187082272545547768e-01 3.487916636239137003e-02
9.433019597473011331e-01 -3.303079888322760227e-01 3.283372919680238589e-02
9.395054377794652689e-01 -3.411520952080094871e-01 3.073740831871120405e-02
9.358519722333316082e-01 -3.512312814004474038e-01 2.859511249001774058e-02
9.326926818511319661e-01 -3.598079775219482634e-01 2.495170112457667164e-02
9.299288093947071232e-01 -3.671230466929874536e-01 2.128578049127075739e-02
9.275918119587761579e-01 -3.731803275435143230e-01 1.760339725021908830e-02
9.257075441735611587e-01 -3.779841941920475401e-01 1.391033621647148021e-02
9.242962207958730358e-01 -3.815392690058516667e-01 1.021215794787143014e-02
9.233724047892248876e-01 -3.838501953643610465e-01 6.514240404448852148e-03
9.229450164321166827e-01 -3.849214722362008234e-01 2.821823533068442465e-03
9.230173600739872697e-01 -3.847573514959829466e-01 -8.599443411599050867e-04
9.235871663043945246e-01 -3.833617981230807437e-01 -4.525959406698710705e-03
9.246466484746562742e-01 -3.807385127118451673e-01 -8.171115604124069842e-03
9.261825736772860695e-01 -3.768910150498560596e-01 -1.179025925182536350e-02
9.281763494138735027e-01 -3.718227868562157257e-01 -1.537814607980375441e-02
9.306041282343524568e-01 -3.655374710858318443e-01 -1.892940167546991806e-02
9.334369335776850907e-01 -3.580391244721372046e-01 -2.243848632848789715e-02
9.366408108530863696e-01 -3.493325191794458551e-01 -2.589966524173790974e-02
9.401770084383440640e-01 -3.394234885542964375e-01 -2.930698504819116354e-02
9.440021937031665145e-01 -3.283193109989588354e-01 -3.265425753404629233e-02
9.480687093564886814e-01 -3.160291249467029884e-01 -3.593505141159852173e-02
9.523248753343875883e-01 -3.025643668162284472e-01 -3.914269290563181236e-02
9.567153410602831087e-01 -2.879392226932815935e-01 -4.227027580955673020e-02
9.611814921980669224e-01 -2.721710833752604142e-01 -4.531068152769546220e-02
9.656619149675433889e-01 -2.552809913761189820e-01 -4.825660944486756532e-02
9.700929196984354741e-01 -2.372940675914441411e-01 -5.110061775227379283e-02
9.744091235784955174e-01 -2.182399046425139155e-01 -5.383517461030328660e-02
9.785440905361643127e-01 -1.981529135329130609e-01 -5.645271924758857307e-02
9.824310239431315317e-01 -1.770726102403746560e-01 -5.894573228759775185e-02
9.860035054036153657e-01 -1.550438293013768620e-01 -6.130681426852408605e-02
9.891962704133158146e-01 -1.321168523842549680e-01 -6.352877099141379658e-02
9.919460092388371342e-01 -1.083474413249536639e-01 -6.560470401017963471e-02
9.941921791190759805e-01 -8.379676712742280265e-02 -6.752810428216698968e-02
9.958778119619496882e-01 -5.853122898466698448e-02 -6.929294674709542134e-02
9.969503002394940472e-01 -3.262216039701584108e-02 -7.089378341317216503e-02
9.973621428965214752e-01 -6.145422854732379703e-03 -7.232583241814494190e-02
9.970716328848536758e-01 2.081910881854378073e-02 -7.358506051328048136e-02
9.960434684860614007e-01 4.818816165681170244e-02 -7.466825649869464343e-02
9.942492719188733563e-01 7.587576886524725894e-02 -7.557309332267481139e-02
9.916680008241610667e-01 1.037940485259533502e-01 -7.629817684299206038e-02
9.882862410127444264e-01 1.318540391184953864e-01 -7.684307962558850624e-02
9.840983722341573037e-01 1.599665720647919509e-01 -7.720835861011776657e-02
9.791066025221343283e-01 1.880431600591322139e-01 -7.739555598190457630e-02
9.733208707084949340e-01 2.159968793458926506e-01 -7.740718313122632588e-02
9.667586207674647714e-01 2.437432243951838939e-01 -7.724668812636760473e-02
9.594444555509498151e-01 2.712009145811985489e-01 -7.691840764930216179e-02
9.514096810082195432e-01 2.982926344178481459e-01 -7.642750481645166349e-02
9.426917549837839916e-01 3.249456915332633589e-01 -7.577989470962272212e-02
9.333336570257247944e-01 3.510925797142004368e-01 -7.498215975681860046e-02
9.233831972295434287e-01 3.766714378447293954e-01 -7.404145731807119934e-02
9.128922829547427842e-01 4.016263992121676396e-01 -7.296542194312842511e-02
9.019161622958237201e-01 4.259078292723476045e-01 -7.176206477750532442e-02
8.905126625223648285e-01 4.494724533875620875e-01 -7.043967250854007989e-02
8.787414404160227566e-01 4.722833791318208907e-01 -6.900670807586235800e-02
8.666632596429958424e-01 4.943100203904476908e-01 -6.747171513666198883e-02
8.543393081410990408e-01 5.155279325922624833e-01 -6.584322799290791284e-02
8.418305661080101032e-01 5.359185699672055492e-01 -6.412968837338084427e-02
8.291972326835366225e-01 5.554689767190923444e-01 -6.233937013557525053e-02
8.164982169435049952e-01 5.741714244705515835e-01 -6.048031262706685118e-02
8.037906964676458932e-01 5.920230083266994070e-01 -5.856026313631301078e-02
7.911297445888803015e-01 6.090252134838159970e-01 -5.658662857970580412e-02
7.785680255343359057e-01 6.251834635569641918e-01 -5.456643632268930177e-02
7.661555550648713186e-01 6.405066607973165516e-01 -5.250630382261984447e-02
7.539395229253731401e-01 6.550067271952936254e-01 -5.041241661186338791e-02
7.419641724309481434e-01 6.686981541928955775e-01 -4.829051401117742670e-02
7.302707318188920160e-01 6.815975674224133973e-01 -4.614588187367974631e-02
7.188973915673002590e-01 6.937233116031058522e-01 -4.398335160526881810e-02
7.078793216859633475e-01 7.050950595052376535e-01 -4.180730468394084492e-02
6.972487229876185300e-01 7.157334477638560566e-01 -3.962168190326458700e-02
6.870349065105356701e-01 7.256597413142698016e-01 -3.742999658940273505e-02
6.772643955505825986e-01 7.348955273397433929e-01 -3.523535108171235025e-02
6.679610451386887027e-01 7.434624388740949108e-01 -3.304045581965284889e-02
6.591461742378654787e-01 7.513819075862132602e-01 -3.084765043948081709e-02
6.508387064066533112e-01 7.586749447838462279e-01 -2.865892634956140536e-02
6.430553151613961349e-01 7.653619493009060637e-01 -2.647595032019219724e-02
6.358105707507311077e-01 7.714625406644460837e-01 -2.430008869029604349e-02
6.291170855187980804e-01 7.769954157617321444e-01 -2.213243185740002353e-02
6.229856554692334569e-01 7.819782271315141031e-01 -1.997381877765911848e-02
6.174253960435190924e-01 7.864274809740583461e-01 -1.782486125839766178e-02
6.124438704908929942e-01 7.903584529998464170e-01 -1.568596787616731783e-02
6.080472095312011716e-01 7.937851203062157301e-01 -1.355736739837548437e-02
6.042402212969355535e-01 7.967201075749653638e-01 -1.143913162605958433e-02
6.010264907877705953e-01 7.991746460136831542e-01 -9.331197609470452681e-03
5.988216698280046657e-01 8.008576702738027242e-01 -6.295132073911236664e-03
5.974786330960398795e-01 8.018781669735450812e-01 -3.273766082301260861e-03
5.969968115575561285e-01 8.022435827606051451e-01 -2.652103475343256349e-04
5.973740493738686208e-01 8.019581088974947480e-01 2.732454998048289459e-03
5.986066443201696341e-01 8.010227110936832817e-01 5.721139154775549233e-03
6.006893546970141218e-01 7.994351706192790452e-01 8.702700068363915936e-03
6.036153734660256731e-01 7.971901367008681349e-01 1.167890421397794337e-02
6.073762704660726763e-01 7.942791908056763273e-01 1.465138647918806138e-02
6.119619037112654647e-01 7.906909240033307418e-01 1.762160990055597343e-02
6.173603009535921782e-01 7.864110291528465524e-01 2.059082504626593563e-02
6.235575129265165106e-01 7.814224101920898002e-01 2.356002888581491123e-02
6.305374399861087831e-01 7.757053113016383339e-01 2.652992304786199948e-02
6.382816342467282356e-01 7.692374691655522456e-01 2.950087143961627884e-02
6.467690797807211789e-01 7.619942919455321428e-01 3.247285728632594987e-02
6.559759540255574173e-01 7.539490689058613304e-01 3.544543974812935927e-02
6.658753742236930284e-01 7.450732148537804189e-01 3.841771038409834416e-02
6.764371335124160778e-01 7.353365536685971815e-01 4.138824985968317383e-02
6.876274321797177791e-01 7.247076451537829422e-01 4.435508543327253139e-02
6.994086105975507728e-01 7.131541592267928165e-01 4.731564990868764725e-02
7.117388914167931402e-01 7.006433010259272010e-01 5.026674290053752964e-02
7.245721397296132071e-01 6.871422898256612788e-01 5.320449542455743530e-02
7.378576510336428695e-01 6.726188936760413295e-01 5.612433898988602315e-02
7.515399779141601622e-01 6.570420203865920961e-01 5.902098052754326668e-02
7.655588073272625582e-01 6.403823638371244353e-01 6.188838463017056618e-02
7.798489011369671431e-01 6.226131026056134221e-01 6.471976469160502232e-02
7.943401130382040654e-01 6.037106455630010249e-01 6.750758460867706257e-02
8.089574950822687738e-01 5.836554164251348542e-01 7.024357272810209663e-02
8.236215066034151544e-01 5.624326663297182227e-01 7.291874967423825349e-02
8.382483373191388365e-01 5.400333004100635881e-01 7.552347156486288737e-02
8.527503546478256702e-01 5.164547011917854924e-01 7.804748989953565197e-02
8.670366827834431467e-01 4.917015286032666577e-01 8.048002907904720782e-02
8.810139177497056107e-01 4.657864736587601917e-01 8.280988207992243111e-02
8.945869785342874803e-01 4.387309406635508391e-01 8.502552426617443482e-02
9.076600895441977457e-01 4.105656313377502031e-01 8.711524468044183622e-02
9.201378841606663306e-01 3.813310037918692386e-01 8.906729343615968353e-02
9.319266133120183149e-01 3.510775800246102585e-01 9.087004305890830635e-02
9.429354370023725895e-01 3.198660777179596071e-01 9.251216083525093392e-02
9.530777709697667577e-01 2.877673456744112568e-01 9.398278846596107294e-02
9.622726554796254828e-01 2.548620872826515837e-01 9.527172463800105684e-02
9.704461090853986338e-01 2.212403628094575525e-01 9.636960557862626897e-02
9.775303940187992646e-01 1.878034784935810053e-01 9.572999109212521063e-02
9.834396411454567888e-01 1.544114259423917390e-01 9.488746915359960732e-02
9.881848833087875095e-01 1.211794393178458329e-01 9.384149821312906536e-02
9.917880062975324984e-01 8.822210312597708604e-02 9.259296211388826081e-02
9.942814710589029659e-01 5.565201553045998756e-02 9.114413572250854023e-02
9.957078346282827175e-01 2.357851890231669328e-02 8.949862446726990217e-02
9.961190860188422480e-01 -7.893469056096585890e-03 8.766128001294606897e-02
9.955758192684356356e-01 -3.866449473389536873e-02 8.563809509792072450e-02
9.941462705613802742e-01 -6.864145530230024439e-02 8.343608119256619438e-02
9.919052496229170401e-01 -9.773831577193278775e-02 8.106313308039950205e-02
9.889329973268360385e-01 -1.258766462773197592e-01 7.852788470217821060e-02
9.853140016735348894e-01 -1.529859762034388726e-01 7.583956063928173896e-02
9.811358030974342004e-01 -1.790039681578712571e-01 7.300782746097908560e-02
9.764878176412207234e-01 -2.038764205149982689e-01 7.004264884577834915e-02
9.714602031397256976e-01 -2.275571120899431976e-01 6.695414794288916116e-02
9.661427894705870711e-01 -2.500075062964583483e-01 6.375247990304036549e-02
9.606240894418072163e-01 -2.711963348438998223e-01 6.044771691653554740e-02
9.549904022730327791e-01 -2.910990826480915894e-01 5.704974748656344019e-02
9.493250171313418750e-01 -3.096973962461520569e-01 5.356819106919631646e-02
9.437075200037204903e-01 -3.269784377401969144e-01 5.001232865416862378e-02
9.378688096890408499e-01 -3.436738838685939323e-01 4.785782585140147677e-02
9.320208979280932837e-01 -3.595206927717443102e-01 4.562817698849037928e-02
9.262122593295183393e-01 -3.745041958238322644e-01 4.332978623441137433e-02
9.204898158938643604e-01 -3.886129949696903174e-01 4.096889777985451842e-02
9.148986176701083828e-01 -4.018386580456040913e-01 3.855156502200424162e-02
9.094815660160027182e-01 -4.141754014942731765e-01 3.608362630714440078e-02
9.042791781715397992e-01 -4.256197675192859298e-01 3.357068709347485469e-02
8.993293910417483605e-01 -4.361703021031985150e-01 3.101810828325385003e-02
8.946674014520000773e-01 -4.458272396228876722e-01 2.843100038226074183e-02
8.903255396816863732e-01 -4.545921990720394046e-01 2.581422307479481343e-02
8.863331727903404067e-01 -4.624678961740960048e-01 2.317238975238772314e-02
8.827166341096174262e-01 -4.694578749646803884e-01 2.050987650194182818e-02
8.794991752679208741e-01 -4.755662617595729502e-01 1.783083504158962732e-02
8.767009372234088049e-01 -4.807975438161788406e-01 1.513920908750427709e-02
8.743389369869267735e-01 -4.851563744512828458e-01 1.243875363946616436e-02
8.724270670009494077e-01 -4.886474058992475999e-01 9.733056684605579170e-03
8.709761044869163138e-01 -4.912751507821643271e-01 7.025562835003903647e-03
8.699937284660025361e-01 -4.930438727129992094e-01 4.319598433628640821e-03
8.694845425836493780e-01 -4.939575062580617293e-01 1.618397682605304897e-03
8.694501023140799312e-01 -4.940196062377728015e-01 -1.074870633356972676e-03
8.702416267916210924e-01 -4.925984966588681235e-01 -5.122452375260636362e-03
8.717314117590251321e-01 -4.898985812201548384e-01 -9.150611991808110801e-03
8.739043649264142122e-01 -4.859198491728587421e-01 -1.315558620610912319e-02
8.767392998688613437e-01 -4.806606434152245200e-01 -1.713344102382113182e-02
8.802089721417803991e-01 -4.741179264942777527e-01 -2.108000580035522889e-02
8.842801172785805797e-01 -4.662876191148937477e-01 -2.499081198575076393e-02
8.889134977028605444e-01 -4.571650086893704334e-01 -2.886103764781920364e-02
8.940639669106952292e-01 -4.467452247444398394e-01 -3.268545893381308298e-02
8.996805604171553838e-01 -4.350237770322736286e-01 -3.645840968940183835e-02
9.057066238641363620e-01 -4.219971509479837901e-01 -4.017375050151487242e-02
9.120799892938152853e-01 -4.076634533347891498e-01 -4.382484845787019273e-02
9.187332108362662453e-01 -3.920230999750680123e-01 -4.740456890914612753e-02
9.255938708695206074e-01 -3.750795340590954430e-01 -5.090528046783694693e-02
9.325849670148803616e-01 -3.568399627567463428e-01 -5.431887436925020296e-02
9.396253890657514374e-01 -3.373160967812006694e-01 -5.763679914441605101e-02
9.466304930654211303e-01 -3.165248756452552215e-01 -6.085011130363691262e-02
9.535127772220520770e-01 -2.944891593129594920e-01 -6.394954239808212093e-02
9.601826611839400227e-01 -2.712383653051393950e-01 -6.692558241479888703e-02
9.665493664417370567e-01 -2.468090292027711741e-01 -6.976857897294284905e-02
9.725218913714153146e-01 -2.212452660844640706e-01 -7.246885123759500003e-02
9.780100698283648031e-01 -1.945991108983279039e-01 -7.501681687089202522e-02
9.829256974468121300e-01 -1.669307172402399730e-01 -7.740312972398429026e-02
9.871837051335715651e-01 -1.383083965798941051e-01 -7.961882536942856137e-02
9.907033549500381397e-01 -1.088084836703510777e-01 -8.165547101866180157e-02
9.934094299485584090e-01 -7.851501864724001745e-02 -8.350531590232924961e-02
9.952333868623088886e-01 -4.751924203665357227e-02 -8.516143785115923293e-02
9.961144391055931635e-01 -1.591890532626459576e-02 -8.661788163664993490e-02
9.960005375319287424e-01 1.618259338678215697e-02 -8.786978464153091806e-02
9.948492179474035524e-01 4.867723223718813802e-02 -8.891348564656331721e-02
9.926282875128595862e-01 8.145352390667096043e-02 -8.974661294621825991e-02
9.893163268046453185e-01 1.143977805632171579e-01 -9.036814862974576479e-02
9.849029902407232528e-01 1.473954518674406855e-01 -9.077846665972787166e-02
9.793890945144947402e-01 1.803324992272267169e-01 -9.097934330736266728e-02
9.727864922287318139e-01 2.130967678911774299e-01 -9.097393951158465331e-02
9.651177356511398964e-01 2.455793186632575786e-01 -9.076675576003878643e-02
9.564155429710110567e-01 2.776756829812798144e-01 -9.036356108425711020e-02
9.467220861959847467e-01 3.092870086920956885e-01 -8.977129866257325952e-02
9.360881255204127616e-01 3.403210688276666618e-01 -8.899797128353606479e-02
9.245720193407483967e-01 3.706931117032791767e-01 -8.805251050259385592e-02
9.122386419135191105e-01 4.003265373318465881e-01 -8.694463370244276401e-02
8.991582418865904369e-01 4.291533920663818114e-01 -8.568469343459948762e-02
8.854052746338108015e-01 4.571146801505638346e-01 -8.428352338304227753e-02
8.710572396328184475e-01 4.841604971234350074e-01 -8.275228506956407160e-02
8.561935512675993287e-01 5.102499955044336177e-01 -8.110231904423637062e-02
8.408944676833404186e-01 5.353511976763388747e-01 -7.934500380917908213e-02
8.252400979666976166e-01 5.594406742699143953e-01 -7.749162514886209774e-02
8.093095032636892228e-01 5.825031086020571180e-01 -7.555325792440857613e-02
7.931799027512229650e-01 6.045307688695555903e-01 -7.354066176879268946e-02
7.769259908794962088e-01 6.255229099527120917e-01 -7.146419152529198682e-02
7.606193681855770716e-01 6.454851259789491369e-01 -6.933372272752433285e-02
7.443280843753351528e-01 6.644286734031529251e-01 -6.715859194337472915e-02
7.281162893618360332e-01 6.823697824553018876e-01 -6.494755140775447522e-02
7.120439855666437223e-01 6.993289725592837236e-01 -6.270873705485933980e-02
6.961668730297143615e-01 7.153303848978589397e-01 -6.044964882855768940e-02
6.805362776960847127e-01 7.304011428244038262e-01 -5.817714199476776982e-02
6.651991525934862759e-01 7.445707484141838028e-01 -5.589742809425178593e-02
6.501981414107004253e-01 7.578705211920071516e-01 -5.361608414841163156e-02
6.355716941518469998e-01 7.703330830293324549e-01 -5.133806875381802248e-02
6.213542249964322250e-01 7.819918914093908491e-01 -4.906774376269232296e-02
6.075763031626304489e-01 7.928808217310964190e-01 -4.680890033629559605e-02
5.942648683830026313e-01 8.030337980629548289e-01 -4.456478826703958590e-02
5.814434634979497307e-01 8.124844707561833523e-01 -4.233814758521830396e-02
5.691324776029624832e-01 8.212659385625246111e-01 -4.013124159099299565e-02
5.573493941114967543e-01 8.294105123519570633e-01 -3.794589057640595370e-02
5.461090389858924699e-01 8.369495171609608875e-01 -3.578350562176246114e-02
5.354238252224677863e-01 8.439131290946183528e-01 -3.364512196284513701e-02
5.253039904394257720e-01 8.503302435277680926e-01 -3.153143152822542733e-02
5.157578250992710389e-01 8.562283710756378730e-01 -2.944281433833578071e-02
5.067918894977049282e-01 8.616335579092991859e-01 -2.737936853953394992e-02
4.984112181688645782e-01 8.665703271552351872e-01 -2.534093891719658639e-02
4.906195107954683388e-01 8.710616383236127191e-01 -2.332714379235623081e-02
4.834193090770114165e-01 8.751288619417636472e-01 -2.133740025722946632e-02
4.768121593059039265e-01 8.787917668159558326e-01 -1.937094774701728084e-02
4.707987606372853739e-01 8.820685175963326463e-01 -1.742686997951798170e-02
4.653790992203293841e-01 8.849756805697096551e-01 -1.550411532133031192e-02
4.605525684942013975e-01 8.875282358474526623e-01 -1.360151566067468488e-02
4.563180760471669539e-01 8.897395943472516944e-01 -1.171780388301140591e-02
4.526741374989126654e-01 8.916216181859154544e-01 -9.851630057507080804e-03
4.496189578996324099e-01 8.931846433040916411e-01 -8.001576450735584101e-03
4.471505011499640747e-01 8.944375033326705804e-01 -6.166171489454425579e-03
4.456076555314358312e-01 8.952209607584440398e-01 -3.645367041266135526e-03
4.448664933231981089e-01 8.955961966309411437e-01 -1.138347162554199758e-03
4.449242151938091472e-01 8.955672158300985730e-01 1.358285243987584785e-03
4.457780176719134402e-01 8.951352930706151234e-01 3.847911985808787766e-03
4.474250969751965012e-01 8.942990019983209082e-01 6.333879971251061072e-03
4.498626297655295980e-01 8.930542377141640342e-01 8.819481727874473043e-03
4.530877310873699937e-01 8.913942331563157184e-01 1.130793570304108181e-02
4.570973895514124363e-01 8.893095700884614541e-01 1.380236601085958748e-02
4.618883796489380855e-01 8.867881857639667853e-01 1.630578129983917615e-02
4.674571509308642070e-01 8.838153766677899759e-01 1.882105242720069974e-02
4.737996936663828595e-01 8.803738010864475827e-01 2.135088863950768481e-02
4.809113805174023426e-01 8.764434826256993771e-01 2.389781197609136890e-02
4.887867837360007628e-01 8.720018171892642833e-01 2.646412963286349368e-02
4.974194674232764180e-01 8.670235863515354247e-01 2.905190405097606010e-02
5.068017544912284400e-01 8.614809805025531730e-01 3.166292052906093113e-02
5.169244681579018286e-01 8.553436356114537675e-01 3.429865220133734849e-02
5.277766480945224048e-01 8.485786879390461168e-01 3.696022227876887695e-02
5.393452417472395233e-01 8.411508515209669135e-01 3.964836351887855020e-02
5.516147718913712028e-01 8.330225237252317783e-01 4.236337497405135571e-02
5.645669821583840786e-01 8.241539246416520470e-01 4.510507617038633787e-02
5.781804631195465172e-01 8.145032764589807961e-01 4.787275899143736413e-02
5.924302625267110489e-01 8.040270292952973463e-01 5.066513768514940147e-02
6.072874845067682825e-01 7.926801401271589276e-01 5.348029757897113101e-02
6.227188838816836158e-01 7.804164114650438133e-01 5.631564327758038779e-02
6.386864633306620354e-01 7.671888961911131899e-01 5.916784732867064189e-02
6.551470828020421466e-01 7.529503744489665085e-01 6.203280057188002850e-02
6.720520923810232583e-01 7.376539075887283969e-01 6.490556562911850569e-02
6.893470016669168698e-01 7.212534728589563571e-01 6.778033524360216333e-02
7.069712005295891721e-01 7.037046807383242619e-01 7.065039741920929595e-02
7.248577477940372216e-01 6.849655744642590971e-01 7.350810953745977316e-02
7.429332458144276563e-01 6.649975084105750334e-01 7.634488381928541956e-02
7.611178198905942383e-01 6.437660984871096392e-01 7.915118663246065167e-02
7.793252218776974827e-01 6.212422337144374307e-01 8.191655420017954214e-02
7.974630769586531498e-01 5.974031336465789321e-01 8.462962721733391369e-02
8.154332912043757986e-01 5.722334315115473746e-01 8.727820670412554660e-02
8.331326350704604256e-01 5.457262580139838892e-01 8.984933309944553859e-02
8.504535142384224145e-01 5.178842959616071218e-01 9.232939010148046022e-02
8.672849341318186189e-01 4.887207715644146244e-01 9.470423409058599529e-02
8.835136580321590882e-01 4.582603447881963277e-01 9.695934912091710989e-02
8.990255511012212875e-01 4.265398589255001705e-01 9.908002645786166684e-02
9.137070940221611037e-01 3.936089089785597128e-01 1.010515664994335316e-01
9.274470407690238449e-01 3.595301898890895798e-01 1.028594997001720246e-01
9.401381856962022221e-01 3.243795893724094048e-01 1.044898218811883550e-01
9.516791963051793868e-01 2.882459962593422187e-01 1.059292381392496207e-01
9.619764603634526345e-01 2.512308037870846777e-01 1.071654085497628084e-01
9.709458902033963890e-01 2.134470979754549136e-01 1.081871880838536082e-01
9.785146236507985540e-01 1.750185336289639404e-01 1.089848527124668148e-01
9.846225606367275951e-01 1.360779139666715709e-01 1.095503036185465073e-01
9.892236774559765022e-01 9.676550358419123976e-02 1.098772418248086524e-01
9.922870669300052349e-01 5.722711747605376681e-02 1.099613063799301654e-01
9.937976622144105709e-01 1.761204025168178894e-02 1.098001705039443887e-01
9.937566141826665866e-01 -2.192916140385847007e-02 1.093935917109069983e-01
9.921813064909554836e-01 -6.124686424718404909e-02 1.087434138069296868e-01
9.891050076657744716e-01 -1.001945811243110523e-01 1.078535206828249576e-01
9.845761748354210363e-01 -1.386310516555014638e-01 1.067297438474712895e-01
9.786574380229755565e-01 -1.764221672994667200e-01 1.053797275446464177e-01
9.714243063023875191e-01 -2.134426758148783299e-01 1.038127569392432031e-01
9.629636468441635788e-01 -2.495776213655532261e-01 1.020395561495072295e-01
9.533719944428876714e-01 -2.847234894386308501e-01 1.000720637739292013e-01
9.427537523042899270e-01 -3.187890394246974957e-01 9.792319398538887332e-02
9.316434968011366724e-01 -3.509635278687158744e-01 9.415431572298649243e-02
9.199666953032844541e-01 -3.814635605596713996e-01 9.025999713592319784e-02
9.078772736552814804e-01 -4.102666139392087685e-01 8.625656333843399748e-02
8.955238737493003143e-01 -4.373634841006908136e-01 8.215963441019313862e-02
8.830485204032857416e-01 -4.627567865573360972e-01 7.798395064327302839e-02
8.705855742873622738e-01 -4.864593721685351868e-01 7.374323729750771605e-02
8.582609573613949605e-01 -5.084927122785138920e-01 6.945010726512791666e-02
8.461916293059527083e-01 -5.288852985132239670e-01 6.511599900661169116e-02
8.344852878271717955e-01 -5.476710944591245411e-01 6.075114639759020968e-02
8.232402623059966729e-01 -5.648880681958337036e-01 5.636457669635698553e-02
8.125455687570801722e-01 -5.805768268294199119e-01 5.196413266470802095e-02
8.024810941223289307e-01 -5.947793670991952109e-01 4.755651490597561509e-02
7.931178791946581486e-01 -6.075379500115672959e-01 4.314734067565493408e-02
7.845184716103537070e-01 -6.188941023887957193e-01 3.874121572624741883e-02
7.767373230604417422e-01 -6.288877442240391469e-01 3.434181612761225827e-02
7.698212078966730765e-01 -6.375564377608162747e-01 2.995197742194876181e-02
7.638096434420429404e-01 -6.449347521771722214e-01 2.557378889979633474e-02
7.587352954064963129e-01 -6.510537365401821708e-01 2.120869119784517601e-02
7.546243547503981297e-01 -6.559404931818029194e-01 1.685757580448165455e-02
7.514968750677596399e-01 -6.596178437086155366e-01 1.252088540346774428e-02
7.493670620489742973e-01 -6.621040803778208694e-01 8.198714282683983168e-03
7.482435088273889923e-01 -6.634127964420357682e-01 3.890908279306304861e-03
7.481293730348774762e-01 -6.635527901896675074e-01 -4.028360767227264286e-04
7.490224932232129040e-01 -6.625280387010339389e-01 -4.682873422842730171e-03
7.509154439949430326e-01 -6.603377387281518240e-01 -8.949512546946605807e-03
7.537955307796208038e-01 -6.569764135212934342e-01 -1.320292058247461708e-02
7.576447267402816044e-01 -6.524340858062848136e-01 -1.744302852534129061e-02
7.624395558508191284e-01 -6.466965184037590797e-01 -2.166943825241909871e-02
7.681509277921279022e-01 -6.397455251155963474e-01 -2.588133133845278017e-02
7.747439320099217541e-01 -6.315593554224512296e-01 -3.007738013022954668e-02
7.821776000845268584e-01 -6.221131571732742005e-01 -3.425566174035554051e-02
7.904046474916738285e-01 -6.113795217318623854e-01 -3.841357586362374038e-02
7.993712078728698600e-01 -5.993291159010742941e-01 -4.254776759047138729e-02
8.090165750502312791e-01 -5.859314042942878054e-01 -4.665405668583181426e-02
8.192729701520649055e-01 -5.711554645891043780e-01 -5.072737510625863200e-02
8.300653532694484138e-01 -5.549708962103863108e-01 -5.476171482854162026e-02
8.413113009148632804e-01 -5.373488203935640195e-01 -5.875008834030076565e-02
8.529209720424774099e-01 -5.182629662448402508e-01 -6.268450437443678913e-02
8.647971863260899283e-01 -4.976908333492554015e-01 -6.655596162834900853e-02
8.768356385608989667e-01 -4.756149167369332909e-01 -7.035446326612795898e-02
8.889252722319541666e-01 -4.520239747209116588e-01 -7.406905492665236124e-02
9.009488332518090781e-01 -4.269143144588128935e-01 -7.768788872251496114e-02
9.127836214145678140e-01 -4.002910643377515232e-01 -8.119831528738899462e-02
9.243024520979410408e-01 -3.721693967911743339e-01 -8.458700529335178020e-02
9.353748341065925009e-01 -3.425756603550566548e-01 -8.784010100640581020e-02
9.458683613399017087e-01 -3.115483761407950025e-01 -9.094339738468620871e-02
9.556503063766926820e-01 -2.791390519483597510e-01 -9.388255097499922930e-02
9.645893934491609478e-01 -2.454127674510295509e-01 -9.664331347593045629e-02
9.725577171433206214e-01 -2.104484866644909802e-01 -9.921178537815131260e-02
9.794327621803797790e-01 -1.743390595486863370e-01 -1.015746836531878500e-01
9.850994695859874861e-01 -1.371908831717864596e-01 -1.037196161447467707e-01
9.894522862857985102e-01 -9.912320424637291461e-02 -1.056353542336411766e-01
9.923971295036865259e-01 -6.026705861681391080e-02 -1.073120946082108396e-01
9.938531950055986552e-01 -2.076385875473571452e-02 -1.087417006727620233e-01
9.937545397535544334e-01 1.923634340947034949e-02 -1.099179143368115286e-01
9.920513751594809415e-01 5.957687501471387037e-02 -1.108365296809127459e-01
9.887110167717261255e-01 1.000966843353322117e-01 -1.114955212793281025e-01
9.837184494456949757e-01 1.406327366329375994e-01 -1.118951217172601403e-01
9.770764830645620735e-01 1.810224856657339787e-01 -1.120378449675539373e-01
9.688054916324405630e-01 2.211063386068971015e-01 -1.119284546491464416e-01
9.589427468314568603e-01 2.607300326101825716e-01 -1.115738786142383976e-01
9.475413746346249555e-01 2.997468463134146388e-01 -1.109830736334735946e-01
9.346689790954402222e-01 3.380195787611964264e-01 -1.101668460089993556e-01
9.204059899880403517e-01 3.754222407933589523e-01 -1.091376356110684842e-01
9.048437998345160160e-01 4.118414188744825566e-01 -1.079092720102522163e-01
8.880827606591124024e-01 4.471772874874057613e-01 -1.064967120154712704e-01
8.702301115388202390e-01 4.813442624217721955e-01 -1.049157680261375014e-01
8.513979049877522520e-01 5.142713024975431590e-01 -1.031828362060705356e-01
8.317009939925145146e-01 5.459018806008764102e-01 -1.013146326635937233e-01
8.112551328593293753e-01 5.761936557494354849e-01 -9.932794467599405375e-02
7.901752347790139686e-01 6.051178858893172530e-01 -9.723940263844639553e-02
7.685738180003459652e-01 6.326586261613700302e-01 -9.506527695853542181e-02
7.465596614896864436e-01 6.588117595939049220e-01 -9.282130265889929066e-02
7.242366805829995036e-01 6.835839068925654294e-01 -9.052253307682953110e-02
7.017030238877883797e-01 7.069912596365987012e-01 -8.818322282479144902e-02
6.790503848842601720e-01 7.290583772454176659e-01 -8.581673914182702534e-02
6.563635154680467210e-01 7.498169830513986556e-01 -8.343549994397121694e-02
6.337199240961715052e-01 7.693047891744685396e-01 -8.105093627547367563e-02
6.111897381612049207e-01 7.875643740516254931e-01 -7.867347646083525103e-02
5.888357085663540325e-01 8.046421307642609433e-01 -7.631254903931682099e-02
5.667133339999376185e-01 8.205872989799416484e-01 -7.397660150126371403e-02
5.448710828832553643e-01 8.354510885552238753e-01 -7.167313190908654319e-02
5.233506921626658315e-01 8.492858987324449771e-01 -6.940873064474792353e-02
5.021875238208347580e-01 8.621446334464663019e-01 -6.718912975177737668e-02
4.814109620043830473e-01 8.740801105300527452e-01 -6.501925760809793009e-02
4.610448358463734575e-01 8.851445605276929696e-01 -6.290329695520424647e-02
4.411078552747610959e-01 8.953892093332792568e-01 -6.084474460259669398e-02
4.216140492453245292e-01 9.048639378805526379e-01 -5.884647141102684886e-02
4.025731978507953723e-01 9.136170115551293103e-01 -5.691078142492392994e-02
3.839912515920486658e-01 9.216948717828881144e-01 -5.503946926740664602e-02
3.658707327272371357e-01 9.291419823063000738e-01 -5.323387512722421028e-02
3.482111150311374970e-01 9.360007229203983758e-01 -5.149493685455837355e-02
3.310091795018997862e-01 9.423113238450078200e-01 -4.982323884214609477e-02
3.142593445562678611e-01 9.481118344104393358e-01 -4.821905750103486210e-02
2.979539700729997853e-01 9.534381202900941155e-01 -4.668240324855918444e-02
2.820836352966033522e-01 9.583238840936927350e-01 -4.521305901233924757e-02
2.666373911199051983e-01 9.628007047150033415e-01 -4.381061532094205485e-02
2.516029876447555269e-01 9.668980913902534002e-01 -4.247450210200866966e-02
2.369670781948393368e-01 9.706435489554875451e-01 -4.120401734472407818e-02
2.227154011412125212e-01 9.740626512849429597e-01 -3.999835280788358732e-02
2.088329410161235133e-01 9.771791203434622153e-01 -3.885661696965213296e-02
1.953040704483307577e-01 9.800149086920888486e-01 -3.777785542232679761e-02
1.821126744659562202e-01 9.825902836473190405e-01 -3.676106891664746024e-02
1.692422586915508231e-01 9.849239116124253179e-01 -3.580522925685868801e-02
1.566760429073882355e-01 9.870329413762186643e-01 -3.490929324098200615e-02
1.443970414043946604e-01 9.889330854135545135e-01 -3.407221483157810843e-02
1.323881314515380492e-01 9.906386984261349449e-01 -3.329295573144820664e-02
1.206321111387218259e-01 9.921628525351553485e-01 -3.257049452686772845e-02
1.091117477590197171e-01 9.935174086825117046e-01 -3.190383454855399287e-02
9.780981780836328632e-02 9.947130839179141315e-01 -3.129201058801826113e-02
8.670913959475402832e-02 9.957595143484522238e-01 -3.073409459452229597e-02
7.579259936634220873e-02 9.966653136077849862e-01 -3.022920046575396785e-02
6.504317178945356881e-02 9.974381267668117612e-01 -2.977648803369509906e-02
5.444393553463806185e-02 9.980846796587591330e-01 -2.937516633606799057e-02
4.397808466155854468e-02 9.986108236312132291e-01 -2.902449625326472202e-02
3.362893643230494001e-02 9.990215757675886543e-01 -2.872379258080479461e-02
2.337993612761488788e-02 9.993211546425033731e-01 -2.847242559812771662e-02
1.321465939148698185e-02 9.995130116909634044e-01 -2.826982218588575124e-02
3.116812586681750111e-03 9.995998582814155098e-01 -2.811546653582387006e-02
-6.929768393546885397e-03 9.995836885887003920e-01 -2.800890048977508484e-02
-1.690934509280065876e-02 9.994653823301431483e-01 -2.798382164153585122e-02
-2.689008799148777037e-02 9.992456183085584032e-01 -2.802120895990814139e-02
-3.689320135023338443e-02 9.989235100297028103e-01 -2.812087244293993288e-02
-4.693980441436455819e-02 9.984972770360129868e-01 -2.828273546777115496e-02
-5.705094850372549597e-02 9.979642379809148256e-01 -2.850683298573157554e-02
-6.724763252679916148e-02 9.973207967859685219e-01 -2.879330939710479306e-02
-7.755081636165311876e-02 9.965624219290331043e-01 -2.914241607674736625e-02
-8.798143151996999645e-02 9.956836188933166909e-01 -2.955450851077327107e-02
-9.856038847386922042e-02 9.946778957939362842e-01 -3.003004299321054490e-02
-1.093085799783972273e-01 9.935377221917011115e-01 -3.056957281978005606e-02
-1.202468796654597438e-01 9.922544811047091518e-01 -3.117374390361914854e-02
-1.313961351176123893e-01 9.908184142386573523e-01 -3.184328972477516728e-02
-1.427771545525949315e-01 9.892185604784159425e-01 -3.257902551154555348e-02
-1.544106861619874982e-01 9.874426877186078810e-01 -3.338184153718874031e-02
-1.663173890502626928e-01 9.854772181621899163e-01 -3.425269540015407621e-02
-1.785177946144544392e-01 9.833071472862500162e-01 -3.519260313980472621e-02
-1.910322570906741180e-01 9.809159567667002921e-01 -3.620262902271553090e-02
-2.038808918732829822e-01 9.782855217719620411e-01 -3.728387381717228333e-02
-2.170835000878167109e-01 9.753960131842258630e-01 -3.843746135572242983e-02
-2.306594777727011270e-01 9.722257954899459209e-01 -3.966452316788687121e-02
-2.446277079013581823e-01 9.687513213037713955e-01 -4.096618094793210568e-02
-2.590064333606776348e-01 9.649470237572612685e-01 -4.234352660658567691e-02
-2.738131089007240782e-01 9.607852083007417665e-01 -4.379759964162056179e-02
-2.890642299924440217e-01 9.562359458387175160e-01 -4.532936155144200174e-02
-3.047751364856089995e-01 9.512669695511188905e-01 -4.693966700956717086e-02
-3.209597889612353372e-01 9.458435782483400889e-01 -4.862923151789841358e-02
-3.376305157369054455e-01 9.399285496701197395e-01 -5.039859526501506981e-02
-3.547977286283402476e-01 9.334820677674040557e-01 -5.224808293479756005e-02
-3.724696058178760261e-01 9.264616687000493123e-01 -5.417775924340888921e-02
-3.906517405549039812e-01 9.188222110351516037e-01 -5.618738003226219496e-02
-4.093467549424242291e-01 9.105158764292260454e-01 -5.827633881474836297e-02
-4.285538787775997616e-01 9.014922079038502067e-01 -6.044360876914817160e-02
-4.482684943439213532e-01 8.916981936517336393e-01 -6.268768029345994641e-02
-4.684816492296121626e-01 8.810784051012198193e-01 -6.500649439397879203e-02
-4.891795407002773044e-01 8.695751986727410232e-01 -6.739737237221575528e-02
-5.103429769074296907e-01 8.571289912179501647e-01 -6.985694250730573041e-02
-5.319468222832183235e-01 8.436786194637019287e-01 -7.238106470538108184e-02
-5.539594368563428572e-01 8.291617937963022822e-01 -7.496475440359674780e-02
-5.763421219059207123e-01 8.135156563098767668e-01 -7.760210737207874632e-02
-5.990485873037703080e-01 7.966774520880992583e-01 -8.028622744603307326e-02
-6.217513658856870240e-01 7.789087007937037788e-01 -8.201539927275458552e-02
-6.443993659482780689e-01 7.600899673744799800e-01 -8.374216113186994104e-02
-6.669368543074536415e-01 7.401975541129819369e-01 -8.545679753579558946e-02
-6.893030643807959157e-01 7.192123450637333271e-01 -8.714894910843758169e-02
-7.114324629932852195e-01 6.971205808749482147e-01 -8.880764489638802439e-02
-7.332551313990086639e-01 6.739146411841994144e-01 -9.042134991305554592e-02
-7.546972687868773733e-01 6.495938169089190417e-01 -9.197802901740208259e-02
-7.756818238496850926e-01 6.241650520198835927e-01 -9.346522787213906724e-02
-7.961292565458681914e-01 5.976436320295579474e-01 -9.487017126870582462e-02
-8.159584280042347926e-01 5.700537946571906378e-01 -9.617987855239161499e-02
-8.350876117033740886e-01 5.414292371660187619e-01 -9.738129524248022306e-02
-8.534356137531273756e-01 5.118134949128821942e-01 -9.846143923969596923e-02
-8.709229845348602783e-01 4.812601668861191118e-01 -9.940755927563946215e-02
-8.874732984010934578e-01 4.498329665623831963e-01 -1.002073025235804132e-01
-9.030144729236174728e-01 4.176055803435180236e-01 -1.008488876007470475e-01
-9.174800946729109175e-01 3.846613211066166049e-01 -1.013212785969305613e-01
-9.308107150745202896e-01 3.510925708759843333e-01 -1.016143553111026054e-01
-9.429550778560505941e-01 3.170000140588454807e-01 -1.017190746113994237e-01
-9.538712392455839240e-01 2.824916707292257634e-01 -1.016276177906107331e-01
-9.635275435882018069e-01 2.476817476642802496e-01 -1.013335189930408553e-01
-9.719034204700630619e-01 2.126893327471266470e-01 -1.008317702470117316e-01
-9.789899746990488039e-01 1.776369654458591629e-01 -1.001188993397286314e-01
-9.847903473648060846e-01 1.426491218826242413e-01 -9.919301768821979504e-02
-9.893198343348084123e-01 1.078506571134059122e-01 -9.805383644460295700e-02
-9.926057574759110658e-01 7.336524935322719099e-02 -9.670265026489788251e-02
-9.946870930927165233e-01 3.931389084797321659e-02 -9.514228939768341886e-02
-9.956138709911424023e-01 5.813467914369360723e-03 -9.337704193864289348e-02
-9.954463656789419579e-01 -2.702453149876092586e-02 -9.141254917928001711e-02
-9.942541080458067171e-01 -5.909515023466629935e-02 -8.925567789195003321e-02
-9.921147510727069685e-01 -9.030090898898435192e-02 -8.691437409219635035e-02
-9.891128264841585471e-01 -1.205525506076538522e-01 -8.439750327409271946e-02
-9.853384307015582433e-01 -1.497695724780246929e-01 -8.171468231463115128e-02
-9.808858780422081702e-01 -1.778805459408563105e-01 -7.887610819723676892e-02
-9.758523570196666608e-01 -2.048232291113102344e-01 -7.589238843630785603e-02
-9.703366221130984570e-01 -2.305444860009026042e-01 -7.277437763077174160e-02
-9.644377488242102947e-01 -2.550000301371010969e-01 -6.953302397961416692e-02
-9.582539745954897770e-01 -2.781540148484256680e-01 -6.617922890436757355e-02
-9.518816425840785911e-01 -2.999784949896153186e-01 -6.272372219021965511e-02
-9.454142597026589101e-01 -3.204527861830581692e-01 -5.917695432221745794e-02
-9.389416750336033735e-01 -3.395627477801830274e-01 -5.554900699282924043e-02
-9.325493799156259200e-01 -3.573000148807510268e-01 -5.184952212051734122e-02
-9.263179268481508410e-01 -3.736612030980731025e-01 -4.808764916582038140e-02
-9.203224609489933927e-01 -3.886471075416393361e-01 -4.427201007305272412e-02
-9.146323550702777361e-01 -4.022619149149984641e-01 -4.041068080574686944e-02
-9.093109378131504217e-01 -4.145124448850868726e-01 -3.651118817964035118e-02
-9.044153025350694097e-01 -4.254074341301437023e-01 -3.258052052067662852e-02
-8.999961849407350778e-01 -4.349568738445739324e-01 -2.862515057606747348e-02
-8.960978969011508255e-01 -4.431714090644970350e-01 -2.465106907085169025e-02
-8.927583046614001594e-01 -4.500618060387239772e-01 -2.066382731666715350e-02
-8.900088404844892498e-01 -4.556384920388342197e-01 -1.666858732987402947e-02
-8.878745379504991986e-01 -4.599111704861768013e-01 -1.267017798985897378e-02
-8.863740825114067023e-01 -4.628885130598744402e-01 -8.673155853837877238e-03
-8.855198704274643839e-01 -4.645779295092569150e-01 -4.681869331986921422e-03
-8.853180708274356325e-01 -4.649854151858787144e-01 -7.005250083599364602e-04
-8.857686872989966043e-01 -4.641154757856319479e-01 3.266745037202764025e-03
-8.868656170926166871e-01 -4.619711283967965487e-01 7.215815997210960064e-03
-8.885967076839421663e-01 -4.585539776292060776e-01 1.114250425025724994e-02
-8.909438120617868551e-01 -4.538643652969864273e-01 1.504250345921674496e-02
-8.938828456682694767e-01 -4.479015917882931408e-01 1.891132389377652573e-02
-8.973838493903071312e-01 -4.406642068295079095e-01 2.274423603309251585e-02
-9.014110643601537243e-01 -4.321503667932623527e-01 2.653621953099732575e-02
-9.059230255344906668e-01 -4.223582549716570211e-01 3.028191865780691105e-02
-9.108726820480189668e-01 -4.112865603099106204e-01 3.397560536237047291e-02
-9.162075531332272149e-01 -3.989350089551695899e-01 3.761115111737640265e-02
-9.218699289115387385e-01 -3.853049416186312692e-01 4.118200871092438792e-02
-9.277971255363601788e-01 -3.703999281919524433e-01 4.468120511825029312e-02
-9.339218039478717204e-01 -3.542264093361695010e-01 4.810134651934612482e-02
-9.401723608271980170e-01 -3.367943529295612803e-01 5.143463641159488897e-02
-9.464733991658380585e-01 -3.181179113990023621e-01 5.467290759315506649e-02
-9.527462841606055832e-01 -2.982160641683984648e-01 5.780766855641508717e-02
-9.589097878911787554e-01 -2.771132278586235231e-01 6.083016452807007285e-02
-9.648808234507141313e-01 -2.548398156022563810e-01 6.373145302379561172e-02
-9.705752659280337813e-01 -2.314327260381174589e-01 6.650249335636858328e-02
-9.759088539699620757e-01 -2.069357423690360021e-01 6.913424905703577372e-02
-9.807981617134945429e-01 -1.813998224328501330e-01 7.161780165726525094e-02
-9.851616268395326781e-01 -1.548832621571336055e-01 7.394447375360138630e-02
-9.889206165687745020e-01 -1.274517171089973033e-01 7.610595876893846978e-02
-9.920005098283514178e-01 -9.917807012682118561e-02 7.809445435950135295e-02
-9.943317708097229035e-01 -7.014213718272828413e-02 7.990279603028649369e-02
-9.958509869535777659e-01 -4.043020855614194720e-02 8.152458724414822500e-02
-9.966218843001185546e-01 -1.096910168606813826e-02 8.139131850005715263e-02
-9.965378056764832015e-01 1.841968432984639539e-02 8.107505763847019931e-02
-9.956090062406904861e-01 4.764515837744634497e-02 8.057724855481761261e-02
-9.938539492113763751e-01 7.661793529589926155e-02 7.990035291327285405e-02
-9.912989894445831673e-01 1.052511436490540520e-01 7.904780996051545550e-02
-9.879779313243899352e-01 1.334612708454767649e-01 7.802397990529649774e-02
-9.839314744417921865e-01 1.611689264938395427e-01 7.683407266872860353e-02
-9.792065635683918634e-01 1.882995080946127386e-01 7.548406421599876404e-02
-9.738556616694749035e-01 2.147837568820594456e-01 7.398060298072692276e-02
-9.679359660747381966e-01 2.405581956328184390e-01 7.233090907916812917e-02
-9.615085884202664301e-01 2.655654443352801208e-01 7.054266908103140610e-02
-9.546377186313591556e-01 2.897544135653210562e-01 6.862392906203577947e-02
-9.473897921172000913e-01 3.130803790611981774e-01 6.658298852167396364e-02
-9.398326776153202999e-01 3.355049441904620067e-01 6.442829752392791043e-02
-9.320349008999216922e-01 3.569958996521204186e-01 6.216835912789587387e-02
-9.240649170080222907e-01 3.775269917980740852e-01 5.981163883991854474e-02
-9.159904408951116128e-01 3.970776123702592919e-01 5.736648245921556477e-02
-9.078778436511578676e-01 4.156324232518222583e-01 5.484104332424595551e-02
-8.997916187139517463e-01 4.331809300699844267e-01 5.224321961356353378e-02
-8.917939200124458399e-01 4.497170182354441326e-01 4.958060202635510699e-02
-8.839441717349996175e-01 4.652384643430397815e-01 4.686043187422878065e-02
-8.762987474976315916e-01 4.797464348826762093e-01 4.408956936383475606e-02
-8.689107151128412365e-01 4.932449830101165444e-01 4.127447164300961091e-02
-8.618296419365396588e-01 5.057405527909714094e-01 3.842118002196935611e-02
-8.551014548880905286e-01 5.172414989358214976e-01 3.553531566394310670e-02
-8.487683486722238380e-01 5.277576286560513585e-01 3.262208296306261940e-02
-8.428687354483961336e-01 5.372997709419820023e-01 2.968627978658671535e-02
-8.374372291544817104e-01 5.458793773375721914e-01 2.673231374818283920e-02
-8.325046578568850997e-01 5.535081571872255690e-01 2.376422369323321834e-02
-8.280980978281998750e-01 5.601977493768091065e-01 2.078570561023516255e-02
-8.242409235088723474e-01 5.659594317899137028e-01 1.780014222887321002e-02
-8.209528680572828474e-01 5.708038690507751811e-01 1.481063562028334807e-02
-8.182500898042143200e-01 5.747408986199151748e-01 1.182004217402628753e-02
-8.161452405788027775e-01 5.777793549355580982e-01 8.831009385605633269e-03
-8.146475325446298488e-01 5.799269310379663311e-01 5.846013944933097645e-03
-8.137628008621184961e-01 5.811900769575883974e-01 2.867400667519923434e-03
-8.134935601663464411e-01 5.815739340726422402e-01 -1.025781454797778346e-04
-8.138390535107408175e-01 5.810823046282369564e-01 -3.061723296227470640e-03
-8.147952930724228215e-01 5.797176556381427037e-01 -6.007849579123103641e-03
-8.163550925417057957e-01 5.774811564429597199e-01 -8.938747303253800902e-03
-8.185080917249590859e-01 5.743727492564525416e-01 -1.185214477397635024e-02
-8.212407744756664574e-01 5.703912520777324469e-01 -1.474567206032331712e-02
-8.245364816315929879e-01 5.655344933642778571e-01 -1.761682638427616160e-02
-8.283754211741048978e-01 5.597994778340918964e-01 -2.046293948447051522e-02
-8.327346783348531511e-01 5.531825826805660817e-01 -2.328114732914835297e-02
-8.375882288491679484e-01 5.456797833284281474e-01 -2.606836257937048332e-02
-8.429069589861071243e-01 5.372869076231040486e-01 -2.882125023153386117e-02
-8.486586963609759060e-01 5.279999170210084580e-01 -3.153620689565066193e-02
-8.548082558433591771e-01 5.178152129299012918e-01 -3.420934418987348069e-02
-8.613175050957571077e-01 5.067299658354842418e-01 -3.683647674934572430e-02
-8.681454543960374082e-01 4.947424642463805755e-01 -3.941311535535182292e-02
-8.752483753908035791e-01 4.818524798033466117e-01 -4.193446568554316106e-02
-8.825799532755085330e-01 4.680616441448163245e-01 -4.439543316432956882e-02
-8.900914765804708306e-01 4.533738323210417254e-01 -4.679063435112507108e-02
-8.977320682418645781e-01 4.377955467314105231e-01 -4.911441524016556953e-02
-9.054489609393170380e-01 4.213362947590926777e-01 -5.136087675682845383e-02
-9.131878187791184764e-01 4.040089525354294553e-01 -5.352390762040386274e-02
-9.208931062945440171e-01 3.858301066301566551e-01 -5.559722460185758525e-02
-9.285085044328887927e-01 3.668203649829521185e-01 -5.757442003844592815e-02
-9.359773717248445202e-01 3.470046281184236969e-01 -5.944901627786688958e-02
-9.430800631074509610e-01 3.271579914938561040e-01 -5.973006943940478014e-02
-9.497928382361214839e-01 3.070928936925290120e-01 -5.989622032009774694e-02
-9.560961427070704399e-01 2.868567793384918518e-01 -5.994490981002177643e-02
-9.619736737339388277e-01 2.664991433940037679e-01 -5.987399882738647650e-02
-9.674125663578699852e-01 2.460712245438143597e-01 -5.968179711116899239e-02
-9.724035391136059969e-01 2.256256720728068710e-01 -5.936708702097828749e-02
-9.769409953289803772e-01 2.052161918609402558e-01 -5.892914185816889444e-02
-9.810230771728845056e-01 1.848971777099296110e-01 -5.836773834777320147e-02
-9.846516706096098970e-01 1.647233346248099251e-01 -5.768316306004189764e-02
-9.878323605275523001e-01 1.447493008810577797e-01 -5.687621269819933406e-02
-9.905743364461552236e-01 1.250292757039364322e-01 -5.594818832987667745e-02
-9.928902503238908883e-01 1.056166591705072627e-01 -5.490088378784002687e-02
-9.947960290503292669e-01 8.656371052538207322e-02 -5.373656860547505743e-02
-9.963106451685749265e-01 6.792123049699551329e-02 -5.245796597885400009e-02
-9.974558502076384947e-01 4.973827243817358079e-02 -5.106822635563355861e-02
-9.982558756817753176e-01 3.206188622563037327e-02 -4.957089733798079878e-02
-9.987371073178124004e-01 1.493689787468563054e-02 -4.796989064974555711e-02
-9.989277383931006726e-01 -1.594273202885385793e-03 -4.626944695589678413e-02
-9.988574082058413461e-01 -1.749175840918171937e-02 -4.447409933467741383e-02
-9.985568316642267073e-01 -3.271834576284529672e-02 -4.258863619095439729e-02
-9.980574257863702448e-01 -4.723954837119991035e-02 -4.061806436474696413e-02
-9.973909385704645691e-01 -6.102363751367152062e-02 -3.856757313458235303e-02
-9.965890852493107799e-01 -7.404164303226873356e-02 -3.644249974439639495e-02
-9.956831964131522827e-01 -8.626732435220338391e-02 -3.424829699876002359e-02
-9.947038818983358066e-01 -9.767711594690005328e-02 -3.199050337800097427e-02
-9.936807137247885002e-01 -1.082500514133484665e-01 -2.967471602597538186e-02
-9.926419307487547306e-01 -1.179676705381315222e-01 -2.730656686227709434e-02
-9.916141671017963954e-01 -1.268139138182374781e-01 -2.489170197065582180e-02
-9.906222059321049267e-01 -1.347750088642332145e-01 -2.243576431901459986e-02
-9.896887594648692277e-01 -1.418393529693548483e-01 -1.994437977575435478e-02
-9.888342759655837089e-01 -1.479973958908838150e-01 -1.742314630411518489e-02
-9.880767738302050907e-01 -1.532415265747334443e-01 -1.487762614174135273e-02
-9.874317027413267445e-01 -1.575659671751931667e-01 -1.231334070774963742e-02
-9.869118316186599182e-01 -1.609666772931968859e-01 -9.735767924519559205e-03
-9.865271629504672735e-01 -1.634412708910135126e-01 -7.150341596362932289e-03
-9.862848730128574992e-01 -1.649889478501565532e-01 -4.562452452062274594e-03
-9.861892774565078623e-01 -1.656104416322992934e-01 -1.977450432738607055e-03
-9.862418217543194032e-01 -1.653079839883160596e-01 5.993522097158636430e-04
-9.864410960465085365e-01 -1.640852871452272987e-01 3.162677445685572672e-03
-9.867828739788747638e-01 -1.619475433907774931e-01 5.707278073084684662e-03
-9.871399793142381363e-01 -1.597186919867758792e-01 6.679892575583991701e-03
-9.875462380239012905e-01 -1.571437625904982816e-01 7.634528938942440092e-03
-9.879979507180329801e-01 -1.542291776233367662e-01 8.569167774436739493e-03
-9.884910400785926754e-01 -1.509820492111689505e-01 9.481829933704940400e-03
-9.890210879479730544e-01 -1.474101739252611787e-01 1.037058008967243171e-02
-9.895833752210586587e-01 -1.435220265822711450e-01 1.123353045654095460e-02
-9.901729242354906368e-01 -1.393267528504689157e-01 1.206884464738016728e-02
-9.907845433307046479e-01 -1.348341604078830969e-01 1.287474166260490702e-02
-9.914128732229090524e-01 -1.300547084023822297e-01 1.364949999733960570e-02
-9.920524348210258969e-01 -1.249994949737579519e-01 1.439146185046664278e-02
-9.926976780882100782e-01 -1.196802426136183428e-01 1.509903741313180919e-02
-9.933430315354311313e-01 -1.141092811601547019e-01 1.577070920974211685e-02
-9.939829519182955542e-01 -1.082995282513228852e-01 1.640503646014134648e-02
-9.946119736963716651e-01 -1.022644670912812581e-01 1.700065942778555134e-02
-9.952247578063023736e-01 -9.601812142053615939e-02 1.755630371545637697e-02
-9.958161392964668401e-01 -8.957502761954064252e-02 1.807078446742765160e-02
-9.963811733723395569e-01 -8.295020391775002888e-02 1.854301043511218106e-02
-9.969151794083774831e-01 -7.615911672454778181e-02 1.897198786211937854e-02
-9.974137824945278341e-01 -6.921764414413275612e-02 1.935682414439260368e-02
-9.978729521034673811e-01 -6.214203678246416063e-02 1.969673122169289178e-02
-9.982890374885066143e-01 -5.494887599972139713e-02 1.999102865815884783e-02
-9.986587994516333833e-01 -4.765502980546922063e-02 2.023914637198683322e-02
-9.989794381562040471e-01 -4.027760663485738246e-02 2.044062697740660697e-02
-9.992486166989485996e-01 -3.283390728180394375e-02 2.059512770602086457e-02
-9.994644802007330853e-01 -2.534137529835516628e-02 2.070242187915886933e-02
-9.996256702242914960e-01 -1.781754619751943491e-02 2.076239990807316263e-02
-9.997313343791517370e-01 -1.027999581918939004e-02 2.077506980447721766e-02
-9.997811310284036024e-01 -2.746288234783493369e-03 2.074055718996124786e-02
-9.997752290678749709e-01 4.766076424405873459e-03 2.065910479910353439e-02
-9.997143028047517088e-01 1.223971382767451849e-02 2.053107147748022346e-02
-9.995995220187064989e-01 1.965740661108958398e-02 2.035693068212943158e-02
-9.994325373432404458e-01 2.700215447745003827e-02 2.013726849820927575e-02
-9.992154611572457990e-01 3.425722287567482122e-02 1.987278119147260075e-02
-9.989508442259064092e-01 4.140618992885414240e-02 1.956427232164147101e-02
-9.986416483751747730e-01 4.843299130917932266e-02 1.921264944669131072e-02
-9.982912155245236008e-01 5.532196279162368557e-02 1.881892045235247085e-02
-9.979032334379086544e-01 6.205788025576642469e-02 1.838418954472783792e-02
-9.974816985824693782e-01 6.862599694564429365e-02 1.790965294674926045e-02
