1.000000000000000000e+00 0.000000000000000000e+00 0.000000000000000000e+00
9.999992312314524012e-01 4.839796275452222171e-04 -1.141623749740360537e-03
9.999967562233820217e-01 1.139830862497278772e-03 -2.277792479867499307e-03
9.999922610040181681e-01 1.966632991049219962e-03 -3.407389591560405946e-03
9.999853520364969661e-01 2.963295959963676163e-03 -4.529306180621837236e-03
9.999755586328857859e-01 4.128561280710315445e-03 -5.642442072054780662e-03
9.999623357550682101e-01 5.461003036910616788e-03 -6.745706857653511329e-03
9.999450671901916055e-01 6.959029001871949900e-03 -7.838020937329959539e-03
9.999230690868724514e-01 8.620881873820280400e-03 -8.918316564699900473e-03
9.998955938368756513e-01 1.044464063715975187e-02 -9.985538897236839045e-03
9.998618342855400964e-01 1.242822205868783850e-02 -1.103864705106677620e-02
9.998209282528169872e-01 1.456938232816784411e-02 -1.207661516022688793e-02
9.997719633454229538e-01 1.686571885299841672e-02 -1.309843343994828747e-02
9.997139820392967335e-01 1.931467221691613584e-02 -1.410310925325037115e-02
9.996459870102920586e-01 2.191352831271686785e-02 -1.508966817985488325e-02
9.995669466898439159e-01 2.465942065888088175e-02 -1.605715508614488640e-02
9.994758010212235755e-01 2.754933290973367310e-02 -1.700463519461061293e-02
9.993714673909545043e-01 3.058010156836817733e-02 -1.793119515094401470e-02
9.992528467090044941e-01 3.374841891099594759e-02 -1.883594408666995623e-02
9.991188296105112387e-01 3.705083613068737430e-02 -1.971801467493800725e-02
9.989683027510446456e-01 4.048376670760839291e-02 -2.057656417684764621e-02
9.988001551667683442e-01 4.404349001186977364e-02 -2.141077547544488827e-02
9.986609520340631319e-01 4.724333555837392090e-02 -2.108009491611096201e-02
9.985144125806318938e-01 5.039115028071307345e-02 -2.072920909500162653e-02
9.983611582642947235e-01 5.348391471845370670e-02 -2.035850673601517086e-02
9.982018347596698371e-01 5.651867404716050258e-02 -1.996839554200813271e-02
9.980371093020304896e-01 5.949254089566474724e-02 -1.955930164848031227e-02
9.978676679581872655e-01 6.240269803990457914e-02 -1.913166906053328023e-02
9.976942128360143380e-01 6.524640097153003304e-02 -1.868595907471426801e-02
9.975174592443764032e-01 6.802098034005424343e-02 -1.822264968734824825e-02
9.973381328152923775e-01 7.072384426790705170e-02 -1.774223499094151890e-02
9.971569666001977028e-01 7.335248053830357995e-02 -1.724522456021044398e-02
9.969746981521399043e-01 7.590445865637426848e-02 -1.673214282924974025e-02
9.967920666056629964e-01 7.837743178451023196e-02 -1.620352846130655722e-02
9.966098097660093247e-01 8.076913855335503267e-02 -1.565993371256991368e-02
9.964286612190910164e-01 8.307740475031796801e-02 -1.510192379132083845e-02
9.962493474734652743e-01 8.530014488789156024e-02 -1.453007621371744072e-02
9.960725851452844060e-01 8.743536365442476643e-02 -1.394498015741184316e-02
9.958990781968938277e-01 8.948115725033159440e-02 -1.334723581411351515e-02
9.957295152394105564e-01 9.143571461300024905e-02 -1.273745374212660597e-02
9.955645669092472172e-01 9.329731853390953178e-02 -1.211625421979860458e-02
9.954048833281435860e-01 9.506434667165612751e-02 -1.148426660072469907e-02
9.952510916558399146e-01 9.673527246474836194e-02 -1.084212867145760602e-02
9.951037937440699865e-01 9.830866594812850967e-02 -1.019048601237723499e-02
9.949635639000785625e-01 9.978319447744755932e-02 -9.529991362279261954e-03
9.948309467673683848e-01 1.011576233651337725e-01 -8.861303987147345698e-03
9.947064553308719859e-01 1.024308164322712961e-01 -8.185089053481160032e-03
9.945905690532134136e-01 1.036017364802377938e-01 -7.502017006462484774e-03
9.944837321481849735e-01 1.046694456859432604e-01 -6.812762953155005428e-03
9.943863519970151943e-01 1.056331059243676290e-01 -6.118006050850994040e-03
9.942987977124432275e-01 1.064919790219146373e-01 -5.418428900600299504e-03
9.942213988550506754e-01 1.072454269438865015e-01 -4.714716945884734126e-03
9.941544443057324099e-01 1.078929119191409797e-01 -4.007557876334538055e-03
9.940981812976126264e-01 1.084339965047226295e-01 -3.297641036323656349e-03
9.940528146101391682e-01 1.088683435929662380e-01 -2.585656838227504313e-03
9.940185059275123969e-01 1.091957163632563121e-01 -1.872296180081133889e-03
9.939953733630297883e-01 1.094159781802956782e-01 -1.158249867337514394e-03
9.939834911503537818e-01 1.095290924403916483e-01 -4.442080383953095823e-04
9.939828895021398658e-01 1.095351223669141227e-01 2.691404064568003610e-04
9.939935546358927843e-01 1.094342307557200356e-01 9.811083730463881179e-04
9.940154289663577503e-01 1.092266796709759069e-01 1.691011138647291424e-03
9.940484114631925605e-01 1.089128300914493086e-01 2.398166915004379743e-03
9.940429397154676439e-01 1.089713964303328786e-01 1.966941223919699017e-03
9.940301880753064090e-01 1.090945598352805745e-01 1.536979424655496263e-03
9.940101587693945806e-01 1.092820897481049519e-01 1.108702231032233313e-03
9.939828493130192788e-01 1.095336912783580752e-01 6.825279828683174883e-04
9.939482527026086700e-01 1.098490056101209811e-01 2.588722156032347531e-04
9.939063576577159553e-01 1.102276104763111192e-01 -1.618527666325441034e-04
9.938571489110568091e-01 1.106690207000497611e-01 -5.792383140652878140e-04
9.938006075449840049e-01 1.111726888025843518e-01 -9.928798500074727251e-04
9.937367113725661394e-01 1.117380056772101782e-01 -1.402377284832551432e-03
9.936654353612298651e-01 1.123643013285828135e-01 -1.807335424757849744e-03
9.935867520967240907e-01 1.130508456767562037e-01 -2.207364374997601401e-03
9.935006322849779803e-01 1.137968494252213497e-01 -2.602079936847328211e-03
9.934070452892456160e-01 1.146014649921564682e-01 -2.991103998260094109e-03
9.933059596997652063e-01 1.154637875040321754e-01 -3.374064917474725936e-03
9.931973439330071818e-01 1.163828558506432853e-01 -3.750597899255996535e-03
9.930811668574462958e-01 1.173576538005633163e-01 -4.120345363307163083e-03
9.929573984426655064e-01 1.183871111759382533e-01 -4.482957304416220617e-03
9.928260104284901688e-01 1.194701050854528462e-01 -4.838091643898940336e-03
9.926869770107521473e-01 1.206054612142156424e-01 -5.185414571904280179e-03
9.925402755402037425e-01 1.217919551692190488e-01 -5.524600880151235051e-03
9.923858872310360457e-01 1.230283138789371594e-01 -5.855334284670739471e-03
9.922237978754052667e-01 1.243132170455285707e-01 -6.177307738131918372e-03
9.920539985603393784e-01 1.256452986480132983e-01 -6.490223731338964908e-03
9.918764863833802181e-01 1.270231484946933165e-01 -6.793794583493208313e-03
9.916912651633149611e-01 1.284453138229855185e-01 -7.087742720824674429e-03
9.914983461423692024e-01 1.299103009447348522e-01 -7.371800943208673892e-03
9.912977486762645229e-01 1.314165769349742163e-01 -7.645712678395689271e-03
9.910895009085942675e-01 1.329625713619972394e-01 -7.909232223497203798e-03
9.908736404260354291e-01 1.345466780565120479e-01 -8.162124973386055554e-03
9.906502148909960281e-01 1.361672569175468583e-01 -8.404167635687482402e-03
9.904192826483918521e-01 1.378226357526853851e-01 -8.635148432056210729e-03
9.901809133033609989e-01 1.395111121501198259e-01 -8.854867285455732609e-03
9.899351882668450120e-01 1.412309553799244166e-01 -9.063135993178272204e-03
9.896822012661096180e-01 1.429804083218718935e-01 -9.259778385367794726e-03
9.894220588174258424e-01 1.447576894170413409e-01 -9.444630468833743395e-03
9.891548806582989295e-01 1.465609946403981512e-01 -9.617540555969850830e-03
9.888808001368074585e-01 1.483884994914665967e-01 -9.778369378620322891e-03
9.885999645558003479e-01 1.502383610001628012e-01 -9.926990186764820742e-03
9.883125354698970577e-01 1.521087197448117156e-01 -1.006328883192380771e-02
9.880186889334381384e-01 1.539977018793371732e-01 -1.018716383521688605e-02
9.877186156977468823e-01 1.559034211665873693e-01 -1.029852644003858599e-02
9.874125213562806591e-01 1.578239810147432365e-01 -1.039730064934849332e-02
9.871006264364736715e-01 1.597574765137504127e-01 -1.048342324760547471e-02
9.867831664373017952e-01 1.617019964687208822e-01 -1.055684380740892943e-02
9.864603918118304282e-01 1.636556254272651112e-01 -1.061752468094322686e-02
9.861325678942398643e-01 1.656164456977413102e-01 -1.066544097635467592e-02
9.857999747710564087e-01 1.675825393554453979e-01 -1.070058051922329750e-02
9.854629070965517101e-01 1.695519902338119833e-01 -1.072294379932410210e-02
9.851216738525044869e-01 1.715228858977548565e-01 -1.073254390290446884e-02
9.847765980527484198e-01 1.734933195963433983e-01 -1.072940643073520654e-02
9.844280163931576899e-01 1.754613921920891162e-01 -1.071356940222299714e-02
9.840762788479412437e-01 1.774252140642050835e-01 -1.068508314590076169e-02
9.837217482133343571e-01 1.793829069832971190e-01 -1.064401017664015625e-02
9.833647995999854619e-01 1.813326059550519342e-01 -1.059042505995647088e-02
9.830058198755372567e-01 1.832724610306012969e-01 -1.052441426380077392e-02
9.826452070590961929e-01 1.852006390813623338e-01 -1.044607599825687558e-02
9.822833696694676098e-01 1.871153255362828227e-01 -1.035552004358161401e-02
9.819207260292106554e-01 1.890147260795543849e-01 -1.025286756704589519e-02
9.815577035267293304e-01 1.908970683069964314e-01 -1.013825092905075442e-02
9.811947378387713137e-01 1.927606033394579366e-01 -1.001181347900745484e-02
9.808322721158476698e-01 1.946036073917318254e-01 -9.873709341483087945e-03
9.804707561332157706e-01 1.964243832956279745e-01 -9.724103193123397049e-03
9.801106454101868870e-01 1.982212619760032324e-01 -9.563170030872479230e-03
9.797524003006242710e-01 1.999926038787005755e-01 -9.391094932014596580e-03
9.793964850575901382e-01 2.017368003495039197e-01 -9.208072806566682672e-03
9.790433668751803431e-01 2.034522749633677352e-01 -9.014308142551066827e-03
9.786935149106507081e-01 2.051374848033330200e-01 -8.810014744676703674e-03
9.783473992899947014e-01 2.067909216886896218e-01 -8.595415466953665318e-03
9.780054901001715706e-01 2.084111133520916426e-01 -8.370741939759987829e-03
9.776682563712125740e-01 2.099966245654742436e-01 -8.136234291872202623e-03
9.773361650514500454e-01 2.115460582147573598e-01 -7.892140867961094236e-03
9.770096799791150310e-01 2.130580563234536207e-01 -7.638717942042569549e-03
9.766892608535437947e-01 2.145313010254232544e-01 -7.376229427360016938e-03
9.763753622092107287e-01 2.159645154871372430e-01 -7.104946583159413125e-03
9.760684323957764530e-01 2.173564647799218763e-01 -6.825147718801722295e-03
9.757689125672961428e-01 2.187059567027604678e-01 -6.537117895639043240e-03
9.754772356836820535e-01 2.200118425563244162e-01 -6.241148627061599008e-03
9.751938255274515965e-01 2.212730178689910066e-01 -5.937537577102209446e-03
9.749190957387213752e-01 2.224884230756840608e-01 -5.626588257963480513e-03
9.746534488713276545e-01 2.236570441504409645e-01 -5.308609726810738921e-03
9.743972754728646990e-01 2.247779131936691599e-01 -4.983916282150946397e-03
9.741509531913377096e-01 2.258501089751039359e-01 -4.652827160094527049e-03
9.739148459110221756e-01 2.268727574335195618e-01 -4.315666230773496786e-03
9.736893029200144323e-01 2.278450321342755658e-01 -3.972761695165584819e-03
9.734746581118397524e-01 2.287661546858009987e-01 -3.624445782550359593e-03
9.732712292233646201e-01 2.296353951161302642e-01 -3.271054448799926712e-03
9.730793171111341566e-01 2.304520722106066510e-01 -2.912927075683631722e-03
9.728992050681232184e-01 2.312155538118624010e-01 -2.550406171343575033e-03
9.727311581827570164e-01 2.319252570831690508e-01 -2.183837072075781646e-03
9.725754227419187714e-01 2.325806487362275243e-01 -1.813567645530649638e-03
9.724322256795190356e-01 2.331812452244362566e-01 -1.439947995426022658e-03
9.723017740720615310e-01 2.337266129026362438e-01 -1.063330167846972783e-03
9.721842546824903675e-01 2.342163681542860643e-01 -6.840678591882615612e-04
9.720798335534598378e-01 2.346501774869674539e-01 -3.025161257785972425e-04
9.719886556510167752e-01 2.350277575970637911e-01 8.096890478972301741e-05
9.719108445595381340e-01 2.353488754043903952e-01 4.660303206162700598e-04
9.718465022286134625e-01 2.356133480574873484e-01 8.523107107361177492e-04
9.717957087724145016e-01 2.358210429102136074e-01 1.239452448665738504e-03
9.717585223219413759e-01 2.359718774702055655e-01 1.627097974274649547e-03
9.717349789303859620e-01 2.360658193196852050e-01 2.014890074014022425e-03
9.717250925317039156e-01 2.361028860090230996e-01 2.402472159539521899e-03
9.717288549523366292e-01 2.360831449233796453e-01 2.789488544769966674e-03
9.717462359758790580e-01 2.360067131226667170e-01 3.175584721426023046e-03
9.717771834603426973e-01 2.358737571549893164e-01 3.560407633094046613e-03
9.718216235075178844e-01 2.356844928436459818e-01 3.943605947859382330e-03
9.718794606837986017e-01 2.354391850476871828e-01 4.324830329550965503e-03
9.719505782916922909e-01 2.351381473959528179e-01 4.703733707634960050e-03
9.720348386910990790e-01 2.347817419944356887e-01 5.079971545789452661e-03
9.721320836693101430e-01 2.343703791067454911e-01 5.453202109185002061e-03
9.722421348585424949e-01 2.339045168073808079e-01 5.823086730487122935e-03
9.723647941996983457e-01 2.333846606074531649e-01 6.189290074586684988e-03
9.724998444509114215e-01 2.328113630524489830e-01 6.551480402052794853e-03
9.726470497393203685e-01 2.321852232915628256e-01 6.909329831290095432e-03
9.728061561543918101e-01 2.315068866180885199e-01 7.262514599368679984e-03
9.729768923809998249e-01 2.307770439803145113e-01 7.610715321480039305e-03
9.731589703703608096e-01 2.299964314623363648e-01 7.953617248956820068e-03
9.733520860468172220e-01 2.291658297341729600e-01 8.290910525777728940e-03
9.735559200483624442e-01 2.282860634705538017e-01 8.622290443461822287e-03
9.737701384987060838e-01 2.273580007377339063e-01 8.947457694238828557e-03
9.739943938085892094e-01 2.263825523476890034e-01 9.266118622364111906e-03
9.742283255039755341e-01 2.253606711790482331e-01 9.577985473428666727e-03
9.744715610786680582e-01 2.242933514641345105e-01 9.882776641496102132e-03
9.747237168688307474e-01 2.231816280415029607e-01 1.018021691388026721e-02
9.749843989468297556e-01 2.220265755733971391e-01 1.047003771335891856e-02
9.752532040317545281e-01 2.208293077275790828e-01 1.075197733760096565e-02
9.755297204139276035e-01 2.195909763230343703e-01 1.102578119556734716e-02
9.758135288906726323e-01 2.183127704391059076e-01 1.129120204062867769e-02
9.761042037105769342e-01 2.169959154876695551e-01 1.154800020012665233e-02
9.764013135234586027e-01 2.156416722480328785e-01 1.179594380109077675e-02
9.767044223332328468e-01 2.142513358643114707e-01 1.203480899180763182e-02
9.770130904508653735e-01 2.128262348051187802e-01 1.226438015892650397e-02
9.773268754445999518e-01 2.113677297854914816e-01 1.248445013977307096e-02
9.776453330846608392e-01 2.098772126510653757e-01 1.269482042953196457e-02
9.779680182796480770e-01 2.083561052246140355e-01 1.289530138294952243e-02
9.782944860018744082e-01 2.068058581151647479e-01 1.308571241020003821e-02
9.786242921989317667e-01 2.052279494900124401e-01 1.326588216655233236e-02
9.789569946888228014e-01 2.036238838100621895e-01 1.343564873546860237e-02
9.792921540360524091e-01 2.019951905290428007e-01 1.359485980476431155e-02
9.796293344061403063e-01 2.003434227572494508e-01 1.374337283545642649e-02
9.799681043960947191e-01 1.986701558905886178e-01 1.388105522292754773e-02
9.803847498868262234e-01 1.965118010430768614e-01 1.512793529048080295e-02
9.808316288454153042e-01 1.941692496400229950e-01 1.635905114544604355e-02
9.813070321854290290e-01 1.916446941852490982e-01 1.757327506379972176e-02
9.818091461669160580e-01 1.889404852773453602e-01 1.876949035515552977e-02
9.823360591107891393e-01 1.860591322491221833e-01 1.994659218858220798e-02
9.828857684787455362e-01 1.830033037415925157e-01 2.110348846677069859e-02
9.834561882992494120e-01 1.797758281852014917e-01 2.223910074909915199e-02
9.840451569185564296e-01 1.763796941605523805e-01 2.335236522359524641e-02
9.846504450541713194e-01 1.728180506106467562e-01 2.444223372723471066e-02
9.852697641265103501e-01 1.690942068766679851e-01 2.550767481344674847e-02
9.859007748429015061e-01 1.652116325295980015e-01 2.654767486512579766e-02
9.865410960064178170e-01 1.611739569704706831e-01 2.756123925087911389e-02
9.871883135204102544e-01 1.569849687728347709e-01 2.854739352167597749e-02
9.878399895580139978e-01 1.526486147420230977e-01 2.950518464451156245e-02
9.884936718643605458e-01 1.481689986671040071e-01 3.043368226916199487e-02
9.891469031577571069e-01 1.435503797429174000e-01 3.133198002359156853e-02
9.897972305947189131e-01 1.387971706413681505e-01 3.219919683308404557e-02
9.904422152624777764e-01 1.339139352131527849e-01 3.303447825771197582e-02
9.910794416614669977e-01 1.289053858033187838e-01 3.383699784233661773e-02
9.917065271393131765e-01 1.237763801664873708e-01 3.460595847295049043e-02
9.923211312370782133e-01 1.185319179701903730e-01 3.534059373284012540e-02
9.929209649079056010e-01 1.131771368775616460e-01 3.604016925176169867e-02
9.935037995678488443e-01 1.077173082035607909e-01 3.670398404109182638e-02
9.940674759385239589e-01 1.021578321419672059e-01 3.733137180774240282e-02
9.946099126413330271e-01 9.650423256353850288e-02 3.792170223951569358e-02
9.951291145033773766e-01 9.076215138895182832e-02 3.847438225452617239e-02
9.956231805358175535e-01 8.493734254340790102e-02 3.898885720733050175e-02
9.960903115463541901e-01 7.903566550304519378e-02 3.946461204448809684e-02
9.965288173487013568e-01 7.306307844655322847e-02 3.990117240242208041e-02
9.969371235334035797e-01 6.702563102855607635e-02 4.029810564066400869e-02
9.973137777661040815e-01 6.092945679442688528e-02 4.065502180384458764e-02
9.976574555814001766e-01 5.478076525915973050e-02 4.097157450613471419e-02
9.979669656427141433e-01 4.858583367573313105e-02 4.124746173224410478e-02
9.982412544411434219e-01 4.235099852102059553e-02 4.148242654954546055e-02
9.984794104090257694e-01 3.608264672970786652e-02 4.167625772640595055e-02
9.986806674269343986e-01 2.978720670883775595e-02 4.182879025237083714e-02
9.988444077059877024e-01 2.347113916749662965e-02 4.193990575645013819e-02
9.989701640306891672e-01 1.714092779776084027e-02 4.200953282040317815e-02
9.990576213509777537e-01 1.080306984431795084e-02 4.203764718459065963e-02
9.991066177157410522e-01 4.464066601152022300e-03 4.202427184466316773e-02
9.991171445436848320e-01 -1.869586125676625694e-03 4.196947703807109298e-02
9.990893462311365436e-01 -8.191407549825857962e-03 4.187338012010720367e-02
9.990235191000517156e-01 -1.449494139175150700e-02 4.173614532992099557e-02
9.989201096931548118e-01 -2.077376528216825710e-02 4.155798344766702818e-02
9.987797124267533411e-01 -2.702150004370915820e-02 4.133915134465935420e-02
9.986030666152764246e-01 -3.323181881365090684e-02 4.107995142909413866e-02
9.983910528849809785e-01 -3.939845597193672444e-02 4.078073099056555434e-02
9.981446889975083003e-01 -4.551521584039157353e-02 4.044188144722919015e-02
9.978651251070363992e-01 -5.157598112096581366e-02 4.006383750005671623e-02
9.975536384776297893e-01 -5.757472104304005300e-02 3.964707619916948977e-02
9.972116276900232501e-01 -6.350549919225018103e-02 3.919211592773236968e-02
9.968406063694645880e-01 -6.936248099591958705e-02 3.869951530932796979e-02
9.964421964683711774e-01 -7.513994084298503129e-02 3.816987204511188003e-02
9.960181211394140144e-01 -8.083226881924293616e-02 3.760382168736885189e-02
9.955701972362202001e-01 -8.643397704179085761e-02 3.700203635634578131e-02
9.951003274801785148e-01 -9.193970557966296697e-02 3.636522340742871090e-02
9.946104923328370484e-01 -9.734422795082432744e-02 3.569412405585711823e-02
9.941027416141023920e-01 -1.026424561888654580e-01 3.498951196622999971e-02
9.935791859068879850e-01 -1.078294454758933624e-01 3.425219181405514401e-02
9.930419877890265257e-01 -1.129003983412181639e-01 3.348299782652761070e-02
9.925865217904162874e-01 -1.173735240196819019e-01 3.155080307179138760e-02
9.921436265668304166e-01 -1.215533074105061839e-01 2.959422634055297249e-02
9.917172312322308780e-01 -1.254365742287054941e-01 2.761520586823103252e-02
9.913110318434581458e-01 -1.290204449322997216e-01 2.561568602038996265e-02
9.909284770216870708e-01 -1.323023293913223875e-01 2.359761570012184131e-02
9.905727547749987316e-01 -1.352799216018258921e-01 2.156294692389457493e-02
9.902467805438218695e-01 -1.379511945293742381e-01 1.951363355742868899e-02
9.899531864863709840e-01 -1.403143951605739792e-01 1.745163020156631495e-02
9.896943120170940134e-01 -1.423680398346607867e-01 1.537889121664365311e-02
9.894721956075229752e-01 -1.441109099201087762e-01 1.329736987257884931e-02
9.892885678557696849e-01 -1.455420478937345941e-01 1.120901761074553915e-02
9.891448458281887346e-01 -1.466607538718988080e-01 9.115783402722007350e-03
9.890421286743948937e-01 -1.474665826352336839e-01 7.019613190189368662e-03
9.889811945148233585e-01 -1.479593411799143277e-01 4.922449389600955412e-03
9.889624985982993222e-01 -1.481390868199044253e-01 2.826230444760079348e-03
9.889861727255778723e-01 -1.480061258559097204e-01 7.328904101244265376e-04
9.890520259334624198e-01 -1.475610128180242231e-01 -1.355641452497706283e-03
9.891595464328425402e-01 -1.468045502803120017e-01 -3.437441081182462943e-03
9.893079047927431091e-01 -1.457377892368914851e-01 -5.510590042204760626e-03
9.894959583611827592e-01 -1.443620300205351870e-01 -7.573175996243190940e-03
9.897222569122317015e-01 -1.426788237364219059e-01 -9.623293218790681530e-03
9.899850495070811052e-01 -1.406899741755391342e-01 -1.165904319043330715e-02
9.902822925551271194e-01 -1.383975401643856851e-01 -1.367853527185333359e-02
9.906116590589834070e-01 -1.358038383001270999e-01 -1.567988747745651529e-02
9.909705490249206550e-01 -1.329114460132675424e-01 -1.766122736042232896e-02
9.913561010174510857e-01 -1.297232048932803750e-01 -1.962069302073447125e-02
9.917652048336031978e-01 -1.262422242065457112e-01 -2.155643424637375058e-02
9.921945152688445013e-01 -1.224718845304359344e-01 -2.346661379635368166e-02
9.926404669425983318e-01 -1.184158414225313372e-01 -2.534940883265917114e-02
9.930992901468664869e-01 -1.140780290397957614e-01 -2.720301250642017873e-02
9.935670276766209730e-01 -1.094626636191549096e-01 -2.902563570182659786e-02
9.940395525953914513e-01 -1.045742467283546917e-01 -3.081550893938017621e-02
9.945125868838829986e-01 -9.941756819428526626e-02 -3.257088443809855877e-02
9.949817209135587426e-01 -9.399770861518787213e-02 -3.429003833425125353e-02
9.954424336809687412e-01 -8.832004136335851185e-02 -3.597127305213482923e-02
9.958901137322747621e-01 -8.239023398616122928e-02 -3.761291982030430525e-02
9.963200807009828797e-01 -7.621424891539263502e-02 -3.921334132458962479e-02
9.967276073754431920e-01 -6.979834339831594847e-02 -4.077093448716240243e-02
9.971079422063097164e-01 -6.314906856801531798e-02 -4.228413335890185420e-02
9.974563321579678066e-01 -5.627326757610512376e-02 -4.375141211036345790e-02
9.977951023721698398e-01 -4.966051187133958128e-02 -4.403144923150225515e-02
9.980935543428719470e-01 -4.300716261324272899e-02 -4.426784421475578324e-02
9.983507043017851856e-01 -3.632006315350198161e-02 -4.446038156407339237e-02
9.985657346968755954e-01 -2.960610064532355479e-02 -4.460889593148129051e-02
9.987379972856202937e-01 -2.287219578827798944e-02 -4.471327257681829981e-02
9.988670154904697451e-01 -1.612529240710861358e-02 -4.477344770530983925e-02
9.989524860041439913e-01 -9.372346909393772241e-03 -4.478940868026158595e-02
9.989942796366578781e-01 -2.620317668036475575e-03 -4.476119410900823020e-02
9.989924414003235054e-01 4.123845624774611501e-03 -4.468889380112530535e-02
9.989471898333678324e-01 1.085321258523829283e-02 -4.457264859879441626e-02
9.988589155671935282e-01 1.756088270052540840e-02 -4.441265008009462334e-02
9.987281791466567915e-01 2.423999578014361667e-02 -4.420914013686568639e-02
9.985557081169982308e-01 3.088374225095414857e-02 -4.396241042964360579e-02
9.983423933952000340e-01 3.748537325211408200e-02 -4.367280172299586871e-02
9.980892849475174744e-01 4.403821048800032889e-02 -4.334070310537484899e-02
9.977975867987097791e-01 5.053565579931289242e-02 -4.296655109835463560e-02
9.974686514020416617e-01 5.697120041502840015e-02 -4.255082866081175835e-02
9.971039734024125245e-01 6.333843385065084097e-02 -4.209406409424729795e-02
9.967051828279680503e-01 6.963105242125069982e-02 -4.159682985602053407e-02
9.962740377482430798e-01 7.584286734106131245e-02 -4.105974128776799376e-02
9.957259271395410005e-01 8.244826834826433914e-02 -4.161925351937607181e-02
9.951284149900311293e-01 8.912997237952124951e-02 -4.213415383292966332e-02
9.944806526261190660e-01 9.588079652161536626e-02 -4.260405668869925166e-02
9.937819595110984894e-01 1.026935006148317342e-01 -4.302863157373710418e-02
9.930318285918745547e-01 1.095607987934628241e-01 -4.340760348731243640e-02
9.922299308551331132e-01 1.164753712177498957e-01 -4.374075328913171884e-02
9.913761190708261228e-01 1.234298759478724139e-01 -4.402791790643194314e-02
9.904704307057804469e-01 1.304169609087043324e-01 -4.426899039697652916e-02
9.895130899953178405e-01 1.374292758926275448e-01 -4.446391986596401336e-02
9.885045091659449001e-01 1.444594845467481181e-01 -4.461271123586799114e-02
9.874452888073895762e-01 1.515002762904118783e-01 -4.471542486925163956e-02
9.863362173974669078e-01 1.585443781089669602e-01 -4.477217604563014930e-02
9.851782699884067407e-01 1.655845661702724236e-01 -4.478313429447812466e-02
9.839726060683147146e-01 1.726136772114948148e-01 -4.474852258748506645e-02
9.827205666163174591e-01 1.796246196452563337e-01 -4.466861639413951396e-02
9.814236703746176405e-01 1.866103843361776871e-01 -4.454374260566074106e-02
9.800836093651085212e-01 1.935640550012711347e-01 -4.437427833318609988e-02
9.787022436823320515e-01 2.004788181904534894e-01 -4.416064958695320453e-02
9.772815955983739089e-01 2.073479728066302263e-01 -4.390332984398069571e-02
9.758238430187372581e-01 2.141649391283095560e-01 -4.360283851244227404e-02
9.744841707683272736e-01 2.204630762186141069e-01 -4.215013855233691598e-02
9.731536399747797716e-01 2.265360645880913626e-01 -4.066209083730091406e-02
9.718373335067757024e-01 2.323795092623723024e-01 -3.914028637733089899e-02
9.705402445970646719e-01 2.379892914075524279e-01 -3.758632581321974531e-02
9.692672593589570784e-01 2.433615626083622530e-01 -3.600181705682751337e-02
9.680231400382983686e-01 2.484927386363240120e-01 -3.438837311105016198e-02
9.668125090387443832e-01 2.533794927972166100e-01 -3.274761007360987852e-02
9.656398337517273500e-01 2.580187489468158679e-01 -3.108114532703631222e-02
9.645094122164390438e-01 2.624076742627866055e-01 -2.939059591550988171e-02
9.634253596295008215e-01 2.665436718588360954e-01 -2.767757710760871542e-02
9.623915957187914039e-01 2.704243733248489767e-01 -2.594370114244892375e-02
9.614118329911787164e-01 2.740476312737707421e-01 -2.419057615524190796e-02
9.604895658596852570e-01 2.774115119725507617e-01 -2.241980527691856198e-02
9.596280606519086431e-01 2.805142881305514591e-01 -2.063298590119310924e-02
9.588303464983279900e-01 2.833544319145350765e-01 -1.883170911126241451e-02
9.580992070964474694e-01 2.859306082547078409e-01 -1.701755925726179328e-02
9.574371733445425914e-01 2.882416685013821089e-01 -1.519211367462652319e-02
9.568465168370726692e-01 2.902866444866591955e-01 -1.335694253263958360e-02
9.563292442125671533e-01 2.920647430401817068e-01 -1.151360880167949519e-02
9.558870923439615197e-01 2.935753410024963816e-01 -9.663668327016355225e-03
9.553755450899478197e-01 2.952598509924683201e-01 -8.898812825231678866e-03
9.548950503656162825e-01 2.968323117673729583e-01 -8.125398812578465274e-03
9.544464951484024073e-01 2.982917234468329126e-01 -7.344129923965506124e-03
9.540307037603475981e-01 2.996371798388369756e-01 -6.555711862524432609e-03
9.536484359210591899e-01 3.008678677803542922e-01 -5.760851961349578061e-03
9.533003849798172835e-01 3.019830664771613882e-01 -4.960258764012537638e-03
9.529871763293620290e-01 3.029821468499709347e-01 -4.154641622792824840e-03
9.527093660034340328e-01 3.038645708933800926e-01 -3.344710313461026971e-03
9.524674394596969185e-01 3.046298910535549243e-01 -2.531174665356461084e-03
9.522618105492536289e-01 3.052777496299369786e-01 -1.714744205417861791e-03
9.520928206735677080e-01 3.058078782056068978e-01 -8.961278147532977410e-04
9.519607381292185533e-01 3.062200971102685410e-01 -7.603339627456826271e-05
9.518657576405575860e-01 3.065143149191313365e-01 7.448324481281902226e-04
9.518080000799825635e-01 3.066905279902727988e-01 1.565764732433895089e-03
9.517875123752121969e-01 3.067488200423589273e-01 2.386060394948513741e-03
9.518042676026209348e-01 3.066893617738953304e-01 3.205018601977095358e-03
9.518581652653781422e-01 3.065124105244757535e-01 4.021941048316657330e-03
9.519490317548299219e-01 3.062183099777953110e-01 4.836132256168734593e-03
9.520766209932605140e-01 3.058074899055034379e-01 5.646899874051223255e-03
9.522406152558703374e-01 3.052804659502916795e-01 6.453554977258952816e-03
9.525720515357255502e-01 3.041987338867907509e-01 8.343713464029284613e-03
9.529848140255527955e-01 3.028455232887020121e-01 1.022418197225485881e-02
9.534773475967658340e-01 3.012220062110808616e-01 1.209343828120025034e-02
9.540478202194105917e-01 2.993295106854471643e-01 1.394996216509777030e-02
9.546941289499655259e-01 2.971695242789118563e-01 1.579223509318663718e-02
9.554139066914231204e-01 2.947436981983718729e-01 1.761874002684098509e-02
9.562045297258301435e-01 2.920538518940352657e-01 1.942796132586062027e-02
9.570631260192665746e-01 2.891019781115398701e-01 2.121838477522504374e-02
9.579865842986570179e-01 2.858902483371500436e-01 2.298849774275547528e-02
9.589715638988036694e-01 2.824210185759900016e-01 2.473678947719156612e-02
9.600145053765891667e-01 2.786968353990271208e-01 2.646175155516956520e-02
9.611116418873958400e-01 2.747204421905931615e-01 2.816187848448783310e-02
9.622590113164275483e-01 2.704947855246599420e-01 2.983566846986556234e-02
9.634524691547828867e-01 2.660230215949107024e-01 3.148162434614368982e-02
9.646877021068342994e-01 2.613085226209117540e-01 3.309825468254701253e-02
9.659602424117139652e-01 2.563548831504314784e-01 3.468407506022782444e-02
9.672654828575276698e-01 2.511659261762235196e-01 3.623760952384986328e-02
9.685986924623295469e-01 2.457457089844281295e-01 3.775739220645418781e-02
9.699550327909388647e-01 2.400985286511953809e-01 3.924196912528426368e-02
9.713295748714032563e-01 2.342289271042362897e-01 4.068990014464592825e-02
9.726572606042059865e-01 2.286000523051674449e-01 4.098622665809652926e-02
9.739629512268060951e-01 2.229234965746489106e-01 4.124664370267334956e-02
9.752447591616129063e-01 2.172045861194897287e-01 4.147081875429921294e-02
9.765009013576697594e-01 2.114487269158523419e-01 4.165845473982506680e-02
9.777297037956410586e-01 2.056613984844942178e-01 4.180929097938977657e-02
9.789296055756775417e-01 1.998481473516761642e-01 4.192310406654784632e-02
9.800991625667165863e-01 1.940145802160637978e-01 4.199970868126136347e-02
9.812370505976916180e-01 1.881663568439003176e-01 4.203895833121123332e-02
9.823420681732248916e-01 1.823091827165164713e-01 4.204074601727905702e-02
9.834131386986371126e-01 1.764488014558514561e-01 4.200500481948073184e-02
9.844493122015175457e-01 1.705909870550688656e-01 4.193170840009278338e-02
9.854497665396347861e-01 1.647415359425504489e-01 4.182087142119803036e-02
9.864138080876123649e-01 1.589062589085251664e-01 4.167254987438395036e-02
9.873408718975289489e-01 1.530909729243315476e-01 4.148684132085044690e-02
9.882305213313972159e-01 1.473014928848120908e-01 4.126388504071809571e-02
9.890824471663164363e-01 1.415436233045919423e-01 4.100386209086877981e-02
9.898964661759473982e-01 1.358231499990015245e-01 4.070699527119216871e-02
9.906725191948106968e-01 1.301458317801634235e-01 4.037354899964848420e-02
9.914106686747244934e-01 1.245173921982822979e-01 4.000382909708557339e-02
9.921110957454648549e-01 1.189435113574589392e-01 3.959818248326077428e-02
9.927740967944179706e-01 1.134298178344059355e-01 3.915699678601079758e-02
9.934000795825829178e-01 1.079818807272842074e-01 3.868069986598130644e-02
9.939895589167528911e-01 1.026052018605207589e-01 3.816975925976728162e-02
9.945431519000342835e-01 9.730520816992593858e-02 3.762468154472183718e-02
9.950615727850400383e-01 9.208724429072050188e-02 3.704601162906145245e-02
9.955456274560999796e-01 8.695656536922950763e-02 3.643433197122622480e-02
9.959962075686532579e-01 8.191833011702333300e-02 3.579026173274218320e-02
9.964142843756168544e-01 7.697759412420733527e-02 3.511445586907693123e-02
9.968009022719510615e-01 7.213930344640566428e-02 3.440760416317825005e-02
9.971571720898584346e-01 6.740828847777423360e-02 3.367043020653683744e-02
9.974842641780586883e-01 6.278925812013741448e-02 3.290369033271848404e-02
9.977834012993695989e-01 5.828679425609625819e-02 3.210817250836813658e-02
9.980558513814011823e-01 5.390534653172686375e-02 3.128469518669854676e-02
9.983029201555333465e-01 4.964922745229786299e-02 3.043410612844132251e-02
9.985259437195043164e-01 4.552260779230848931e-02 2.955728119515929619e-02
9.987262810588943829e-01 4.152951231910326224e-02 2.865512311969853690e-02
9.989053065625502770e-01 3.767381582737535511e-02 2.772856025839859004e-02
9.990644025665794681e-01 3.395923948004563042e-02 2.677854532948326094e-02
9.992049519609459418e-01 3.038934744931392692e-02 2.580605414182493562e-02
9.993283308919472807e-01 2.696754385013715866e-02 2.481208431801638220e-02
9.994194270431447924e-01 2.321346527119022909e-02 2.493882023233563727e-02
9.994973573396147559e-01 1.944206306471769896e-02 2.504076143050054659e-02
9.995618786673347023e-01 1.565713179058350613e-02 2.511783866202669038e-02
9.996128016397317628e-01 1.186247641824123705e-02 2.517000858938145055e-02
9.996499912077195793e-01 8.061907914432960010e-03 2.519725384014146266e-02
9.996733670466433352e-01 4.259238813858439235e-03 2.519958302019242868e-02
9.996829037189338685e-01 4.582787834090037982e-04 2.517703068775245523e-02
9.996786306122962262e-01 -3.337169809368426953e-03 2.512965728816471747e-02
9.996606316542798742e-01 -7.123316312910179735e-03 2.505754904957040521e-02
9.996290448050962896e-01 -1.089638618277858143e-02 2.496081783973738699e-02
9.995840613315528644e-01 -1.465262533684658607e-02 2.483960098448229070e-02
9.995259248659612572e-01 -1.838830446426642160e-02 2.469406104828249238e-02
9.994549302548378922e-01 -2.209972327823394103e-02 2.452438557782850304e-02
9.993714222031487848e-01 -2.578321470289244785e-02 2.433078680941513569e-02
9.992757937207452645e-01 -2.943514898511119179e-02 2.411350134121044431e-02
9.991684843784939263e-01 -3.305193772232059568e-02 2.387278977157378940e-02
9.990499783824134949e-01 -3.663003779808438748e-02 2.360893630471716520e-02
9.989208024748915671e-01 -4.016595521763329651e-02 2.332224832511656243e-02
9.987815236727601853e-01 -4.365624883617060664e-02 2.301305594218152825e-02
9.986327468526579043e-01 -4.709753397338153208e-02 2.268171150678077036e-02
9.984751121946959795e-01 -5.048648590822973903e-02 2.232858910129881247e-02
9.983092924959713343e-01 -5.381984324880002141e-02 2.195408400496313972e-02
9.981359903659325905e-01 -5.709441117263960863e-02 2.155861213623250922e-02
9.979559353160013524e-01 -6.030706453375605375e-02 2.114260947407493180e-02
9.977698807561826699e-01 -6.345475083314054687e-02 2.070653145998831851e-02
9.975786009116609510e-01 -6.653449305039603467e-02 2.025085238262794296e-02
9.973828876725784331e-01 -6.954339233475359539e-02 1.977606474690277172e-02
9.971835473903229996e-01 -7.247863055445229186e-02 1.928267862938784494e-02
9.969813976337236205e-01 -7.533747270413139463e-02 1.877122102187262637e-02
9.967772639185550343e-01 -7.811726917053479768e-02 1.824223516482593316e-02
9.965719764237009892e-01 -8.081545785744963240e-02 1.769627987250767948e-02
9.963663667072117924e-01 -8.342956617139092590e-02 1.713392885139650504e-02
9.961612644353227131e-01 -8.595721287009668032e-02 1.655577001353165240e-02
9.959574941372811852e-01 -8.839610977640957601e-02 1.596240478628768028e-02
9.957558719985576401e-01 -9.074406336058918332e-02 1.535444742001295347e-02
9.955572027047001615e-01 -9.299897619451917563e-02 1.473252429486819441e-02
9.953622763477315560e-01 -9.515884828164535014e-02 1.409727322810070890e-02
9.951718654065893066e-01 -9.722177826680016011e-02 1.344934278288436452e-02
9.949867218126725588e-01 -9.918596453033702576e-02 1.278939157974594808e-02
9.948075741110925518e-01 -1.010497061712113537e-01 1.211808761148632299e-02
9.946351247277251950e-01 -1.028114038838050803e-01 1.143610756239087090e-02
9.944700473516414618e-01 -1.044695607333977205e-01 1.074413613240913536e-02
9.943129844419453800e-01 -1.060227828352396651e-01 1.004286536686937147e-02
9.941645448674820695e-01 -1.074697799421836797e-01 9.332993992180975765e-03
9.940253016872985237e-01 -1.088093659457802925e-01 8.615226757867347138e-03
9.938957900791414168e-01 -1.100404592956430727e-01 7.890273785164740247e-03
9.937765054226682659e-01 -1.111620833417431703e-01 7.158849922319834337e-03
9.936679015434332074e-01 -1.121733666041018623e-01 6.421674106621023254e-03
9.935703891230818208e-01 -1.130735429741171472e-01 5.679468733106554645e-03
9.934843342805634858e-01 -1.138619518514897011e-01 4.932959029807329997e-03
9.934100573285363778e-01 -1.145380382204078812e-01 4.182872439304101582e-03
9.933478317085051579e-01 -1.151013526683139637e-01 3.429938006308513171e-03
9.932978831076006987e-01 -1.155515513502093500e-01 2.674885770915453546e-03
9.932603887592743597e-01 -1.158883959010682391e-01 1.918446167120969274e-03
9.932354769295514973e-01 -1.161117532985213863e-01 1.161349426155834901e-03
9.932232265898582879e-01 -1.162215956775489445e-01 4.043249841501235509e-04
9.932236672768131047e-01 -1.162180000984873590e-01 -3.518991063810712966e-04
9.932367791387533007e-01 -1.161011482692152486e-01 -1.106596761756107033e-03
9.932624931681534042e-01 -1.158713262219403517e-01 -1.859044449580567453e-03
9.933006916184810020e-01 -1.155289239445694144e-01 -2.608521768963512153e-03
9.933512086034357313e-01 -1.150744349662085886e-01 -3.354312029009858236e-03
9.934138308759191682e-01 -1.145084558959188203e-01 -4.095702826079628857e-03
9.934882987834956491e-01 -1.138316859134416298e-01 -4.831986620272771434e-03
9.935743073965250804e-01 -1.130449262102208030e-01 -5.562461311557393914e-03
9.936715078045758043e-01 -1.121490793786779350e-01 -6.286430815910046092e-03
9.937795085761663705e-01 -1.111451487473583827e-01 -7.003205641779531622e-03
9.938978773763333940e-01 -1.100342376592522431e-01 -7.712103467121189486e-03
9.940261427359836643e-01 -1.088175486903159156e-01 -8.412449717177288705e-03
9.941637959664630930e-01 -1.074963828049764203e-01 -9.103578143101738115e-03
9.943102932122647175e-01 -1.060721384451955851e-01 -9.784831401444439233e-03
9.944650576342990433e-01 -1.045463105495068462e-01 -1.045556163442307868e-02
9.946274817156748327e-01 -1.029204894983159341e-01 -1.111513105081877312e-02
9.947969296814758167e-01 -1.011963599816794734e-01 -1.176291250723752319e-02
9.949727400235814923e-01 -9.937569978574427310e-02 -1.239829008938282684e-02
9.951542281211643859e-01 -9.746037849404570741e-02 -1.302065969288695481e-02
9.953406889471038133e-01 -9.545235609992620829e-02 -1.362942960315012900e-02
9.955313998501932327e-01 -9.335368152644547834e-02 -1.422402107353919545e-02
9.957256234026835573e-01 -9.116649105031182643e-02 -1.480386890120121389e-02
9.959226103024011456e-01 -8.889300662656855756e-02 -1.536842199965365169e-02
9.961216023184120694e-01 -8.653553411101953807e-02 -1.591714396722247737e-02
9.963218352689696689e-01 -8.409646137767287644e-02 -1.644951365031334378e-02
9.965225420202898921e-01 -8.157825632881839095e-02 -1.696502570042002569e-02
9.967229554945461478e-01 -7.898346479573192802e-02 -1.746319112369926554e-02
9.969223116753647140e-01 -7.631470832841436014e-02 -1.794353782187299226e-02
9.971198525990380146e-01 -7.357468187322249720e-02 -1.840561112315807282e-02
9.973148293196542058e-01 -7.076615133772977406e-02 -1.884897430187142814e-02
9.975065048363735976e-01 -6.789195104266276815e-02 -1.927320908531462984e-02
9.976941569711615942e-01 -6.495498106129136973e-02 -1.967791614650798299e-02
9.978770811854213996e-01 -6.195820444720170211e-02 -2.006271558131987598e-02
9.980545933241528056e-01 -5.890464435194672776e-02 -2.042724736852316592e-02
9.982260322764989757e-01 -5.579738103464589039e-02 -2.077117181130714099e-02
9.983907625418345644e-01 -5.263954876618673340e-02 -2.109416995878106091e-02
9.985481766908881340e-01 -4.943433263126346261e-02 -2.139594400602387939e-02
9.986976977117867360e-01 -4.618496523206516713e-02 -2.167621767126412177e-02
9.988387812313552772e-01 -4.289472329799431938e-02 -2.193473654881440346e-02
9.989709176024974546e-01 -3.956692420634973922e-02 -2.217126843643614856e-02
9.990936338490283841e-01 -3.620492241944252287e-02 -2.238560363587159541e-02
9.992064954599166882e-01 -3.281210584412320996e-02 -2.257755522535191683e-02
9.993091080255258607e-01 -2.939189212017996253e-02 -2.274695930297134308e-02
9.994011187091177417e-01 -2.594772484451578556e-02 -2.289367519990748862e-02
9.994660469171248174e-01 -2.199942815835850135e-02 -2.415878965628766306e-02
9.995178836363672881e-01 -1.786238665374908011e-02 -2.539559731918793542e-02
9.995543646265577786e-01 -1.354101785205209622e-02 -2.660289369943068596e-02
9.995731987601479407e-01 -9.039938115098181820e-03 -2.777950384625036545e-02
9.995720797834940496e-01 -4.363959395609838011e-03 -2.892428397863218772e-02
9.995486982269787823e-01 4.819144407687868739e-04 -3.003612313041063853e-02
9.995007534105687652e-01 5.492491743958595636e-03 -3.111394480248882988e-02
9.994259654898375311e-01 1.066239767767461835e-02 -3.215670861494425437e-02
9.993220874862930314e-01 1.598607930340676178e-02 -3.316341195124972857e-02
9.991869172449368008e-01 2.145781116265026850e-02 -3.413309158636790991e-02
9.990183092613845739e-01 2.707170136610982311e-02 -3.506482529008048132e-02
9.988141863206170257e-01 3.282169819460000609e-02 -3.595773339659542878e-02
9.985725508895209046e-01 3.870159721217591303e-02 -3.681098033124306779e-02
9.982914962058551112e-01 4.470504888769395724e-02 -3.762377608492860348e-02
9.979692170071355894e-01 5.082556671656993097e-02 -3.839537762695945794e-02
9.976040198441977758e-01 5.705653583001738666e-02 -3.912509024691224885e-02
9.971943329258675659e-01 6.339122207456399094e-02 -3.981226881634855608e-02
9.967387154432504337e-01 6.982278154020800376e-02 -4.045631896143088435e-02
9.962358663246333457e-01 7.634427051124265118e-02 -4.105669813782970856e-02
9.956846323748743677e-01 8.294865580959412399e-02 -4.161291659974707818e-02
9.950840157564135868e-01 8.962882549653965192e-02 -4.212453825540835028e-02
9.944331807726570771e-01 9.637759989494365520e-02 -4.259118140198726865e-02
9.937314599184389197e-01 1.031877428907187755e-01 -4.301251933362424534e-02
9.929783591665198861e-01 1.100519734691265683e-01 -4.338828081696719657e-02
9.921735624636058848e-01 1.169629774388197124e-01 -4.371825042950029661e-02
9.913169354141175837e-01 1.239134192942266399e-01 -4.400226875681981925e-02
9.904085281348792291e-01 1.308959541650209779e-01 -4.424023244595825383e-02
9.894485772689685099e-01 1.379032398000249460e-01 -4.443209411283771670e-02
9.884375071521320777e-01 1.449279485319852345e-01 -4.457786210294052004e-02
9.873759301303758340e-01 1.519627791692443330e-01 -4.467760010530737874e-02
9.862646460325309450e-01 1.590004687604138212e-01 -4.473142662100075551e-02
9.851046408067263283e-01 1.660338041787371433e-01 -4.473951428819091664e-02
9.838970843347154549e-01 1.730556334739009328e-01 -4.470208906702395624e-02
9.826433274428616471e-01 1.800588769406004097e-01 -4.461942928840356704e-02
9.813448981332332233e-01 1.870365378551672453e-01 -4.449186457175123566e-02
9.800034970626561037e-01 1.939817128339995922e-01 -4.431977461769286836e-02
9.786209923016755408e-01 2.008876017703651318e-01 -4.410358788244453376e-02
9.771994134091567252e-01 2.077475173093414895e-01 -4.384378014142822216e-02
9.757409448616721770e-01 2.145548938241758352e-01 -4.354087295033263333e-02
9.742479188798571776e-01 2.213032958611443612e-01 -4.319543201243817437e-02
9.727228076965447334e-01 2.279864260240259677e-01 -4.280806546154480863e-02
9.711682153136985685e-01 2.345981322735274377e-01 -4.237942207027200342e-02
9.695868687969421140e-01 2.411324146213604247e-01 -4.191018939383953784e-02
9.679816091578241632e-01 2.475834312031256756e-01 -4.140109185968505329e-02
9.663553818748751301e-01 2.539455037186589825e-01 -4.085288881342839795e-02
9.647112271049916865e-01 2.602131222329888138e-01 -4.026637253175555098e-02
9.630522696367624924e-01 2.663809493355042135e-01 -3.964236621276792660e-02
9.613817086370177734e-01 2.724438236592872098e-01 -3.898172195422911629e-02
9.597028072411882826e-01 2.783967627667902067e-01 -3.828531872994510310e-02
9.580188820369986979e-01 2.842349654120964186e-01 -3.755406037423964644e-02
9.563332924896440490e-01 2.899538131938574348e-01 -3.678887358414024977e-02
9.546494303549217797e-01 2.955488716166292384e-01 -3.599070594847713495e-02
9.529707091248538209e-01 3.010158905816983643e-01 -3.516052401262499683e-02
9.513005535481678931e-01 3.063508043315849028e-01 -3.429931138709168409e-02
9.496423892656467025e-01 3.115497308752100958e-01 -3.340806690758629099e-02
9.479996325978353733e-01 3.166089709232137173e-01 -3.248780285358900122e-02
9.463756805199562416e-01 3.215250063650870183e-01 -3.153954323180312158e-02
9.447739008561470975e-01 3.262944983216529149e-01 -3.056432213020378666e-02
9.431976227223550779e-01 3.309142848079679178e-01 -2.956318214771409825e-02
9.416501272444083304e-01 3.353813780429507618e-01 -2.853717290384526206e-02
9.401346385749852486e-01 3.396929614429588518e-01 -2.748734963193846109e-02
9.386543152304354098e-01 3.438463863371507556e-01 -2.641477185894900576e-02
9.372122417657019477e-01 3.478391684427973307e-01 -2.532050217402309969e-02
9.358114208029758574e-01 3.516689841387510285e-01 -2.420560508743940104e-02
9.344547654272014059e-01 3.553336665750683743e-01 -2.307114598082607784e-02
9.331450919591627313e-01 3.588312016563173223e-01 -2.191819014892306197e-02
9.318851131146358435e-01 3.621597239354107378e-01 -2.074780193254245966e-02
9.306774315559954713e-01 3.653175124539041474e-01 -1.956104394179037156e-02
9.295245338407357449e-01 3.683029865636009981e-01 -1.835897636805326749e-02
9.284287847696036655e-01 3.711147017630393452e-01 -1.714265638272360198e-02
9.273924221354584718e-01 3.737513455810078655e-01 -1.591313762014400987e-02
9.264175518725655811e-01 3.762117335376759519e-01 -1.467146974178839235e-02
9.255061436048027668e-01 3.784948052122396045e-01 -1.341869807827221484e-02
9.246600265902046312e-01 3.805996204441954855e-01 -1.215586334539375812e-02
9.238808860583904714e-01 3.825253556934813948e-01 -1.088400143005304604e-02
9.231702599367057616e-01 3.842713005827710915e-01 -9.604143241575435752e-03
9.225295359603512546e-01 3.858368546432033308e-01 -8.317314623682098285e-03
9.219599491613673647e-01 3.872215242827688475e-01 -7.024536322099197636e-03
9.214625797310744826e-01 3.884249199944883602e-01 -5.726824002580726582e-03
9.210383512504310977e-01 3.894467538193985834e-01 -4.425188313935936313e-03
9.208648374970930250e-01 3.898764791268489183e-01 -2.069519931177466431e-03
9.208237627305055906e-01 3.899788689103159123e-01 2.839486274047353827e-04
9.209150703960023998e-01 3.897544075161457622e-01 2.633586942565914902e-03
9.211382795411832136e-01 3.892036647184947129e-01 4.977769209048859764e-03
9.214924873228537150e-01 3.883272966498297341e-01 7.314871976438718643e-03
9.219763722954694707e-01 3.871260481052835600e-01 9.643271936402820002e-03
9.225881984856967311e-01 3.856007561948844864e-01 1.196134378089896109e-02
9.233258202635333811e-01 3.837523553097133555e-01 1.426745815552792757e-02
9.241866880259008710e-01 3.815818833600974624e-01 1.655997973173065421e-02
9.251678547136326092e-01 3.790904892360147938e-01 1.883726542098209181e-02
9.262659831872505078e-01 3.762794414319362013e-01 2.109766275350535153e-02
9.274773544907518597e-01 3.731501377703708155e-01 2.333950844331285010e-02
9.287978770357356861e-01 3.697041161504052709e-01 2.556112716056617787e-02
9.302230967405061834e-01 3.659430662395514733e-01 2.776083053132309686e-02
9.317482081602169730e-01 3.618688420192628374e-01 2.993691638369733871e-02
9.333680666445989260e-01 3.574834750865846233e-01 3.208766825828370667e-02
9.350772015592815345e-01 3.527891886066106264e-01 3.421135519938663105e-02
9.368698306051187474e-01 3.477884118027929627e-01 3.630623184212423277e-02
9.387398752672178048e-01 3.424837948647603825e-01 3.837053880885354928e-02
9.406809774215125763e-01 3.368782241462308646e-01 4.040250342656746818e-02
9.426865171216971540e-01 3.309748375189500158e-01 4.240034077494525544e-02
9.447496315831352964e-01 3.247770397424558086e-01 4.436225507259237977e-02
9.468632353729931062e-01 3.182885177039754265e-01 4.628644140668183166e-02
9.490200418073340138e-01 3.115132553780261548e-01 4.817108780871071083e-02
9.512125855463072766e-01 3.044555483514475025e-01 5.001437767641959270e-02
9.534332463679219272e-01 2.971200177567648315e-01 5.181449253909812397e-02
9.556742740893096055e-01 2.895116234551119994e-01 5.356961516053351802e-02
9.579278145919457588e-01 2.816356763095449467e-01 5.527793297076841195e-02
9.601859368941528805e-01 2.734978493905882990e-01 5.693764181464468221e-02
9.624406612004953177e-01 2.651041879583816430e-01 5.854695000184844539e-02
9.646839878435661264e-01 2.564611180699346571e-01 6.010408263987189470e-02
9.669079270193464692e-01 2.475754536658407723e-01 6.160728622800636795e-02
9.691045292030044944e-01 2.384544019984029539e-01 6.305483348721944992e-02
9.712659161179014733e-01 2.291055672725284542e-01 6.444502839759061463e-02
9.733843121169339918e-01 2.195369523819654944e-01 6.577621141193241983e-02
9.754520758224000110e-01 2.097569586364617378e-01 6.704676481135600496e-02
9.774617318585786530e-01 1.997743833901733657e-01 6.825511816590039416e-02
9.794060025004072134e-01 1.895984154980561720e-01 6.939975386098518051e-02
9.812778390522676197e-01 1.792386285449069638e-01 7.047921264841382205e-02
9.830704527631793921e-01 1.687049718110359975e-01 7.149209917899754241e-02
9.847773450788609439e-01 1.580077589590494214e-01 7.243708747262959935e-02
9.863923370273479652e-01 1.471576544476787263e-01 7.331292628085693541e-02
9.879095975333166413e-01 1.361656577007580027e-01 7.411844429670252921e-02
9.893236704570792517e-01 1.250430850820363760e-01 7.485255516671418530e-02
9.906295001574939585e-01 1.138015497492195494e-01 7.551426226097207595e-02
9.918224553838147495e-01 1.024529394831381751e-01 7.610266315808875137e-02
9.928983513098114111e-01 9.100939260991131041e-02 7.661695380408088674e-02
9.938534695342733372e-01 7.948327215507364207e-02 7.705643230637448937e-02
9.946845758851963204e-01 6.788713838853312199e-02 7.742050232710379065e-02
9.953889358804053344e-01 5.623371993759802845e-02 7.770867604325146227e-02
9.959643277149118346e-01 4.453588366185536052e-02 7.792057664501465808e-02
9.964090526647296775e-01 3.280660349811555937e-02 7.805594034802038061e-02
9.967219428179099339e-01 2.105892849571401604e-02 7.811461789959937840e-02
9.969023660659244168e-01 9.305950271968061252e-03 7.809657556419689894e-02
9.969502283119001662e-01 -2.439229875638970410e-03 7.800189557808216712e-02
9.968659728762424566e-01 -1.416353396005606488e-02 7.783077606874297394e-02
9.966505771045316431e-01 -2.585394015655995484e-02 7.758353043964051621e-02
9.963055462068699519e-01 -3.749751527640873133e-02 7.726058622627442196e-02
9.958329043817308879e-01 -4.908144662756671467e-02 7.686248343469145872e-02
9.952351833004704496e-01 -6.059307303548466805e-02 7.638987237858733959e-02
9.945154080506661831e-01 -7.201991480727235051e-02 7.584351103592736065e-02
9.936770806570384140e-01 -8.334970243545311575e-02 7.522426195048129149e-02
9.927241613176016610e-01 -9.457040385261790416e-02 7.453308870776996498e-02
9.916610475096461208e-01 -1.056702500654397026e-01 7.377105201860240102e-02
9.904925511349553791e-01 -1.166377590153779287e-01 7.293930544659847637e-02
9.892238738861612868e-01 -1.274617575336845221e-01 7.203909081880788268e-02
9.878605810262142128e-01 -1.381314012796907020e-01 7.107173336072557246e-02
9.864085737805254883e-01 -1.486361925734699663e-01 7.003863659865218472e-02
9.848740605464099129e-01 -1.589659960565021624e-01 6.894127707344817335e-02
9.832635271270346866e-01 -1.691110521365747354e-01 6.778119891028762389e-02
9.815837061972341182e-01 -1.790619881955332338e-01 6.656000828904450051e-02
9.798415462063891912e-01 -1.888098275603348475e-01 6.527936785946091003e-02
9.780441799192318708e-01 -1.983459962588907943e-01 6.394099114428444808e-02
9.761988927890896672e-01 -2.076623276021591635e-01 6.254663697215291640e-02
9.743130913499389312e-01 -2.167510646526536189e-01 6.109810398019231009e-02
9.723942718038950384e-01 -2.256048606567834514e-01 5.959722522412130852e-02
9.704499889696750481e-01 -2.342167775340894265e-01 5.804586293117130341e-02
9.684878257453549688e-01 -2.425802825303776389e-01 5.644590342838470831e-02
9.665153632256644478e-01 -2.506892431539029520e-01 5.479925227589638875e-02
9.645401516003515585e-01 -2.585379205240729283e-01 5.310782963168370063e-02
9.625696819460503040e-01 -2.661209612706220695e-01 5.137356587103870248e-02
9.606113590098219746e-01 -2.734333881278636080e-01 4.959839748071835641e-02
9.586724750683297547e-01 -2.804705893735081612e-01 4.778426324440891021e-02
9.567601849326442531e-01 -2.872283072647144331e-01 4.593310073283950190e-02
9.548814821551432352e-01 -2.937026256255933498e-01 4.404684310863397206e-02
9.530431764820211926e-01 -2.998899567404320066e-01 4.212741625283129149e-02
9.512518725827027177e-01 -3.057870277055499408e-01 4.017673621696170316e-02
9.495139500760673146e-01 -3.113908663900780138e-01 3.819670700166111210e-02
9.478355448629471880e-01 -3.166987871521861342e-01 3.618921866005936350e-02
9.462225317649124445e-01 -3.217083764525183187e-01 3.415614572160357437e-02
9.446805084609718461e-01 -3.264174785009509860e-01 3.209934592958564592e-02
9.432147807065197620e-01 -3.308241810664064309e-01 3.002065928344088697e-02
9.418303488126612555e-01 -3.349268015724484737e-01 2.792190737487464450e-02
9.405318953589523190e-01 -3.387238735938832290e-01 2.580489300505667272e-02
9.393237741085717074e-01 -3.422141338616881967e-01 2.367140006849546147e-02
9.382100000919713079e-01 -3.453965098754024354e-01 2.152319368776237779e-02
9.371942408230852228e-01 -3.482701082137092952e-01 1.936202058197094081e-02
9.362798086111580043e-01 -3.508342036254188390e-01 1.718960965082207831e-02
9.354696539311204706e-01 -3.530882289744648461e-01 1.500767275509200596e-02
9.347663598161215504e-01 -3.550317661039350536e-01 1.281790567365601041e-02
9.343448500303287441e-01 -3.562420236218352687e-01 9.556302203350517874e-03
9.340862492002777184e-01 -3.569919630397977994e-01 6.294319842384692859e-03
9.339916161692660701e-01 -3.572820393180444198e-01 3.034203898157019751e-03
9.340612470418732105e-01 -3.571127814472882522e-01 -2.218103182749396260e-04
9.342946770575968340e-01 -3.564847910905522554e-01 -3.471492319751253754e-03
9.346906838557995645e-01 -3.553987443743145125e-01 -6.712611299205403781e-03
9.352472921364100023e-01 -3.538553967991238669e-01 -9.942931073827094082e-03
9.359617797401296180e-01 -3.518555912204216485e-01 -1.316020517598434809e-02
9.368306851905018329e-01 -3.494002688308088800e-01 -1.636217214905167153e-02
9.378498167577964395e-01 -3.464904830552767989e-01 -1.954655110551835329e-02
9.390142631209315027e-01 -3.431274162508486936e-01 -2.271103760382569420e-02
9.403184057182891742e-01 -3.393123990815710145e-01 -2.585329989927163258e-02
9.417559328909799188e-01 -3.350469324187790310e-01 -2.897097562298688728e-02
9.433198559325640664e-01 -3.303327115950235315e-01 -3.206166894138429840e-02
9.450025271671619320e-01 -3.251716528180019772e-01 -3.512294824656388148e-02
9.467956601829916607e-01 -3.195659215283528920e-01 -3.815234442586927510e-02
9.486903523503975588e-01 -3.135179624623712913e-01 -4.114734975608449336e-02
9.506771097521257152e-01 -3.070305311577528617e-01 -4.410541746458100654e-02
9.527458746487459385e-01 -3.001067266176072335e-01 -4.702396199602542487e-02
9.548860555935216876e-01 -2.927500248254829573e-01 -4.990036001899186835e-02
9.570140861689104828e-01 -2.854083386060324301e-01 -5.163449747452589916e-02
9.591569323186046603e-01 -2.778031983770600233e-01 -5.332320721129019808e-02
9.613070287618404874e-01 -2.699401365339042513e-01 -5.496472943743658385e-02
9.634567558787519026e-01 -2.618250405295629024e-01 -5.655731707793915097e-02
9.655984672211690434e-01 -2.534641610109554799e-01 -5.809923980467698174e-02
9.677245177745322779e-01 -2.448641185614303939e-01 -5.958878831470374587e-02
9.698272928665888637e-01 -2.360319089192058628e-01 -6.102427883382822299e-02
9.718992376056082572e-01 -2.269749065499179208e-01 -6.240405781967188481e-02
9.739328867183030258e-01 -2.177008664615935341e-01 -6.372650683552724682e-02
9.759208946456925382e-01 -2.082179241621514854e-01 -6.499004756365729663e-02
9.778560657440223958e-01 -1.985345936729184246e-01 -6.619314692419707435e-02
9.797313844277705241e-01 -1.886597635265582218e-01 -6.733432226358831985e-02
9.815400450829613321e-01 -1.786026906941425851e-01 -6.841214657454176840e-02
9.832754815716698849e-01 -1.683729924037051517e-01 -6.942525370792089479e-02
9.849313961429346787e-01 -1.579806358313496084e-01 -7.037234353571626688e-02
9.865017875614831011e-01 -1.474359256656283257e-01 -7.125218702346637623e-02
9.879809782638612203e-01 -1.367494895662442200e-01 -7.206363117010976260e-02
9.893636403518778488e-01 -1.259322615589055228e-01 -7.280560377334972799e-02
9.906448202358116850e-01 -1.149954634291083383e-01 -7.347711797919499743e-02
9.918199617446497030e-01 -1.039505841984489504e-01 -7.407727657541771094e-02
9.928435721725665797e-01 -9.233055361637021452e-02 -7.574109554461512517e-02
9.937541633397400931e-01 -8.045573976504277747e-02 -7.732748790519730631e-02
9.945425599800493677e-01 -6.833891857348158017e-02 -7.883458826957560894e-02
9.951999689233821389e-01 -5.599336590638527567e-02 -8.026062948986695256e-02
9.957180262713077878e-01 -4.343283671926168044e-02 -8.160395070843018406e-02
9.960888429213869966e-01 -3.067154050723663872e-02 -8.286300517016106926e-02
9.963050480763896433e-01 -1.772411312540821127e-02 -8.403636771554989782e-02
9.963598303803355982e-01 -4.605585102601367220e-03 -8.512274187466620234e-02
9.962469763340737750e-01 8.668653385911445283e-03 -8.612096648452605141e-02
9.959609056591119947e-01 2.208289067847043000e-02 -8.703002175572277510e-02
9.954967032995295506e-01 3.562113467069902284e-02 -8.784903471874315473e-02
9.948501477778559643e-01 4.926715645521170112e-02 -8.857728398600459019e-02
9.940177356514915408e-01 6.300453623461221841e-02 -8.921420377226858822e-02
9.929967018511599575e-01 7.681671115376209613e-02 -8.975938712362246941e-02
9.917850357215198809e-01 9.068702467053306460e-02 -9.021258831356369912e-02
9.903814926258185380e-01 1.045987770625241980e-01 -9.057372437373995000e-02
9.887856010206645951e-01 1.185352766509553540e-01 -9.084287573644672653e-02
9.869976649528960921e-01 1.324798913124654864e-01 -9.102028597590394732e-02
9.850187619773383974e-01 1.464160998450516615e-01 -9.110636064545500623e-02
9.828507365411769392e-01 1.603275427559626432e-01 -9.110166521798392092e-02
9.806820635980190159e-01 1.737299827565232935e-01 -8.989208991937831794e-02
9.783721539374931053e-01 1.869162989247099005e-01 -8.860152427652685792e-02
9.759308659712838674e-01 1.998737458102019526e-01 -8.723207547624561853e-02
9.733684740350188047e-01 2.125901947876908948e-01 -8.578593793419292401e-02
9.706956163683447825e-01 2.250541485036274547e-01 -8.426538325875909674e-02
9.679232426230860442e-01 2.372547510051893904e-01 -8.267275018968621436e-02
9.650625612933698694e-01 2.491817936386439836e-01 -8.101043459765698562e-02
9.621249874411214043e-01 2.608257168450427987e-01 -7.928087962680742395e-02
9.591220910660415155e-01 2.721776080181821933e-01 -7.748656605700762756e-02
9.560655464417350258e-01 2.832291956226420382e-01 -7.563000295695307407e-02
9.529670827097075358e-01 2.939728397982394603e-01 -7.371371869275340771e-02
9.498384359911524744e-01 3.044015197012656104e-01 -7.174025234993416933e-02
9.466913032434569608e-01 3.145088178523734457e-01 -6.971214561971526835e-02
9.435372980547804822e-01 3.242889017760055559e-01 -6.763193519322627245e-02
9.403879085364879042e-01 3.337365032269260512e-01 -6.550214570008444648e-02
9.372544574401774353e-01 3.428468953059534141e-01 -6.332528322060679282e-02
9.341480645940166694e-01 3.516158677696453738e-01 -6.110382939395014867e-02
9.310796117225009771e-01 3.600397008377720365e-01 -5.884023613776057093e-02
