1.000000000000000000e+00 0.000000000000000000e+00 0.000000000000000000e+00
1.000000000000000000e+00 0.000000000000000000e+00 0.000000000000000000e+00
1.000000000000000000e+00 0.000000000000000000e+00 0.000000000000000000e+00
1.000000000000000000e+00 0.000000000000000000e+00 0.000000000000000000e+00
1.000000000000000000e+00 0.000000000000000000e+00 0.000000000000000000e+00
1.000000000000000000e+00 0.000000000000000000e+00 0.000000000000000000e+00
1.000000000000000000e+00 0.000000000000000000e+00 0.000000000000000000e+00
1.000000000000000000e+00 0.000000000000000000e+00 0.000000000000000000e+00
1.000000000000000000e+00 0.000000000000000000e+00 0.000000000000000000e+00
1.000000000000000000e+00 0.000000000000000000e+00 0.000000000000000000e+00
1.000000000000000000e+00 0.000000000000000000e+00 0.000000000000000000e+00
1.000000000000000000e+00 0.000000000000000000e+00 0.000000000000000000e+00
1.000000000000000000e+00 0.000000000000000000e+00 0.000000000000000000e+00
1.000000000000000000e+00 0.000000000000000000e+00 0.000000000000000000e+00
1.000000000000000000e+00 0.000000000000000000e+00 0.000000000000000000e+00
1.000000000000000000e+00 0.000000000000000000e+00 0.000000000000000000e+00
1.000000000000000000e+00 0.000000000000000000e+00 0.000000000000000000e+00
1.000000000000000000e+00 0.000000000000000000e+00 0.000000000000000000e+00
1.000000000000000000e+00 0.000000000000000000e+00 0.000000000000000000e+00
1.000000000000000000e+00 0.000000000000000000e+00 0.000000000000000000e+00
1.000000000000000000e+00 0.000000000000000000e+00 0.000000000000000000e+00
1.000000000000000000e+00 0.000000000000000000e+00 0.000000000000000000e+00
1.000000000000000000e+00 0.000000000000000000e+00 0.000000000000000000e+00
1.000000000000000000e+00 0.000000000000000000e+00 0.000000000000000000e+00
1.000000000000000000e+00 0.000000000000000000e+00 0.000000000000000000e+00
1.000000000000000000e+00 0.000000000000000000e+00 0.000000000000000000e+00
1.000000000000000000e+00 0.000000000000000000e+00 0.000000000000000000e+00
1.000000000000000000e+00 0.000000000000000000e+00 0.000000000000000000e+00
1.000000000000000000e+00 0.000000000000000000e+00 0.000000000000000000e+00
1.000000000000000000e+00 0.000000000000000000e+00 0.000000000000000000e+00
1.000000000000000000e+00 0.000000000000000000e+00 0.000000000000000000e+00
1.000000000000000000e+00 0.000000000000000000e+00 0.000000000000000000e+00
1.000000000000000000e+00 0.000000000000000000e+00 0.000000000000000000e+00
1.000000000000000000e+00 0.000000000000000000e+00 0.000000000000000000e+00
1.000000000000000000e+00 0.000000000000000000e+00 0.000000000000000000e+00
1.000000000000000000e+00 0.000000000000000000e+00 0.000000000000000000e+00
1.000000000000000000e+00 0.000000000000000000e+00 0.000000000000000000e+00
1.000000000000000000e+00 0.000000000000000000e+00 0.000000000000000000e+00
1.000000000000000000e+00 0.000000000000000000e+00 0.000000000000000000e+00
1.000000000000000000e+00 0.000000000000000000e+00 0.000000000000000000e+00
1.000000000000000000e+00 0.000000000000000000e+00 0.000000000000000000e+00
1.000000000000000000e+00 0.000000000000000000e+00 0.000000000000000000e+00
1.000000000000000000e+00 0.000000000000000000e+00 0.000000000000000000e+00
1.000000000000000000e+00 0.000000000000000000e+00 0.000000000000000000e+00
1.000000000000000000e+00 0.000000000000000000e+00 0.000000000000000000e+00
1.000000000000000000e+00 0.000000000000000000e+00 0.000000000000000000e+00
1.000000000000000000e+00 0.000000000000000000e+00 0.000000000000000000e+00
1.000000000000000000e+00 0.000000000000000000e+00 0.000000000000000000e+00
1.000000000000000000e+00 0.000000000000000000e+00 0.000000000000000000e+00
1.000000000000000000e+00 0.000000000000000000e+00 0.000000000000000000e+00
1.000000000000000000e+00 0.000000000000000000e+00 0.000000000000000000e+00
1.000000000000000000e+00 0.000000000000000000e+00 0.000000000000000000e+00
1.000000000000000000e+00 0.000000000000000000e+00 0.000000000000000000e+00
1.000000000000000000e+00 0.000000000000000000e+00 0.000000000000000000e+00
1.000000000000000000e+00 0.000000000000000000e+00 0.000000000000000000e+00
1.000000000000000000e+00 0.000000000000000000e+00 0.000000000000000000e+00
1.000000000000000000e+00 0.000000000000000000e+00 0.000000000000000000e+00
1.000000000000000000e+00 0.000000000000000000e+00 0.000000000000000000e+00
1.000000000000000000e+00 0.000000000000000000e+00 0.000000000000000000e+00
1.000000000000000000e+00 0.000000000000000000e+00 0.000000000000000000e+00
1.000000000000000000e+00 0.000000000000000000e+00 0.000000000000000000e+00
1.000000000000000000e+00 0.000000000000000000e+00 0.000000000000000000e+00
9.999940280651505864e-01 1.816454546533442316e-03 -2.940322904799993597e-03
9.999730756575484492e-01 4.521868531675688786e-03 -5.779531833593478177e-03
9.999310598422318508e-01 8.084299455590956973e-03 -8.516050439257806179e-03
9.998600815151310606e-01 1.247128696689405250e-02 -1.114849506472563936e-02
9.997507005913564004e-01 1.764988319546358098e-02 -1.367566835394157070e-02
9.995922049363572537e-01 2.358667883507330892e-02 -1.609655422808227432e-02
9.993728718081164031e-01 3.024782744141009394e-02 -1.841031419147678982e-02
9.990802206598061730e-01 3.759907015587977963e-02 -2.061628488679221466e-02
9.987012562136168281e-01 4.560576278916323584e-02 -2.271397678080166668e-02
9.982227007644430827e-01 5.423290690633333910e-02 -2.470307383040879282e-02
9.976312147132975205e-01 6.344518625278039448e-02 -2.658343395350956651e-02
9.969136043708097805e-01 7.320700955235953655e-02 -2.835509011063295712e-02
9.960570161164372660e-01 8.348256040112023157e-02 -3.001825179097791785e-02
9.950491160537221491e-01 9.423585467669763627e-02 -3.157330669026443132e-02
9.938782543697970429e-01 1.054308055898637159e-01 -3.302082236749025179e-02
9.925336136910368756e-01 1.170312962256686712e-01 -3.436154767291244028e-02
9.910053408278378662e-01 1.290012591616789273e-01 -3.559641374995904661e-02
9.892846614204102718e-01 1.413047625143777630e-01 -3.672653442884762920e-02
9.873639771335417370e-01 1.539061015557744161e-01 -3.775320584889171188e-02
9.852369451998301830e-01 1.667698948640703449e-01 -3.867790516918840488e-02
9.828985402752937750e-01 1.798611838276084618e-01 -3.950228825291104973e-02
9.803450987451520771e-01 1.931455342122712082e-01 -4.022818623803947613e-02
9.775743457969534589e-01 2.065891384301343781e-01 -4.085760093627481548e-02
9.745854057587013397e-01 2.201589171117550592e-01 -4.139269903131957001e-02
9.713787963766042921e-01 2.338226185852729511e-01 -4.183580507688080402e-02
9.679564078759501644e-01 2.475489149009124923e-01 -4.218939332293076411e-02
9.643214678049885080e-01 2.613074931070029083e-01 -4.245607842524534714e-02
9.604784928015970280e-01 2.750691405800160805e-01 -4.263860511742219306e-02
9.564332285424556046e-01 2.888058233324345414e-01 -4.273983694593478516e-02
9.521925792316692228e-01 3.024907563640619745e-01 -4.276274418689069573e-02
9.477645280582587262e-01 3.160984652798853323e-01 -4.271039107773116905e-02
9.431580500984764193e-01 3.296048385658203461e-01 -4.258592250795463496e-02
9.383830191591293612e-01 3.429871700876417906e-01 -4.239255032000832646e-02
9.334501100524492667e-01 3.562241915532977643e-01 -4.213353937482292033e-02
9.283706977627088630e-01 3.692960948501208263e-01 -4.181219353622430551e-02
9.231567549115996529e-01 3.821845443321033042e-01 -4.143184172489523115e-02
9.178207488557472704e-01 3.948726792848608058e-01 -4.099582418600577344e-02
9.123755396584741773e-01 4.073451069342414188e-01 -4.050747910547342068e-02
9.068342800721513886e-01 4.195878864864770463e-01 -3.997012969848020431e-02
9.012103185505060399e-01 4.315885047917181194e-01 -3.938707188081950333e-02
8.955171061854076964e-01 4.433358443077966005e-01 -3.876156261932783842e-02
8.897681083332167340e-01 4.548201441068062123e-01 -3.809680904252819161e-02
8.839767215648336451e-01 4.660329547138116202e-01 -3.739595837709863702e-02
8.781561964439975609e-01 4.769670875954431510e-01 -3.666208876027704511e-02
8.723195665126624032e-01 4.876165601274506378e-01 -3.589820096317043047e-02
8.664795837426138014e-01 4.979765368659646585e-01 -3.510721104545883736e-02
8.606486606006568119e-01 5.080432679289704767e-01 -3.429194394841878629e-02
8.548388187721006615e-01 5.178140252642277064e-01 -3.345512802073734304e-02
8.490616444948939634e-01 5.272870375395297682e-01 -3.259939046039005833e-02
8.433282503752685955e-01 5.364614243427754392e-01 -3.172725364600909037e-02
8.376492434854256874e-01 5.453371303247416257e-01 -3.084113232272128052e-02
8.320346994846511413e-01 5.539148598585400540e-01 -2.994333160039860942e-02
8.264941424570213524e-01 5.621960127281991904e-01 -2.903604571660795344e-02
8.210365301210788003e-01 5.701826212961642604e-01 -2.812135751221780944e-02
8.156702440388772235e-01 5.778772895370983820e-01 -2.720123856453661101e-02
8.104030844328488081e-01 5.852831342643438628e-01 -2.627754992092314751e-02
8.052422692081653288e-01 5.924037288167232074e-01 -2.535204337491458321e-02
8.001944367747388931e-01 5.992430494177855005e-01 -2.442636322694416787e-02
7.952656522658051452e-01 6.058054243677236661e-01 -2.350204847254850835e-02
7.904614167582151296e-01 6.120954861804157598e-01 -2.258053536247264792e-02
7.857866791122403161e-01 6.181181267346512742e-01 -2.166316028115360809e-02
7.812458500650065751e-01 6.238784554697202056e-01 -2.075116289258813890e-02
7.768428182308235730e-01 6.293817606211941085e-01 -1.984568950546464206e-02
7.725809676829396011e-01 6.346334734628382712e-01 -1.894779661256788122e-02
7.684631968139686853e-01 6.396391354950105024e-01 -1.805845456276293504e-02
7.644919381958342752e-01 6.444043684984116505e-01 -1.717855132725649644e-02
7.606691791840460848e-01 6.489348473544013229e-01 -1.630889632525407695e-02
7.569964830350442986e-01 6.532362755189832226e-01 -1.545022427752525476e-02
7.534750103288554435e-01 6.573143630266968795e-01 -1.460319905970955921e-02
7.501055405121108688e-01 6.611748068927002508e-01 -1.376841753040564630e-02
7.468884933983538366e-01 6.648232737759773858e-01 -1.294641331215623699e-02
7.438239504833268345e-01 6.682653847635385835e-01 -1.213766050634878906e-02
7.409116759524593254e-01 6.715067021344005571e-01 -1.134257732578093474e-02
7.381511372759844702e-01 6.745527179627491821e-01 -1.056152963118012558e-02
7.355415253039472301e-01 6.774088444217380989e-01 -9.794834360312976163e-03
7.330817737888136731e-01 6.800804056526079666e-01 -9.042762840470118177e-03
7.307705782774563952e-01 6.825726310680046982e-01 -8.305543977068749126e-03
7.286064143269992410e-01 6.848906499633250489e-01 -7.583367312882068056e-03
7.265875550104073932e-01 6.870394873154473947e-01 -6.876385953989210160e-03
7.247120876878576645e-01 6.890240606541490065e-01 -6.184719359949403597e-03
7.229779300288857735e-01 6.908491778977384756e-01 -5.508455996949514905e-03
7.213828452781593237e-01 6.925195360508152875e-01 -4.847655853765262673e-03
7.199244567645373127e-01 6.940397206685132714e-01 -4.202352821323983995e-03
7.186002616589373115e-01 6.954142059980009671e-01 -3.572556937472074097e-03
7.174076439915049175e-01 6.966473557143314510e-01 -2.958256499244047398e-03
7.163438869427625200e-01 6.977434241738987852e-01 -2.359420045513546584e-03
7.154061844268622128e-01 6.987065581147251514e-01 -1.775998213389987741e-03
7.145916519878707795e-01 6.995407987385340309e-01 -1.207925472118044630e-03
7.138973370322276857e-01 7.002500841150357536e-01 -6.551217385503450581e-04
7.133202284222149858e-01 7.008382518540485773e-01 -1.174938785056103613e-04
7.128572654565162869e-01 7.013090419959815414e-01 4.050629014966084613e-04
7.125053462647781277e-01 7.016661000758195321e-01 9.126637675097104899e-04
7.122613356435733012e-01 7.019129803200678808e-01 1.405433071751741037e-03
7.121220723613493897e-01 7.020531489401387049e-01 1.883503261790222443e-03
7.120843759598688427e-01 7.020899874894040993e-01 2.347013880596744619e-03
7.121450530793510536e-01 7.020267962546044016e-01 2.796110652779601295e-03
7.123009033340447216e-01 7.018667976554998633e-01 3.230944652359859625e-03
7.125487247643225164e-01 7.016131396295995915e-01 3.651671547534540707e-03
7.128853188906307814e-01 7.012688989815074603e-01 4.058450917966228109e-03
7.133074953937651452e-01 7.008370846789034880e-01 4.451445640248077699e-03
7.138120764450016642e-01 7.003206410794449166e-01 4.830821337313932762e-03
7.143959007086184698e-01 6.997224510749414650e-01 5.196745887692475092e-03
7.150558270382995074e-01 6.990453391410405004e-01 5.549388990639856321e-03
7.157887378878470264e-01 6.982920742823721660e-01 5.888921783325140949e-03
7.165915424555473479e-01 6.974653728646605932e-01 6.215516506385502897e-03
7.174611795804510805e-01 6.965679013267175312e-01 6.529346214312121109e-03
7.183946204077510389e-01 6.956022787665131490e-01 6.830584527271902143e-03
7.193888708393775255e-01 6.945710793966780594e-01 7.119405421113620194e-03
7.204409737848886941e-01 6.934768348658351123e-01 7.395983052448972320e-03
7.215480112267176338e-01 6.923220364431103002e-01 7.660491615838846240e-03
7.227071061128553797e-01 6.911091370640256581e-01 7.913105230252204594e-03
7.239154240890974812e-01 6.898405532367539728e-01 8.153997852099146085e-03
7.251701750820733761e-01 6.885186668084142259e-01 8.383343212270499487e-03
7.264686147434050723e-01 6.871458265917217423e-01 8.601314774743696809e-03
7.278080457645146328e-01 6.857243498528791115e-01 8.808085714438420102e-03
7.291858190708141452e-01 6.842565236621157565e-01 9.003828912125621739e-03
7.305993349032696704e-01 6.827446061087519835e-01 9.188716964310009866e-03
7.320460437946358923e-01 6.811908273830928895e-01 9.362922206118881596e-03
7.335234474470024857e-01 6.795973907278426429e-01 9.526616745339498357e-03
7.350290995166882668e-01 6.779664732620818146e-01 9.679972505852984729e-03
7.365606063119503055e-01 6.763002266811700691e-01 9.823161278815172731e-03
7.381156274084559321e-01 6.746007778362232976e-01 9.956354780034015403e-03
7.396918761869840653e-01 6.728702291970791727e-01 1.007972471208926080e-02
7.412871202973809748e-01 6.711106592029006945e-01 1.019344282983315753e-02
7.428991820523976886e-01 6.693241225047809051e-01 1.029768100800118255e-02
7.445259387546719898e-01 6.675126501049070127e-01 1.039261130974924140e-02
7.461653229597932091e-01 6.656782493970105907e-01 1.047840605501866758e-02
7.478153226780956953e-01 6.638229041129882768e-01 1.055523788771264675e-02
7.494739815175712749e-01 6.619485741807079604e-01 1.062327984074765488e-02
7.511393987700633046e-01 6.600571954981366840e-01 1.068270539812105416e-02
7.528097294427101849e-01 6.581506796290234051e-01 1.073368855321139154e-02
7.544831842364366770e-01 6.562309134254564746e-01 1.077640386260107601e-02
7.561580294731511387e-01 6.542997585826818563e-01 1.081102649478220094e-02
7.578325869731892261e-01 6.523590511316196272e-01 1.083773227317520564e-02
7.595052338844477946e-01 6.504106008745530465e-01 1.085669771295702177e-02
7.611744024645821227e-01 6.484561907694853522e-01 1.086810005126022036e-02
7.628385798175808530e-01 6.464975762686627769e-01 1.087211727036753103e-02
7.644963075859972923e-01 6.445364846167542794e-01 1.086892811358694186e-02
7.661461816000915137e-01 6.425746141141519541e-01 1.085871209355142135e-02
7.677868514851291515e-01 6.406136333508162251e-01 1.084164949274400366e-02
7.694170202280833371e-01 6.386551804160363055e-01 1.081792135610369979e-02
7.710354437050012111e-01 6.367008620894047954e-01 1.078770947562024581e-02
7.726409301703145438e-01 6.347522530182245770e-01 1.075119636687613990e-02
7.742323397094034165e-01 6.328108948864670236e-01 1.070856523754266931e-02
7.758085836557540027e-01 6.308782955802898496e-01 1.065999994788266111e-02
7.773686239740891235e-01 6.289559283550002489e-01 1.060568496335649938e-02
7.789114726108889997e-01 6.270452310082104130e-01 1.054580529946939384e-02
7.804361908137613657e-01 6.251476050637860826e-01 1.048054645903708816e-02
7.819418884211599696e-01 6.232644149710260262e-01 1.041009436208392008e-02
7.834277231239921147e-01 6.213969873233418095e-01 1.033463526862157290e-02
7.848928997006929809e-01 6.195466101005245863e-01 1.025435569458877684e-02
7.863366692273788816e-01 6.177145319384946820e-01 1.016944232126170203e-02
7.877583282647259155e-01 6.159019614302310153e-01 1.008008189847184148e-02
7.891572180232448996e-01 6.141100664613702298e-01 9.986461141992657511e-03
7.905327235086478943e-01 6.123399735837504743e-01 9.888766625478377648e-03
7.918842726490166184e-01 6.105927674299547192e-01 9.787184667357852128e-03
7.932113354054968202e-01 6.088694901716830143e-01 9.681901213103479009e-03
7.945134228682437794e-01 6.071711410245523854e-01 9.573101713309870031e-03
7.957900863393461144e-01 6.054986758016911441e-01 9.460970998029108112e-03
7.970409164044445216e-01 6.038530065182564632e-01 9.345693147819311014e-03
7.982655419947488618e-01 6.022350010487690364e-01 9.227451361970659405e-03
7.994636294411344712e-01 6.006454828389187206e-01 9.106427824378253433e-03
8.006348815219720416e-01 5.990852306732589172e-01 8.982803567534098851e-03
8.017790365063104385e-01 5.975549784999700798e-01 8.856758335111293914e-03
8.028958671939933067e-01 5.960554153136392586e-01 8.728470443612192445e-03
8.039851799542426791e-01 5.945871850967702210e-01 8.598116643548937496e-03
8.050468137641932920e-01 5.931508868205122020e-01 8.465871980619535039e-03
8.060806392488047978e-01 5.917470745048718506e-01 8.331909657335491784e-03
8.070865577235193378e-01 5.903762573384546686e-01 8.196400895548223639e-03
8.080645002409655442e-01 5.890388998575711854e-01 8.059514800310901145e-03
8.090144266429448727e-01 5.877354221843377191e-01 7.921418225500400853e-03
8.099363246188623355e-01 5.864662003232030685e-01 7.782275641610547634e-03
8.108302087716933171e-01 5.852315665151435198e-01 7.642249006113040893e-03
8.116961196925001065e-01 5.840318096485845878e-01 7.501497636766473083e-03
8.125341230444362850e-01 5.828671757259377140e-01 7.360178088236739302e-03
8.133443086571012781e-01 5.817378683844726117e-01 7.218444032374061840e-03
8.141267896320262265e-01 5.806440494700942923e-01 7.076446142472919004e-03
8.148817014599983866e-01 5.795858396624469222e-01 6.934331981821436827e-03
8.156092011508527806e-01 5.785633191496333261e-01 6.792245896826474769e-03
8.163094663762838765e-01 5.775765283507121595e-01 6.650328914979740033e-03
8.169826946261581346e-01 5.766254686840230903e-01 6.508718647908950591e-03
8.176291023787358725e-01 5.757101033792834111e-01 6.367549199736449728e-03
8.182489242851398448e-01 5.748303583313085774e-01 6.226951080945796607e-03
8.188424123683453182e-01 5.739861229931232378e-01 6.087051127934916574e-03
8.194098352368999194e-01 5.731772513061585972e-01 5.947972428412371705e-03
8.199514773135232470e-01 5.724035626651684527e-01 5.809834252771405201e-03
8.204676380786800616e-01 5.716648429154437272e-01 5.672751991554627650e-03
8.209586313291687976e-01 5.709608453798630245e-01 5.536837099100685305e-03
8.214247844517180708e-01 5.702912919132835379e-01 5.402197043443029631e-03
8.218664377115401098e-01 5.696558739817543238e-01 5.268935262510075941e-03
8.222839435557515175e-01 5.690542537640183030e-01 5.137151126655672452e-03
8.226776659315329088e-01 5.684860652727667940e-01 5.006939907528946271e-03
8.230479796188711061e-01 5.679509154931112747e-01 4.878392753273336560e-03
8.233952695776973751e-01 5.674483855357507212e-01 4.751596670025970762e-03
8.237199303092143099e-01 5.669780318023321941e-01 4.626634509670609664e-03
8.240223652311827740e-01 5.665393871605299836e-01 4.503584963780142211e-03
8.243029860669270903e-01 5.661319621264029323e-01 4.382522563668172708e-03
8.245622122478034610e-01 5.657552460516312998e-01 4.263517686453560315e-03
8.248004703288708273e-01 5.654087083132816050e-01 4.146636567026948383e-03
8.250181934174964926e-01 5.650917995038026165e-01 4.031941315794340154e-03
8.260466951609475306e-01 5.635659139073054824e-01 6.351115932626704222e-03
8.274609614242530720e-01 5.614574644300890371e-01 8.596056877780563002e-03
8.292442802767624466e-01 5.587826074587050051e-01 1.076759497378669203e-02
8.313791250903169727e-01 5.555566788081031104e-01 1.286652524606693090e-02
8.338472584266982679e-01 5.517943017276470963e-01 1.489359758875438353e-02
8.366298281006171456e-01 5.475094943235855327e-01 1.684950930973821634e-02
8.397074565929198986e-01 5.427157755386259330e-01 1.873489944999021106e-02
8.430603249088408635e-01 5.374262689260369541e-01 2.055034477499012580e-02
8.466682518880560560e-01 5.316538035347331270e-01 2.229635733890556956e-02
8.505107698788907378e-01 5.254110112858524362e-01 2.397338352480103685e-02
8.545671975898591066e-01 5.187104202731431801e-01 2.558180446632649790e-02
8.588167108290600815e-01 5.115645434616753473e-01 2.712193775791221090e-02
8.632384117369427123e-01 5.039859622945020989e-01 2.859404036137692950e-02
8.678113970115916009e-01 4.959874047472955794e-01 2.999831261699909338e-02
8.725148255189177915e-01 4.875818173988579751e-01 3.133490326651054703e-02
8.773279855739117838e-01 4.787824311127677479e-01 3.260391539419823376e-02
8.822303620743884300e-01 4.696028199540422388e-01 3.380541319042758286e-02
8.872017035664293561e-01 4.600569529961183735e-01 3.493942943955095914e-02
8.922220892220776856e-01 4.501592387089581870e-01 3.600597363148282104e-02
8.972719956158720089e-01 4.399245616596786368e-01 3.700504059337941104e-02
9.023323630987014621e-01 4.293683113034986176e-01 3.793661953504155748e-02
9.073846614864086169e-01 4.185064026954011251e-01 3.880070339906228905e-02
9.124109547077725590e-01 4.073552890118223857e-01 3.959729840456824995e-02
9.173939639931356638e-01 3.959319658366909911e-01 4.032643367185650973e-02
9.223171291321051735e-01 3.842539672367289993e-01 4.098817081449779992e-02
9.271646672874573891e-01 3.723393537262817965e-01 4.158261338573997212e-02
9.319216288234435375e-01 3.602066923009829558e-01 4.210991606745657229e-02
9.365739495907968726e-01 3.478750288009618830e-01 4.257029349257073630e-02
9.411084991082849793e-01 3.353638529465438056e-01 4.296402859593729390e-02
9.455131240918021041e-01 3.226930564707995996e-01 4.329148039414028315e-02
9.497766868066177537e-01 3.098828848521008594e-01 4.355309110157183639e-02
9.538890977560481321e-01 2.969538832242120119e-01 4.374939249847029782e-02
9.578413422697504842e-01 2.839268371096126398e-01 4.388101147623530568e-02
9.616255006159977192e-01 2.708227086819856577e-01 4.394867469618587291e-02
9.652347613333320808e-01 2.576625693145708218e-01 4.395321230982505989e-02
9.686634275563192897e-01 2.444675292110178588e-01 4.389556070142502930e-02
9.719069161959124070e-01 2.312586649433761576e-01 4.377676422712233756e-02
9.749617499252047903e-01 2.180569457371353548e-01 4.359797593846426178e-02
9.778255420140068432e-01 2.048831593453022681e-01 4.336045729220606298e-02
9.804969741485802803e-01 1.917578383422452459e-01 4.306557686185234768e-02
9.827767561548412800e-01 1.804561979847218167e-01 3.981755189580601928e-02
9.847440765690166353e-01 1.701144424129664157e-01 3.660887786183485149e-02
9.864322169339982960e-01 1.607265855455765058e-01 3.344363102350563638e-02
9.878714013288858453e-01 1.522841924888777287e-01 3.032573371796154840e-02
9.890888329289192482e-01 1.447765947840762291e-01 2.725893968531948805e-02
9.901087544673783380e-01 1.381910930390431169e-01 2.424682290245861946e-02
9.909525301881929593e-01 1.325131460312472809e-01 2.129276948092155564e-02
9.916387468409069150e-01 1.277265457869376786e-01 1.839997219667663039e-02
9.921833312842517349e-01 1.238135785214532214e-01 1.557142723633982324e-02
9.925996823201317376e-01 1.207551716610179293e-01 1.280993276843374849e-02
9.928988144662249660e-01 1.185310274543703440e-01 1.011808897775649287e-02
9.930895114836090221e-01 1.171197439218217284e-01 7.498299234450490208e-03
9.931784875979701166e-01 1.164989240801518749e-01 4.952772105547585679e-03
9.931705544824915854e-01 1.166452745256843226e-01 2.483523954419749030e-03
9.930687922022038983e-01 1.175346945574169272e-01 9.238191163977614237e-05
9.928747224494406387e-01 1.191423570803754051e-01 -2.219012961641204408e-03
9.925884825253062926e-01 1.214427825500197650e-01 -4.449202460313034409e-03
9.922089986409802220e-01 1.244099072054661165e-01 -6.596908079897443114e-03
9.917341572244584569e-01 1.280171467965371124e-01 -8.661027994884867159e-03
9.911609730228992943e-01 1.322374569413239942e-01 -1.064063421711892825e-02
9.904857528886386042e-01 1.370433911611083078e-01 -1.253496995407946471e-02
9.897042542291414335e-01 1.424071575321570193e-01 -1.434344716369396859e-02
9.888118371889302871e-01 1.483006747729642416e-01 -1.606564428244832560e-02
9.878036097162772311e-01 1.546956284547266192e-01 -1.770130408713444653e-02
9.866745647506043326e-01 1.615635278858079116e-01 -1.925033163756660268e-02
9.854197088494508483e-01 1.688757640811004712e-01 -2.071279223796488808e-02
9.840341816577031775e-01 1.766036690877547943e-01 -2.208890934833608599e-02
9.825133657074746063e-01 1.847185768027367614e-01 -2.337906237392377989e-02
9.808529861251888970e-01 1.931918852878531656e-01 -2.458378426045092213e-02
9.790491999133643652e-01 2.019951204667551903e-01 -2.570375882519906549e-02
9.770986745682697094e-01 2.111000009781841547e-01 -2.673981775868328192e-02
9.749986558906472700e-01 2.204785038622295856e-01 -2.769293723848377867e-02
9.727470249443840311e-01 2.301029306731394442e-01 -2.856423410535354618e-02
9.703423442163804369e-01 2.399459735443901787e-01 -2.935496156168671336e-02
9.677838931287222612e-01 2.499807806800319609e-01 -3.006650436344514635e-02
9.650716931502342222e-01 2.601810207111147077e-01 -3.070037348833850113e-02
9.622065228471013976e-01 2.705209453372167117e-01 -3.125820027507833498e-02
9.591899232999742120e-01 2.809754496702996374e-01 -3.174173004053586211e-02
9.560241943963238009e-01 2.915201297104962341e-01 -3.215281519330286109e-02
9.527123825803924806e-01 3.021313364098704990e-01 -3.249340787319143081e-02
9.492582607076265333e-01 3.127862258192506406e-01 -3.276555215635088003e-02
9.456663007049294078e-01 3.234628048632726682e-01 -3.297137587470887199e-02
9.419416397816048336e-01 3.341399723479434036e-01 -3.311308210618198189e-02
9.380900409679128193e-01 3.447975548713880234e-01 -3.319294039841775429e-02
9.341178487784508322e-01 3.554163373799636982e-01 -3.321327779364157545e-02
9.300319408060956361e-01 3.659780881865891122e-01 -3.317646972544942979e-02
9.258396760492781929e-01 3.764655783439977976e-01 -3.308493086011753126e-02
9.215488407614388366e-01 3.868625953408244000e-01 -3.294110595523862262e-02
9.171675925873903346e-01 3.971539511612810491e-01 -3.274746080732461595e-02
9.127044037179584679e-01 4.073254848181744880e-01 -3.250647335755008083e-02
9.081680037527964933e-01 4.173640595328640401e-01 -3.222062502118876876e-02
9.035673229129083106e-01 4.272575547934174267e-01 -3.189239230167366379e-02
8.989114361904871897e-01 4.369948535728825911e-01 -3.152423874475938914e-02
8.942095089655114348e-01 4.465658250326954293e-01 -3.111860728216075261e-02
8.894707445574853155e-01 4.559613030714663728e-01 -3.067791300745974226e-02
8.847043341180530485e-01 4.651730611066352550e-01 -3.020453642018851997e-02
8.799194092071765949e-01 4.741937834958520614e-01 -2.970081716697191287e-02
8.751249973332660970e-01 4.830170340167201370e-01 -2.916904830160133022e-02
8.703299806770926628e-01 4.916372218281558348e-01 -2.861147107904962739e-02
8.655430581613619001e-01 5.000495653346329616e-01 -2.803027029184222349e-02
8.607727109732125070e-01 5.082500543666400583e-01 -2.742757015097460269e-02
8.560271715962082251e-01 5.162354110774988181e-01 -2.680543070779171227e-02
8.513143963620551924e-01 5.240030499390201379e-01 -2.616584480798341342e-02
8.466420414906039582e-01 5.315510371970858516e-01 -2.551073556414635776e-02
8.420174425498589965e-01 5.388780501238862319e-01 -2.484195432924387117e-02
8.374475972357802167e-01 5.459833363769603931e-01 -2.416127914977311136e-02
8.329391513445738582e-01 5.528666737470596670e-01 -2.347041367452068483e-02
8.284983877878032699e-01 5.595283305478314650e-01 -2.277098649243983544e-02
8.241312184827940257e-01 5.659690268709747230e-01 -2.206455087138991730e-02
8.198431789371976031e-01 5.721898969013642366e-01 -2.135258486820963350e-02
8.156394253369004810e-01 5.781924524581185665e-01 -2.063649177981096566e-02
8.115247339403812710e-01 5.839785479000699775e-01 -1.991760090463775418e-02
8.075035025797553390e-01 5.895503465078889560e-01 -1.919716858388555505e-02
8.035797540687462659e-01 5.949102884304562355e-01 -1.847637949228061321e-02
7.997571413202981816e-01 6.000610602601456067e-01 -1.775634814891810173e-02
7.960389539811415505e-01 6.050055662805942092e-01 -1.703812061961678184e-02
7.924281263969938927e-01 6.097469014113762187e-01 -1.632267638341424951e-02
7.889272467298822367e-01 6.142883258567777283e-01 -1.561093033716188204e-02
7.855385670580168345e-01 6.186332414505941735e-01 -1.490373491364217068e-02
7.822640142984387257e-01 6.227851696754886923e-01 -1.420188229018748069e-02
7.791052018030585335e-01 6.267477313238987158e-01 -1.350610666639605502e-02
7.760634414894687083e-01 6.305246277576626035e-01 -1.281708659118950024e-02
7.731397563788555694e-01 6.341196237153642334e-01 -1.213544732111096133e-02
7.703348934242841839e-01 6.375365316097383328e-01 -1.146176319340307462e-02
7.676493365234353661e-01 6.407791972522260959e-01 -1.079655999901131189e-02
7.650833196204200881e-01 6.438514869377912619e-01 -1.014031734221652187e-02
7.626368398114822256e-01 6.467572758202762007e-01 -9.493470975098065173e-03
7.603096703791499822e-01 6.495004375067741087e-01 -8.856415096456604283e-03
7.581013736886477172e-01 6.520848347985871429e-01 -8.229504606176215459e-03
7.560113138890942608e-01 6.545143115062308503e-01 -7.613057307274170848e-03
7.540386693701580656e-01 6.567926852665059156e-01 -7.007356049070518657e-03
7.521824449324028272e-01 6.589237412908027780e-01 -6.412650806006957999e-03
7.504414836365300712e-01 6.609112269754268132e-01 -5.829160687655546985e-03
7.488144783031152052e-01 6.627588473067520525e-01 -5.257075876383572426e-03
7.472999826402471069e-01 6.644702609963506479e-01 -4.696559489983497676e-03
7.458964219817417751e-01 6.660490772838275619e-01 -4.147749367339154808e-03
7.446021036233236856e-01 6.674988533478622976e-01 -3.610759775884635030e-03
7.434152267483824517e-01 6.688230922688574998e-01 -3.085683040224517816e-03
7.423338919386464063e-01 6.700252414895755404e-01 -2.572591091827293539e-03
7.413561102683948745e-01 6.711086917231633420e-01 -2.071536940182432465e-03
7.404798119836893955e-01 6.720767762609933804e-01 -1.582556066229979987e-03
7.397028547705745138e-01 6.729327706357434158e-01 -1.105667739234256122e-03
7.390230316183061809e-01 6.736798925980909125e-01 -6.408762585846266603e-04
7.384380782854459424e-01 6.743213023682710361e-01 -1.881721222707088167e-04
7.379456803781377916e-01 6.748601031265409889e-01 2.524668759990612312e-04
7.375434800510929367e-01 6.752993417092822970e-01 6.810746188838660755e-04
7.372290823427684048e-01 6.756420094800541509e-01 1.097695704402617493e-03
7.370000611569714755e-01 6.758910433473775958e-01 1.502384549416231315e-03
7.368539649036667250e-01 6.760493269033741592e-01 1.895204555096457457e-03
7.367883218121401567e-01 6.761196916596065032e-01 2.276227331814578876e-03
7.368006449298967198e-01 6.761049183585675637e-01 2.645531980842308860e-03
7.368884368207588853e-01 6.760077383412423924e-01 3.003204430235704471e-03
7.370491939756087518e-01 6.758308349530243175e-01 3.349336822268384958e-03
7.372804109490951330e-01 6.755768449720062074e-01 3.684026949790618517e-03
7.375795842354182508e-01 6.752483600452955370e-01 4.007377738913900887e-03
7.379442158960288767e-01 6.748479281205171931e-01 4.319496775454630989e-03
7.383718169517449192e-01 6.743780548610812664e-01 4.620495872613813310e-03
7.388599105514034315e-01 6.738412050351071381e-01 4.910490677420863322e-03
7.394060349287492340e-01 6.732398038691113085e-01 5.189600313527302153e-03
7.400077461588111527e-01 6.725762383586967319e-01 5.457947057999208186e-03
7.406626207245489146e-01 6.718528585295266975e-01 5.715656049824728926e-03
7.413682579040701270e-01 6.710719786428316347e-01 5.962855027923863287e-03
7.421222819882261623e-01 6.702358783405896192e-01 6.199674096521300137e-03
7.429223443379009417e-01 6.693468037263439196e-01 6.426245515818668728e-03
7.437661252898163378e-01 6.684069683783802063e-01 6.642703515979505452e-03
7.446513359191904158e-01 6.674185542926843739e-01 6.849184132518100140e-03
7.455757196671086717e-01 6.663837127537440841e-01 7.045825061261687915e-03
7.465370538400031286e-01 6.653045651318488796e-01 7.232765531133814388e-03
7.475331509881837366e-01 6.641832036060859590e-01 7.410146193084848724e-03
7.485618601699325358e-01 6.630216918127266323e-01 7.578109023573265275e-03
7.496210681072544846e-01 6.618220654191550034e-01 7.736797241078209597e-03
7.507087002389821739e-01 6.605863326239084232e-01 7.886355234199900199e-03
7.518227216765531740e-01 6.593164745837810647e-01 8.026928499979352205e-03
7.529611380674248178e-01 6.580144457692894688e-01 8.158663591142707727e-03
7.541219963707525009e-01 6.566821742501178782e-01 8.281708071047924960e-03
7.553033855496467108e-01 6.553215619124470592e-01 8.396210475182774510e-03
7.565034371840275718e-01 6.539344846103333220e-01 8.502320278132738038e-03
7.577203260078274605e-01 6.525227922535372649e-01 8.600187865005723756e-03
7.589522703740364529e-01 6.510883088344138203e-01 8.689964506367173561e-03
7.601975326508589870e-01 6.496328323966635843e-01 8.771802335804382983e-03
7.614544195520341896e-01 6.481581349489105026e-01 8.845854329302396332e-03
7.627212824041826877e-01 6.466659623262185352e-01 8.912274285675904351e-03
7.639965173538664223e-01 6.451580340027861515e-01 8.971216807361914042e-03
7.652785655168918844e-01 6.436360428591645366e-01 9.022837280936736246e-03
7.665659130722455306e-01 6.421016549074369806e-01 9.067291856777940154e-03
7.678570913029250100e-01 6.405565089778690879e-01 9.104737427347344911e-03
7.691506765858194816e-01 6.390022163705980640e-01 9.135331603624870581e-03
7.704452903326940438e-01 6.374403604759676378e-01 9.159232689275115941e-03
7.717395988842482568e-01 6.358724963671456010e-01 9.176599652178870498e-03
7.730323133591467943e-01 6.343001503686686027e-01 9.187592093010347322e-03
7.743221894598549815e-01 6.327248196045591744e-01 9.192370210587772969e-03
7.756080272370594608e-01 6.311479715296446358e-01 9.191094763770037146e-03
7.768886708144084885e-01 6.295710434476765593e-01 9.183927029715375709e-03
7.781630080752682810e-01 6.279954420198122778e-01 9.171028758359525690e-03
7.794299703131606361e-01 6.264225427669642965e-01 9.152562123010453757e-03
7.806885318475199620e-01 6.248536895694619675e-01 9.128689666994507096e-03
7.819377096063873100e-01 6.232901941673940627e-01 9.099574246324803467e-03
7.831765626776409084e-01 6.217333356649160647e-01 9.065378968396726328e-03
7.844041918303471528e-01 6.201843600417129565e-01 9.026267126747524946e-03
7.856197390078047960e-01 6.186444796747039288e-01 8.982402131947337179e-03
7.868223867938417548e-01 6.171148728729636268e-01 8.933947438717244199e-03
7.880113578539158503e-01 6.155966834287162071e-01 8.881066469396478244e-03
7.891859143525588038e-01 6.140910201871303542e-01 8.823922533905377910e-03
7.903453573486931560e-01 6.125989566375106277e-01 8.762678746373358390e-03
7.914890261703397822e-01 6.111215305283415056e-01 8.697497938621829780e-03
7.926162977702223555e-01 6.096597435084959438e-01 8.628542570710873855e-03
7.937265860637583437e-01 6.082145607967701650e-01 8.555974638775385929e-03
7.948193412509130251e-01 6.067869108817541823e-01 8.479955580391523862e-03
7.958940491233716941e-01 6.053776852538913511e-01 8.400646177727516192e-03
7.969502303584669045e-01 6.039877381714195970e-01 8.318206458744363541e-03
7.979874398012711811e-01 6.026178864617275366e-01 8.232795596721615913e-03
7.990052657362435307e-01 6.012689093594951739e-01 8.144571808391381368e-03
8.000033291497844479e-01 5.999415483828262063e-01 8.053692250969926580e-03
8.009812829850273541e-01 5.986365072484149952e-01 7.960312918380885866e-03
8.019388113901559922e-01 5.973544518266300507e-01 7.864588536967051166e-03
8.028756289615038844e-01 5.960960101372317910e-01 7.766672460989224730e-03
8.037914799826488821e-01 5.948617723862853479e-01 7.666716568210577183e-03
8.046861376606783134e-01 5.936522910446689894e-01 7.564871155863532939e-03
8.055594033607519355e-01 5.924680809684255145e-01 7.461284837293400730e-03
8.064111058400468268e-01 5.913096195610519912e-01 7.356104439568905175e-03
8.072411004821201663e-01 5.901773469776744330e-01 7.249474902344466183e-03
8.080492685326742253e-01 5.890716663709123502e-01 7.141539178252633707e-03
8.088355163376612644e-01 5.879929441780976651e-01 7.032438135097570514e-03
8.095997745846101878e-01 5.869415104493780344e-01 6.922310460111975525e-03
8.103419975480077309e-01 5.859176592161084995e-01 6.811292566530381676e-03
8.110621623395118940e-01 5.849216488988098206e-01 6.699518502721526526e-03
8.117602681637235973e-01 5.839537027538559411e-01 6.587119864111413287e-03
8.124363355801892395e-01 5.830140093579428973e-01 6.474225708116990510e-03
8.130904057722533329e-01 5.821027231292861259e-01 6.360962472298010983e-03
8.137225398233298712e-01 5.812199648843963118e-01 6.247453895921773435e-03
8.143328180011086825e-01 5.803658224291916579e-01 6.133820945122120220e-03
8.149213390501639509e-01 5.795403511831227483e-01 6.020181741820332041e-03
8.154882194933821271e-01 5.787435748349060161e-01 5.906651496561565913e-03
8.160335929425809320e-01 5.779754860283943252e-01 5.793342445406180624e-03
8.165576094186445255e-01 5.772360470770486751e-01 5.680363791000878418e-03
8.170604346814560603e-01 5.765251907054195213e-01 5.567821647940044208e-03
8.175422495698689840e-01 5.758428208159969142e-01 5.455818992513078100e-03
8.180032493519171499e-01 5.751888132797470243e-01 5.344455616918953982e-03
8.184436430854288291e-01 5.745630167486158735e-01 5.233828088014769349e-03
8.188636529891734073e-01 5.739652534882551116e-01 5.124029710650692369e-03
8.192635138246378013e-01 5.733953202292000340e-01 5.015150495629564636e-03
8.196434722885013180e-01 5.728529890347160425e-01 4.907277132315512533e-03
8.200037864158481460e-01 5.723380081835203192e-01 4.800492965902281722e-03
8.203447249941349106e-01 5.718501030655820383e-01 4.694877979338717838e-03
8.206665669879054104e-01 5.713889770892069953e-01 4.590508779895891012e-03
8.209696009742291078e-01 5.709543125976215272e-01 4.487458590347843251e-03
8.212541245888185237e-01 5.705457717932834738e-01 4.385797244725864880e-03
8.215204439827694660e-01 5.701629976681679146e-01 4.285591188594592253e-03
8.217688732898537074e-01 5.698056149382977331e-01 4.186903483787121974e-03
8.219997341042845074e-01 5.694732309808195891e-01 4.089793817525753244e-03
8.222133549688658283e-01 5.691654367719565233e-01 3.994318515844925109e-03
8.224100708734325416e-01 5.688818078242071641e-01 3.900530561223452836e-03
8.225902227634819264e-01 5.686219051212012543e-01 3.808479614324245584e-03
8.227541570588966513e-01 5.683852760486650668e-01 3.718212039731398980e-03
8.229022251826566547e-01 5.681714553200000184e-01 3.629770935566820674e-03
8.230347830994393377e-01 5.679799658950250851e-01 3.543196166861453666e-03
8.231521908640093699e-01 5.678103198904891347e-01 3.458524402549633531e-03
8.232548121793010765e-01 5.676620194810144682e-01 3.375789155949241935e-03
8.233430139641022549e-01 5.675345577891888205e-01 3.295020828585011868e-03
8.234171659302523816e-01 5.674274197635849060e-01 3.216246757207651477e-03
8.234776401692743830e-01 5.673400830435459952e-01 3.139491263857361204e-03
8.235248107483643665e-01 5.672720188096387339e-01 3.064775708816817792e-03
8.235590533156724735e-01 5.672226926187373675e-01 2.992118546295764042e-03
8.235807447148134619e-01 5.671915652227684790e-01 2.921535382686980473e-03
8.235902626085530587e-01 5.671780933702088578e-01 2.853039037231615716e-03
8.235879851116247874e-01 5.671817305894950589e-01 2.786639604930569222e-03
8.235742904326380787e-01 5.672019279535671643e-01 2.722344521537878662e-03
8.235495565250458005e-01 5.672381348248343169e-01 2.660158630471815087e-03
8.235141607471467839e-01 5.672897995799149884e-01 2.600084251479619149e-03
8.234684795311053573e-01 5.673563703135670044e-01 2.542121250892533362e-03
8.234128880609760115e-01 5.674372955212869662e-01 2.486267113308902529e-03
8.233477599597266439e-01 5.675320247601201018e-01 2.432517014544716485e-03
8.232734669852593834e-01 5.676400092872833092e-01 2.380863895692906119e-03
8.231903787354333257e-01 5.677607026762633291e-01 2.331298538135074139e-03
8.230988623620951739e-01 5.678935614101100482e-01 2.283809639352027410e-03
8.229992822941293307e-01 5.680380454517042210e-01 2.238383889382509519e-03
8.228919999695397669e-01 5.681936187908304126e-01 2.195006047782880731e-03
8.227773735765793184e-01 5.683597499679438059e-01 2.153659020944093290e-03
8.226557578039405128e-01 5.685359125745677034e-01 2.114323939626211891e-03
8.225275036000256890e-01 5.687215857303101751e-01 2.076980236574827408e-03
8.223929579413101765e-01 5.689162545365359369e-01 2.041605724088050092e-03
8.222524636098133000e-01 5.691194105067756137e-01 2.008176671407281306e-03
8.221063589796890891e-01 5.693305519739967346e-01 1.976667881809648399e-03
8.219549778129460194e-01 5.695491844749043242e-01 1.947052769284815001e-03
8.217986490643013342e-01 5.697748211114774808e-01 1.919303434683828887e-03
8.216376966951721705e-01 5.700069828899846369e-01 1.893390741232723641e-03
8.214724394968000443e-01 5.702451990377562785e-01 1.869284389308713008e-03
8.213031909225005922e-01 5.704890072980273175e-01 1.846952990382018161e-03
8.211302589290245812e-01 5.707379542031886244e-01 1.826364140031603526e-03
8.209539458270104229e-01 5.709915953268203115e-01 1.807484489948334768e-03
8.207745481404995491e-01 5.712494955149006737e-01 1.790279818844358727e-03
8.205923564754820099e-01 5.715112290966123387e-01 1.774715102192735454e-03
8.204076553974294361e-01 5.717763800751872738e-01 1.760754580726579463e-03
8.202207233177664092e-01 5.720445422992520568e-01 1.748361827632155009e-03
8.200318323892218375e-01 5.723153196151532507e-01 1.737499814375480884e-03
8.198412484099955044e-01 5.725883260007585962e-01 1.728130975107061533e-03
8.196492307366642915e-01 5.728631856812421708e-01 1.720217269594329079e-03
8.194560322057462542e-01 5.731395332273754306e-01 1.713720244636260642e-03
8.192618990638306231e-01 5.734170136368549331e-01 1.708601093919404719e-03
8.190670709061740329e-01 5.736952823992061967e-01 1.704820716279216181e-03
8.188717806236547325e-01 5.739740055448105949e-01 1.702339772335137447e-03
8.186762543579672036e-01 5.742528596786059536e-01 1.701118739472268953e-03
8.184807114649332860e-01 5.745315319990161873e-01 1.701117965146746415e-03
8.182853644857954745e-01 5.748097203026668600e-01 1.702297718496077273e-03
8.180904191263514980e-01 5.750871329754445593e-01 1.704618240239662774e-03
8.178960742437818565e-01 5.753634889704568600e-01 1.708039790858574330e-03
8.177025218410132190e-01 5.756385177734485437e-01 1.712522697047317395e-03
8.175099470684545899e-01 5.759119593562258554e-01 1.718027396433846046e-03
8.173185282329362700e-01 5.761835641186373591e-01 1.724514480567436664e-03
8.171284368136748633e-01 5.764530928196538451e-01 1.731944736177237678e-03
8.169398374850809219e-01 5.767203164980847507e-01 1.740279184707335322e-03
8.167528881462222667e-01 5.769850163834605583e-01 1.749479120137056518e-03
8.165677399567473627e-01 5.772469837976035301e-01 1.759506145097931590e-03
8.163845373790720172e-01 5.775060200474007033e-01 1.770322205301295233e-03
8.162034182266250104e-01 5.777619363092835192e-01 1.781889622292889136e-03
8.160245137179463759e-01 5.780145535059089124e-01 1.794171124553061445e-03
8.158479485364272810e-01 5.782637021755264728e-01 1.807129876963242459e-03
8.156738408954782305e-01 5.785092223345057461e-01 1.820729508661289619e-03
8.155023026089086580e-01 5.787509633334863013e-01 1.834934139310078318e-03
8.153334391662997449e-01 5.789887837076010957e-01 1.849708403805346837e-03
8.151673498131497553e-01 5.792225510212136719e-01 1.865017475450285109e-03
8.150041276355699527e-01 5.794521417075954028e-01 1.880827087625716858e-03
8.148438596493087216e-01 5.796774409039586740e-01 1.897103553985932676e-03
8.146866268928806276e-01 5.798983422822480138e-01 1.913813787211330079e-03
8.145325045245770390e-01 5.801147478760793064e-01 1.930925316349975948e-03
8.143815619231348224e-01 5.803265679042053371e-01 1.948406302781049548e-03
8.142338627918419558e-01 5.805337205908713827e-01 1.966225554833858809e-03
8.140894652658580144e-01 5.807361319834141167e-01 1.984352541096745092e-03
8.139484220225297051e-01 5.809337357674425606e-01 2.002757402450696441e-03
8.138107803944846230e-01 5.811264730799292622e-01 2.021410962862919998e-03
8.136765824852858486e-01 5.813142923205251167e-01 2.040284738975935847e-03
8.135458652874355545e-01 5.814971489614014777e-01 2.059350948527989382e-03
8.134186608025162357e-01 5.816750053559091027e-01 2.078582517640721345e-03
8.132949961632621738e-01 5.818478305463321565e-01 2.097953087010117918e-03
8.131748937573576308e-01 5.820156000710039468e-01 2.117437017036733794e-03
8.130583713527603784e-01 5.821782957710394113e-01 2.137009391931118680e-03
8.129454422243542755e-01 5.823359055969277165e-01 2.156646022830230238e-03
8.128361152817380475e-01 5.824884234152170048e-01 2.176323449960417423e-03
8.127303951979619745e-01 5.826358488155132243e-01 2.196018943882285801e-03
8.126282825390286346e-01 5.827781869180037599e-01 2.215710505852457653e-03
8.125297738939775138e-01 5.829154481817060418e-01 2.235376867336878823e-03
8.124348620053798431e-01 5.830476482136318639e-01 2.254997488709912720e-03
8.123435359000732436e-01 5.831748075790478270e-01 2.274552557173021693e-03
8.122557810199716455e-01 5.832969516130026566e-01 2.294022983926369361e-03
8.121715793527908289e-01 5.834141102332833784e-01 2.313390400626148379e-03
8.120909095625349350e-01 5.835263177549525615e-01 2.332637155159909045e-03
8.120137471195953971e-01 5.836336127066117374e-01 2.351746306771595151e-03
8.119400644303176318e-01 5.837360376485247748e-01 2.370701620567410191e-03
8.118698309658979317e-01 5.838336389927307746e-01 2.389487561433020334e-03
8.118030133904768908e-01 5.839264668252642787e-01 2.408089287391987788e-03
8.117395756883023505e-01 5.840145747305954815e-01 2.426492642434685022e-03
8.116794792898396338e-01 5.840980196183951367e-01 2.444684148846281574e-03
8.116226831967118249e-01 5.841768615527219710e-01 2.462650999061761960e-03
8.115691441053601851e-01 5.842511635837225326e-01 2.480381047075236323e-03
8.115188165293180100e-01 5.843209915819285172e-01 2.497862799430163559e-03
8.114716529199974548e-01 5.843864140752293990e-01 2.515085405816406758e-03
8.114276037858952906e-01 5.844475020885919747e-01 2.532038649299395410e-03
8.113866178101268867e-01 5.845043289865933245e-01 2.548712936205966336e-03
8.113486419662043758e-01 5.845569703188272515e-01 2.565099285690799948e-03
8.113136216319797311e-01 5.846055036682396011e-01 2.581189319006697586e-03
8.112815007016788149e-01 5.846500085024429749e-01 2.596975248501272142e-03
8.112522216959563437e-01 5.846905660280545813e-01 2.612449866361975410e-03
8.112257258699088203e-01 5.847272590480991905e-01 2.627606533130723808e-03
8.112019533189850362e-01 5.847601718225118317e-01 2.642439166008741808e-03
8.111808430827397443e-01 5.847893899317722077e-01 2.656942226971612322e-03
8.111623332463814284e-01 5.848150001436980272e-01 2.671110710713876617e-03
8.111463610400669877e-01 5.848370902834205687e-01 2.684940132441923991e-03
8.111328629359046971e-01 5.848557491065617953e-01 2.698426515533299940e-03
8.111217747426264779e-01 5.848710661756290063e-01 2.711566379079949178e-03
8.111130316978986121e-01 5.848831317396394613e-01 2.724356725332335253e-03
8.111065685582425910e-01 5.848920366169831908e-01 2.736795027060800849e-03
8.111023196865404516e-01 5.848978720815306565e-01 2.748879214849955181e-03
8.111002191371058379e-01 5.849007297519869253e-01 2.760607664341333672e-03
8.111002007383033563e-01 5.849007014844925800e-01 2.771979183439018252e-03
8.111021981727026819e-01 5.848978792684681460e-01 2.782992999492390519e-03
8.111061450547588647e-01 5.848923551256952624e-01 2.793648746469655757e-03
8.111119750060117317e-01 5.848842210126274921e-01 2.803946452135269631e-03
8.111196217278026088e-01 5.848735687259182248e-01 2.813886525243911984e-03
8.111290190715073622e-01 5.848604898111529060e-01 2.823469742763150790e-03
8.111401011062899791e-01 5.848450754747700486e-01 2.832697237136477461e-03
8.111528021843822378e-01 5.848274164991523749e-01 2.841570483597919382e-03
8.111670570038989059e-01 5.848076031608686609e-01 2.850091287548992772e-03
8.111828006691997883e-01 5.847857251520436339e-01 2.858261772008307503e-03
8.111999687488127275e-01 5.847618715048320537e-01 2.866084365143712221e-03
8.112184973309343183e-01 5.847361305189709979e-01 2.873561787896433597e-03
8.112383230765271014e-01 5.847085896923825965e-01 2.880697041706264516e-03
8.112593832700342178e-01 5.846793356547979048e-01 2.887493396346449241e-03
8.112816158677350620e-01 5.846484541043704963e-01 2.893954377876509828e-03
8.113049595437662465e-01 5.846160297472475786e-01 2.900083756720895928e-03
8.113293537338358563e-01 5.845821462400635493e-01 2.905885535880945933e-03
8.113547386766590819e-01 5.845468861353216861e-01 2.911363939287283948e-03
8.113810554531457608e-01 5.845103308296258904e-01 2.916523400299438420e-03
8.114082460233718042e-01 5.844725605147246261e-01 2.921368550359086137e-03
8.114362532613679235e-01 5.844336541313270850e-01 2.925904207803013083e-03
8.114650209877604103e-01 5.843936893256517218e-01 2.930135366841534091e-03
8.114944940003000484e-01 5.843527424086639721e-01 2.934067186707788825e-03
8.115246181023157979e-01 5.843108883179611857e-01 2.937704980983019826e-03
8.115553401291324409e-01 5.842682005822603664e-01 2.941054207102609605e-03
8.115866079724906035e-01 5.842247512884437555e-01 2.944120456047373633e-03
8.116183706030094536e-01 5.841806110511159611e-01 2.946909442224277323e-03
8.124990749832697867e-01 5.829380579936005446e-01 5.340835458633778031e-03
8.137930168627218741e-01 5.811043898198908764e-01 7.659331583930191652e-03
8.154833127761321743e-01 5.786958972466205164e-01 9.903397322880060777e-03
8.175522218660521423e-01 5.757279184783156145e-01 1.207398954970834160e-02
8.199812513522088953e-01 5.722149551771460452e-01 1.417201196586998814e-02
8.227512531159968390e-01 5.681707880188808790e-01 1.619830654440201911e-02
8.258425127336278537e-01 5.636085909696831875e-01 1.815364684771606299e-02
8.292348322071567690e-01 5.585410435247640804e-01 2.003873311033766910e-02
8.329076075500253529e-01 5.529804402350813053e-01 2.185418898280387309e-02
8.368399022849133395e-01 5.469387969153027829e-01 2.360055983734574842e-02
8.410105178080760080e-01 5.404279529782082259e-01 2.527831253984110307e-02
8.453980614671969818e-01 5.334596693805156997e-01 2.688783659563009909e-02
8.499810130900773419e-01 5.260457216956229143e-01 2.842944657901392419e-02
8.547377905900587214e-01 5.181979878526257188e-01 2.990338575753230879e-02
8.596468151617071562e-01 5.099285301007242532e-01 3.130983082242010801e-02
8.646865764677204025e-01 5.012496707760731862e-01 3.264889763600344746e-02
8.698356981060407778e-01 4.921740614663942526e-01 3.392064790528143831e-02
8.750730035356077963e-01 4.827147451891279362e-01 3.512509668865691770e-02
8.803775825310006242e-01 4.728852112232070914e-01 3.626222063986916933e-02
8.857288581314259890e-01 4.626994422640566262e-01 3.733196688981188505e-02
8.904840332317833784e-01 4.536120105516927015e-01 3.569860268263509717e-02
8.949160129726267954e-01 4.449320316022302713e-01 3.407164246908194610e-02
8.990387618100065259e-01 4.366648544647850350e-01 3.245257368638374690e-02
9.028658079711612272e-01 4.288147700108613791e-01 3.084292117281974693e-02
9.064102212078325449e-01 4.213850325077971304e-01 2.924423560244070880e-02
9.096845935697337460e-01 4.143778840904807637e-01 2.765808260943380253e-02
9.127010234149957046e-01 4.077945818562850322e-01 2.608603261112054511e-02
9.154711028101353287e-01 4.016354272990916852e-01 2.452965133216462520e-02
9.180059084108895817e-01 3.958997977961017378e-01 2.299049102665783051e-02
9.203159958578408517e-01 3.905861798648598837e-01 2.147008238941936625e-02
9.224113976676676652e-01 3.856922039165940896e-01 1.996992714313538739e-02
9.243016245525015329e-01 3.812146802446225169e-01 1.849149128391012684e-02
9.259956700565202814e-01 3.771496360022849603e-01 1.703619896440801071e-02
9.275020183607073365e-01 3.734923529427501276e-01 1.560542699103062599e-02
9.288286550737044900e-01 3.702374057123350437e-01 1.420049990947216262e-02
9.299830807988209713e-01 3.673787005089322877e-01 1.282268565149792192e-02
9.309723272444201392e-01 3.649095139371436591e-01 1.147319171484844497e-02
9.318029756268831898e-01 3.628225319112297065e-01 1.015316184773465413e-02
9.324811771019230200e-01 3.611098884755571947e-01 8.863673209399413472e-03
9.330126749509037865e-01 3.597632044295066001e-01 7.605733978616689359e-03
9.339870250088497805e-01 3.571903769764787073e-01 9.128752960491384738e-03
9.351150532627043876e-01 3.541859220374036776e-01 1.059398649448438541e-02
9.363865683146005425e-01 3.507651998200826959e-01 1.200134816935264845e-02
9.377910404191205362e-01 3.469434884606511504e-01 1.335079468714056236e-02
9.393176756468766264e-01 3.427360066960493667e-01 1.464232304417451870e-02
9.409554868515471737e-01 3.381579355402618003e-01 1.587596840042901358e-02
9.426933615167689684e-01 3.332244385237622675e-01 1.705180258542115732e-02
9.445201265452503048e-01 3.279506801106402136e-01 1.816993318574765606e-02
9.464246100361555225e-01 3.223518419613548014e-01 1.923050315701864757e-02
9.483957000792085923e-01 3.164431367610335277e-01 2.023369090121598587e-02
9.504224005759749350e-01 3.102398193837476725e-01 2.117971074937037915e-02
9.524938840812062768e-01 3.037571952122888885e-01 2.206881378888247286e-02
9.545995416407013767e-01 2.970106254806345603e-01 2.290128897478464418e-02
9.567290295874545381e-01 2.900155295524774468e-01 2.367746446473529415e-02
9.588723132454736175e-01 2.827873840938184280e-01 2.439770911854100693e-02
9.610197074809739837e-01 2.753417191405477249e-01 2.506243410450031614e-02
9.631619140340317298e-01 2.676941111029909059e-01 2.567209455684170069e-02
9.652900555604511101e-01 2.598601727883645962e-01 2.622719123097049312e-02
9.673957063137028634e-01 2.518555405587291074e-01 2.672827210612441912e-02
9.694709194003791053e-01 2.436958587760792716e-01 2.717593388833965812e-02
9.711685351315493264e-01 2.371101433848351314e-01 2.470876763862969727e-02
9.726391667210603220e-01 2.312500673773703608e-01 2.228284172221708243e-02
9.738994375128392500e-01 2.261059718119558803e-01 1.990082638902954115e-02
9.749642860300725689e-01 2.216668008629110731e-01 1.756526613568383868e-02
9.758470252314348503e-01 2.179202083711622440e-01 1.527857328009065742e-02
9.765594111337194683e-01 2.148526593219395320e-01 1.304302291494086399e-02
9.771117195926269927e-01 2.124495261867992701e-01 1.086074906579582479e-02
9.775128300376128010e-01 2.106951801907412380e-01 8.733741890382222539e-03
9.777703149754393142e-01 2.095730776701340836e-01 6.663845768509420002e-03
9.778905341075948554e-01 2.090658417729616969e-01 4.652758146232709863e-03
9.778787319465324090e-01 2.091553398196326907e-01 2.702029012967581759e-03
9.777391378625983620e-01 2.098227566908105191e-01 8.130609057544202489e-04
9.774750675457779536e-01 2.110486646393774368e-01 -1.012890649633239794e-03
9.770890249225333557e-01 2.128130899380042129e-01 -2.774716335911329990e-03
9.765828036269246226e-01 2.150955767733634949e-01 -4.471451940549663745e-03
9.759575871860403096e-01 2.178752487844711483e-01 -6.102276998250477300e-03
9.752140471419181722e-01 2.211308686177582139e-01 -7.666513214405536528e-03
9.743524383951902568e-01 2.248408958371185540e-01 -9.163622693177213285e-03
9.733726911193867348e-01 2.289835434852218465e-01 -1.059320598413181908e-02
9.722744986590013960e-01 2.335368335446845467e-01 -1.195499995310956090e-02
9.710574008889708564e-01 2.384786514960662018e-01 -1.324887547627701806e-02
9.697208625780541214e-01 2.437868001158348119e-01 -1.447483495107192847e-02
9.682643463636402270e-01 2.494390526030553223e-01 -1.563300961398102901e-02
9.666873800106280390e-01 2.554132050701057310e-01 -1.672365665272560961e-02
9.649896176920390589e-01 2.616871283815785376e-01 -1.774715609937724953e-02
9.631708950937005742e-01 2.682388192778880076e-01 -1.870400749107713548e-02
9.612312782093616059e-01 2.750464506770098905e-01 -1.959482628625798528e-02
9.591711057555976083e-01 2.820884210100824685e-01 -2.042034002642541604e-02
9.569910251973843263e-01 2.893434024149641459e-01 -2.118138423649315594e-02
9.546920224347832384e-01 2.967903875867483610e-01 -2.187889806022488837e-02
9.522754452582555817e-01 3.044087350659703262e-01 -2.251391963135367449e-02
9.497430207341667208e-01 3.121782127339056134e-01 -2.308758118526796702e-02
9.470968667325100343e-01 3.200790392798865125e-01 -2.360110392061627593e-02
9.443394978552536179e-01 3.280919234077129265e-01 -2.405579262464378754e-02
9.414738260655084456e-01 3.361981005566279657e-01 -2.445303008039804299e-02
9.385031563545052080e-01 3.443793669264522128e-01 -2.479427127800517758e-02
9.354311778148086676e-01 3.526181106157021961e-01 -2.508103745591689498e-02
9.322619505140117280e-01 3.608973397051514764e-01 -2.531491000127239141e-02
9.289998885831814990e-01 3.692007071465561174e-01 -2.549752424123825911e-02
9.256497399484938660e-01 3.775125323463488503e-01 -2.563056315933102611e-02
9.222165631428341781e-01 3.858178193661853106e-01 -2.571575107225853446e-02
9.187057016367879969e-01 3.941022716954798999e-01 -2.575484730372278042e-02
9.151227561256317644e-01 4.023523035847086926e-01 -2.574963989191039401e-02
9.114735552009797237e-01 4.105550479615366899e-01 -2.570193936707579341e-02
9.077641248230443605e-01 4.186983609840624898e-01 -2.561357263472776105e-02
9.040006569924933233e-01 4.267708233160553699e-01 -2.548637699850706678e-02
9.001894780001484797e-01 4.347617382374632244e-01 -2.532219435494409074e-02
8.963370166088284741e-01 4.426611267292578922e-01 -2.512286558997256503e-02
8.924497724950614108e-01 4.504597196945170356e-01 -2.489022520441470585e-02
8.885342852497769561e-01 4.581489474972701426e-01 -2.462609619271382069e-02
8.845971042070016610e-01 4.657209270169024307e-01 -2.433228519604293053e-02
8.806447593385973160e-01 4.731684464287478353e-01 -2.401057794763175254e-02
8.766837334217273403e-01 4.804849479309185600e-01 -2.366273502479608257e-02
8.727204356545074093e-01 4.876645086434961973e-01 -2.329048791878605626e-02
8.687611768646473775e-01 4.947018199090950641e-01 -2.289553543025031612e-02
8.648121464262114033e-01 5.015921652236962069e-01 -2.247954039489349215e-02
8.608793909712681991e-01 5.083313970237822721e-01 -2.204412674082906198e-02
8.569687949564497309e-01 5.149159125504519929e-01 -2.159087687623664417e-02
8.530860631195215094e-01 5.213426290036458077e-01 -2.112132940325238753e-02
8.492367048381626038e-01 5.276089581901880488e-01 -2.063697715157710930e-02
8.463017925066501634e-01 5.324110077198155322e-01 -1.765996073842630160e-02
8.438156137741920082e-01 5.364302464454725472e-01 -1.476078934960370695e-02
8.417766507673597465e-01 5.396939898381131195e-01 -1.193937525187198714e-02
8.401810418959878568e-01 5.422281274162998876e-01 -9.195468943220227662e-03
8.390228079959676233e-01 5.440571538682635877e-01 -6.528688774770603082e-03
8.382940616240038834e-01 5.452042164760573240e-01 -3.938548154877462466e-03
8.379852001162916286e-01 5.456911760151624824e-01 -1.424480327933312120e-03
8.380850832322436217e-01 5.455386786059566173e-01 1.014139247798315994e-03
8.385811963568885474e-01 5.447662362775732570e-01 3.377972874699177591e-03
8.394598003397354402e-01 5.433923142662523409e-01 5.667702876008287767e-03
8.407060691113610318e-01 5.414344233072742041e-01 7.884016062194399571e-03
8.423042162484500883e-01 5.389092153912458105e-01 1.002759031520591634e-02
8.442376116594005886e-01 5.358325816421057874e-01 1.209908319680306349e-02
8.464888895409526937e-01 5.322197511367259271e-01 1.409912248411814700e-02
8.490400487159277532e-01 5.280853896259586344e-01 1.602829853431217422e-02
8.518725464066967401e-01 5.234436972363357699e-01 1.788715838013260617e-02
8.549673864314712990e-01 5.183085043325543761e-01 1.967620145885697058e-02
8.583052027334575618e-01 5.126933648057246939e-01 2.139587687814850647e-02
