1.000000000000000000e+00 0.000000000000000000e+00 0.000000000000000000e+00
9.999940280651505864e-01 1.816454546533442316e-03 -2.940322904799993597e-03
9.999730756575484492e-01 4.521868531675688786e-03 -5.779531833593478177e-03
9.999310598422318508e-01 8.084299455590956973e-03 -8.516050439257806179e-03
9.998600815151310606e-01 1.247128696689405250e-02 -1.114849506472563936e-02
9.997507005913564004e-01 1.764988319546358098e-02 -1.367566835394157070e-02
9.995922049363572537e-01 2.358667883507330892e-02 -1.609655422808227432e-02
9.993728718081164031e-01 3.024782744141009394e-02 -1.841031419147678982e-02
9.990802206598061730e-01 3.759907015587977963e-02 -2.061628488679221466e-02
9.987012562136168281e-01 4.560576278916323584e-02 -2.271397678080166668e-02
9.982227007644430827e-01 5.423290690633333910e-02 -2.470307383040879282e-02
9.976312147132975205e-01 6.344518625278039448e-02 -2.658343395350956651e-02
9.969136043708097805e-01 7.320700955235953655e-02 -2.835509011063295712e-02
9.960570161164372660e-01 8.348256040112023157e-02 -3.001825179097791785e-02
9.950491160537221491e-01 9.423585467669763627e-02 -3.157330669026443132e-02
9.938782543697970429e-01 1.054308055898637159e-01 -3.302082236749025179e-02
9.925336136910368756e-01 1.170312962256686712e-01 -3.436154767291244028e-02
9.910053408278378662e-01 1.290012591616789273e-01 -3.559641374995904661e-02
9.892846614204102718e-01 1.413047625143777630e-01 -3.672653442884762920e-02
9.873639771335417370e-01 1.539061015557744161e-01 -3.775320584889171188e-02
9.852369451998301830e-01 1.667698948640703449e-01 -3.867790516918840488e-02
9.828985402752937750e-01 1.798611838276084618e-01 -3.950228825291104973e-02
9.803450987451520771e-01 1.931455342122712082e-01 -4.022818623803947613e-02
9.775743457969534589e-01 2.065891384301343781e-01 -4.085760093627481548e-02
9.745854057587013397e-01 2.201589171117550592e-01 -4.139269903131957001e-02
9.713787963766042921e-01 2.338226185852729511e-01 -4.183580507688080402e-02
9.679564078759501644e-01 2.475489149009124923e-01 -4.218939332293076411e-02
9.643214678049885080e-01 2.613074931070029083e-01 -4.245607842524534714e-02
9.604784928015970280e-01 2.750691405800160805e-01 -4.263860511742219306e-02
9.564332285424556046e-01 2.888058233324345414e-01 -4.273983694593478516e-02
9.521925792316692228e-01 3.024907563640619745e-01 -4.276274418689069573e-02
9.477645280582587262e-01 3.160984652798853323e-01 -4.271039107773116905e-02
9.431580500984764193e-01 3.296048385658203461e-01 -4.258592250795463496e-02
9.383830191591293612e-01 3.429871700876417906e-01 -4.239255032000832646e-02
9.334501100524492667e-01 3.562241915532977643e-01 -4.213353937482292033e-02
9.283706977627088630e-01 3.692960948501208263e-01 -4.181219353622430551e-02
9.231567549115996529e-01 3.821845443321033042e-01 -4.143184172489523115e-02
9.178207488557472704e-01 3.948726792848608058e-01 -4.099582418600577344e-02
9.123755396584741773e-01 4.073451069342414188e-01 -4.050747910547342068e-02
9.068342800721513886e-01 4.195878864864770463e-01 -3.997012969848020431e-02
9.012103185505060399e-01 4.315885047917181194e-01 -3.938707188081950333e-02
8.955171061854076964e-01 4.433358443077966005e-01 -3.876156261932783842e-02
8.897681083332167340e-01 4.548201441068062123e-01 -3.809680904252819161e-02
8.839767215648336451e-01 4.660329547138116202e-01 -3.739595837709863702e-02
8.781561964439975609e-01 4.769670875954431510e-01 -3.666208876027704511e-02
8.723195665126624032e-01 4.876165601274506378e-01 -3.589820096317043047e-02
8.664795837426138014e-01 4.979765368659646585e-01 -3.510721104545883736e-02
8.606486606006568119e-01 5.080432679289704767e-01 -3.429194394841878629e-02
8.548388187721006615e-01 5.178140252642277064e-01 -3.345512802073734304e-02
8.490616444948939634e-01 5.272870375395297682e-01 -3.259939046039005833e-02
8.433282503752685955e-01 5.364614243427754392e-01 -3.172725364600909037e-02
8.376492434854256874e-01 5.453371303247416257e-01 -3.084113232272128052e-02
8.320346994846511413e-01 5.539148598585400540e-01 -2.994333160039860942e-02
8.264941424570213524e-01 5.621960127281991904e-01 -2.903604571660795344e-02
8.210365301210788003e-01 5.701826212961642604e-01 -2.812135751221780944e-02
8.156702440388772235e-01 5.778772895370983820e-01 -2.720123856453661101e-02
8.104030844328488081e-01 5.852831342643438628e-01 -2.627754992092314751e-02
8.052422692081653288e-01 5.924037288167232074e-01 -2.535204337491458321e-02
8.001944367747388931e-01 5.992430494177855005e-01 -2.442636322694416787e-02
7.952656522658051452e-01 6.058054243677236661e-01 -2.350204847254850835e-02
7.904614167582151296e-01 6.120954861804157598e-01 -2.258053536247264792e-02
7.857866791122403161e-01 6.181181267346512742e-01 -2.166316028115360809e-02
7.812458500650065751e-01 6.238784554697202056e-01 -2.075116289258813890e-02
7.768428182308235730e-01 6.293817606211941085e-01 -1.984568950546464206e-02
7.725809676829396011e-01 6.346334734628382712e-01 -1.894779661256788122e-02
7.684631968139686853e-01 6.396391354950105024e-01 -1.805845456276293504e-02
7.644919381958342752e-01 6.444043684984116505e-01 -1.717855132725649644e-02
7.606691791840460848e-01 6.489348473544013229e-01 -1.630889632525407695e-02
7.569964830350442986e-01 6.532362755189832226e-01 -1.545022427752525476e-02
7.534750103288554435e-01 6.573143630266968795e-01 -1.460319905970955921e-02
7.501055405121108688e-01 6.611748068927002508e-01 -1.376841753040564630e-02
7.468884933983538366e-01 6.648232737759773858e-01 -1.294641331215623699e-02
7.438239504833268345e-01 6.682653847635385835e-01 -1.213766050634878906e-02
7.409116759524593254e-01 6.715067021344005571e-01 -1.134257732578093474e-02
7.381511372759844702e-01 6.745527179627491821e-01 -1.056152963118012558e-02
7.355415253039472301e-01 6.774088444217380989e-01 -9.794834360312976163e-03
7.330817737888136731e-01 6.800804056526079666e-01 -9.042762840470118177e-03
7.307705782774563952e-01 6.825726310680046982e-01 -8.305543977068749126e-03
7.286064143269992410e-01 6.848906499633250489e-01 -7.583367312882068056e-03
7.265875550104073932e-01 6.870394873154473947e-01 -6.876385953989210160e-03
7.247120876878576645e-01 6.890240606541490065e-01 -6.184719359949403597e-03
7.229779300288857735e-01 6.908491778977384756e-01 -5.508455996949514905e-03
7.213828452781593237e-01 6.925195360508152875e-01 -4.847655853765262673e-03
7.199244567645373127e-01 6.940397206685132714e-01 -4.202352821323983995e-03
7.186002616589373115e-01 6.954142059980009671e-01 -3.572556937472074097e-03
7.174076439915049175e-01 6.966473557143314510e-01 -2.958256499244047398e-03
7.163438869427625200e-01 6.977434241738987852e-01 -2.359420045513546584e-03
7.154061844268622128e-01 6.987065581147251514e-01 -1.775998213389987741e-03
7.145916519878707795e-01 6.995407987385340309e-01 -1.207925472118044630e-03
7.138973370322276857e-01 7.002500841150357536e-01 -6.551217385503450581e-04
7.133202284222149858e-01 7.008382518540485773e-01 -1.174938785056103613e-04
7.128572654565162869e-01 7.013090419959815414e-01 4.050629014966084613e-04
7.125053462647781277e-01 7.016661000758195321e-01 9.126637675097104899e-04
7.122613356435733012e-01 7.019129803200678808e-01 1.405433071751741037e-03
7.121220723613493897e-01 7.020531489401387049e-01 1.883503261790222443e-03
7.120843759598688427e-01 7.020899874894040993e-01 2.347013880596744619e-03
7.121450530793510536e-01 7.020267962546044016e-01 2.796110652779601295e-03
7.123009033340447216e-01 7.018667976554998633e-01 3.230944652359859625e-03
7.125487247643225164e-01 7.016131396295995915e-01 3.651671547534540707e-03
7.128853188906307814e-01 7.012688989815074603e-01 4.058450917966228109e-03
7.133074953937651452e-01 7.008370846789034880e-01 4.451445640248077699e-03
7.138120764450016642e-01 7.003206410794449166e-01 4.830821337313932762e-03
7.143959007086184698e-01 6.997224510749414650e-01 5.196745887692475092e-03
7.150558270382995074e-01 6.990453391410405004e-01 5.549388990639856321e-03
7.157887378878470264e-01 6.982920742823721660e-01 5.888921783325140949e-03
7.165915424555473479e-01 6.974653728646605932e-01 6.215516506385502897e-03
7.174611795804510805e-01 6.965679013267175312e-01 6.529346214312121109e-03
7.183946204077510389e-01 6.956022787665131490e-01 6.830584527271902143e-03
7.193888708393775255e-01 6.945710793966780594e-01 7.119405421113620194e-03
7.204409737848886941e-01 6.934768348658351123e-01 7.395983052448972320e-03
7.215480112267176338e-01 6.923220364431103002e-01 7.660491615838846240e-03
7.227071061128553797e-01 6.911091370640256581e-01 7.913105230252204594e-03
7.239154240890974812e-01 6.898405532367539728e-01 8.153997852099146085e-03
7.251701750820733761e-01 6.885186668084142259e-01 8.383343212270499487e-03
7.264686147434050723e-01 6.871458265917217423e-01 8.601314774743696809e-03
7.278080457645146328e-01 6.857243498528791115e-01 8.808085714438420102e-03
7.291858190708141452e-01 6.842565236621157565e-01 9.003828912125621739e-03
7.305993349032696704e-01 6.827446061087519835e-01 9.188716964310009866e-03
7.320460437946358923e-01 6.811908273830928895e-01 9.362922206118881596e-03
7.335234474470024857e-01 6.795973907278426429e-01 9.526616745339498357e-03
7.350290995166882668e-01 6.779664732620818146e-01 9.679972505852984729e-03
7.365606063119503055e-01 6.763002266811700691e-01 9.823161278815172731e-03
7.381156274084559321e-01 6.746007778362232976e-01 9.956354780034015403e-03
7.396918761869840653e-01 6.728702291970791727e-01 1.007972471208926080e-02
7.412871202973809748e-01 6.711106592029006945e-01 1.019344282983315753e-02
7.428991820523976886e-01 6.693241225047809051e-01 1.029768100800118255e-02
7.445259387546719898e-01 6.675126501049070127e-01 1.039261130974924140e-02
7.461653229597932091e-01 6.656782493970105907e-01 1.047840605501866758e-02
7.478153226780956953e-01 6.638229041129882768e-01 1.055523788771264675e-02
7.494739815175712749e-01 6.619485741807079604e-01 1.062327984074765488e-02
7.511393987700633046e-01 6.600571954981366840e-01 1.068270539812105416e-02
7.528097294427101849e-01 6.581506796290234051e-01 1.073368855321139154e-02
7.544831842364366770e-01 6.562309134254564746e-01 1.077640386260107601e-02
7.561580294731511387e-01 6.542997585826818563e-01 1.081102649478220094e-02
7.578325869731892261e-01 6.523590511316196272e-01 1.083773227317520564e-02
7.595052338844477946e-01 6.504106008745530465e-01 1.085669771295702177e-02
7.611744024645821227e-01 6.484561907694853522e-01 1.086810005126022036e-02
7.628385798175808530e-01 6.464975762686627769e-01 1.087211727036753103e-02
7.644963075859972923e-01 6.445364846167542794e-01 1.086892811358694186e-02
7.661461816000915137e-01 6.425746141141519541e-01 1.085871209355142135e-02
7.677868514851291515e-01 6.406136333508162251e-01 1.084164949274400366e-02
7.694170202280833371e-01 6.386551804160363055e-01 1.081792135610369979e-02
7.710354437050012111e-01 6.367008620894047954e-01 1.078770947562024581e-02
7.726409301703145438e-01 6.347522530182245770e-01 1.075119636687613990e-02
7.742323397094034165e-01 6.328108948864670236e-01 1.070856523754266931e-02
7.758085836557540027e-01 6.308782955802898496e-01 1.065999994788266111e-02
7.773686239740891235e-01 6.289559283550002489e-01 1.060568496335649938e-02
7.789114726108889997e-01 6.270452310082104130e-01 1.054580529946939384e-02
7.804361908137613657e-01 6.251476050637860826e-01 1.048054645903708816e-02
7.819418884211599696e-01 6.232644149710260262e-01 1.041009436208392008e-02
7.834277231239921147e-01 6.213969873233418095e-01 1.033463526862157290e-02
7.848928997006929809e-01 6.195466101005245863e-01 1.025435569458877684e-02
7.863366692273788816e-01 6.177145319384946820e-01 1.016944232126170203e-02
7.877583282647259155e-01 6.159019614302310153e-01 1.008008189847184148e-02
7.891572180232448996e-01 6.141100664613702298e-01 9.986461141992657511e-03
7.905327235086478943e-01 6.123399735837504743e-01 9.888766625478377648e-03
7.918842726490166184e-01 6.105927674299547192e-01 9.787184667357852128e-03
7.932113354054968202e-01 6.088694901716830143e-01 9.681901213103479009e-03
7.945134228682437794e-01 6.071711410245523854e-01 9.573101713309870031e-03
7.957900863393461144e-01 6.054986758016911441e-01 9.460970998029108112e-03
7.970409164044445216e-01 6.038530065182564632e-01 9.345693147819311014e-03
7.982655419947488618e-01 6.022350010487690364e-01 9.227451361970659405e-03
7.994636294411344712e-01 6.006454828389187206e-01 9.106427824378253433e-03
8.006348815219720416e-01 5.990852306732589172e-01 8.982803567534098851e-03
8.017790365063104385e-01 5.975549784999700798e-01 8.856758335111293914e-03
8.028958671939933067e-01 5.960554153136392586e-01 8.728470443612192445e-03
8.039851799542426791e-01 5.945871850967702210e-01 8.598116643548937496e-03
8.050468137641932920e-01 5.931508868205122020e-01 8.465871980619535039e-03
8.060806392488047978e-01 5.917470745048718506e-01 8.331909657335491784e-03
8.070865577235193378e-01 5.903762573384546686e-01 8.196400895548223639e-03
8.080645002409655442e-01 5.890388998575711854e-01 8.059514800310901145e-03
8.090144266429448727e-01 5.877354221843377191e-01 7.921418225500400853e-03
8.099363246188623355e-01 5.864662003232030685e-01 7.782275641610547634e-03
8.108302087716933171e-01 5.852315665151435198e-01 7.642249006113040893e-03
8.116961196925001065e-01 5.840318096485845878e-01 7.501497636766473083e-03
8.125341230444362850e-01 5.828671757259377140e-01 7.360178088236739302e-03
8.133443086571012781e-01 5.817378683844726117e-01 7.218444032374061840e-03
8.141267896320262265e-01 5.806440494700942923e-01 7.076446142472919004e-03
8.148817014599983866e-01 5.795858396624469222e-01 6.934331981821436827e-03
8.156092011508527806e-01 5.785633191496333261e-01 6.792245896826474769e-03
8.163094663762838765e-01 5.775765283507121595e-01 6.650328914979740033e-03
8.169826946261581346e-01 5.766254686840230903e-01 6.508718647908950591e-03
8.176291023787358725e-01 5.757101033792834111e-01 6.367549199736449728e-03
8.182489242851398448e-01 5.748303583313085774e-01 6.226951080945796607e-03
8.188424123683453182e-01 5.739861229931232378e-01 6.087051127934916574e-03
8.194098352368999194e-01 5.731772513061585972e-01 5.947972428412371705e-03
8.199514773135232470e-01 5.724035626651684527e-01 5.809834252771405201e-03
8.204676380786800616e-01 5.716648429154437272e-01 5.672751991554627650e-03
8.209586313291687976e-01 5.709608453798630245e-01 5.536837099100685305e-03
8.214247844517180708e-01 5.702912919132835379e-01 5.402197043443029631e-03
8.218664377115401098e-01 5.696558739817543238e-01 5.268935262510075941e-03
8.222839435557515175e-01 5.690542537640183030e-01 5.137151126655672452e-03
8.226776659315329088e-01 5.684860652727667940e-01 5.006939907528946271e-03
8.230479796188711061e-01 5.679509154931112747e-01 4.878392753273336560e-03
8.233952695776973751e-01 5.674483855357507212e-01 4.751596670025970762e-03
8.237199303092143099e-01 5.669780318023321941e-01 4.626634509670609664e-03
8.240223652311827740e-01 5.665393871605299836e-01 4.503584963780142211e-03
8.243029860669270903e-01 5.661319621264029323e-01 4.382522563668172708e-03
8.245622122478034610e-01 5.657552460516312998e-01 4.263517686453560315e-03
8.248004703288708273e-01 5.654087083132816050e-01 4.146636567026948383e-03
8.250181934174964926e-01 5.650917995038026165e-01 4.031941315794340154e-03
8.252158206146293917e-01 5.648039526190145043e-01 3.919489942059657672e-03
8.253937964684749939e-01 5.645445842419171134e-01 3.809336382896023887e-03
8.255525704403100518e-01 5.643130957202130427e-01 3.701530537344144191e-03
8.256925963821829528e-01 5.641088743355135993e-01 3.596118305765787834e-03
8.258143320262527620e-01 5.639312944622745238e-01 3.493141634170832122e-03
8.259182384855341397e-01 5.637797187145862088e-01 3.392638563327744165e-03
8.260047797658249813e-01 5.636534990790297295e-01 3.294643282459677053e-03
8.260744222886091670e-01 5.635519780318931637e-01 3.199186187321551630e-03
8.261276344247429071e-01 5.634744896391330471e-01 3.106293942447587841e-03
8.261648860387483806e-01 5.634203606375545181e-01 3.015989547353707233e-03
8.261866480435549054e-01 5.633889114957754130e-01 2.928292406475030592e-03
8.261933919655475300e-01 5.633794574536324928e-01 2.843218402615361410e-03
8.261855895197978139e-01 5.633913095387792502e-01 2.760779973682997608e-03
8.261637121953717688e-01 5.634237755593206609e-01 2.680986192485470057e-03
8.261282308506255889e-01 5.634761610714210667e-01 2.603842849354835905e-03
8.260796153184181145e-01 5.635477703209154088e-01 2.529352537374905327e-03
8.260183340211851855e-01 5.636379071580462918e-01 2.457514739982244803e-03
8.259448535958363591e-01 5.637458759245399520e-01 2.388325920713956635e-03
8.258596385284511232e-01 5.638709823123253528e-01 2.321779614877008627e-03
8.257631507987638342e-01 5.640125341932878955e-01 2.257866522916302573e-03
8.256558495344413773e-01 5.641698424195368267e-01 2.196574605261645240e-03
8.255381906751679821e-01 5.643422215937505815e-01 2.137889178437317461e-03
8.254106266465638386e-01 5.645289908092460118e-01 2.081793012221961475e-03
8.252736060439717081e-01 5.647294743594991617e-01 2.028266427651026060e-03
8.251275733261548284e-01 5.649430024169220799e-01 1.977287395658949062e-03
8.249729685189555184e-01 5.651689116807760982e-01 1.928831636163607244e-03
8.248102269289697697e-01 5.654065459941742811e-01 1.882872717401274515e-03
8.246397788672951146e-01 5.656552569301955824e-01 1.839382155326380964e-03
8.244620493834136088e-01 5.659144043471986407e-01 1.798329512896700575e-03
8.242774580092708803e-01 5.661833569134893107e-01 1.759682499071197823e-03
8.240864185136130837e-01 5.664614926015529850e-01 1.723407067354596877e-03
8.238893386666403806e-01 5.667481991521223783e-01 1.689467513729758655e-03
8.236866200150348982e-01 5.670428745084049593e-01 1.657826573826126203e-03
8.234786576674137937e-01 5.673449272208433980e-01 1.628445519179830920e-03
8.232658400902554963e-01 5.676537768228316905e-01 1.601284252448447690e-03
8.230485489143396505e-01 5.679688541778521449e-01 1.576301401450880355e-03
8.228271587517322905e-01 5.682896017985403780e-01 1.553454411910382442e-03
8.226020370233433354e-01 5.686154741382218880e-01 1.532699638786252840e-03
8.223735437970693951e-01 5.689459378554992952e-01 1.513992436087278730e-03
8.221420316365286585e-01 5.692804720524998752e-01 1.497287245067491397e-03
8.219078454603825357e-01 5.696185684874208732e-01 1.482537680712229340e-03
8.216713224122272896e-01 5.699597317620362924e-01 1.469696616429857616e-03
8.214327917410276791e-01 5.703034794848501621e-01 1.458716266871748751e-03
8.211925746920517577e-01 5.706493424106001688e-01 1.449548268810263050e-03
8.209509844082555352e-01 5.709968645568335166e-01 1.442143760011450589e-03
8.207083258420501126e-01 5.713456032982894284e-01 1.436453456046059719e-03
8.204648956773746837e-01 5.716951294398341377e-01 1.432427724989091553e-03
8.202209822619833668e-01 5.720450272687044313e-01 1.430016659964649219e-03
8.199768655498418379e-01 5.723948945868189142e-01 1.429170149499127277e-03
8.197328170535177483e-01 5.727443427239251594e-01 1.429837945651878193e-03
8.194890998064339183e-01 5.730929965323476871e-01 1.431969729898395580e-03
8.192459683348441990e-01 5.734404943641058239e-01 1.435515176746703699e-03
8.190036686393759036e-01 5.737864880311664972e-01 1.440424015073093859e-03
8.187624381859748279e-01 5.741306427495931342e-01 1.446646087168555143e-03
8.185225059060736719e-01 5.744726370683479466e-01 1.454131405492214242e-03
8.182840922057970090e-01 5.748121627834958947e-01 1.462830207132846064e-03
8.180474089840026330e-01 5.751489248385524000e-01 1.472693005983992994e-03
8.178126596589513353e-01 5.754826412117040046e-01 1.483670642642500063e-03
8.175800392033858444e-01 5.758130427906238413e-01 1.495714332044269235e-03
8.173497341877927758e-01 5.761398732355890173e-01 1.508775708854816168e-03
8.171219228316107808e-01 5.764628888315936894e-01 1.522806870635741916e-03
8.168967750621427548e-01 5.767818583301402846e-01 1.537760418811515411e-03
8.166744525809215283e-01 5.770965627813723353e-01 1.553589497464043885e-03
8.164551089372723558e-01 5.774067953572011858e-01 1.570247829985325135e-03
8.162388896088100809e-01 5.777123611660581748e-01 1.587689753621089129e-03
8.160259320886045220e-01 5.780130770598912449e-01 1.605870251940727522e-03
8.158163659787409649e-01 5.783087714340043872e-01 1.624744985270984172e-03
8.156103130900020926e-01 5.785992840203226795e-01 1.644270319132842308e-03
8.154078875473919075e-01 5.788844656746471307e-01 1.664403350722821291e-03
8.152091959012215394e-01 5.791641781584454529e-01 1.685101933481456026e-03
8.150143372434749400e-01 5.794382939157066703e-01 1.706324699793128992e-03
8.148234033291698042e-01 5.797066958453690466e-01 1.728031081862618562e-03
8.146364787024309440e-01 5.799692770698128275e-01 1.750181330814768984e-03
8.144536408269913430e-01 5.802259406998900859e-01 1.772736534064554316e-03
8.142749602208386728e-01 5.804765995969467518e-01 1.795658631005510753e-03
8.141005005947242745e-01 5.807211761322730315e-01 1.818910427065083355e-03
8.139303189942549421e-01 5.809596019444011050e-01 1.842455606175848019e-03
8.137644659452897278e-01 5.811918176946498926e-01 1.866258741711858144e-03
8.136029856023664353e-01 5.814177728213019147e-01 1.890285305939522426e-03
8.134459158998856854e-01 5.816374252927765109e-01 1.914501678032464686e-03
8.132932887057844340e-01 5.818507413601496925e-01 1.938875150699750265e-03
8.131451299774351549e-01 5.820576953093532513e-01 1.963373935476683558e-03
8.130014599195100056e-01 5.822582692133696503e-01 1.987967166727130572e-03
8.128622931435561805e-01 5.824524526847225658e-01 2.012624904405941380e-03
8.127276388290316511e-01 5.826402426285500757e-01 2.037318135629625788e-03
8.125975008855574888e-01 5.828216429965290546e-01 2.062018775102927685e-03
8.124718781161479608e-01 5.829966645419080162e-01 2.086699664448337516e-03
8.123507643811858081e-01 5.831653245758890991e-01 2.111334570484969461e-03
8.122341487629158863e-01 5.833276467255879005e-01 2.135898182502511157e-03
8.121220157302381226e-01 5.834836606937853221e-01 2.160366108575209089e-03
8.120143453035847392e-01 5.836334020206741524e-01 2.184714870960066582e-03
8.119111132196765723e-01 5.837769118477890151e-01 2.208921900622588634e-03
8.118122910959573169e-01 5.839142366842985377e-01 2.232965530932546575e-03
8.117178465945142918e-01 5.840454281758252764e-01 2.256824990571340821e-03
8.116277435852979893e-01 5.841705428759488283e-01 2.280480395691616285e-03
8.115419423084637707e-01 5.842896420205371255e-01 2.303912741368846061e-03
8.114603995356627353e-01 5.844027913050401368e-01 2.327103892383641445e-03
8.113830687301184508e-01 5.845100606648709896e-01 2.350036573372574038e-03
8.113099002053317799e-01 5.846115240589897510e-01 2.372694358384326834e-03
8.112408412822649240e-01 5.847072592567966742e-01 2.395061659876990268e-03
8.111758364448614644e-01 5.847973476284330507e-01 2.417123717191345562e-03
8.111148274937671765e-01 5.848818739385790444e-01 2.438866584533991126e-03
8.110577536981239399e-01 5.849609261438309948e-01 2.460277118503168946e-03
8.110045519453144003e-01 5.850345951937325761e-01 2.481342965189189953e-03
8.109551568885452477e-01 5.851029748355277560e-01 2.502052546880363312e-03
8.109095010921597568e-01 5.851661614226957298e-01 2.522395048404391799e-03
8.108675151745804444e-01 5.852242537273226741e-01 2.542360403134231745e-03
8.108291279487884751e-01 5.852773527563585043e-01 2.561939278686474562e-03
8.107942665602517751e-01 5.853255615718003790e-01 2.581123062339393467e-03
8.107628566222223609e-01 5.853689851148409229e-01 2.599903846196876221e-03
8.107348223483277216e-01 5.854077300340115864e-01 2.618274412123577314e-03
8.107100866823896412e-01 5.854419045173482328e-01 2.636228216475743590e-03
8.106885714254069564e-01 5.854716181286006016e-01 2.653759374651303363e-03
8.106701973596482924e-01 5.854969816475024125e-01 2.670862645481976872e-03
8.106548843698028195e-01 5.855181069141157657e-01 2.687533415489335407e-03
8.106425515611463961e-01 5.855351066772573887e-01 2.703767683025932837e-03
8.106331173746822438e-01 5.855480944470130567e-01 2.719562042321854375e-03
8.106264996992241789e-01 5.855571843513395214e-01 2.734913667456259807e-03
8.106226159803934239e-01 5.855624909967529490e-01 2.749820296272755069e-03
8.106213833265047963e-01 5.855641293330969832e-01 2.764280214256693586e-03
8.106227186113245109e-01 5.855622145223822184e-01 2.778292238391817052e-03
8.106265385736854956e-01 5.855568618116840929e-01 2.791855701012943645e-03
8.106327599139504514e-01 5.855481864100849920e-01 2.804970433670758538e-03
8.106412993873177708e-01 5.855363033696417974e-01 2.817636751024099346e-03
8.106520738939693160e-01 5.855213274703595649e-01 2.829855434774511576e-03
8.106650005660624991e-01 5.855033731091467963e-01 2.841627717657229431e-03
8.106799968515749910e-01 5.854825541927283217e-01 2.852955267502147504e-03
8.106969805950107189e-01 5.854589840344873730e-01 2.863840171377767321e-03
8.107158701149829172e-01 5.854327752552063169e-01 2.874284919830554126e-03
8.107365842786901089e-01 5.854040396876751817e-01 2.884292391231578056e-03
8.107590425733068873e-01 5.853728882851325643e-01 2.893865836241803473e-03
8.107831651743122592e-01 5.853394310335039430e-01 2.903008862406867164e-03
8.108088730107825270e-01 5.853037768673990948e-01 2.911725418891692157e-03
8.108360878276773542e-01 5.852660335898283162e-01 2.920019781364803415e-03
8.108647322451515427e-01 5.852263077955969228e-01 2.927896537041735879e-03
8.108947298149263849e-01 5.851847047983348427e-01 2.935360569896469565e-03
8.109260050737566727e-01 5.851413285611163362e-01 2.942417046049396624e-03
8.109584835940329972e-01 5.850962816306238823e-01 2.949071399339869923e-03
8.109920920315593085e-01 5.850496650748092664e-01 2.955329317090982840e-03
8.110267581705483675e-01 5.850015784240018002e-01 2.961196726073814928e-03
8.110624109658797209e-01 5.849521196154150449e-01 2.966679778677975242e-03
8.110989805826656074e-01 5.849013849409991916e-01 2.971784839294896487e-03
8.111363984331728672e-01 5.848494689985872519e-01 2.976518470919950216e-03
8.111745972111495950e-01 5.847964646462812111e-01 2.980887421979082959e-03
8.112135109236056074e-01 5.847424629600224133e-01 2.984898613385322721e-03
8.112530749200995706e-01 5.846875531942918869e-01 2.988559125830139718e-03
8.112932259195837492e-01 5.846318227458822125e-01 2.991876187314323424e-03
8.113339020348603325e-01 5.845753571206837584e-01 2.994857160922679770e-03
8.113750427947028498e-01 5.845182399034264398e-01 2.997509532846548332e-03
8.114165891636984096e-01 5.844605527303177173e-01 2.999840900657799354e-03
8.114584835598643853e-01 5.844023752645164382e-01 3.001858961837675956e-03
8.115006698700980570e-01 5.843437851743811251e-01 3.003571502563526403e-03
8.115430934635129434e-01 5.842848581144312048e-01 3.004986386756183792e-03
8.115857012027208883e-01 5.842256677089594508e-01 3.006111545390448194e-03
8.116284414531154123e-01 5.841662855382314667e-01 3.006954966070844899e-03
8.116712640902148390e-01 5.841067811272103727e-01 3.007524682874554347e-03
8.117141205051217057e-01 5.840472219367410789e-01 3.007828766463126191e-03
8.117569636081561901e-01 5.839876733571314205e-01 3.007875314464327106e-03
8.117997478307217296e-01 5.839281987040645383e-01 3.007672442125211305e-03
8.118424291254595637e-01 5.838688592167775582e-01 3.007228273237234299e-03
8.118849649647496003e-01 5.838097140584416200e-01 3.006550931333989291e-03
8.119273143376148916e-01 5.837508203186775324e-01 3.005648531161892768e-03
8.119694377450866751e-01 5.836922330181417706e-01 3.004529170423899526e-03
8.120112971940864899e-01 5.836340051151165387e-01 3.003200921796110503e-03
8.120528561898812114e-01 5.835761875140383914e-01 3.001671825216873594e-03
8.120940797271672951e-01 5.835188290758995810e-01 2.999949880447785443e-03
8.121349342798396265e-01 5.834619766304560695e-01 2.998043039905757233e-03
8.121753877894988261e-01 5.834056749901773697e-01 2.995959201765103618e-03
8.122154096527532952e-01 5.833499669658709363e-01 2.993706203328405386e-03
8.122549707073671854e-01 5.832948933839181560e-01 2.991291814664680422e-03
8.122940432173100245e-01 5.832404931050542141e-01 2.988723732513213268e-03
8.123326008567584022e-01 5.831868030446293316e-01 2.986009574451189714e-03
8.123706186931025641e-01 5.831338581942853150e-01 2.983156873323096394e-03
8.124080731690090929e-01 5.830816916449835796e-01 2.980173071929666240e-03
8.124449420835889724e-01 5.830303346113221430e-01 2.977065517973966329e-03
8.124812045727222154e-01 5.829798164570767494e-01 2.973841459262060311e-03
8.125168410885862391e-01 5.829301647219041760e-01 2.970508039155513209e-03
8.125518333784372826e-01 5.828814051491463255e-01 2.967072292272828187e-03
8.125861644626908298e-01 5.828335617146724879e-01 2.963541140436777317e-03
8.126198186123482214e-01 5.827866566566997086e-01 2.959921388864417136e-03
8.126527813258146438e-01 5.827407105065306459e-01 2.956219722596449637e-03
8.126850393051526789e-01 5.826957421201501841e-01 2.952442703162447106e-03
8.127165804318154940e-01 5.826517687106214094e-01 2.948596765478327802e-03
8.127473937419019689e-01 5.826088058812242121e-01 2.944688214972348075e-03
8.127774694009757273e-01 5.825668676592783424e-01 2.940723224935752004e-03
8.128067986784891508e-01 5.825259665305961843e-01 2.936707834094115597e-03
8.128353739218520113e-01 5.824861134745090707e-01 2.932647944395302443e-03
8.128631885301836890e-01 5.824473179994136274e-01 2.928549319009860104e-03
8.128902369277866136e-01 5.824095881787850759e-01 2.924417580539582454e-03
8.129165145373790091e-01 5.823729306876046508e-01 2.920258209429878616e-03
8.129420177531219149e-01 5.823373508391509468e-01 2.916076542581506718e-03
8.129667439134757867e-01 5.823028526221046830e-01 2.911877772157151802e-03
8.129906912739215397e-01 5.822694387379178105e-01 2.907666944578261685e-03
8.130138589795781190e-01 5.822371106383997796e-01 2.903448959707480900e-03
8.130362470377493489e-01 5.822058685634734498e-01 2.899228570211975515e-03
8.130578562904313689e-01 5.821757115790564541e-01 2.895010381102880535e-03
8.130786883868100778e-01 5.821466376150221667e-01 2.890798849446062947e-03
8.130987457557792286e-01 5.821186435031984185e-01 2.886598284239347105e-03
8.131180315785057067e-01 5.820917250153612166e-01 2.882412846451313550e-03
8.131365497610709703e-01 5.820658769011834988e-01 2.878246549216760281e-03
8.131543049072138540e-01 5.820410929260992905e-01 2.874103258183884676e-03
8.131713022912004929e-01 5.820173659090441820e-01 2.869986692008236456e-03
8.131875478308460137e-01 5.819946877600370438e-01 2.865900422988466520e-03
8.132030480607116418e-01 5.819730495175654550e-01 2.861847877838902092e-03
8.132178101054987618e-01 5.819524413857414258e-01 2.857832338593972558e-03
8.132318416536632455e-01 5.819328527711943311e-01 2.853856943639512117e-03
8.132451509312692561e-01 5.819142723196688571e-01 2.849924688865980524e-03
8.132577466761035101e-01 5.818966879522973201e-01 2.846038428938652779e-03
8.132696381120680940e-01 5.818800869015173793e-01 2.842200878679846787e-03
8.132808349238703771e-01 5.818644557466071676e-01 2.838414614558289282e-03
8.132913472320273396e-01 5.818497804488100833e-01 2.834682076280740232e-03
8.133011855681997471e-01 5.818360463860252629e-01 2.831005568481032800e-03
8.133103608508729376e-01 5.818232383870384217e-01 2.827387262501722398e-03
8.133188843613977648e-01 5.818113407652699687e-01 2.823829198263589062e-03
8.133267677204057966e-01 5.818003373520191923e-01 2.820333286218260418e-03
8.133340228646122050e-01 5.817902115291836429e-01 2.816901309379300083e-03
8.133406620240176688e-01 5.817809462614340621e-01 2.813534925427142817e-03
8.133466976995211706e-01 5.817725241278274284e-01 2.810235668883313224e-03
8.133521426409545674e-01 5.817649273528403553e-01 2.807004953349439419e-03
8.133570098255478165e-01 5.817581378368074096e-01 2.803844073806623788e-03
8.133613124368350711e-01 5.817521371857496959e-01 2.800754208970806288e-03
8.142122908477003040e-01 5.805440427169185069e-01 5.194086722122823012e-03
8.154748153506736763e-01 5.787438244117392161e-01 7.512028050146219230e-03
8.171321332385531599e-01 5.763678737587281109e-01 9.755558472443979015e-03
8.191666262258536779e-01 5.734316338850548034e-01 1.192561792980894111e-02
8.215599168667505614e-01 5.699497144680829575e-01 1.402309539754892538e-02
8.242929660724194196e-01 5.659360063270498786e-01 1.604882024509067182e-02
8.273461630494232111e-01 5.614037948154496638e-01 1.800355546961388692e-02
8.306994088982432300e-01 5.563658712423976693e-01 1.988799269561080871e-02
8.343321950199754644e-01 5.508346416378596677e-01 2.170274883671880969e-02
8.382236773816159614e-01 5.448222322451709010e-01 2.344836432038131108e-02
8.423527475878201942e-01 5.383405911777627839e-01 2.512530277958493347e-02
8.466981016007918415e-01 5.314015857183747027e-01 2.673395211890139053e-02
8.512383068410652731e-01 5.240170947710623972e-01 2.827462686419872015e-02
8.559518682912726772e-01 5.161990960016794583e-01 2.974757170660391123e-02
8.608172941133265255e-01 5.079597472236931921e-01 3.115296615157610999e-02
8.658131611775897740e-01 4.993114616055083221e-01 3.249093018331093013e-02
8.709181807913416451e-01 4.902669762950083721e-01 3.376153085320948710e-02
8.761112648040483286e-01 4.808394140786534376e-01 3.496478969891499144e-02
8.813715921595542957e-01 4.710423377178250548e-01 3.610069089758283223e-02
8.866786758613517394e-01 4.608897966355416931e-01 3.716919005377373325e-02
8.913914345242842652e-01 4.518393659048886568e-01 3.553203451878352015e-02
8.957822372172992154e-01 4.431984865742287782e-01 3.390151379537380966e-02
8.998650546458218935e-01 4.349723773797987691e-01 3.227912728562268990e-02
9.036534147161747743e-01 4.271651965463474365e-01 3.066641023073054736e-02
9.071603805429634404e-01 4.197800640059549671e-01 2.906492218267986774e-02
9.103985315408825718e-01 4.128190864876501442e-01 2.747623617250452566e-02
9.133799478093617141e-01 4.062833851983799205e-01 2.590192858317457575e-02
9.161161979540376477e-01 4.001731258079255227e-01 2.434356972869282376e-02
9.186183304278380257e-01 3.944875504492113549e-01 2.280271513511513554e-02
9.208968684171774388e-01 3.892250114501307756e-01 2.128089751391425144e-02
9.229618082459297712e-01 3.843830065225284365e-01 1.977961941345287786e-02
9.248226212218372266e-01 3.799582151473644975e-01 1.830034653034187317e-02
9.264882588071009506e-01 3.759465359114158023e-01 1.684450165914095840e-02
9.279671609571955582e-01 3.723431245692737090e-01 1.541345925620314986e-02
9.292672674394922838e-01 3.691424326240860809e-01 1.400854059144605174e-02
9.303960319159932935e-01 3.663382462407462903e-01 1.263100946041719082e-02
9.313604385522358253e-01 3.639237253254358762e-01 1.128206842816022008e-02
9.321670208970144200e-01 3.618914426250466332e-01 9.962855576030382743e-03
9.328218827647488665e-01 3.602334227186105853e-01 8.674441722691779433e-03
9.333307208438064162e-01 3.589411807901072837e-01 7.417828090993224682e-03
9.336988487495696543e-01 3.580057610876447582e-01 6.193944393199909103e-03
9.339312222401935371e-01 3.574177749878517663e-01 5.003647308091446408e-03
9.340324653155013257e-01 3.571674385962809173e-01 3.847719324661528009e-03
9.340068969249868402e-01 3.572446098246815915e-01 2.726867928512174272e-03
9.338585580191052227e-01 3.576388248941908543e-01 1.641725108472461177e-03
9.335912386886221492e-01 3.583393342199011622e-01 5.928471624386077825e-04
9.332085051494468653e-01 3.593351376370217398e-01 -4.192852171137216762e-04
9.327137263448039839e-01 3.606150189321250532e-01 -1.394266596090360140e-03
9.321100999525171460e-01 3.621675796449447260e-01 -2.331766207035747794e-03
9.314006776023143752e-01 3.639812721070802559e-01 -3.231527128292352533e-03
9.305883891261691465e-01 3.660444316839768786e-01 -4.093365248575873278e-03
9.296760656835101333e-01 3.683453081859100475e-01 -4.917168030523566720e-03
9.286664616224427071e-01 3.708720964126264175e-01 -5.702893085960277636e-03
9.275622749577031589e-01 3.736129657949832650e-01 -6.450566574958964579e-03
9.263661663657067891e-01 3.765560890955796380e-01 -7.160281440246752359e-03
9.250807766165558554e-01 3.796896701291588849e-01 -7.832195488116720783e-03
9.237087423820653509e-01 3.830019704626376753e-01 -8.466529326739243716e-03
9.222527103775639556e-01 3.864813350541116410e-01 -9.063564172611395311e-03
9.207153498132859548e-01 3.901162167902099687e-01 -9.623639535823192911e-03
9.190993631484347670e-01 3.938951998817988853e-01 -1.014715079483817332e-02
9.174074951573434333e-01 3.978070220793242240e-01 -1.063454667156496503e-02
9.156425403324665035e-01 4.018405956710661697e-01 -1.108632661761772831e-02
9.138073486631065334e-01 4.059850272302605867e-01 -1.150303812280828453e-02
9.119048298417276044e-01 4.102296360804080222e-01 -1.188527395706390384e-02
9.099379559613649526e-01 4.145639714521043295e-01 -1.223366935710543807e-02
9.079097627779595392e-01 4.189778283093373856e-01 -1.254889916933563630e-02
9.058233496203861312e-01 4.234612618283310481e-01 -1.283167496046368726e-02
9.036818780384965333e-01 4.280046005176005863e-01 -1.308274210741765427e-02
9.014885692856590138e-01 4.325984579738269553e-01 -1.330287687806220101e-02
8.992467007370604781e-01 4.372337432743583774e-01 -1.349288351413752141e-02
8.969596013484808505e-01 4.419016700135137699e-01 -1.365359132766158674e-02
8.946306462623934141e-01 4.465937639962878625e-01 -1.378585182178891991e-02
8.922632506691569043e-01 4.513018696094457938e-01 -1.389053584679416156e-02
8.898608630308049161e-01 4.560181548962500830e-01 -1.396853080144892616e-02
8.874269577736018100e-01 4.607351153670942723e-01 -1.402073788958877257e-02
8.849650275531961707e-01 4.654455765840454506e-01 -1.404806944112802977e-02
8.824785751929743460e-01 4.701426955626464288e-01 -1.405144630617962548e-02
8.799711053921872583e-01 4.748199610392363490e-01 -1.403179533028203231e-02
8.774461162957076787e-01 4.794711926564614313e-01 -1.399004691803381467e-02
8.749070910119728373e-01 4.840905391235248434e-01 -1.392713269169670517e-02
8.723574891598846470e-01 4.886724754110340907e-01 -1.384398325055959979e-02
8.698007385192865204e-01 4.932117990430279209e-01 -1.374152603606753134e-02
8.672402268532040104e-01 4.977036255508905382e-01 -1.362068330692076633e-02
8.646792939634300179e-01 5.021433831553920868e-01 -1.348237022754858808e-02
8.621212240343381072e-01 5.065268067440391597e-01 -1.332749307256871768e-02
8.595692383131094960e-01 5.108499312112964041e-01 -1.315694754906472121e-02
8.570264881679320323e-01 5.151090842290736438e-01 -1.297161723775759438e-02
8.544960485592442145e-01 5.193008785141980388e-01 -1.277237215342069514e-02
8.519809119528167773e-01 5.234222036584397220e-01 -1.256006742419529289e-02
8.494839826974344144e-01 5.274702175850757291e-01 -1.233554208881207717e-02
8.470080718842162293e-01 5.314423376940047294e-01 -1.209961801011649567e-02
8.445558926992171589e-01 5.353362317551096927e-01 -1.185309890273581433e-02
8.421300562759288511e-01 5.391498086069530515e-01 -1.159676947221595540e-02
8.397330680496518651e-01 5.428812087150277632e-01 -1.133139466249806840e-02
8.373673246114683444e-01 5.465287946407246800e-01 -1.105771900819924047e-02
8.350351110557054923e-01 5.500911414689552137e-01 -1.077646608780905187e-02
8.327385988113503723e-01 5.535670272390348368e-01 -1.048833807361309808e-02
8.304798439448479730e-01 5.569554234200241316e-01 -1.019401537390526163e-02
8.282607859190869171e-01 5.602554854682825214e-01 -9.894156362850672556e-03
8.260832467911257693e-01 5.634665435015494550e-01 -9.589397193208875486e-03
8.239489308293366232e-01 5.665880931204575477e-01 -9.280351687019435317e-03
8.218594245291080957e-01 5.696197864050341897e-01 -8.967611299287154419e-03
8.198161970050514835e-01 5.725614231104874108e-01 -8.651745149678400498e-03
8.178206007367541108e-01 5.754129420834164232e-01 -8.333300117250676264e-03
8.158738726445133871e-01 5.781744129165587998e-01 -8.012800993281100209e-03
8.139771354711298201e-01 5.808460278572995517e-01 -7.690750687332864773e-03
8.121313994457172170e-01 5.834280939824318946e-01 -7.367630481798577609e-03
8.103375642055794525e-01 5.859210256490869906e-01 -7.043900330282441662e-03
8.085964209524799662e-01 5.883253372293456573e-01 -6.719999195326489295e-03
8.069086548200706810e-01 5.906416361338117094e-01 -6.396345421146321271e-03
8.052748474298292436e-01 5.928706161273690212e-01 -6.073337137216285042e-03
8.036954796135538093e-01 5.950130509384573552e-01 -5.751352688729905946e-03
8.021709342812687327e-01 5.970697881614897007e-01 -5.430751090156176950e-03
8.007014994142741537e-01 5.990417434504872185e-01 -5.111872498313559630e-03
7.992873711640240408e-01 6.009298950006236595e-01 -4.795038701589140681e-03
7.979286570385087929e-01 6.027352783131467717e-01 -4.480553622138253207e-03
7.966253791588503441e-01 6.044589812380671834e-01 -4.168703828108264418e-03
7.953774775698673194e-01 6.061021392880722169e-01 -3.859759053137534670e-03
7.941848135894268301e-01 6.076659312163259496e-01 -3.553972720585295286e-03
7.930471731824577653e-01 6.091515748501427074e-01 -3.251582470149217557e-03
7.919642703465492595e-01 6.105603231719710644e-01 -2.952810684723595255e-03
7.909357504970873087e-01 6.118934606386791097e-01 -2.657865015541502254e-03
7.899611938408889200e-01 6.131522997297921274e-01 -2.366938903828201806e-03
7.890401187282686246e-01 6.143381777150808132e-01 -2.080212097369893952e-03
7.881719849744133199e-01 6.154524536317358407e-01 -1.797851160571108976e-03
7.873561971418440164e-01 6.164965054612723261e-01 -1.520009976735267219e-03
7.865921077766048208e-01 6.174717274962894242e-01 -1.246830241455975643e-03
7.858790205916378335e-01 6.183795278872493695e-01 -9.784419461512073278e-04
7.852161935915771274e-01 6.192213263595360839e-01 -7.149638509086919148e-04
7.846028421339230619e-01 6.199985520911960313e-01 -4.565039459384888105e-04
7.840381419222407500e-01 6.207126417419468467e-01 -2.031599010479891079e-04
7.835212319276645410e-01 6.213650376242608742e-01 4.498049733444317924e-05
7.830512172355832412e-01 6.219571860075799874e-01 2.878389219581515375e-04
7.826271718149276913e-01 6.224905355469935175e-01 5.253460936472095560e-04
7.822481412079896890e-01 6.229665358280086496e-01 7.574413834845689433e-04
7.819131451391643228e-01 6.233866360193550671e-01 9.840724283922707739e-04
7.816211800414325506e-01 6.237522836260930292e-01 1.205194760143927764e-03
7.813712214997868832e-01 6.240649233356296843e-01 1.420771447779777810e-03
7.811622266111523105e-01 6.243259959495911504e-01 1.630772753335174357e-03
7.809931362606720162e-01 6.245369373948446157e-01 1.835175800740145718e-03
7.817392767930958497e-01 6.235903684188515150e-01 4.334655654333509009e-03
7.829482679830315206e-01 6.220501492734568094e-01 6.756914758025030915e-03
7.846025067970366917e-01 6.199323113611285851e-01 9.103340503396945352e-03
7.866835318755311945e-01 6.172516990904587386e-01 1.137525673511119960e-02
7.891721256112526062e-01 6.140221018279959919e-01 1.357391183174353963e-02
7.920484056079808433e-01 6.102563850663725864e-01 1.570046890494125255e-02
7.952919071478278257e-01 6.059666200401350178e-01 1.775599798464492368e-02
7.988816581944933048e-01 6.011642111376340747e-01 1.974147006773979002e-02
8.027962483532360416e-01 5.958600205470079292e-01 2.165775291693041935e-02
8.070138930976611391e-01 5.900644896404589890e-01 2.350560850546722091e-02
8.115124944599892975e-01 5.837877566473226310e-01 2.528569201128751456e-02
8.162696992660648521e-01 5.770397701963154713e-01 2.699855227093723997e-02
8.212629558794688478e-01 5.698303983241508330e-01 2.864463360914849127e-02
8.264695703010610517e-01 5.621695325545463806e-01 3.022427896405842362e-02
8.318667623512813192e-01 5.540671866514862431e-01 3.173773423071453437e-02
8.374317225428010714e-01 5.455335896462166767e-01 3.318515374671553858e-02
8.431416701308520611e-01 5.365792727314534494e-01 3.456660684362528047e-02
8.489739127081101788e-01 5.272151496110647484e-01 3.588208538624983873e-02
8.549059075908379546e-01 5.174525898912745170e-01 3.713151221910336586e-02
8.609153251237324778e-01 5.073034851021908098e-01 3.831475043556030469e-02
8.663108486829186328e-01 4.981430972100113763e-01 3.686477045859180152e-02
8.713841518996523483e-01 4.893212977302744404e-01 3.541709432533778762e-02
8.761472843856579207e-01 4.808449080102141782e-01 3.397283761469441221e-02
8.806120347209988042e-01 4.727198748353773072e-01 3.253317483307696656e-02
8.847899102178454767e-01 4.649512767773397171e-01 3.109932900390333446e-02
8.886921179378910463e-01 4.575433333673717962e-01 2.967256170127955880e-02
8.923295472624148683e-01 4.504994169701512785e-01 2.825416354965009855e-02
8.957127542684434340e-01 4.438220672064874806e-01 2.684544520666783465e-02
8.988519481188260718e-01 4.375130077547592644e-01 2.544772884208669830e-02
9.017569796290543227e-01 4.315731653469424556e-01 2.406234012116350088e-02
9.044373321299387092e-01 4.260026907662186058e-01 2.269060069694546142e-02
9.069021147033705654e-01 4.208009816486860122e-01 2.133382121197471143e-02
9.091600578287993839e-01 4.159667068910801735e-01 1.999329480640775134e-02
9.112195114411230090e-01 4.114978324690947153e-01 1.867029112636124297e-02
9.130884453667158507e-01 4.073916484763107637e-01 1.736605082347917467e-02
9.147744520735157092e-01 4.036447972013558205e-01 1.608178053428269833e-02
9.162847516435990158e-01 4.002533020702030986e-01 1.481864832581519451e-02
9.176261988525672431e-01 3.972125972910093283e-01 1.357777959242465783e-02
9.188052922193589156e-01 3.945175580501351087e-01 1.236025338721876907e-02
9.198281848727555277e-01 3.921625311196034191e-01 1.116709917076393575e-02
9.213184442626454196e-01 3.886010450204582245e-01 1.271208304902743218e-02
9.229720222190433976e-01 3.846052335704713832e-01 1.419527602127777961e-02
9.247763155586070649e-01 3.801906489088144880e-01 1.561673346457112012e-02
9.267184729049369185e-01 3.753727683359885936e-01 1.697653682645194548e-02
9.287854704354711055e-01 3.701670274830861640e-01 1.827479206173121540e-02
9.309641843622593615e-01 3.645888512153508954e-01 1.951162883068963474e-02
9.332414602760421563e-01 3.586536818499023727e-01 2.068720038990815718e-02
9.356041794512073295e-01 3.523770043260284757e-01 2.180168410489359554e-02
9.380393221766127887e-01 3.457743680231770700e-01 2.285528251218959042e-02
9.405340281449947604e-01 3.388614049769780312e-01 2.384822485771425846e-02
9.430756539026863283e-01 3.316538442975112133e-01 2.478076903763161074e-02
9.456518273324949764e-01 3.241675226467404802e-01 2.565320386814028478e-02
9.482504991165767727e-01 3.164183906836166571e-01 2.646585161115290810e-02
9.508599911036373920e-01 3.084225154357765897e-01 2.721907068394970389e-02
9.534690414863250529e-01 3.001960786059173492e-01 2.791325848252823594e-02
9.560668466806707677e-01 2.917553708686070890e-01 2.854885425054379255e-02
9.586430997901925766e-01 2.831167822592364769e-01 2.912634192844374900e-02
9.611880255330050860e-01 2.742967888006899724e-01 2.964625292063995457e-02
9.636924115110335753e-01 2.653119355547494673e-01 3.010916872232374808e-02
9.661476357061925535e-01 2.561788163238238325e-01 3.051572335178711140e-02
9.681967656843070147e-01 2.486169541466099475e-01 2.801218791782771403e-02
9.699931959384678892e-01 2.417864030685054066e-01 2.554574616259453271e-02
9.715557800740362016e-01 2.356796956610811011e-01 2.311920589495676179e-02
9.729016484699357648e-01 2.302878245858369921e-01 2.073526209474921278e-02
9.740462518119125113e-01 2.256003542240387627e-01 1.839648829566078309e-02
9.750034154648042906e-01 2.216055277173120952e-01 1.610532958024217878e-02
9.757854035236068757e-01 2.182903691554345105e-01 1.386409700620148087e-02
9.764029913611043110e-01 2.156407807915886043e-01 1.167496329010580397e-02
9.768655454864731968e-01 2.136416352928731111e-01 9.539959584255991443e-03
9.771811095414832948e-01 2.122768631436548759e-01 7.460973194271228529e-03
9.773564952858411203e-01 2.115295354106265513e-01 5.439746098259912004e-03
9.773973774582979113e-01 2.113819421510562679e-01 3.477874142847051184e-03
9.773083914431434094e-01 2.118156668000329423e-01 1.576806806305152894e-03
9.770932327207341173e-01 2.128116569093009280e-01 -2.621525658285186761e-04
9.767547571342257706e-01 2.143502916306530837e-01 -2.037846132343247747e-03
9.762950810614509090e-01 2.164114463421909218e-01 -3.749260600462722866e-03
9.757156806399689408e-01 2.189745548076336146e-01 -5.395525994196190625e-03
9.750174892540223182e-01 2.220186692389723992e-01 -6.975914186104920263e-03
9.742009925539644177e-01 2.255225186029130302e-01 -8.489837220300860965e-03
9.732663203413586261e-01 2.294645654735537887e-01 -9.936845444466980287e-03
9.722133347161674433e-01 2.338230616894377556e-01 -1.131662546007470953e-02
9.710417139461183789e-01 2.385761030242868064e-01 -1.262899789281977242e-02
9.697510315823416605e-01 2.437016830290973934e-01 -1.387391497961366904e-02
9.683408304096315922e-01 2.491777461504896818e-01 -1.505145796423176981e-02
9.668106908840601310e-01 2.549822401777749326e-01 -1.616183429087839421e-02
9.651602937750021205e-01 2.610931680205278993e-01 -1.720537458340631182e-02
9.633894767926969305e-01 2.674886387707627322e-01 -1.818252939762250719e-02
9.614982850459794506e-01 2.741469179601852546e-01 -1.909386573490432643e-02
9.594870152374134209e-01 2.810464768843358718e-01 -1.994006330710606720e-02
9.573562535643359572e-01 2.881660408324631106e-01 -2.072191054530994267e-02
9.551069073538108745e-01 2.954846360352162971e-01 -2.144030034821388028e-02
9.527402305166815522e-01 3.029816351220644965e-01 -2.209622556969516316e-02
9.502578429602892562e-01 3.106368008669051495e-01 -2.269077424918630390e-02
9.476617441504426864e-01 3.184303279936152031e-01 -2.322512459279463953e-02
9.449543210603786880e-01 3.263428828131458292e-01 -2.370053971744330579e-02
9.421383507872518326e-01 3.343556404698473372e-01 -2.411836217457174678e-02
9.392169981547037194e-01 3.424503195865811755e-01 -2.448000827398480114e-02
9.361938086529190128e-01 3.506092141152579722e-01 -2.478696223217071587e-02
9.330726970949938526e-01 3.588152222210766462e-01 -2.504077017272741956e-02
9.298579323902164129e-01 3.670518720541961488e-01 -2.524303400936713307e-02
9.265541188508992221e-01 3.753033442910705952e-01 -2.539540524425460202e-02
9.231661744596953989e-01 3.835544913584212345e-01 -2.549957871613492064e-02
9.196993065289850167e-01 3.917908532849977976e-01 -2.555728633380189782e-02
9.161589851831216658e-01 3.999986701591190519e-01 -2.557029083094329233e-02
9.125509150883684972e-01 4.081648912027283083e-01 -2.554037957828697233e-02
9.088810058445923046e-01 4.162771805046663887e-01 -2.546935848828828231e-02
9.051553414376560802e-01 4.243239194864281694e-01 -2.535904604638222412e-02
9.013801491324433535e-01 4.322942062022869236e-01 -2.521126750112341955e-02
8.975617681640892798e-01 4.401778516018819976e-01 -2.502784924340924547e-02
8.937066185598487866e-01 4.479653729068071577e-01 -2.481061340248997063e-02
8.898211703966616426e-01 4.556479842731260277e-01 -2.456137268368100909e-02
8.859119137704595248e-01 4.632175849288984737e-01 -2.428192546967474982e-02
8.819853297231496914e-01 4.706667449896217992e-01 -2.397405120417124211e-02
8.780478623425429507e-01 4.779886891649581249e-01 -2.363950607327424541e-02
8.741058922197657566e-01 4.851772785772855423e-01 -2.328001899679484760e-02
8.701657114183676267e-01 4.922269909165971624e-01 -2.289728793832693926e-02
8.662335000798110363e-01 4.991328991572491214e-01 -2.249297653975998804e-02
8.623153047616756162e-01 5.058906490602473882e-01 -2.206871108282090072e-02
8.584170185780143347e-01 5.124964356804172505e-01 -2.162607777732794903e-02
8.545443631861239231e-01 5.189469790911943603e-01 -2.116662037312817823e-02
8.507028726407183106e-01 5.252394995312150705e-01 -2.069183809020103473e-02
8.468978791152687036e-01 5.313716921666565840e-01 -2.020318385916412135e-02
8.431345004711801039e-01 5.373417016517024747e-01 -1.970206286242435698e-02
8.394176296385602587e-01 5.431480966568663638e-01 -1.918983136448584870e-02
8.357519257576013771e-01 5.487898445214894894e-01 -1.866779581845565139e-02
8.321418070170070180e-01 5.542662861728000490e-01 -1.813721223457672588e-02
8.285914451153827409e-01 5.595771114397244395e-01 -1.759928579565567253e-02
8.251047612629887062e-01 5.647223348754015770e-01 -1.705517070353053388e-02
8.216854236345991769e-01 5.697022721882646357e-01 -1.650597024022652792e-02
8.183368461793110171e-01 5.745175173677915526e-01 -1.595273702715940475e-02
8.150621886898363755e-01 5.791689205777335037e-01 -1.539647346564901320e-02
8.118643580319715447e-01 5.836575668769308223e-01 -1.483813234208129078e-02
8.087460104343835443e-01 5.879847558158123322e-01 -1.427861758128587226e-02
8.057095547394641510e-01 5.921519819454226230e-01 -1.371878513205951854e-02
8.027571565176041535e-01 5.961609162653845884e-01 -1.315944396924377015e-02
7.998907429497007504e-01 6.000133886276162176e-01 -1.260135719734009965e-02
7.971120083858859173e-01 6.037113711038938346e-01 -1.204524324129992510e-02
7.944224204922276655e-01 6.072569623174968179e-01 -1.149177711084365186e-02
7.918232269013804059e-01 6.106523727321638839e-01 -1.094159172542711646e-02
7.893154622877419646e-01 6.138999108854191755e-01 -1.039527928777151874e-02
7.878079900365111410e-01 6.158747906802092276e-01 -7.541579390508977229e-03
7.868204406100599568e-01 6.171635872497835962e-01 -4.771174516243994156e-03
7.863409868191461038e-01 6.177892674793055150e-01 -2.082691405256662659e-03
7.863562861313878605e-01 6.177730816042517059e-01 5.252681033263316077e-04
7.868516533211423747e-01 6.171346805256944235e-01 3.054103873050572227e-03
7.878112146517547432e-01 6.158922384810647799e-01 5.505197046731280172e-03
7.892180454434483128e-01 6.140625793107390429e-01 7.879892244833075141e-03
7.910542928574115784e-01 6.116613048429653254e-01 1.017948223338031866e-02
7.933012856782802880e-01 6.087029241593633344e-01 1.240519491341085002e-02
7.959396328094291428e-01 6.052009827036158862e-01 1.455818249046669961e-02
7.989493121132126285e-01 6.011681903605320398e-01 1.663951269047542550e-02
8.023097511353830535e-01 5.966165477650632321e-01 1.865016189692602841e-02
8.059999011522991363e-01 5.915574702048272959e-01 2.059101009292313433e-02
8.099983058733998265e-01 5.860019085589408538e-01 2.246283750006328878e-02
8.142831660213287748e-01 5.799604667740755337e-01 2.426632281376486441e-02
8.188324008991536562e-01 5.734435154191284134e-01 2.600204294142861861e-02
8.236237079390911209e-01 5.664613008860505117e-01 2.767047415541224256e-02
8.286346211105293236e-01 5.590240498193870256e-01 2.927199457713564046e-02
8.338425689473123459e-01 5.511420683639401963e-01 3.080688791161704035e-02
8.392249328355173565e-01 5.428258358215002355e-01 3.227534835334690960e-02
8.440358956994792328e-01 5.353797203409242922e-01 3.117748968560762196e-02
8.485971509459611095e-01 5.281837805859401769e-01 3.008061477826295960e-02
8.529161507068248049e-01 5.212427024301583556e-01 2.898549795516301708e-02
8.570002373702343412e-01 5.145606382341333385e-01 2.789295265449763875e-02
8.608566337719620876e-01 5.081412059056855668e-01 2.680382530343399308e-02
8.644924336716350854e-01 5.019874897157398097e-01 2.571898939496524220e-02
8.679145926766514973e-01 4.961020428326369247e-01 2.463933978007716921e-02
8.711299197574886577e-01 4.904868915234953386e-01 2.356578718677264025e-02
8.741450694787472608e-01 4.851435409589965886e-01 2.249925297586595138e-02
8.769665350508021318e-01 4.800729825478562973e-01 2.144066414180244989e-02
8.796006422876168074e-01 4.752757027191050199e-01 2.039094856510301895e-02
8.820535445373537398e-01 4.707516930640097130e-01 1.935103052140473706e-02
8.843312186340832604e-01 4.665004617448700874e-01 1.832182645049180991e-02
8.864394619013546972e-01 4.625210460748677144e-01 1.730424098720449375e-02
8.883838902217886524e-01 4.588120261714652148e-01 1.629916325469474986e-02
8.901699371713290843e-01 4.553715395853816794e-01 1.530746341917856891e-02
8.918028542024514227e-01 4.521972968077414556e-01 1.432998950412569215e-02
8.932877118475541778e-01 4.492865975594447780e-01 1.336756446073391301e-02
8.946294019020181176e-01 4.466363477689849759e-01 1.242098349056035625e-02
8.958326405360416134e-01 4.442430771476897911e-01 1.149101161532642412e-02
8.969019722753688306e-01 4.421029572745601155e-01 1.057838148817425057e-02
8.978417747834177565e-01 4.402118201063920933e-01 9.683791440026371863e-03
8.986562643710694909e-01 4.385651768325921629e-01 8.807903754180881548e-03
8.993495021554682722e-01 4.371582369979292726e-01 7.951343161854217134e-03
8.999254007855507220e-01 4.359859278203385702e-01 7.114695551054575108e-03
9.003877316496232686e-01 4.350429136347229719e-01 6.298506880921686882e-03
9.007401324790680341e-01 4.343236153974483482e-01 5.503282293493776123e-03
9.009861152621041480e-01 4.338222301898462252e-01 4.729485414750486845e-03
9.011290743823884286e-01 4.335327506625061833e-01 3.977537836721890298e-03
9.011722948990165127e-01 4.334489843654338315e-01 3.247818772439378058e-03
9.011189608870989742e-01 4.335645729122691860e-01 2.540664875525748458e-03
9.009721637614453993e-01 4.338730109297030402e-01 1.856370216271338927e-03
9.007349105099008435e-01 4.343676647460033569e-01 1.195186406113597386e-03
9.004101317674575444e-01 4.350417907751881752e-01 5.573228625229333533e-04
9.000006896673133916e-01 4.358885535558699176e-01 -5.705279360718781400e-05
8.995093854104879716e-01 4.369010434061736392e-01 -6.478142158673562455e-04
8.989389665013440833e-01 4.380722936584206528e-01 -1.214875693235276284e-03
8.982921336023214076e-01 4.393952974394907396e-01 -1.758191401571104588e-03
8.975715469672854718e-01 4.408630239649596327e-01 -2.277754553200845265e-03
8.967798324190597858e-01 4.424684343172695100e-01 -2.773596451985705074e-03
8.966474141066701486e-01 4.427449817863682857e-01 -6.103116131933958993e-04
8.968003742706777137e-01 4.424329928913416921e-01 1.487500657679653466e-03
8.972294977472951016e-01 4.415505830905749884e-01 3.519747799998777446e-03
8.979245192704939926e-01 4.401153659489636660e-01 5.486396135482383279e-03
8.988742417366869519e-01 4.381444986163853805e-01 7.387460000097066659e-03
9.000666482034455074e-01 4.356547306926361607e-01 9.222992289807574809e-03
9.014890080389461602e-01 4.326624553712227761e-01 1.099307637938708171e-02
9.031279776515386271e-01 4.291837618563419388e-01 1.269781936447332907e-02
9.049696962264688338e-01 4.252344881422412404e-01 1.433734656967792370e-02
9.069998768818074986e-01 4.208302733321574451e-01 1.591179725952423379e-02
9.092038936302931917e-01 4.159866087556201020e-01 1.742132148405274583e-02
9.115668645001340220e-01 4.107188872187193529e-01 1.886607798688318127e-02
9.140737311276985189e-01 4.050424497927020417e-01 2.024623310019302291e-02
9.167093350901593940e-01 3.989726296127615313e-01 2.156196054833341841e-02
9.194584911980954178e-01 3.925247922219213814e-01 2.281344207956169726e-02
9.223060579182204011e-01 3.857143720552341226e-01 2.400086884356261718e-02
9.252370050461110607e-01 3.785569047178209412e-01 2.512444343102245708e-02
9.282364786992334249e-01 3.710680547671660889e-01 2.618438249049948041e-02
9.312898636528298413e-01 3.632636387660445054e-01 2.718091983720818602e-02
9.343828429963116911e-01 3.551596434278657122e-01 2.811430996812498348e-02
9.375014550466176377e-01 3.467722387312968668e-01 2.898483189806206825e-02
9.406321474183405584e-01 3.381177859358737159e-01 2.979279323208305907e-02
9.437618281189886771e-01 3.292128404848767564e-01 3.053853439088947269e-02
9.468779135121155877e-01 3.200741498358652404e-01 3.122243290763115908e-02
9.499683729716880132e-01 3.107186463126249687e-01 3.184490771702096906e-02
9.530217700382882517e-01 3.011634351244875107e-01 3.240642336069057133e-02
9.560272998817749279e-01 2.914257777495231627e-01 3.290749403642613535e-02
9.589748228759021886e-01 2.815230709264234243e-01 3.334868742327188468e-02
9.618548940980390372e-01 2.714728215453568461e-01 3.373062821947382661e-02
9.646587885813058261e-01 2.612926177700585773e-01 3.405400133582711653e-02
9.673785221667857703e-01 2.510000967612646683e-01 3.431955469314366958e-02
9.700068678294652136e-01 2.406129094047085304e-01 3.452810157921162859e-02
9.725373673825813414e-01 2.301486824747039361e-01 3.468052252769871641e-02
9.749643385003757823e-01 2.196249786863568865e-01 3.477776668886862349e-02
9.772828770380300734e-01 2.090592551052911918e-01 3.482085266963176606e-02
9.794888546689007880e-01 1.984688203931572748e-01 3.481086882822934797e-02
9.815789119021288700e-01 1.878707913699709520e-01 3.474897301663629895e-02
9.835504465872939583e-01 1.772820493704765354e-01 3.463639177144490350e-02
