1.000000000000000000e+00 0.000000000000000000e+00 0.000000000000000000e+00
1.000000000000000000e+00 0.000000000000000000e+00 0.000000000000000000e+00
1.000000000000000000e+00 0.000000000000000000e+00 0.000000000000000000e+00
1.000000000000000000e+00 0.000000000000000000e+00 0.000000000000000000e+00
1.000000000000000000e+00 0.000000000000000000e+00 0.000000000000000000e+00
1.000000000000000000e+00 0.000000000000000000e+00 0.000000000000000000e+00
1.000000000000000000e+00 0.000000000000000000e+00 0.000000000000000000e+00
1.000000000000000000e+00 0.000000000000000000e+00 0.000000000000000000e+00
1.000000000000000000e+00 0.000000000000000000e+00 0.000000000000000000e+00
1.000000000000000000e+00 0.000000000000000000e+00 0.000000000000000000e+00
1.000000000000000000e+00 0.000000000000000000e+00 0.000000000000000000e+00
1.000000000000000000e+00 0.000000000000000000e+00 0.000000000000000000e+00
1.000000000000000000e+00 0.000000000000000000e+00 0.000000000000000000e+00
1.000000000000000000e+00 0.000000000000000000e+00 0.000000000000000000e+00
1.000000000000000000e+00 0.000000000000000000e+00 0.000000000000000000e+00
1.000000000000000000e+00 0.000000000000000000e+00 0.000000000000000000e+00
1.000000000000000000e+00 0.000000000000000000e+00 0.000000000000000000e+00
1.000000000000000000e+00 0.000000000000000000e+00 0.000000000000000000e+00
1.000000000000000000e+00 0.000000000000000000e+00 0.000000000000000000e+00
1.000000000000000000e+00 0.000000000000000000e+00 0.000000000000000000e+00
1.000000000000000000e+00 0.000000000000000000e+00 0.000000000000000000e+00
1.000000000000000000e+00 0.000000000000000000e+00 0.000000000000000000e+00
9.999997898571530985e-01 3.292705670106579863e-04 -5.584691133261455824e-04
9.999989621597160649e-01 9.177130072175862432e-04 -1.110646096967270006e-03
9.999970792439702993e-01 1.761891681628226757e-03 -1.654489150841400658e-03
9.999935239419278643e-01 2.857426397100518850e-03 -2.187997076537590187e-03
9.999875142424935470e-01 4.199012375531288588e-03 -2.709216548938867854e-03
9.999781210003669818e-01 5.780443435609069341e-03 -3.216249210217397760e-03
9.999642883811370453e-01 7.594638354741211142e-03 -3.707258565599736919e-03
9.999448566901615321e-01 9.633670374464720076e-03 -4.180476659064001101e-03
9.999185871973744755e-01 1.188879980515479204e-02 -4.634210505822399309e-03
9.998841885406429819e-01 1.435050967502864323e-02 -5.066848257156185767e-03
9.998403442671589536e-01 1.700854435432345643e-02 -5.476865072001779570e-03
9.997857410559793934e-01 1.985195106827006631e-02 -5.862828668731056257e-03
9.997190971555244277e-01 2.286912419239245028e-02 -6.223404529914888968e-03
9.996391905677939338e-01 2.604785220117214820e-02 -6.557360732587325797e-03
9.995448865163729657e-01 2.937536711677767032e-02 -6.863572376707004208e-03
9.994351637479339523e-01 3.283839627902016695e-02 -7.141025585196500262e-03
9.993091392367626780e-01 3.642321623168164740e-02 -7.388821050166390417e-03
9.991660908885592329e-01 4.011570849464320132e-02 -7.606177101717457797e-03
9.990054778729873242e-01 4.390141696661217091e-02 -7.792432278060724797e-03
9.988269582536294378e-01 4.776560668049560643e-02 -7.947047378580072291e-03
9.986304036284965324e-01 5.169332361334307013e-02 -8.069606984846008566e-03
9.984159105432721670e-01 5.566945523597201240e-02 -8.159820438413427010e-03
9.981838084921759169e-01 5.967879147449051819e-02 -8.217522268426334653e-03
9.979346643767663672e-01 6.370608574743158448e-02 -8.242672066520398064e-03
9.976692833501757951e-01 6.773611573846656519e-02 -8.235353811160504162e-03
9.973887060321301457e-01 7.175374356588608282e-02 -8.195774648269244997e-03
9.970942021376307807e-01 7.574397501628844787e-02 -8.124263139683203863e-03
9.967872606183200146e-01 7.969201752110739723e-02 -8.021266995507602554e-03
9.964695764693453084e-01 8.358333657050462384e-02 -7.887350310720393429e-03
9.961430344050515862e-01 8.740371027936807979e-02 -7.723190330306305314e-03
9.958096896532458997e-01 9.113928184418995659e-02 -7.529573770692297649e-03
9.954717461593579619e-01 9.477660965683432082e-02 -7.307392728234865867e-03
9.951315325279656010e-01 9.830271487094696670e-02 -7.057640207918967207e-03
9.947914760593882244e-01 1.017051262482484286e-01 -6.781405307227966923e-03
9.944540752630316449e-01 1.049719221443923545e-01 -6.479868091312387945e-03
9.941218712466942664e-01 1.080917695266633283e-01 -6.154294196119644220e-03
9.937974183920437188e-01 1.110539599477471384e-01 -5.806029196063060629e-03
9.934832547310042949e-01 1.138484424303917303e-01 -5.436492772139488866e-03
9.931818724360278461e-01 1.164658532463123813e-01 -5.047172715199659855e-03
9.928956888294292460e-01 1.188975425985890344e-01 -4.639618797396936542e-03
9.926270183035159622e-01 1.211355982395649761e-01 -4.215436542762541865e-03
9.923780455245606591e-01 1.231728660755057325e-01 -3.776280925461628253e-03
9.921508002702451590e-01 1.250029678247533971e-01 -3.323850021663534837e-03
9.919471342225719690e-01 1.266203158076796564e-01 -2.859878638203080387e-03
9.917687000069445036e-01 1.280201249543846120e-01 -2.386131938409688166e-03
9.916169327337217565e-01 1.291984221199151128e-01 -1.904399082726774845e-03
9.914930342616179448e-01 1.301520527970002061e-01 -1.416486899119268842e-03
9.913979603633891191e-01 1.308786853132417882e-01 -9.242135958489198014e-04
9.913324109338663703e-01 1.313768125937610776e-01 -4.294025270523823753e-04
9.912968233390598849e-01 1.316457515619671448e-01 6.612398025807519550e-05
9.912913689632660841e-01 1.316856402409202764e-01 5.605507305932904468e-04
9.913159529693186256e-01 1.314974326062890719e-01 1.052075689645657827e-03
9.913702172457711237e-01 1.310828912297491711e-01 1.538915933685569039e-03
9.914535464743085003e-01 1.304445777394498129e-01 2.019313513369011374e-03
9.915650772114451561e-01 1.295858411124786724e-01 2.491541226412299827e-03
9.917037098409755558e-01 1.285108038036530120e-01 2.953908292984677199e-03
9.918681232180588392e-01 1.272243457059785421e-01 3.404765926712512419e-03
9.920567917926093049e-01 1.257320859312128503e-01 3.842512792927328582e-03
9.922680049691783299e-01 1.240403623945398187e-01 4.265600344280816129e-03
9.924998884330890059e-01 1.221562091857186921e-01 4.672538022158007585e-03
9.927866448483013695e-01 1.197628267408811370e-01 5.616397289756202074e-03
9.931178050931009915e-01 1.169372298653276188e-01 6.535324075307279851e-03
9.934883637764948539e-01 1.136913626744347205e-01 7.426055597697097527e-03
9.938927766621880044e-01 1.100386365316449871e-01 8.285434138781404279e-03
9.943250455786496467e-01 1.059938947755165173e-01 9.110417680623475109e-03
9.947788094531202496e-01 1.015733726682646054e-01 9.898090583993334607e-03
9.952474401873293575e-01 9.679465201768917837e-02 1.064567426635089006e-02
9.957241420129815390e-01 9.167660996314835886e-02 1.135053782082632440e-02
9.962020529004247393e-01 8.623936147939838259e-02 1.201020850195927935e-02
9.966743465467212681e-01 8.050419523817500811e-02 1.262238198974149905e-02
9.971343334419238147e-01 7.449350257405620845e-02 1.318493233136692859e-02
9.975755595068664938e-01 6.823069942539171373e-02 1.369592145051401651e-02
9.979919008140545333e-01 6.174014125921069990e-02 1.415360810737805418e-02
9.983776529466346084e-01 5.504703113675507575e-02 1.455645618935560645e-02
9.987276136197418275e-01 4.817732122892395136e-02 1.490314221247081468e-02
9.990371572838325775e-01 4.115760824346642588e-02 1.519256191741831172e-02
9.993023005502436051e-01 3.401502337313276614e-02 1.542383585144783791e-02
9.995197574236716065e-01 2.677711751118461853e-02 1.559631383807123274e-02
9.996869834922379461e-01 1.947174260295377393e-02 1.570957825044778586e-02
9.998022084102033968e-01 1.212693010528258925e-02 1.576344602089650715e-02
9.998714757576884216e-01 5.099963750214114681e-03 1.519956147910608152e-02
9.998923023475071448e-01 -1.651262346018879043e-03 1.458290389788081086e-02
9.998703404899741409e-01 -8.102431269315885781e-03 1.391605434641829050e-02
9.998115862519895147e-01 -1.423055080584099789e-02 1.320177541112203465e-02
9.997222681293211899e-01 -2.001403453126466420e-02 1.244299739412410219e-02
9.996087344615094405e-01 -2.543277344208644611e-02 1.164280406834491272e-02
9.994773414260386124e-01 -3.046819825520004701e-02 1.080441813385462323e-02
9.993343433918174812e-01 -3.510333265036120337e-02 9.931186508548184300e-03
9.991857873271531298e-01 -3.932283785538184112e-02 9.026565571574855437e-03
9.990374128479448945e-01 -4.311304907276798659e-02 8.094106461261383473e-03
9.988945593616098684e-01 -4.646200431731414837e-02 7.137440511167085326e-03
9.987620816151546732e-01 -4.935946627613837373e-02 6.160264889152176730e-03
9.986442747955732724e-01 -5.179693781613230186e-02 5.166328485656863229e-03
9.985448101608469518e-01 -5.376767175014404015e-02 4.159418079467881724e-03
9.984666820033856194e-01 -5.526667543463509996e-02 3.143344792720848772e-03
9.984121665674956514e-01 -5.629071071105032353e-02 2.121930832302778083e-03
9.983827933606916893e-01 -5.683828962433723486e-02 1.098996502639700999e-03
9.983793291172826656e-01 -5.690966625906092313e-02 7.834746543821974503e-05
9.984017744931935612e-01 -5.650682493083249158e-02 -9.362377844521266573e-04
9.984493733946874228e-01 -5.563346486294437621e-02 -1.941020261136987583e-03
9.985206346715685966e-01 -5.429498136987301327e-02 -2.932312681883467945e-03
9.986133657385204421e-01 -5.249844346526486016e-02 -3.906491544547820681e-03
9.987247175273755717e-01 -5.025256771654044302e-02 -4.860009113388435997e-03
9.988512400193299001e-01 -4.756768808536004922e-02 -5.789405329846816599e-03
9.989889474605284647e-01 -4.445572142646096042e-02 -6.691319654038145950e-03
9.991333922283988089e-01 -4.093012826979924162e-02 -7.562502830041355553e-03
9.992797461911526735e-01 -3.700586848485062225e-02 -8.399828554130099253e-03
9.994228882907910672e-01 -3.269935142294726899e-02 -9.200305010403685493e-03
9.995574969827167866e-01 -2.802838015445261247e-02 -9.961086223456353320e-03
9.996781460848063183e-01 -2.301208946236420541e-02 -1.067948316337362542e-02
9.997794025276854901e-01 -1.767087732168241485e-02 -1.135297452506909936e-02
9.998559244581398664e-01 -1.202632968283412311e-02 -1.197921709235068646e-02
9.999025581310182487e-01 -6.101138485021665933e-03 -1.255605558766089737e-02
9.999144320333340774e-01 8.098705174530967249e-05 -1.308153190163233517e-02
9.998870467187684907e-01 6.495415672957111954e-03 -1.355389359281116042e-02
9.998163588921148426e-01 1.311669555021355987e-02 -1.397160154739846699e-02
9.996988583714201404e-01 1.991866148906026868e-02 -1.433333669179598889e-02
9.995316366699610322e-01 2.687454727700185411e-02 -1.463800565714621325e-02
9.993124460792691677e-01 3.395710243276890694e-02 -1.488474530482555847e-02
9.990397482959122444e-01 4.113871249897130267e-02 -1.507292603475175741e-02
9.987127518156163619e-01 4.839152191867662767e-02 -1.520215381404993633e-02
9.983314375148598652e-01 5.568755845603999555e-02 -1.527227088162360844e-02
9.978965720479894275e-01 6.299885806495678087e-02 -1.528335510394246075e-02
9.974097089024703822e-01 7.029758908000513506e-02 -1.523571797826423282e-02
9.968731771711020206e-01 7.755617460190555867e-02 -1.512990130088424055e-02
9.962900583128354581e-01 8.474741197554191974e-02 -1.496667253916739333e-02
9.956641513782718000e-01 9.184458831142697233e-02 -1.474701896638916029e-02
9.949999273673486577e-01 9.882159107954154031e-02 -1.447214063715734390e-02
9.943024735609641285e-01 1.056530129050259337e-01 -1.414344229783318432e-02
9.935774288217916750e-01 1.123142498147864099e-01 -1.376252434043066103e-02
9.928309109894829509e-01 1.187815923186279765e-01 -1.333117291956211967e-02
9.920694375998440062e-01 1.250323088535401639e-01 -1.285134935984640764e-02
9.912998412352380662e-01 1.310447212705145026e-01 -1.232517898565354229e-02
9.905291808641071283e-01 1.367982721949887737e-01 -1.175493950610080086e-02
9.897646505515975690e-01 1.422735842400643380e-01 -1.114304908592983999e-02
9.890134869220282843e-01 1.474525111917045217e-01 -1.049205422748260459e-02
9.882828767291724770e-01 1.523181814133267309e-01 -9.804617580750395536e-03
9.875798658443475375e-01 1.568550338302387159e-01 -9.083505787770184553e-03
9.869112709077831891e-01 1.610488469495869879e-01 -8.331577454921324302e-03
9.862835948085327820e-01 1.648867614469199661e-01 -7.551771332413095839e-03
9.857029470652645120e-01 1.683572969048836021e-01 -6.747094764951878237e-03
9.851749700774964369e-01 1.714503633224302159e-01 -5.920612461744832050e-03
9.847047721069679405e-01 1.741572680243834714e-01 -5.075435618132882222e-03
9.842968677343472139e-01 1.764707185920355581e-01 -4.214711405722710962e-03
9.839551264195263158e-01 1.783848224069913557e-01 -3.341612833341345463e-03
9.836827296761712081e-01 1.798950833545329697e-01 -2.459328967856951910e-03
9.834821372544102491e-01 1.809983961715719292e-01 -1.571055492230695027e-03
9.833550626106404291e-01 1.816930388503149030e-01 -6.799855683627935993e-04
9.833024578311458930e-01 1.819786634248576895e-01 2.106990354152317923e-04
9.833245080670004468e-01 1.818562853769576104e-01 1.097836597820857091e-03
9.834206354317801546e-01 1.813282718022139750e-01 1.978293927836279054e-03
9.835895122109783451e-01 1.803983283818189065e-01 2.848974727216463040e-03
9.838290831326447217e-01 1.790714851108789474e-01 3.706827880327308658e-03
9.841365963525763316e-01 1.773540806448947182e-01 4.548855715614508709e-03
9.845086427143450170e-01 1.752537450439944633e-01 5.372122277197914804e-03
9.849412027546236015e-01 1.727793806224013351e-01 6.173761637412542719e-03
9.854297008379181433e-01 1.699411405505592276e-01 6.950986271822669552e-03
9.859690657223589838e-01 1.667504048112163906e-01 7.701095507608443809e-03
9.865537967803276187e-01 1.632197530800794660e-01 8.421484044589245405e-03
9.871780350252954417e-01 1.593629340875113987e-01 9.109650535858130824e-03
9.878356380304591511e-01 1.551948310208272896e-01 9.763206202432067604e-03
9.885202577668970036e-01 1.507314225472483060e-01 1.037988344386118339e-02
9.892254203405240753e-01 1.459897390752231960e-01 1.095754439477845260e-02
9.899446065696562158e-01 1.409878139258404495e-01 1.149418936629348874e-02
9.906713323200937449e-01 1.357446291551563100e-01 1.198796510130694000e-02
9.913992275038323587e-01 1.302800558506999329e-01 1.243717276458234863e-02
9.921221126521639899e-01 1.246147888189902408e-01 1.284027558205640823e-02
9.928340719951870286e-01 1.187702756830191497e-01 1.319590603964066085e-02
9.935295220183973930e-01 1.127686405164071010e-01 1.350287254985062073e-02
9.942032745234954394e-01 1.066326022511687732e-01 1.376016549510478311e-02
9.948505932947563357e-01 1.003853882054464852e-01 1.396696255950279596e-02
9.954672435637197392e-01 9.405064318285751013e-02 1.412263326627612864e-02
9.960495335724748323e-01 8.765233469302723124e-02 1.422674264578256513e-02
9.965943476578471572e-01 8.121465493041976624e-02 1.427905396868670365e-02
9.970991704132354805e-01 7.476192022302852180e-02 1.427953049055931053e-02
9.975621016291681409e-01 6.831846872157765205e-02 1.422833616720292974e-02
9.979818618649410888e-01 6.190855714185281022e-02 1.412583531418261720e-02
9.983577886587905459e-01 5.555625739645631000e-02 1.397259119888522548e-02
9.986898235395955670e-01 4.928535395713019851e-02 1.376936356850381668e-02
9.989784901557060559e-01 4.311924277492618779e-02 1.351710513219714360e-02
9.992248639828230639e-01 3.708083255368353065e-02 1.321695702987299957e-02
9.994305342097726808e-01 3.119244912387266963e-02 1.287024333318380342e-02
9.995975585256512419e-01 2.547574360078801864e-02 1.247846463604366553e-02
9.997284116416972344e-01 1.995160493570496962e-02 1.204329080197719982e-02
9.998259284743229447e-01 1.464007738369137515e-02 1.156655294365893823e-02
9.998932429904794361e-01 9.560283320265743762e-03 1.105023471594146142e-02
9.999337237719123639e-01 4.730351744130154024e-03 1.049646300742298685e-02
9.999509073903990464e-01 1.673527078837836607e-04 9.907498117173478211e-03
9.999484307017512119e-01 -4.112762174066027926e-03 9.285723502701770035e-03
9.999299631627015517e-01 -8.095213078468443957e-03 8.633635182754730367e-03
9.998991402526538064e-01 -1.176643920458879389e-02 7.953830874305782561e-03
9.998594990428950613e-01 -1.511413997103631945e-02 7.248998937378337698e-03
9.998144169007595616e-01 -1.812731032320204910e-02 6.521907194463967029e-03
9.997670542470848964e-01 -2.079627034193367099e-02 5.775391683566184070e-03
9.997203022039472531e-01 -2.311268937638531404e-02 5.012345395673122386e-03
9.996767358779723445e-01 -2.506960494303642553e-02 4.235707039081178411e-03
9.996385739243716095e-01 -2.666143663908175643e-02 3.448449864790469836e-03
9.996076449300687061e-01 -2.788399531261218089e-02 2.653570579482455571e-03
9.995853610425965430e-01 -2.873448771549493019e-02 1.854078365648538246e-03
9.995726991564939379e-01 -2.921151683922600453e-02 1.052984022503341069e-03
9.995701898522156847e-01 -2.931507810114646409e-02 2.532892365778014777e-04
9.995779141655052324e-01 -2.904655151037038516e-02 -5.420240125165983261e-04
9.995955081490411898e-01 -2.840868990177317088e-02 -1.330003907647075729e-03
9.996221750741868251e-01 -2.740560328469252016e-02 -2.107739108077952804e-03
9.996567050099759433e-01 -2.604273931283091273e-02 -2.872368917908932166e-03
9.996975014101747714e-01 -2.432685984534839821e-02 -3.621093302985412508e-03
9.997426142384526759e-01 -2.226601353825865409e-02 -4.351182746823569446e-03
9.997897790674561413e-01 -1.986950438171776814e-02 -5.059987931660395698e-03
9.998364615010073564e-01 -1.714785608406291587e-02 -5.744949225500097824e-03
9.998799061908429930e-01 -1.411277219861904741e-02 -6.403605950231539001e-03
9.999171896513741054e-01 -1.077709189507235037e-02 -7.033605399808321931e-03
9.999452760189826428e-01 -7.154741293934382962e-03 -7.632711571399203483e-03
9.999610748574193630e-01 -3.260680310197568762e-03 -8.198813566621523247e-03
9.999615000789189301e-01 8.891550097999312459e-04 -8.729933614748049825e-03
9.999435290325542347e-01 5.277914626942015533e-03 -9.224234665395823068e-03
9.999042608078239081e-01 9.887901036512377478e-03 -9.680027494906021449e-03
9.998409728129953322e-01 1.470064003520726512e-02 -1.009577726861317186e-02
9.997511747145568783e-01 1.969695551269174186e-02 -1.047010950064343124e-02
9.996326588662169943e-01 2.485704798346959413e-02 -1.080181535388822188e-02
9.994835464128560831e-01 3.016057650576383503e-02 -1.108985622542890681e-02
9.993201578829459253e-01 3.525790091143965466e-02 -1.077530500471224166e-02
9.991373755736366880e-01 4.019816717892520097e-02 -1.042193326458213005e-02
9.989382621564155684e-01 4.496361190123811941e-02 -1.003127522104371727e-02
9.987260930283905491e-01 4.953725334898623905e-02 -9.604997616868575852e-03
9.985043049792687864e-01 5.390295074853767437e-02 -9.144891783802351626e-03
9.982764430363271213e-01 5.804545864544376210e-02 -8.652865315111380601e-03
9.980461063214672857e-01 6.195047626405377622e-02 -8.130933416159709035e-03
9.978168937533984373e-01 6.560469183903940016e-02 -7.581209998515942017e-03
9.975923504136764430e-01 6.899582195360433323e-02 -7.005898579655250001e-03
9.973759153686369006e-01 7.211264597106642471e-02 -6.407283045826351123e-03
9.971708717012442991e-01 7.494503569014258904e-02 -5.787718330303935101e-03
9.969802994587438905e-01 7.748398038884102279e-02 -5.149621053270294485e-03
9.968070321650165377e-01 7.972160744690785783e-02 -4.495460163202655117e-03
9.966536174820121996e-01 8.165119875216181322e-02 -3.827747613123808068e-03
9.965222825338895252e-01 8.326720310198137964e-02 -3.149029098636156772e-03
9.964149043317864773e-01 8.456524480819194167e-02 -2.461874878523069576e-03
9.963329856577063381e-01 8.554212870241847955e-02 -1.768870693066879139e-03
9.962776366839596331e-01 8.619584172064753691e-02 -1.072608790275171326e-03
9.962495625210064931e-01 8.652555122150334954e-02 -3.756790660718472858e-04
9.962490568023608661e-01 8.653160016396538312e-02 3.193396786904311932e-04
9.962480742844621595e-01 8.654231228363244710e-02 4.534907129297938372e-04
9.962524757390286423e-01 8.649082711385475131e-02 5.868515098470489071e-04
9.962622098894399203e-01 8.637763178559124122e-02 7.189301251139761486e-04
9.962771947573793030e-01 8.620343951478849631e-02 8.492416970887343205e-04
9.962973185382355545e-01 8.596918593406815967e-02 9.773101909498140179e-04
9.963224407364158486e-01 8.567602464271363572e-02 1.102670103315374307e-03
9.963523935452034408e-01 8.532532199297176989e-02 1.224868121702488415e-03
9.963869834529601732e-01 8.491865113292129674e-02 1.343464733322818861e-03
9.964259930549062005e-01 8.445778532837981689e-02 1.458035777863920515e-03
9.964691830474462497e-01 8.394469058852677135e-02 1.568173939069737299e-03
9.965162943800801587e-01 8.338151762210935236e-02 1.673490170111036936e-03
9.965670505383577016e-01 8.277059315326891487e-02 1.773615047927663228e-03
9.966211599301318946e-01 8.211441062817077807e-02 1.868200051930768045e-03
9.966783183465464102e-01 8.141562034573300577e-02 1.956918762675683657e-03
9.967382114687669548e-01 8.067701904781930666e-02 2.039467976355803167e-03
9.968005173914373795e-01 7.990153900627545991e-02 2.115568731225573543e-03
9.968649091342028923e-01 7.909223664613401761e-02 2.184967242337031417e-03
9.969310571133912502e-01 7.825228074617264495e-02 2.247435741269595937e-03
9.969986315470574789e-01 7.738494025977106505e-02 2.302773217847094676e-03
9.970673047680652656e-01 7.649357180065330386e-02 2.350806061168962680e-03
9.971367534216695194e-01 7.558160683960703230e-02 2.391388597633613972e-03
9.972066605261545869e-01 7.465253865962456770e-02 2.424403524000200757e-03
9.972767173774357286e-01 7.370990911809167934e-02 2.449762233919025936e-03
9.973466252811127308e-01 7.275729526564633787e-02 2.467405036759188347e-03
9.974160970982306473e-01 7.179829587212449571e-02 2.477301267972664353e-03
9.974848585939192214e-01 7.083651791059061842e-02 2.479449290654802199e-03
9.975526495810940197e-01 6.987556305080717955e-02 2.473876388389670538e-03
9.976192248544735186e-01 6.891901421361970592e-02 2.460638549902265885e-03
9.976843549132446975e-01 6.797042223761674828e-02 2.439820146475456860e-03
9.977478264737543734e-01 6.703329270906367710e-02 2.411533503524872397e-03
9.978094427765632490e-01 6.611107300550386756e-02 2.375918368156807424e-03
9.978690236950382708e-01 6.520713960257325248e-02 2.333141274959747626e-03
9.979264056553315276e-01 6.432478569248786804e-02 2.283394812696423401e-03
9.979814413800601747e-01 6.346720916134603041e-02 2.226896794967719168e-03
9.980339994702336348e-01 6.263750097084604118e-02 2.163889338309647661e-03
9.980839638419345405e-01 6.183863398826826285e-02 2.094637851557600797e-03
9.981312330359247698e-01 6.107345230661913316e-02 2.019429940666033450e-03
9.981757194196982930e-01 6.034466109469951989e-02 1.938574233504673479e-03
9.982173483025156280e-01 5.965481701455545294e-02 1.852399129462668900e-03
9.982560569846284926e-01 5.900631924131263112e-02 1.761251478978346921e-03
9.983098509874207549e-01 5.807325225310060179e-02 2.223028187985618982e-03
9.983747365272072072e-01 5.692746693010236614e-02 2.674336490438669958e-03
9.984497069365786404e-01 5.557420017243785981e-02 3.113541985514609641e-03
9.985336143359784256e-01 5.401943433056923677e-02 3.539061780446259731e-03
9.986251879742692461e-01 5.226987352382672647e-02 3.949370051875978130e-03
9.987230542329647021e-01 5.033291748470734156e-02 4.343003423285233047e-03
9.988257579870684078e-01 4.821663295889100365e-02 4.718566140709282326e-03
9.989317849974059804e-01 4.592972269971450777e-02 5.074735027857976699e-03
9.990395849959299301e-01 4.348149210710456486e-02 5.410264200788909503e-03
9.991475951169511704e-01 4.088181357453558179e-02 5.723989521483087255e-03
9.992542633237686545e-01 3.814108862319315341e-02 6.014832769116457492e-03
9.993580714818310895e-01 3.527020791985568948e-02 6.281805507556604933e-03
9.994575577364058772e-01 3.228050929364651572e-02 6.524012627687660569e-03
9.995513378646959657e-01 2.918373388629058943e-02 6.740655543612519493e-03
9.996381252893077329e-01 2.599198059032368363e-02 6.931035022622783308e-03
9.997167494617129613e-01 2.271765894930923013e-02 7.094553630073914020e-03
9.997861723505628850e-01 1.937344071297338044e-02 7.230717771953301849e-03
9.998455028000126088e-01 1.597221025773399791e-02 7.339139319966775030e-03
9.998940085571352832e-01 1.252701409886485331e-02 7.419536806366293195e-03
9.999311258044998318e-01 9.051009734036913335e-03 7.471736178458249569e-03
9.999586121805263961e-01 5.886658206157559248e-03 6.937221260613395807e-03
9.999752129193990591e-01 2.977098005944712675e-03 6.380766717043045988e-03
9.999831000503567324e-01 3.320719949879103947e-04 5.804566371763835581e-03
9.999843447872495128e-01 -2.039728607379944283e-03 5.210877521714276858e-03
9.999808809998415038e-01 -4.130689578212528960e-03 4.602011888994447103e-03
9.999744719501921786e-01 -5.934294674736054903e-03 3.980326500006125222e-03
9.999666807754076236e-01 -7.445142341679010685e-03 3.348214526189767937e-03
9.999588451322001248e-01 -8.658958244883274702e-03 2.708096117033758233e-03
9.999520563479861179e-01 -9.572603736703965902e-03 2.062409252231721477e-03
9.999471433488408278e-01 -1.018408035605489030e-02 1.413600636429116538e-03
9.999446615576222941e-01 -1.049253045872618195e-02 7.641166570526977458e-04
9.999448868770672849e-01 -1.049823406277566526e-02 1.163944233524230208e-04
9.999478147937033157e-01 -1.020260198046551124e-02 -5.271470969263791946e-04
9.999531645600170382e-01 -9.608165293533473678e-03 -1.164115827843284880e-03
9.999603883354510891e-01 -8.718561213726098991e-03 -1.792155207458654342e-03
9.999686850923974468e-01 -7.538515356630011086e-03 -2.408952666489853119e-03
9.999770190223263855e-01 -6.073820445003821726e-03 -3.012247947004949734e-03
9.999841421103979888e-01 -4.331311449023032313e-03 -3.599841243190387858e-03
9.999886204851929916e-01 -2.318837165953401003e-03 -4.169601144234954919e-03
9.999888640943702667e-01 -4.522824144880151220e-05 -4.719472357043758871e-03
9.999831592078796128e-01 2.479738360578067832e-03 -5.247483183967227571e-03
9.999697032085413939e-01 5.245378422453482979e-03 -5.751752728146034520e-03
9.999466410960081708e-01 8.240143039015069074e-03 -6.230497796583113479e-03
9.999121031049287289e-01 1.145166463226078915e-02 -6.682039468807927235e-03
9.998642428220281264e-01 1.486680633527932491e-02 -7.104809297139467669e-03
9.998012751801754749e-01 1.847171463636001348e-02 -7.497355103215384842e-03
9.997215137105798233e-01 2.225187514063730818e-02 -7.858346334751206350e-03
9.996234064471297698e-01 2.619217127048147423e-02 -8.186578946521083644e-03
9.995055698995037874e-01 3.027694568817117585e-02 -8.480979770380502047e-03
9.993668205437783447e-01 3.449006418633584342e-02 -8.740610340824921456e-03
9.992062033204154314e-01 3.881498175444943188e-02 -8.964670145109709942e-03
9.990230166790968758e-01 4.323481049451316505e-02 -9.152499270328720918e-03
9.988168337670793040e-01 4.773238902716717136e-02 -9.303580424013951217e-03
9.985875194215964035e-01 5.229035300192228647e-02 -9.417540309700152962e-03
9.983352426961837889e-01 5.689120630298372117e-02 -9.494150344393133614e-03
9.980604847243913502e-01 6.151739252606849839e-02 -9.533326710862639539e-03
9.977640418007913681e-01 6.615136629232840071e-02 -9.535129744005707564e-03
9.974470236370627241e-01 7.077566396339560195e-02 -9.499762657036298769e-03
9.971108468287510629e-01 7.537297332685527484e-02 -9.427569619786505331e-03
9.967572236446190503e-01 7.992620183406867751e-02 -9.319033207786358436e-03
9.963881463239004921e-01 8.441854299193896072e-02 -9.174771246860528515e-03
9.960058671359302007e-01 8.883354053642596171e-02 -8.995533083588096515e-03
9.956128745203388641e-01 9.315515004767034590e-02 -8.782195316978656449e-03
9.952118656832290577e-01 9.736779770360226571e-02 -8.535757031006688256e-03
9.948057160746092142e-01 1.014564359098663882e-01 -8.257334571122576169e-03
9.943974462141677018e-01 1.054065955876699601e-01 -7.948155910455344947e-03
9.939901863657446546e-01 1.092044349465708941e-01 -7.609554653099960542e-03
9.935871395853115295e-01 1.128367846150622744e-01 -7.242963722630190761e-03
9.931915436828278043e-01 1.162911890468942971e-01 -6.849908783814505527e-03
9.928066326451013834e-01 1.195559441642787268e-01 -6.432001444481862465e-03
9.924355980650169107e-01 1.226201312394120252e-01 -5.990932282655632435e-03
9.920815511126280795e-01 1.254736470522230807e-01 -5.528463741538082628e-03
9.917474855661827515e-01 1.281072303941404866e-01 -5.046422931793042091e-03
9.914362423968049454e-01 1.305124850143888349e-01 -4.546694376962799947e-03
9.911504763700049736e-01 1.326818991264489545e-01 -4.031212733898279117e-03
9.908926250911860301e-01 1.346088616076232536e-01 -3.501955515915528352e-03
9.906648808816390650e-01 1.362876750340874243e-01 -2.960935842153529680e-03
9.904691658269426657e-01 1.377135656975153610e-01 -2.410195232431722699e-03
9.903071102919739355e-01 1.388826907476330419e-01 -1.851796462916679769e-03
9.901800351466095718e-01 1.397921425983397192e-01 -1.287816494221506822e-03
9.900889378943518171e-01 1.404399507239124933e-01 -7.203394802806829160e-04
9.900344828431768551e-01 1.408250809569794870e-01 -1.514498635530683607e-04
9.900169954044831799e-01 1.409474323821875430e-01 4.167744401252452408e-04
9.900364605526462691e-01 1.408078318996509315e-01 9.822687653398476035e-04
9.900925254248810203e-01 1.404080265112308268e-01 1.542988328836861081e-03
9.901845059893377154e-01 1.397506733613597396e-01 2.096914768831029292e-03
9.903113976590616208e-01 1.388393275433769114e-01 2.642062591219260757e-03
9.904718896810521533e-01 1.376784276630304837e-01 3.176485521139001469e-03
9.906643830835820674e-01 1.362732791337223082e-01 3.698282756858768151e-03
9.908870119215887895e-01 1.346300351639376502e-01 4.205605121045979944e-03
9.911376675197434150e-01 1.327556753867299710e-01 4.696661102104501481e-03
9.914140253761444255e-01 1.306579820746255338e-01 5.169722775602979270e-03
9.917135743569001072e-01 1.283455138812501228e-01 5.623131592926722440e-03
9.920336477835571820e-01 1.258275770536002591e-01 6.055304021288981063e-03
9.923714559918218603e-01 1.231141940662790479e-01 6.464737016244330448e-03
9.927241199216926271e-01 1.202160696411405244e-01 6.850013304970320113e-03
9.930887052863395237e-01 1.171445541324363793e-01 7.209806455933922588e-03
9.934622568601528814e-01 1.139116042783937938e-01 7.542885708240989334e-03
9.938418324256094172e-01 1.105297413446985760e-01 7.848120532075312725e-03
9.942245359241569380e-01 1.070120067130179431e-01 8.124484890252508390e-03
9.946075493683194102e-01 1.033719149977733870e-01 8.371061170111559341e-03
9.949881630906685093e-01 9.962340480608407323e-02 8.587043754795650394e-03
9.953638039301102580e-01 9.578078728830217992e-02 8.771742203467117194e-03
9.957320609868597350e-01 9.185869265897821101e-02 8.924584011172647172e-03
9.960907086141852496e-01 8.787201489954257760e-02 9.045116920917247588e-03
9.964377263570186605e-01 8.383585488360897897e-02 9.133010762991900996e-03
9.967713155942581338e-01 7.976546219278241034e-02 9.188058799683278613e-03
9.970899126923137290e-01 7.567617591445370551e-02 9.210178557109600928e-03
9.973921985313627392e-01 7.158336473264638455e-02 9.199412129993729884e-03
9.976771043219788693e-01 6.750236663803425852e-02 9.155925949608659589e-03
9.979438136873183263e-01 6.344842859338965801e-02 9.080010009807220478e-03
9.981917610438728605e-01 5.943664649572312497e-02 8.972076550866181499e-03
9.984206263709094475e-01 5.548190577615851049e-02 8.832658205720961275e-03
9.986303265140868968e-01 5.159882297323440531e-02 8.662405617928092133e-03
9.988210032213835632e-01 4.780168860506212730e-02 8.462084545260286500e-03
9.989930081584600385e-01 4.410441165097317429e-02 8.232572467113693712e-03
9.991468851950677799e-01 4.052046593444899591e-02 7.974854717800560280e-03
9.992833502933475831e-01 3.706283867684104227e-02 7.690020171239116305e-03
9.994032693622130203e-01 3.374398146633946632e-02 7.379256505478612796e-03
9.995076344689750591e-01 3.057576385956828000e-02 7.043845077871556393e-03
9.996026693310438027e-01 2.724042735711803068e-02 7.243416628211973678e-03
9.996888030722044238e-01 2.381849187706248580e-02 7.414917507813142267e-03
9.997648980033969623e-01 2.032320166992354973e-02 7.557828831675030001e-03
9.998299767021778806e-01 1.676802539186342603e-02 7.671742003229025178e-03
9.998832352209839902e-01 1.316660321152546102e-02 7.756359997890890576e-03
9.999240535706414024e-01 9.532693180460514656e-03 7.811498182662962933e-03
9.999520033415214559e-01 5.880117135057547420e-03 7.837084663638506365e-03
9.999668523699526412e-01 2.222706406959366887e-03 7.833160156763156745e-03
9.999685664039694721e-01 -1.425752375631595889e-03 7.799877380878022896e-03
9.999573077694152712e-01 -5.051571111744488154e-03 7.737499975825903702e-03
9.999334310840009010e-01 -8.641213394788101534e-03 7.646400952163268615e-03
9.998974761123583521e-01 -1.218134674742140169e-02 7.527060682703216356e-03
9.998501578986374039e-01 -1.565889365829155680e-02 7.380064449638511735e-03
9.997923543540436775e-01 -1.906108116797441965e-02 7.206099564284471244e-03
9.997250915142388283e-01 -2.237548876769541312e-02 7.005952079472257954e-03
9.996495267151249697e-01 -2.559009439326737426e-02 6.780503117257378511e-03
9.995669299647018669e-01 -2.869331831765380147e-02 6.530724836840791879e-03
9.994786638130156442e-01 -3.167406476810302046e-02 6.257676069398908705e-03
9.993861620413894142e-01 -3.452176111732573743e-02 5.962497647865351406e-03
9.992909075059459578e-01 -3.722639452212267441e-02 5.646407460596947724e-03
9.992102532408841942e-01 -3.944978978936831276e-02 4.752680557475077831e-03
9.991413180030501717e-01 -4.125325734614115891e-02 3.846997546124318081e-03
9.990865345855455271e-01 -4.263213596619040702e-02 2.932796708232372589e-03
9.990477669059594223e-01 -4.358335698135320374e-02 2.013528515182385140e-03
9.990262859006616702e-01 -4.410544251453529102e-02 1.092643533634640295e-03
9.990227556817518062e-01 -4.419849957808105745e-02 1.735805184067930806e-04
9.990372300403741468e-01 -4.386421022156039573e-02 -7.402453182064094080e-04
9.990691592318126091e-01 -4.310581784045133119e-02 -1.645453874202145415e-03
9.991174068326339475e-01 -4.192810968398423543e-02 -2.538711576644392311e-03
9.991802763192895176e-01 -4.033739552992200023e-02 -3.416742663522158181e-03
9.992555468821097131e-01 -3.834148242951114505e-02 -4.276340336831387437e-03
9.993405178596465044e-01 -3.594964537022418694e-02 -5.114377789190922494e-03
9.994320610570103236e-01 -3.317259365985197189e-02 -5.927819098851896257e-03
9.995266800994668799e-01 -3.002243280519642510e-02 -6.713729979217513376e-03
9.996205758704571620e-01 -2.651262164376262317e-02 -7.469288359333658457e-03
9.997097169928362836e-01 -2.265792448860188754e-02 -8.191794761653187207e-03
9.997899142350186175e-01 -1.847435806536429706e-02 -8.878682433153782527e-03
9.998568976614156112e-01 -1.397913305660299435e-02 -9.527527176044828933e-03
9.999063953006011030e-01 -9.190590120723960560e-03 -1.013605681527040073e-02
9.999342120764633801e-01 -4.128130320361713540e-03 -1.070216023221862156e-02
9.999427568334221528e-01 8.586200518663289830e-04 -1.066545787566168177e-02
9.999270100602227762e-01 5.818522467359729493e-03 -1.058893229377924280e-02
9.998875557228849020e-01 1.073298621955313600e-02 -1.047306152391672129e-02
9.998253266587323607e-01 1.558368843149690076e-02 -1.031847254957537520e-02
9.997415871809982590e-01 2.035264671636520528e-02 -1.012593790713546549e-02
9.996379108273777403e-01 2.502228960709731304e-02 -9.896371643191714459e-03
9.995161536487144893e-01 2.957552434960577029e-02 -9.630824658402750357e-03
9.993784234999755212e-01 3.399580169419474246e-02 -9.330479479112226485e-03
9.992270458527423571e-01 3.826717736500329092e-02 -8.996644502406180716e-03
9.990645266957787207e-01 4.237436993604500046e-02 -8.630747763645609666e-03
9.988935131272184131e-01 4.630281489330617672e-02 -8.234330277807141649e-03
9.987167522681977827e-01 5.003871471391770076e-02 -7.809039007166434371e-03
9.985370491432171702e-01 5.356908484419012351e-02 -7.356619507992067687e-03
9.983572241772735723e-01 5.688179550693767822e-02 -6.878908308039513586e-03
9.981800709541800432e-01 5.996560931377943604e-02 -6.377825064832485895e-03
9.980083148649872005e-01 6.281021469892181242e-02 -5.855364552106327725e-03
9.978445732507094101e-01 6.540625522641620171e-02 -5.313588518499785807e-03
9.976913176104096337e-01 6.774535485238361576e-02 -4.754617458768360151e-03
9.975508384049944777e-01 6.982013924676799821e-02 -4.180622333615257105e-03
9.974252129397388478e-01 7.162425329561949994e-02 -3.593816269860108329e-03
9.973162767555678876e-01 7.315237491474570197e-02 -2.996446268255193932e-03
9.972255989014380262e-01 7.440022530905260334e-02 -2.390784941971433111e-03
9.971544613987393113e-01 7.536457580948112411e-02 -1.779122304758075715e-03
9.971038431444134709e-01 7.604325141176343505e-02 -1.163757624161330332e-03
9.970744084333356128e-01 7.643513112906720475e-02 -5.469913520793661310e-04
9.970665002132848009e-01 7.654014525487819187e-02 6.888285757669675765e-05
9.970801381183290735e-01 7.635926961419908787e-02 6.815860361891485503e-04
9.971150212594235285e-01 7.589451686137756170e-02 1.288861685919530028e-03
9.971705356851834345e-01 7.514892486270560723e-02 1.888483457007528871e-03
9.972457663618253809e-01 7.412654218242829829e-02 2.478262710233380094e-03
9.973395134598225242e-01 7.283241067299293936e-02 3.056055956944284027e-03
9.974503126765348338e-01 7.127254515520975442e-02 3.619772167489856453e-03
9.975764592695647304e-01 6.945391016233086467e-02 4.167379936833000634e-03
9.977160354254682728e-01 6.738439371459994942e-02 4.696914493601735824e-03
9.978669405433159278e-01 6.507277808814354580e-02 5.206484536040464559e-03
9.980269239730249486e-01 6.252870754455885915e-02 5.694278875333361016e-03
9.981936197149435808e-01 5.976265299541132919e-02 6.158572863742834379e-03
9.983645825603740809e-01 5.678587358910652805e-02 6.597734582070175977e-03
9.985373251330661448e-01 5.361037522607258604e-02 7.010230758239944897e-03
9.987093552796102447e-01 5.024886603151970665e-02 7.394632386464870463e-03
9.988669675811374660e-01 4.704322677636713773e-02 7.191751767376781609e-03
9.990100008473252746e-01 4.393768376075115473e-02 6.964445984614446063e-03
9.991389115008678656e-01 4.094346610068398673e-02 6.713673506664636324e-03
9.992542714742022048e-01 3.807133349784740800e-02 6.440477917303661856e-03
9.993567504217719666e-01 3.533153644757529993e-02 6.145983483761778728e-03
9.994470970237860907e-01 3.273377880747280894e-02 5.831390420502490998e-03
9.995261197009489562e-01 3.028718286531146414e-02 5.497969875263012361e-03
9.995946670638820031e-01 2.800025702402975103e-02 5.147058664702733322e-03
9.996536084199791894e-01 2.588086620132823770e-02 4.780053787346850297e-03
9.997038146543496540e-01 2.393620502188260543e-02 4.398406741522718766e-03
9.997461397904987557e-01 2.217277386195257161e-02 4.003617675705480397e-03
9.997814035207592820e-01 2.059635778941710030e-02 3.597229398162199356e-03
9.998103749765387960e-01 1.921200842721827035e-02 3.180821272059716244e-03
9.998337579846076073e-01 1.802402875497087151e-02 2.756003021332904118e-03
9.998521780283445848e-01 1.703596085213552810e-02 2.324408471649707601e-03
9.998661711025789156e-01 1.625057657662588168e-02 1.887689249808524464e-03
9.998761746179214427e-01 1.566987116491847312e-02 1.447508463910127021e-03
9.998825204758021723e-01 1.529505973348573543e-02 1.005534385703348368e-03
9.998854303993631731e-01 1.512657665645039499e-02 5.634341556477258546e-04
9.998850135684543838e-01 1.516407779049159729e-02 1.228675304961079537e-04
9.998812665697801583e-01 1.540644551491530262e-02 -3.145193074036646184e-04
9.998740756362994864e-01 1.585179655211092081e-02 -7.470998603450475749e-04
9.998632211138117620e-01 1.649749253102518812e-02 -1.173273326600274453e-03
9.998483840577816473e-01 1.734015325347335740e-02 -1.591470494585282012e-03
9.998291548303521736e-01 1.837567261977920627e-02 -2.000159501613633928e-03
9.998050435366385713e-01 1.959923716612477912e-02 -2.397851438931834778e-03
9.997754921112101956e-01 2.100534716087822107e-02 -2.783105784584850775e-03
9.997398878405576728e-01 2.258784020088672531e-02 -3.154535645478242015e-03
9.996975780856630633e-01 2.433991724116486843e-02 -3.510812789821655868e-03
9.996478859508557413e-01 2.625417098253486972e-02 -3.850672450999582594e-03
9.995901266312096078e-01 2.832261653161036868e-02 -4.172917883861999161e-03
9.995236241610242489e-01 3.053672423615200887e-02 -4.476424654501584555e-03
9.994477282805858120e-01 3.288745458641934016e-02 -4.760144644824663290e-03
9.993618311375053187e-01 3.536529505991661826e-02 -5.023109753664687510e-03
9.992653835424982756e-01 3.796029877315009599e-02 -5.264435276858893051e-03
9.991579105074521738e-01 4.066212478999493840e-02 -5.483322949632802625e-03
9.990390258058939876e-01 4.346007992235662726e-02 -5.679063635827400099e-03
9.989084453123283636e-01 4.634316184537151662e-02 -5.851039649965350357e-03
9.987659988970964964e-01 4.930010333679761547e-02 -5.998726699881616435e-03
9.986116406770674248e-01 5.231941743886751178e-02 -6.121695439627118478e-03
9.984454574492251933e-01 5.538944333105950968e-02 -6.219612624569541282e-03
9.982676751635936041e-01 5.849839269430675420e-02 -6.292241863032610287e-03
9.980786633234470795e-01 6.163439634138074413e-02 -6.339443961396187648e-03
9.978789372338502384e-01 6.478555088477448709e-02 -6.361176862280176585e-03
9.976691580536741766e-01 6.793996521252952669e-02 -6.357495178206490696e-03
9.974501306407810297e-01 7.108580654418970857e-02 -6.328549325922853096e-03
9.972227992144514497e-01 7.421134584344239726e-02 -6.274584269326146171e-03
9.969882408927831507e-01 7.730500237097033545e-02 -6.195937881587723281e-03
9.967476571951533471e-01 8.035538717046175616e-02 -6.093038939606808431e-03
9.965023636303902421e-01 8.335134529242081702e-02 -5.966404766252756363e-03
9.962537775195644540e-01 8.628199657413526680e-02 -5.816638537959512717e-03
9.960034042278613775e-01 8.913677480959036892e-02 -5.644426277069594829e-03
9.957528220024696175e-01 9.190546515992362164e-02 -5.450533549861306254e-03
9.955036656325150224e-01 9.457823967281858701e-02 -5.235801892411079059e-03
9.952576091625648935e-01 9.714569079764605319e-02 -5.001144987330999846e-03
9.950163479029532354e-01 9.959886280177694673e-02 -4.747544614977021807e-03
9.947815799880646015e-01 1.019292810119222792e-01 -4.476046402952289609e-03
9.945549877377282133e-01 1.041289788222270474e-01 -4.187755397647240259e-03
9.943382190770798656e-01 1.061905224278121562e-01 -3.883831481186321606e-03
9.941328692667389388e-01 1.081070332582162036e-01 -3.565484656519988388e-03
9.939780221005933836e-01 1.095468858767000425e-01 -2.678877202332870158e-03
9.938663109686445285e-01 1.105738158052575193e-01 -1.786656941506832314e-03
9.937991989363414991e-01 1.111861558828957514e-01 -8.921202986259464977e-04
9.937774769968110711e-01 1.113837113993021988e-01 1.446986548384000468e-06
9.938012591887842584e-01 1.111677504182118220e-01 8.907800559958822806e-04
9.938699874592794581e-01 1.105409915104546975e-01 1.772644968457685009e-03
9.939824461022590540e-01 1.095075889386245699e-01 2.643848603022085249e-03
9.941367854851081987e-01 1.080731152544204959e-01 3.501248460163404116e-03
9.943305546595067046e-01 1.062445411939420409e-01 4.341762385412495200e-03
9.945607423426325866e-01 1.040302126883675404e-01 5.162378235165278328e-03
9.948238256492731857e-01 1.014398247500472999e-01 5.960163496729702602e-03
9.951158258560879322e-01 9.848439194929387019e-02 6.732274865853100920e-03
9.954323703868658280e-01 9.517621516684775240e-02 7.475967774987370314e-03
9.957687601232185770e-01 9.152884429248819842e-02 8.188605854801685874e-03
9.961200410699702079e-01 8.755703654240262757e-02 8.867670300330901881e-03
9.964810793398912736e-01 8.327671008705689326e-02 9.510769102057965024e-03
9.968466383698283417e-01 7.870489271720877700e-02 1.011564609158033777e-02
9.972114572411645561e-01 7.385966532761258085e-02 1.068018974170543110e-02
9.975703289533499607e-01 6.876010006456442780e-02 1.120244165223945043e-02
9.979181774912847525e-01 6.342619306291094605e-02 1.168060464572534193e-02
9.982376650236790550e-01 5.820688816989776776e-02 1.155550572003086890e-02
9.985266784692293784e-01 5.305433664345242384e-02 1.138934172153246646e-02
9.987853284872781900e-01 4.798768296056662996e-02 1.118289618523757994e-02
9.990141030983423764e-01 4.302567535582027536e-02 1.093710524798405768e-02
9.992138429181754988e-01 3.818659032577805673e-02 1.065305334528485887e-02
9.993857116186203315e-01 3.348815979834442180e-02 1.033196822500329938e-02
9.995311621617133380e-01 2.894750139301150577e-02 9.975215319890344198e-03
9.996518994148346771e-01 2.458105214949331957e-02 9.584291526265057565e-03
9.997498398047222068e-01 2.040450604966711004e-02 9.160818440208341393e-03
9.998270687061752149e-01 1.643275560271656444e-02 8.706535105518619505e-03
9.998857962868533678e-01 1.267983770758058723e-02 8.223290329338587071e-03
9.999283125425866281e-01 9.158883951893943484e-03 7.713034621838426794e-03
9.999569422581868761e-01 5.882075454092473323e-03 7.177811815705268175e-03
9.999740006172764817e-01 2.860602306616263479e-03 6.619750419548088745e-03
9.999817501617066506e-01 1.046276343461298095e-04 6.041054756817638635e-03
9.999823597675203679e-01 -2.376743755517955227e-03 5.443995938621479236e-03
9.999778662610352420e-01 -4.575492187314338099e-03 4.830902715060312810e-03
9.999701392465262240e-01 -6.484705474142275251e-03 4.204152245608206578e-03
9.999608496572837124e-01 -8.098596915477004540e-03 3.566160824793204731e-03
9.999514424756781317e-01 -9.412519042701050428e-03 2.919374595188710137e-03
9.999431139964427562e-01 -1.042297322407468620e-02 2.266260275671641740e-03
9.999367939318828391e-01 -1.112761523880376364e-02 1.609295929195818983e-03
9.999331325792675251e-01 -1.152525692296544821e-02 9.509617911019459463e-04
9.999324931904018943e-01 -1.161586397911366572e-02 2.937311763470904511e-04
9.999349496023736128e-01 -1.140055002751867719e-02 -3.599385179336718303e-04
9.999402891077810995e-01 -1.088156696138889781e-02 -1.007614699373625411e-03
9.999480204633653946e-01 -1.006229165230041953e-02 -1.646898342186707944e-03
9.999573868588552683e-01 -8.947209036632083889e-03 -2.275432608999894760e-03
9.999673835939185684e-01 -7.541891600228157327e-03 -2.890911316978475067e-03
9.999767801412869916e-01 -5.852975267848910430e-03 -3.491087231030105126e-03
9.999841462092516897e-01 -3.888131697151764668e-03 -4.073780164878425085e-03
9.999878813576413839e-01 -1.656036974738215976e-03 -4.636884868412699361e-03
9.999862476688921031e-01 8.336632852208648338e-04 -5.178378677082567938e-03
9.999774049306434653e-01 3.570392430743946077e-03 -5.696328896364984476e-03
9.999594477491517974e-01 6.542684826934364734e-03 -6.188899891639161252e-03
9.999304439843158532e-01 9.738231432966390141e-03 -6.654359851321392169e-03
9.998884738778017756e-01 1.314392883305271972e-02 -7.091087188987176861e-03
9.998316692360643687e-01 1.674593162350451400e-02 -7.497576548585188280e-03
9.997582520302868980e-01 2.052970802424895075e-02 -7.872444375852851589e-03
9.996665717855566236e-01 2.448009854638627178e-02 -8.214434018782943575e-03
9.995690977692457402e-01 2.825238025769592765e-02 -7.964209068206898334e-03
9.994615036013193565e-01 3.190054882785216955e-02 -7.685347421733846121e-03
9.993455759659909399e-01 3.541152687417289252e-02 -7.379041219064677234e-03
9.992232082429187701e-01 3.877283114643844536e-02 -7.046579650485948823e-03
9.990963710934996911e-01 4.197261593286964049e-02 -6.689343219873898974e-03
9.989670822068925649e-01 4.499971325827786112e-02 -6.308797716238883843e-03
9.988373756719626240e-01 4.784366978641937246e-02 -5.906487931922476883e-03
9.987092714398608795e-01 5.049478036972784856e-02 -5.484031164841589485e-03
9.985847453333576151e-01 5.294411821827804676e-02 -5.043110540918793218e-03
9.984657000437028307e-01 5.518356168546988821e-02 -4.585468191124117930e-03
9.983539375341641264e-01 5.720581769006247153e-02 -4.112898315470207497e-03
9.982511332420215266e-01 5.900444181251628811e-02 -3.627240163946617024e-03
9.981588124382905214e-01 6.057385511794496219e-02 -3.130370961850791230e-03
9.980783290674358765e-01 6.190935776830482073e-02 -2.624198804373954492e-03
9.980108473484952114e-01 6.300713949286841642e-02 -2.110655542727892485e-03
9.979573263750407541e-01 6.386428698877459620e-02 -1.591689681645459126e-03
9.979185079049402995e-01 6.447878832287641526e-02 -1.069259305836842318e-03
9.978949074826187760e-01 6.484953440267600400e-02 -5.453250510070862915e-04
9.978868089871187896e-01 6.497631757838055744e-02 -2.184313339671285249e-05
9.978942626493583212e-01 6.485982743063953282e-02 4.992415494595720113e-04
9.979170865322019024e-01 6.450164378997182146e-02 1.016002234923161227e-03
9.979548714178914093e-01 6.390422702492845608e-02 1.526537017003379727e-03
9.980069889996049382e-01 6.307090562731935968e-02 2.028975462316949183e-03
9.980726032279717552e-01 6.200586111499930414e-02 2.521485108543152290e-03
9.981506846198002769e-01 6.071411026634832009e-02 3.002277832948568002e-03
9.982400272955884724e-01 5.920148469622298765e-02 3.469616077533768488e-03
9.983392684750658219e-01 5.747460778124317826e-02 3.921818916086260327e-03
9.984469101265235347e-01 5.554086894316605238e-02 4.357267946979604713e-03
9.985613424364693236e-01 5.340839530303046617e-02 4.774412994015709601e-03
9.986808687415891228e-01 5.108602072586228976e-02 5.171777596048139462e-03
9.988037315454789677e-01 4.858325228602674434e-02 5.547964264633228372e-03
9.989281392284380390e-01 4.591023419669128941e-02 5.901659487616318055e-03
9.990522930500516097e-01 4.307770926309836129e-02 6.231638455452288144e-03
9.991744140415322883e-01 4.009697793810799299e-02 6.536769486256096585e-03
9.992927693879433138e-01 3.697985507932326915e-02 6.816018125144765287e-03
9.994056979095433668e-01 3.373862452953781815e-02 7.068450893420301709e-03
9.995116342664959186e-01 3.038599166565594117e-02 7.293238663593596370e-03
9.996091315319317605e-01 2.693503408499486884e-02 7.489659637187835554e-03
9.996968818045797178e-01 2.339915062131766102e-02 7.657101903696269217e-03
9.997737345635173689e-01 1.979200890539164689e-02 7.795065560996988774e-03
9.998376066619507618e-01 1.645665418562589077e-02 7.344775157778139080e-03
9.998874551636751651e-01 1.333710901993534481e-02 6.870612336672962846e-03
9.999251438342047216e-01 1.044411592217149576e-02 6.374469302741346544e-03
9.999525196497162094e-01 7.787503976547593965e-03 5.858312446864666866e-03
9.999713778974403944e-01 5.376157167077544839e-03 5.324174273254003720e-03
9.999834291292374333e-01 3.217986801238017711e-03 4.774145172903837553e-03
9.999902684698031008e-01 1.319907999763257579e-03 4.210365081137369160e-03
9.999933477358156075e-01 -3.121797948384985068e-04 3.635015054409930241e-03
9.999939507710997599e-01 -1.673408352590877862e-03 3.050308798458563429e-03
9.999931723464892119e-01 -2.759952303833974885e-03 2.458484176842918711e-03
9.999919009124852431e-01 -3.569036975589142714e-03 1.861794726039674294e-03
9.999908054290070902e-01 -4.098942491900118244e-03 1.262501200640721126e-03
9.999903264304805806e-01 -4.349004210348621398e-03 6.628631699580619192e-04
9.999906714171578059e-01 -4.319609561020731035e-03 6.513068552952880862e-05
9.999918145958353044e-01 -4.012191346403385164e-03 -5.284639622993423822e-04
9.999935009259370844e-01 -3.429217551913452903e-03 -1.115714381342258841e-03
9.999952543611199118e-01 -2.574177707912754867e-03 -1.694448090990228681e-03
9.999963901129831356e-01 -1.451565836027730047e-03 -2.262534394756157956e-03
9.999960307029259754e-01 -6.686000620538534722e-05 -2.817892093931538989e-03
9.999931255114693496e-01 1.573501473052554746e-03 -3.358497023249506705e-03
9.999864734821826140e-01 3.462147209788383334e-03 -3.882389388035434492e-03
9.999747485904271205e-01 5.590803204941466667e-03 -4.387680880685817381e-03
9.999565276461021002e-01 7.950326619390718150e-03 -4.872561552554225545e-03
9.999303199650548812e-01 1.053074279054974638e-02 -5.335306415552841866e-03
9.998945984163296608e-01 1.332128544270466848e-02 -5.774281746115932090e-03
9.998478313324420386e-01 1.631044001666888746e-02 -6.187951062732790011e-03
9.997885147577472154e-01 1.948599002210023301e-02 -6.574880747152073678e-03
9.997152045059863879e-01 2.283506629047338254e-02 -6.933745278687188617e-03
9.996265475024020963e-01 2.634419897885806328e-02 -7.263332050900178118e-03
9.995213118984277445e-01 2.999937214507712030e-02 -7.562545740379177615e-03
9.993984154677582055e-01 3.378608068436078637e-02 -7.830412198401857579e-03
9.992569518213362256e-01 3.768938938719300358e-02 -8.066081838022430214e-03
9.990962140150184689e-01 4.169399384861416369e-02 -8.268832491537397855e-03
9.989157151668496271e-01 4.578428293175339919e-02 -8.438071716356044041e-03
9.987152057502541869e-01 4.994440246372621600e-02 -8.573338530983094091e-03
9.984946872842093146e-01 5.415831982109530623e-02 -8.674304567047938855e-03
9.982544222006092260e-01 5.840988904559599876e-02 -8.740774628002391175e-03
9.979949397315160953e-01 6.268291611938725527e-02 -8.772686650154671445e-03
9.977170377236582732e-01 6.696122402316580235e-02 -8.770111066995271015e-03
9.974217803532064996e-01 7.122871720036687282e-02 -8.733249583174838501e-03
9.971399008239509865e-01 7.514203187959797581e-02 -8.105602437821589693e-03
9.968661167907747478e-01 7.875555332906807038e-02 -7.450866963033436416e-03
9.966045946102929376e-01 8.205750597805643032e-02 -6.771629877242470001e-03
9.963592751123335756e-01 8.503734735390473809e-02 -6.070549719682114855e-03
9.961338177476668498e-01 8.768579093525470658e-02 -5.350346415310625048e-03
9.959315495744380797e-01 8.999482422970467299e-02 -4.613790918585001025e-03
9.957554197479143721e-01 9.195772238570558421e-02 -3.863694967443542360e-03
9.956079600863906309e-01 9.356905764513466506e-02 -3.102900970101093656e-03
9.954912521898467981e-01 9.482470492788214189e-02 -2.334272039120425732e-03
9.954069014886296474e-01 9.572184381426120103e-02 -1.560682179949236369e-03
9.953560184983384351e-01 9.625895715668732200e-02 -7.850066349194944606e-04
9.953392074553517599e-01 9.643582651068471900e-02 -1.011237876560790866e-05
9.953565624060501937e-01 9.625352452884505805e-02 7.611512418453404705e-04
9.954076707226404697e-01 9.571440441196892024e-02 1.525961734388325266e-03
9.954916239203619455e-01 9.482208646138666486e-02 2.281532562408019639e-03
9.956070355554830220e-01 9.358144172748139589e-02 3.025122132721087039e-03
9.957520658915640643e-01 9.199857270374170448e-02 3.754042675101001980e-03
9.959244529336701568e-01 9.008079097513578548e-02 4.465669018165485844e-03
9.961215493472662663e-01 8.783659169591340188e-02 5.157447260579214356e-03
9.963403647011833675e-01 8.527562474656288916e-02 5.826903331147456275e-03
9.965776124031027194e-01 8.240866240375381568e-02 6.471651425130128289e-03
9.968297606323333060e-01 7.924756335154722886e-02 7.089402297394475222e-03
9.970930865191572900e-01 7.580523286747800626e-02 7.677971386109171993e-03
9.973637327736325497e-01 7.209557903347335595e-02 8.235286733832879527e-03
9.976377659304012102e-01 6.813346484876342535e-02 8.759396666336911885e-03
9.979112353506737199e-01 6.393465615939242230e-02 9.248477183587663908e-03
9.981802321089696672e-01 5.951576536572329712e-02 9.700839012246649171e-03
9.984409468911191743e-01 5.489419092418446749e-02 1.011493426504674921e-02
9.986897260420120048e-01 5.008805272087510363e-02 1.048936264966250122e-02
9.989231249269709956e-01 4.511612346071582069e-02 1.082287716836057533e-02
9.991379578095110903e-01 3.999775628460064403e-02 1.111438924989926677e-02
9.993313435004328449e-01 3.475280889634105308e-02 1.136297325689825284e-02
9.995007460981876202e-01 2.940156454890519716e-02 1.156787031522486971e-02
9.996440102174127817e-01 2.396465030337751115e-02 1.172849141678972314e-02
9.997593901903270019e-01 1.846295303212637517e-02 1.184441975340920321e-02
9.998455728228423656e-01 1.291753368797686485e-02 1.191541224692227278e-02
9.999016933920631400e-01 7.349540402092612570e-03 1.194140024934640942e-02
9.999273446823340183e-01 1.780121003435004845e-03 1.192248939628777482e-02
9.999225789710262102e-01 -3.769664428893685151e-03 1.185895860681968408e-02
9.998879029905427540e-01 -9.278930362991931122e-03 1.175125823332794951e-02
9.998353825662441574e-01 -1.439787750102998823e-02 1.104163988789692158e-02
9.997631086770090159e-01 -1.917644748862770351e-02 1.029558494267535616e-02
9.996762332754828284e-01 -2.359833212331860497e-02 9.516080792749542772e-03
9.995797917515999442e-01 -2.764868577142345213e-02 8.706223515538191043e-03
9.994786174239675969e-01 -3.131416549120596970e-02 7.869204629375120899e-03
9.993772611976874387e-01 -3.458296415317156647e-02 7.008297854918772198e-03
9.992799175556769109e-01 -3.744483696867182548e-02 6.126845945550374664e-03
9.991903579265084545e-01 -3.989112186528927240e-02 5.228247639012877437e-03
9.991118723368839216e-01 -4.191475415374831814e-02 4.315944768855148328e-03
9.990472201137639008e-01 -4.351027591756600338e-02 3.393409561286883300e-03
9.989985902523029759e-01 -4.467384052520745330e-02 2.464132131275931052e-03
9.989675719132906639e-01 -4.540321261758913790e-02 1.531608181525771252e-03
9.989551353596730632e-01 -4.569776386427326642e-02 5.993268996787389120e-04
9.989616234875969836e-01 -4.555846471285233956e-02 -3.292409570575576200e-04
9.989867539547296893e-01 -4.498787228129094706e-02 -1.250654804509495179e-03
9.990296317586263575e-01 -4.399011446593759783e-02 -2.161515817484502104e-03
9.990887719718126725e-01 -4.257087026210158026e-02 -3.058478374303266658e-03
9.991621321991061011e-01 -4.073734622295237251e-02 -3.938261372010443476e-03
9.992471541876138952e-01 -3.849824891926648118e-02 -4.797659419132171803e-03
9.993408138919576134e-01 -3.586375321012736511e-02 -5.633553905793663510e-03
9.994396791777986344e-01 -3.284546609558205293e-02 -6.442923942440652134e-03
9.995399742370109086e-01 -2.945638589849490507e-02 -7.222857148694917552e-03
9.996376496892999119e-01 -2.571085651588720170e-02 -7.970560263429803810e-03
9.997284572592399776e-01 -2.162451649078164090e-02 -8.683369536420152898e-03
9.998080278461991544e-01 -1.721424268421674342e-02 -9.358760851361815070e-03
9.998719517490486375e-01 -1.249808837323379551e-02 -9.994359520129043536e-03
9.999158597694834949e-01 -7.495215663190238353e-03 -1.058794967928885014e-02
9.999355038986281752e-01 -2.225822180008443611e-03 -1.113748321253402347e-02
9.999268362925760600e-01 3.288937902367131995e-03 -1.164108811719900827e-02
9.998860852645150565e-01 9.027038344769500525e-03 -1.209707622969223746e-02
9.998098270646164076e-01 1.496567057570660081e-02 -1.250395022374834603e-02
9.996950522839580522e-01 2.108133830576202836e-02 -1.286040979702326829e-02
9.995392258049132783e-01 2.734995654739307003e-02 -1.316535696578215869e-02
9.993403393266150347e-01 3.374695446121653980e-02 -1.341790039422611699e-02
9.990969556186684031e-01 4.024738135546190865e-02 -1.361735869423429460e-02
9.988082437970331462e-01 4.682601508269242790e-02 -1.376326264273588888e-02
9.984740050702292091e-01 5.345747201020542572e-02 -1.385535627725978727e-02
9.980946885685579861e-01 6.011631769027086375e-02 -1.389359684505239896e-02
9.976713970403748855e-01 6.677717732548829610e-02 -1.387815359706210186e-02
9.972058823738300104e-01 7.341484511427996684e-02 -1.380940543457588252e-02
9.967342267250278720e-01 7.967721990571348389e-02 -1.313136007229302217e-02
9.962514524805281546e-01 8.561015051983764113e-02 -1.240790002504961638e-02
9.957651412317680695e-01 9.119351559039996780e-02 -1.164200840289250638e-02
9.952828433045763923e-01 9.640868959191403742e-02 -1.083680085181773500e-02
9.948119660843265377e-01 1.012385869160597751e-01 -9.995511203117778132e-03
9.943596661617901677e-01 1.056676975234052962e-01 -9.121477237738838395e-03
9.939327468125036535e-01 1.096821148122699430e-01 -8.218126664279002541e-03
9.935375621946312963e-01 1.132695564149174688e-01 -7.288963389341322936e-03
9.931799295089877022e-01 1.164193786700531974e-01 -6.337554138423763354e-03
9.928650502138091083e-01 1.191225855301906028e-01 -5.367515465091734876e-03
9.925974412294150673e-01 1.213718326441650119e-01 -4.382501166509445573e-03
9.923808769070037172e-01 1.231614273110347574e-01 -3.386190105115329495e-03
9.922183423738963892e-01 1.244873249346511862e-01 -2.382274419852930397e-03
9.921119987064976886e-01 1.253471225216963303e-01 -1.374448096366023353e-03
9.920631602234759594e-01 1.257400496638189924e-01 -3.663958542978590621e-04
9.920722840361683170e-01 1.256669573307950261e-01 6.382176984344430440e-04
9.921389718415785097e-01 1.251303046807347163e-01 1.635758699619938115e-03
9.922619837958965849e-01 1.241341439696666965e-01 2.622634512079752289e-03
