1.000000000000000000e+00 0.000000000000000000e+00 0.000000000000000000e+00
9.999997994229621323e-01 2.893717284282752364e-04 -5.634061119807534657e-04
9.999990866759916885e-01 7.532600226896302934e-04 -1.122169913544754935e-03
9.999976304215468792e-01 1.390064517886276715e-03 -1.675381450429335633e-03
9.999951156586686096e-01 2.197903405428988308e-03 -2.222144143023280834e-03
9.999911477414403782e-01 3.174617563696523724e-03 -2.761576187572042929e-03
9.999852570345101332e-01 4.317775066720611933e-03 -3.292811935158267752e-03
9.999769041665316216e-01 5.624676073713161771e-03 -3.815003247661643768e-03
9.999654858385661482e-01 7.092358103020453275e-03 -4.327320829696323749e-03
9.999503411409516040e-01 8.717601694573357332e-03 -4.828955535298768212e-03
9.999307583289120949e-01 1.049693646508511290e-02 -5.319119647899221009e-03
9.999059820042732749e-01 1.242664756011631517e-02 -5.797048131861807889e-03
9.998752206480775451e-01 1.450278250667370004e-02 -6.261999853627282439e-03
9.998376544466847093e-01 1.672115846923400220e-02 -6.713258770244599598e-03
9.997924433521138132e-01 1.907736991099135207e-02 -7.150135082838647571e-03
9.997387353159433721e-01 2.156679666072686130e-02 -7.571966352337329738e-03
9.996756746350597966e-01 2.418461238400839569e-02 -7.978118574577298255e-03
9.996024103469408617e-01 2.692579345546835395e-02 -8.367987211729191813e-03
9.995181046119854251e-01 2.978512822670427440e-02 -8.740998176835055103e-03
9.994219410206736098e-01 3.275722668193217779e-02 -9.096608768137004475e-03
9.993131327640548678e-01 3.583653047093123684e-02 -9.434308549800988347e-03
9.991909306072257468e-01 3.901732330608915361e-02 -9.753620175605779222e-03
9.990546306070671179e-01 4.229374170753279205e-02 -1.005410015217764186e-02
9.989035815175609789e-01 4.565978607745168477e-02 -1.033533953840712685e-02
9.987371918284807526e-01 4.910933208183893006e-02 -1.059696457778720041e-02
9.985549363861424554e-01 5.263614231503111612e-02 -1.083863726056158959e-02
9.983563625481874926e-01 5.623387821967215650e-02 -1.106005581276817314e-02
9.981410958280245715e-01 5.989611223210121460e-02 -1.126095510950315091e-02
9.979088449885544776e-01 6.361634012071580579e-02 -1.144110701001535210e-02
9.976594065491102281e-01 6.738799348262922151e-02 -1.160032061256351631e-02
9.973926686741240166e-01 7.120445236196486227e-02 -1.173844242732913733e-02
9.971086144168492815e-01 7.505905795144368620e-02 -1.185535646606920152e-02
9.968073242964672342e-01 7.894512533755435046e-02 -1.195098424761216645e-02
9.964889781920603928e-01 8.285595624857441943e-02 -1.202528471874152009e-02
9.961538565421805824e-01 8.678485176405487111e-02 -1.207825409046857888e-02
9.958023408440378477e-01 9.072512494410285566e-02 -1.210992559016392002e-02
9.954349134516292663e-01 9.467011333690783514e-02 -1.212036913048887381e-02
9.950521566773770088e-01 9.861319132345541805e-02 -1.210969089653863434e-02
9.946547512069907615e-01 1.025477822592580218e-01 -1.207803285307060617e-02
9.942434738422734064e-01 1.064673703741915306e-01 -1.202557217413959684e-02
9.938191945914028880e-01 1.103655123931468335e-01 -1.195252059788961402e-02
9.933828731308038673e-01 1.142358488421639368e-01 -1.185912370965479593e-02
9.929355546670336485e-01 1.180721150069875131e-01 -1.174566015689448677e-02
9.924783652311105486e-01 1.218681515135367766e-01 -1.161244079982505506e-02
9.920125064413842786e-01 1.256179145025841104e-01 -1.145980780190981180e-02
9.915392497743510392e-01 1.293154853739495458e-01 -1.128813366462494763e-02
9.910599303857418052e-01 1.329550800787008547e-01 -1.109782021113119889e-02
9.905759405267352546e-01 1.365310579411602721e-01 -1.088929752364588451e-02
9.900887226022609955e-01 1.400379299959163271e-01 -1.066302283942685905e-02
9.895997619200558315e-01 1.434703668284774691e-01 -1.041947941034821606e-02
9.891105791804175595e-01 1.468232059116432175e-01 -1.015917533106747497e-02
9.886227227574679866e-01 1.500914584330627632e-01 -9.882642340756248381e-03
9.881377608231995957e-01 1.532703156127630528e-01 -9.590434603292603485e-03
9.876572733656506786e-01 1.563551545126176667e-01 -9.283127470695614822e-03
9.871828441522485509e-01 1.593415433427605443e-01 -8.961316234423484517e-03
9.867160526886958882e-01 1.622252462727909184e-01 -8.625614868959446263e-03
9.862584662227781296e-01 1.650022277582402497e-01 -8.276654771877863317e-03
9.858116318411600520e-01 1.676686563951521880e-01 -7.915083504320559113e-03
9.853770687056464528e-01 1.702209083177430304e-01 -7.541563535524676079e-03
9.849562604735300209e-01 1.726555701559450151e-01 -7.156770994732650215e-03
9.845506479445680359e-01 1.749694415711757767e-01 -6.761394433486962036e-03
9.841616219748473560e-01 1.771595373899174652e-01 -6.356133600971673389e-03
9.838446956769231200e-01 1.789429796157602504e-01 -5.387495241158289476e-03
9.835781480769537621e-01 1.804287517026159082e-01 -4.415024396300789092e-03
9.833634771071716463e-01 1.816161796609788714e-01 -3.440265157873092280e-03
9.832018329814804503e-01 1.825050159793880356e-01 -2.464753313236426897e-03
9.830940148245314036e-01 1.830954344584509175e-01 -1.490014961524628806e-03
9.830404694204020188e-01 1.833880254133395393e-01 -5.175651920484337920e-04
9.830412920553007750e-01 1.833837912712454610e-01 4.510931893714916451e-04
9.830962294210681129e-01 1.830841425749783757e-01 1.414470900794535021e-03
9.832046845389686984e-01 1.824908943888332025e-01 2.371093405753203071e-03
9.833657236562808324e-01 1.816062630882160633e-01 3.319502130131953607e-03
9.835780850613856652e-01 1.804328635004768255e-01 4.258255687800849981e-03
9.838401897563541221e-01 1.789737063511081527e-01 5.185931127654246943e-03
9.841501539193430181e-01 1.772321959570885008e-01 6.101125213693517520e-03
9.845058030823795603e-01 1.752121280978115592e-01 7.002455748603583947e-03
9.849046879432784563e-01 1.729176879838893455e-01 7.888562949921660433e-03
9.853441017234709776e-01 1.703534482352619672e-01 8.758110886400570505e-03
9.858210989764092380e-01 1.675243667726024899e-01 9.609788980547116777e-03
9.863325157439506441e-01 1.644357845200682677e-01 1.044231358158860187e-02
9.868749909507493756e-01 1.610934228131030710e-01 1.125442961130930508e-02
9.874449889192327134e-01 1.575033804023056039e-01 1.204491228332648517e-02
9.880388228802853279e-01 1.536721299434000154e-01 1.281256889446640533e-02
9.886526793473894292e-01 1.496065138641077819e-01 1.355624068497991892e-02
9.892826432147818760e-01 1.453137395012384647e-01 1.427480476243039517e-02
9.899247234333012901e-01 1.408013734055847122e-01 1.496717608222047392e-02
9.905748791111538276e-01 1.360773347181917226e-01 1.563230947592517128e-02
9.912290458809576155e-01 1.311498875292212984e-01 1.626920171689389544e-02
9.918831623692915267e-01 1.260276321398654531e-01 1.687689361099912674e-02
9.925331966007187035e-01 1.207194951584825843e-01 1.745447209897040344e-02
9.931751721650388109e-01 1.152347183742019332e-01 1.800107235548281670e-02
9.938051939744831920e-01 1.095828463645165257e-01 1.851587986909191547e-02
9.944194734368436706e-01 1.037737128076863941e-01 1.899813248624167630e-02
9.950143528712438457e-01 9.781742548590506570e-02 1.944712240193663400e-02
9.955863289955142470e-01 9.172434998092732217e-02 1.986219807927733921e-02
9.961320753180140652e-01 8.550509207998319150e-02 2.024276607992088819e-02
9.966484632722951709e-01 7.917047892606722537e-02 2.058829278765195517e-02
9.971325819402685475e-01 7.273153896284066666e-02 2.089830600763694854e-02
9.975817562184927656e-01 6.619948074016038242e-02 2.117239642458285109e-02
9.979935632928353950e-01 5.958567066139663915e-02 2.141021890392615437e-02
9.983658472989845878e-01 5.290160976797225051e-02 2.161149362132514656e-02
9.986967320600145248e-01 4.615890966971059051e-02 2.177600700710488960e-02
9.989846318072986842e-01 3.936926774139690860e-02 2.190361249388858567e-02
9.992282598073628508e-01 3.254444171623636223e-02 2.199423105741779919e-02
9.994266348345853812e-01 2.569622381545869777e-02 2.204785154248955700e-02
9.995790854477721865e-01 1.883641456002820361e-02 2.206453076799027788e-02
9.996852520473359371e-01 1.197679641515784349e-02 2.204439340715149548e-02
9.997450867088455428e-01 5.129107421022125954e-03 2.198763164135594111e-02
9.997588508078300018e-01 -1.694985036323299818e-03 2.189450458804857724e-02
9.997271104696735522e-01 -8.483910161275651576e-03 2.176533750551955249e-02
9.996507298969637967e-01 -1.522621924324418438e-02 2.160052077948906163e-02
9.995308626445175149e-01 -2.191061056588360784e-02 2.140050869850311857e-02
9.993689409292710879e-01 -2.852595359478327791e-02 2.116581802711165611e-02
9.991666630780772218e-01 -3.506131231643617313e-02 2.089702638761621600e-02
9.989259792310007935e-01 -4.150596761189105643e-02 2.059477046281674162e-02
9.986490754307952855e-01 -4.784943856040858867e-02 2.025974403363258944e-02
9.983383562407269762e-01 -5.408150258147913225e-02 1.989269586670260742e-02
9.979964260426938960e-01 -6.019221433748225131e-02 1.949442746806820392e-02
9.976260691755893806e-01 -6.617192333383151159e-02 1.906579071980176246e-02
9.972302290800431068e-01 -7.201129016840476793e-02 1.860768541695460507e-02
9.968119866200279011e-01 -7.770130139716130424e-02 1.812105672246328361e-02
9.963745377543742343e-01 -8.323328299785043294e-02 1.760689255767355216e-02
9.959211707320307916e-01 -8.859891242838952019e-02 1.706622094592545602e-02
9.954552429840347605e-01 -9.379022929061398006e-02 1.650010732620216941e-02
9.949801578827001114e-01 -9.879964462347859411e-02 1.590965185319431069e-02
9.944993415346247145e-01 -1.036199488622378123e-01 1.529598669928820646e-02
9.940162197688856560e-01 -1.082443185114980999e-01 1.466027337297172266e-02
9.935341954753870164e-01 -1.126663215901855808e-01 1.400370006698664106e-02
9.930566264409017574e-01 -1.168799219153027619e-01 1.332747904826648948e-02
9.925868038220588829e-01 -1.208794822987801082e-01 1.263284410030765526e-02
9.921279313855388970e-01 -1.246597667377090379e-01 1.192104802715484441e-02
9.916831056361989916e-01 -1.282159416827456100e-01 1.119336022666475583e-02
9.912552969439069050e-01 -1.315435764724957601e-01 1.045106433916887997e-02
9.908473317696571137e-01 -1.346386430232536235e-01 9.695455976111586049e-03
9.904618760812036182e-01 -1.374975148636049804e-01 8.927840531715901598e-03
9.901014200380795494e-01 -1.401169656021880872e-01 8.149531079247917045e-03
9.897682640155910372e-01 -1.424941669144007272e-01 7.361846352031277407e-03
9.894645060272490023e-01 -1.446266861301449824e-01 6.566108808023562310e-03
9.891920305952129899e-01 -1.465124834999154135e-01 5.763642775522359249e-03
9.889524991087123018e-01 -1.481499092107712023e-01 4.955772676434382247e-03
9.887473417011259924e-01 -1.495377002171130454e-01 4.143821322527758630e-03
9.885777506674632287e-01 -1.506749769438333053e-01 3.329108279205300266e-03
9.884892472681309217e-01 -1.512784937070601465e-01 1.956052920672776089e-03
9.884631512324146829e-01 -1.514604056244341912e-01 5.873446010596528478e-04
9.884994570208408549e-01 -1.512224316515053402e-01 -7.748935835795419183e-04
9.885975371385133936e-01 -1.505668611458379214e-01 -2.128558157094665414e-03
9.887561533223979682e-01 -1.494965498651078528e-01 -3.471566512148256244e-03
9.889734715506658391e-01 -1.480149172307882455e-01 -4.801858193428226555e-03
9.892470807674086375e-01 -1.461259447515044496e-01 -6.117396248770714737e-03
9.895740152054265382e-01 -1.438341754669712758e-01 -7.416168679405903824e-03
9.899507801784931393e-01 -1.411447142427925128e-01 -8.696190017657383711e-03
9.903733812022691430e-01 -1.380632287186699114e-01 -9.955503057091228541e-03
9.908373562896847231e-01 -1.345959506880816392e-01 -1.119218075636549924e-02
9.913378112520244700e-01 -1.307496776665742766e-01 -1.240432833391937224e-02
9.918694578210828228e-01 -1.265317743887713342e-01 -1.359008556621335746e-02
9.924266543906467009e-01 -1.219501739613104291e-01 -1.474762929754219222e-02
9.930034491573193067e-01 -1.170133783904250685e-01 -1.587517616454928518e-02
9.935936254215149699e-01 -1.117304581989912726e-01 -1.697098553353992845e-02
9.941907487895994544e-01 -1.061110508487237564e-01 -1.803336264358865182e-02
9.947882159979590799e-01 -1.001653576889383612e-01 -1.906066194333717878e-02
9.953793050596680958e-01 -9.390413916394280136e-02 -2.005129060436024180e-02
9.959572264148349729e-01 -8.733870802665252842e-02 -2.100371218911693816e-02
9.965151747471671095e-01 -8.048092032635446869e-02 -2.191645044688703484e-02
9.970463811123201348e-01 -7.334316396347559386e-02 -2.278809320679671402e-02
9.975441650087607526e-01 -6.593834463348868802e-02 -2.361729633314808494e-02
9.980019860097163464e-01 -5.827986901534522313e-02 -2.440278770485940218e-02
9.984134945658541538e-01 -5.038162509661821969e-02 -2.514337117797217983e-02
9.987725815831266507e-01 -4.225795956733169323e-02 -2.583793048795384600e-02
9.990734263791928305e-01 -3.392365225663056261e-02 -2.648543304697855219e-02
9.993105426253534596e-01 -2.539388763031615037e-02 -2.708493359055133554e-02
9.994788218893231324e-01 -1.668422341208537774e-02 -2.763557762778700785e-02
9.995735744075964213e-01 -7.810556436265530394e-03 -2.813660465038539046e-02
9.995905667347346757e-01 1.210914115899856119e-03 -2.858735105686408332e-02
9.995260559405725331e-01 1.036372590162908981e-02 -2.898725275090770562e-02
9.993768200549625336e-01 1.963119478850052987e-02 -2.933584737574056189e-02
9.991401844929568288e-01 2.899645814054490484e-02 -2.963277615018307040e-02
9.988140442308686140e-01 3.844251971295620240e-02 -2.987778527645041857e-02
9.983968815449412171e-01 4.795229582121322831e-02 -3.007072689471838867e-02
9.978877791687640331e-01 5.750866242698188940e-02 -3.021155956492650035e-02
9.972864287723972598e-01 6.709450276544186298e-02 -3.030034826211151777e-02
9.965931347146328445e-01 7.669275512701424768e-02 -3.033726387765427190e-02
9.958088130690899709e-01 8.628646040108850501e-02 -3.032258222506327427e-02
9.949349859740744817e-01 9.585880899034918134e-02 -3.025668255518969285e-02
9.939737714044590833e-01 1.053931867116335436e-01 -3.014004559194954566e-02
9.929278685104305779e-01 1.148732193127196821e-01 -2.997325110560336223e-02
9.918005387120082395e-01 1.242828152537251291e-01 -2.975697504629967391e-02
9.905955827790278168e-01 1.336062064264408045e-01 -2.949198626582387808e-02
9.893173141631680378e-01 1.428279865143754213e-01 -2.917914286021700346e-02
9.879705288810151087e-01 1.519331467298909444e-01 -2.881938817006180625e-02
9.865604722746824651e-01 1.609071087018469903e-01 -2.841374647871335382e-02
9.850928029988065271e-01 1.697357543268636915e-01 -2.796331845153108772e-02
9.835735545996304729e-01 1.784054524388543339e-01 -2.746927636121910751e-02
9.820090950632983651e-01 1.869030821940531606e-01 -2.693285914568790615e-02
9.804060847164635106e-01 1.952160531115698372e-01 -2.635536734541682469e-02
9.787714328630280347e-01 2.033323217517672699e-01 -2.573815796714088236e-02
9.771122535365543982e-01 2.112404050557631363e-01 -2.508263931984076878e-02
9.754358207389770552e-01 2.189293904084403386e-01 -2.439026586752589612e-02
9.737495235231379276e-01 2.263889425239355435e-01 -2.366253314122328255e-02
9.720608212598740305e-01 2.336093072861636366e-01 -2.290097274998379243e-02
9.703771994104370968e-01 2.405813127071228519e-01 -2.210714752766261559e-02
9.687061261025085024e-01 2.472963671922011608e-01 -2.128264684879747903e-02
9.670550097835621806e-01 2.537464553242495535e-01 -2.042908214317290874e-02
9.654311581994118319e-01 2.599241313966770828e-01 -1.954808263469878446e-02
9.638417389190168105e-01 2.658225109402124753e-01 -1.864129132612163051e-02
9.622937415995530541e-01 2.714352604983055195e-01 -1.771036124689975150e-02
9.607939421588673756e-01 2.767565859125143968e-01 -1.675695197737568296e-02
9.593488689961821025e-01 2.817812193818091671e-01 -1.578272645823346199e-02
9.579647713766827888e-01 2.865044055587325778e-01 -1.478934809018934982e-02
9.566475900717443803e-01 2.909218869410564734e-01 -1.377847812498145252e-02
9.554029303243005700e-01 2.950298888102367845e-01 -1.275177334503779965e-02
9.542360371884391901e-01 2.988251039579125634e-01 -1.171088402574813232e-02
9.531517732738729043e-01 3.023046774292279526e-01 -1.065745217106948972e-02
9.521545989095668849e-01 3.054661914972022219e-01 -9.593110010280533548e-03
9.512485547265441266e-01 3.083076510660457403e-01 -8.519478741079260925e-03
9.504372466477151171e-01 3.108274696835254258e-01 -7.438167501902640845e-03
9.497238332624274859e-01 3.130244563235126121e-01 -6.350772554339322029e-03
9.491110155552026084e-01 3.148978030799725603e-01 -5.258876654808265771e-03
9.486010289516743077e-01 3.164470738931321470e-01 -4.164048593283928984e-03
9.481956376399094388e-01 3.176721944076207893e-01 -3.067842875756717456e-03
9.478961311218743191e-01 3.185734430412327511e-01 -1.971799526317898326e-03
9.477033229476057308e-01 3.191514433217940150e-01 -8.774439842417520053e-04
9.476175515834333041e-01 3.194071575286063225e-01 2.137129288060210432e-04
9.477253390596815930e-01 3.190819946165407428e-01 1.834254665603073965e-03
9.479903382119505562e-01 3.182804654508452624e-01 3.444721839715423478e-03
9.484102953724110607e-01 3.170054918597584592e-01 5.043012937218434300e-03
9.489820717398513850e-01 3.152603878295894835e-01 6.627042262060941179e-03
9.497016664940483022e-01 3.130488673258433052e-01 8.194738177714227037e-03
9.505642435419106029e-01 3.103750554985013066e-01 9.744041606329028812e-03
9.515641618616204056e-01 3.072435029816975027e-01 1.127290484072622848e-02
9.526950094186522611e-01 3.036592029558061734e-01 1.277929072022199880e-02
9.539496406308753951e-01 2.996276106004065465e-01 1.426117221647891717e-02
9.553202173584857126e-01 2.951546645299847338e-01 1.571653247028191938e-02
9.567982533879083595e-01 2.902468097708901795e-01 1.714336531436478142e-02
9.583746623668198961e-01 2.849110218083790169e-01 1.853967631116606660e-02
9.600398091299513492e-01 2.791548312069892512e-01 1.990348432768677955e-02
9.617835643323673356e-01 2.729863482865006463e-01 2.123282366247805641e-02
9.635953622786457284e-01 2.664142873198673822e-01 2.252574673223983401e-02
9.654642618031149537e-01 2.594479897093293630e-01 2.378032731760778770e-02
9.673790100185171159e-01 2.520974455929614888e-01 2.499466435950738197e-02
9.693281087087695091e-01 2.443733133367501364e-01 2.616688628903833178e-02
9.712998830966774744e-01 2.362869363773776321e-01 2.729515586531378393e-02
9.732825526704096397e-01 2.278503568986700034e-01 2.837767548712576832e-02
9.752643037043428054e-01 2.190763258504361544e-01 2.941269293586728367e-02
9.772333630616713007e-01 2.099783088523882180e-01 3.039850749895002188e-02
9.791780728192055472e-01 2.005704875680209831e-01 3.133347641516499166e-02
9.810869652103808569e-01 1.908677561836016612e-01 3.221602157619874590e-02
9.829488373419986713e-01 1.808857126854479802e-01 3.304463641200171276e-02
9.847528251049781911e-01 1.706406446939075783e-01 3.381789288206842048e-02
9.864884756706986391e-01 1.601495096841398513e-01 3.453444849008666107e-02
9.881458179435731459e-01 1.494299095009689049e-01 3.519305323598841129e-02
9.897154303283944854e-01 1.385000591565481720e-01 3.579255641731618476e-02
9.911885051686373238e-01 1.273787499839877657e-01 3.633191319111023221e-02
9.925569092199898469e-01 1.160853073059202878e-01 3.681019080830231355e-02
9.938132395423755483e-01 1.046395428625688795e-01 3.722657443491754481e-02
9.949508742237951342e-01 9.306170232749427784e-02 3.758037247824817101e-02
9.959640173903643312e-01 8.137240831906598915e-02 3.787102134154628902e-02
9.968477380085390971e-01 6.959259939006683104e-02 3.809808953762087308e-02
9.975980020469998877e-01 5.774346554501554041e-02 3.826128109991422388e-02
9.982116976360242422e-01 4.584638089321620841e-02 3.836043823903254740e-02
9.986866529401485781e-01 3.392283409383296117e-02 3.839554320313922492e-02
9.990216465440294735e-01 2.199435728628399561e-02 3.836671931188127133e-02
9.992164102399782033e-01 1.008245422405894612e-02 3.827423114537942955e-02
9.992716241968507829e-01 -1.791471657907574982e-03 3.811848388202188076e-02
9.991889045819322135e-01 -1.360618851319967716e-02 3.790002179110202318e-02
9.989707837982391148e-01 -2.534070597614066639e-02 3.761952589847047945e-02
9.986206835873928656e-01 -3.697434298783126155e-02 3.727781085507408249e-02
9.981428813311034043e-01 -4.848679290612428056e-02 3.687582104928670279e-02
9.975424699607076118e-01 -5.985818529913812525e-02 3.641462601407481625e-02
9.968253119526907513e-01 -7.106914388107575531e-02 3.589541518908789808e-02
9.959979879474754050e-01 -8.210084011650135849e-02 3.531949210555473950e-02
9.950677405780619100e-01 -9.293504209321248877e-02 3.468826806827202819e-02
9.940424141336932085e-01 -1.035541583426974749e-01 3.400325541389992434e-02
9.929303907112491112e-01 -1.139412763691000918e-01 3.326606042817938785e-02
9.917405235234912908e-01 -1.240801957308377418e-01 3.247837600654471246e-02
9.904820680388050080e-01 -1.339554556017988896e-01 3.164197414294809413e-02
9.891646116222075902e-01 -1.435523568197429323e-01 3.075869833060031894e-02
9.877980023328229997e-01 -1.528569785066409281e-01 2.983045595585471013e-02
9.863922775096832796e-01 -1.618561894179025296e-01 2.885921076273698441e-02
9.849575927466647229e-01 -1.705376542436020659e-01 2.784697546079110617e-02
9.835041518197955579e-01 -1.788898351440287304e-01 2.679580454312456561e-02
9.820421380873255446e-01 -1.869019888534469986e-01 2.570778737496096089e-02
9.805816478361221167e-01 -1.945641597293869540e-01 2.458504160581287401e-02
9.791326259984184377e-01 -2.018671691598319939e-01 2.342970695074358956e-02
9.777048046119266589e-01 -2.088026017672684198e-01 2.224393937825737064e-02
9.763076443449979491e-01 -2.153627888668300794e-01 2.102990573430146143e-02
9.749502793579190030e-01 -2.215407896459880843e-01 1.978977882382393361e-02
9.736414657225228586e-01 -2.273303705358135918e-01 1.852573296344111470e-02
9.723895335758643288e-01 -2.327259832393003269e-01 1.723994001114202701e-02
9.712023431404289697e-01 -2.377227418711735374e-01 1.593456587169419375e-02
9.700872447037259816e-01 -2.423163996466918546e-01 1.461176746959697362e-02
9.690510426145342304e-01 -2.465033255348557106e-01 1.327369017512101956e-02
9.680999633217483025e-01 -2.502804812648731780e-01 1.192246566322489008e-02
9.672396274548142880e-01 -2.536453990443937601e-01 1.056021017998731541e-02
9.664750259221206452e-01 -2.565961603145751613e-01 9.189023186657976558e-03
9.658104999852811234e-01 -2.591313758311321047e-01 7.810986347521254626e-03
9.652497252527847404e-01 -2.612501673227274890e-01 6.428162824486995455e-03
9.647956995256727897e-01 -2.629521509389481926e-01 5.042596838662787538e-03
9.644507344203487875e-01 -2.642374226601539311e-01 3.656313457110334404e-03
9.642164506888996067e-01 -2.651065458011480080e-01 2.271318561526637723e-03
9.640937771549211721e-01 -2.655605407002812335e-01 8.895989546981466177e-04
9.640829531823015275e-01 -2.656008766456227077e-01 -4.868774397694798726e-04
9.641835345951912384e-01 -2.652294660505215007e-01 -1.856161328764946742e-03
9.644661996370280654e-01 -2.641795159411647886e-01 -3.759865541975482978e-03
9.648990917159889769e-01 -2.625601634186905953e-01 -5.648626145246812315e-03
9.654781368335783043e-01 -2.603755416466487782e-01 -7.519862023067835390e-03
9.661981201649887385e-01 -2.576303178285839213e-01 -9.371007900231459464e-03
9.670527252288920739e-01 -2.543297103625902222e-01 -1.119951260025893458e-02
9.680345785943917924e-01 -2.504795102668331275e-01 -1.300283778990598237e-02
9.691353000865692291e-01 -2.460861063332438481e-01 -1.477845728655581385e-02
9.703455584519871113e-01 -2.411565134013795852e-01 -1.652385699693482285e-02
9.716551324367700415e-01 -2.356984030848115197e-01 -1.823653554632133356e-02
9.730529772119065335e-01 -2.297201362290799409e-01 -1.991400564726933040e-02
9.745272960528909012e-01 -2.232307963340723067e-01 -2.155379624586249362e-02
9.760656171437070983e-01 -2.162402231355722015e-01 -2.315345547169080781e-02
9.776548753286811166e-01 -2.087590455117033783e-01 -2.471055440516545590e-02
9.792814985804318972e-01 -2.007987128611093408e-01 -2.622269166254658987e-02
9.809314988888766518e-01 -1.923715240920231828e-01 -2.768749878527023214e-02
9.825905672061397977e-01 -1.834906533659117489e-01 -2.910264640597422930e-02
9.842441720067355293e-01 -1.741701717570456609e-01 -3.046585114921975326e-02
9.858776609432763349e-01 -1.644250640209194425e-01 -3.177488321049755371e-02
9.874763649972052582e-01 -1.542712397104872846e-01 -3.302757454293982209e-02
9.890257044438798273e-01 -1.437255379399808852e-01 -3.422182756749796162e-02
9.904929657160223000e-01 -1.330896782816932411e-01 -3.479698728598296098e-02
9.918683172828122174e-01 -1.222710243502538319e-01 -3.531353591944721287e-02
9.931441811344074999e-01 -1.112883992878645895e-01 -3.577059989531802126e-02
9.943136753819795670e-01 -1.001610748655388794e-01 -3.616742016079869948e-02
9.953706609047161535e-01 -8.890872100886640372e-02 -3.650335700774081510e-02
9.963097825511701977e-01 -7.755135126383298771e-02 -3.677789435471855856e-02
9.971265044532185984e-01 -6.610926465702690602e-02 -3.699064342404451838e-02
9.978171390689031250e-01 -5.460298446408240469e-02 -3.714134575914273401e-02
9.983788696361666215e-01 -4.305319445156370606e-02 -3.722987553642955610e-02
9.988097657918054706e-01 -3.148067319948581744e-02 -3.725624113548305083e-02
9.991087921874824973e-01 -1.990622714331602428e-02 -3.722058594161851280e-02
9.992758100158619650e-01 -8.350622994857719028e-03 -3.712318836582222115e-02
9.993115714432134755e-01 3.165479789592216819e-03 -3.696446107810479054e-02
9.992177070284941065e-01 1.462159582819252783e-02 -3.674494946148687546e-02
9.989967062912510354e-01 2.599747926842740919e-02 -3.646532930479186307e-02
9.986518916700261039e-01 3.727318725242168701e-02 -3.612640376296447076e-02
9.981873861877199605e-01 4.842914080355065209e-02 -3.572909962354661739e-02
9.976080752091470716e-01 5.944618259121860204e-02 -3.527446292702611508e-02
9.969195627375299074e-01 7.030563108526995120e-02 -3.476365399685738683e-02
9.961281227498964830e-01 8.098933067333283220e-02 -3.419794194189255954e-02
9.951951762664970058e-01 9.176650450130191539e-02 -3.413909232991110820e-02
9.941504860341440208e-01 1.025049011918110070e-01 -3.402299461851948648e-02
9.929970525436252471e-01 1.131857736207763920e-01 -3.385028900377029526e-02
9.917385992542381290e-01 1.237907014056280619e-01 -3.362172990733177519e-02
9.903795444508479706e-01 1.343016426593457435e-01 -3.333818200516067837e-02
9.889249681155368732e-01 1.447009827031609797e-01 -3.300061573407339632e-02
9.873805742138344055e-01 1.549715793538733177e-01 -3.261010232610962734e-02
9.857526488357829519e-01 1.650968044542958646e-01 -3.216780842586349637e-02
9.840480146646409798e-01 1.750605813720973458e-01 -3.167499035020215209e-02
9.822739822705374158e-01 1.848474182519985742e-01 -3.113298805295181687e-02
9.804382987427116003e-01 1.944424368676502257e-01 -3.054321885918221194e-02
9.785490941821756161e-01 2.038313969813181359e-01 -2.990717103466612389e-02
9.766148265769648562e-01 2.130007161805405058e-01 -2.922639725595960886e-02
9.746442255750117356e-01 2.219374852200806658e-01 -2.850250804539112420e-02
9.726462356556593303e-01 2.306294789537729206e-01 -2.773716523313584509e-02
9.706299591806125671e-01 2.390651629933603639e-01 -2.693207550557244132e-02
9.686045997794933138e-01 2.472336962794089987e-01 -2.608898409537483559e-02
9.665794064949851938e-01 2.551249297922557613e-01 -2.520966866439153936e-02
9.645636190787135744e-01 2.627294016682632516e-01 -2.429593342542700832e-02
9.625664147924350988e-01 2.700383290181195828e-01 -2.334960354368172120e-02
9.605968570306987475e-01 2.770435967693868351e-01 -2.237251985294905210e-02
9.586638460417703511e-01 2.837377438749535408e-01 -2.136653391582156447e-02
9.567760719840950889e-01 2.901139472425911525e-01 -2.033350345123538169e-02
9.549419705166645178e-01 2.961660037486671948e-01 -1.927528814677866714e-02
9.531696810840201151e-01 3.018883107015308820e-01 -1.819374586739884100e-02
9.514670080208487146e-01 3.072758451175365835e-01 -1.709072926654187433e-02
9.498413845676828560e-01 3.123241421655360561e-01 -1.596808280041328229e-02
9.482998398585046340e-01 3.170292731244194195e-01 -1.482764014101975794e-02
9.468489689133445797e-01 3.213878231834040866e-01 -1.367122197897668173e-02
9.454949056444658106e-01 3.253968693967567716e-01 -1.250063420278283224e-02
9.442432988635257596e-01 3.290539590839733908e-01 -1.131766643739200856e-02
9.430992912592404132e-01 3.323570889436077147e-01 -1.012409092146515123e-02
9.420675013004723430e-01 3.353046851243774995e-01 -8.921661699670787454e-03
9.411520080082115269e-01 3.378955844713009138e-01 -7.712114103814306926e-03
9.403563385314298584e-01 3.401290171378030247e-01 -6.497164494409845246e-03
9.396834584560375125e-01 3.420045907273215890e-01 -5.278510232550194525e-03
9.391357647728838520e-01 3.435222761002292291e-01 -4.057829850564673158e-03
9.387150814296248980e-01 3.446823949541362175e-01 -2.836783388964423010e-03
9.384226573920007031e-01 3.454856092580639304e-01 -1.617012866540318370e-03
9.382591671422880752e-01 3.459329125937739557e-01 -4.001428501812359911e-04
9.383180236287963494e-01 3.457708680175491378e-01 1.340997461695812463e-03
9.385601657528159780e-01 3.451019872409455957e-01 3.072237534669201506e-03
9.389833881790742298e-01 3.439291265804637621e-01 4.791416832976286636e-03
9.395844743875505500e-01 3.422554858132845768e-01 6.496389702067162202e-03
9.403592203913496705e-01 3.400846178549848386e-01 8.185022418397977853e-03
9.413024622060550683e-01 3.374204428540429901e-01 9.855190534099096331e-03
9.424081070682861494e-01 3.342672663818384016e-01 1.150477658480057903e-02
9.436691684188732721e-01 3.306298013473116248e-01 1.313166822435772249e-02
9.450778046782899455e-01 3.265131932182163688e-01 1.473375684516631604e-02
9.466253618480724441e-01 3.219230480861553501e-01 1.630893673717080661e-02
9.483024199713655511e-01 3.168654630706518871e-01 1.785510483252740824e-02
9.500988434780377467e-01 3.113470585187772532e-01 1.937016107617000119e-02
9.520038354247228884e-01 3.053750114218349299e-01 2.085200945522718702e-02
9.540059956175468425e-01 2.989570894399125045e-01 2.229855971235124301e-02
9.560933825752272464e-01 2.921016848994393844e-01 2.370772975955481518e-02
9.582535792529099927e-01 2.848178481089970737e-01 2.507744880013581396e-02
9.604737624029461296e-01 2.771153193253290126e-01 2.640566115675136924e-02
9.627407753984309480e-01 2.690045586956079648e-01 2.769033079374576614e-02
9.650412042895358811e-01 2.604967735043566823e-01 2.892944651153620331e-02
9.673614568024869742e-01 2.516039420647319114e-01 3.012102778032916747e-02
9.696878439277020201e-01 2.423388336148443456e-01 3.126313116981876972e-02
9.720066636784776559e-01 2.327150236109291614e-01 3.235385732096893868e-02
9.743042865362936400e-01 2.227469038508635424e-01 3.339135839568703468e-02
9.765672420349533756e-01 2.124496869139053112e-01 3.437384593035792274e-02
9.787823058751964345e-01 2.018394044655013597e-01 3.529959901003813100e-02
9.809365869059402110e-01 1.909328990492223377e-01 3.616697267183023590e-02
9.830176132597615579e-01 1.797478090706573772e-01 3.697440643878906197e-02
9.850134168903934562e-01 1.683025467694824195e-01 3.772043287986858590e-02
9.869126157305491143e-01 1.566162690746245867e-01 3.840368608710131859e-02
9.887044926707628800e-01 1.447088413419160557e-01 3.902290995858824496e-02
9.903790705554115226e-01 1.326007940820280451e-01 3.957696617511375498e-02
9.919271824015755135e-01 1.203132728967325898e-01 4.006484175939600129e-02
9.933405360705402920e-01 1.078679819514107713e-01 4.048565611020302907e-02
9.946117726607232035e-01 9.528712141884333742e-02 4.083866740882476781e-02
9.957345179444716532e-01 8.259331943126907438e-02 4.112327830265194439e-02
9.967034262388836385e-01 6.980955917208822581e-02 4.133904077978296787e-02
9.975142161815412356e-01 5.695910182314063014e-02 4.148566015951087732e-02
9.981636979743792049e-01 4.406540615610399225e-02 4.156299813603547832e-02
9.986497917610490660e-01 3.115204561539988010e-02 4.157107482655320041e-02
9.989715369129771316e-01 1.824262378355558101e-02 4.151006978971157058e-02
9.991290921144995174e-01 5.360689147124888740e-03 4.138032199595555877e-02
9.991237262554537590e-01 -7.470349908675783315e-03 4.118232874719658654e-02
9.989578002578026750e-01 -2.022730895574847976e-02 4.091674355914666494e-02
9.986347400786279582e-01 -3.288730933285195779e-02 4.058437303522462181e-02
9.981590012426145853e-01 -4.542785705368290738e-02 4.018617277581439801e-02
9.975360253605761729e-01 -5.782691801385751035e-02 3.972324238051478523e-02
9.967721891844960602e-01 -7.006298876734748382e-02 3.919681961357499717e-02
9.958747468321480500e-01 -8.211516222490984618e-02 3.860827381371174927e-02
9.948517658841350420e-01 -9.396318771892034349e-02 3.795909863874824541e-02
9.937120581120468810e-01 -1.055875249784802711e-01 3.725090424285350948e-02
9.924651056377317149e-01 -1.169693916633050140e-01 3.648540898949659272e-02
9.911209833501258837e-01 -1.280908042122755053e-01 3.566443080652442754e-02
9.896902784178633894e-01 -1.389346118702399213e-01 3.478987829103866170e-02
9.881840077335035666e-01 -1.494845238624040451e-01 3.386374167105073163e-02
9.866135341095626510e-01 -1.597251297873339693e-01 3.288808372834559762e-02
9.849904820187690424e-01 -1.696419133953314118e-01 3.186503078273334594e-02
9.833266536324969387e-01 -1.792212600071153294e-01 3.079676383209501225e-02
9.816339458637526327e-01 -1.884504579070342412e-01 2.968550993554121969e-02
9.799242690660959765e-01 -1.973176941144331731e-01 2.853353391882073112e-02
9.782094679792369130e-01 -2.058120449956089282e-01 2.734313047207167363e-02
9.765012454475169301e-01 -2.139234622266146801e-01 2.611661670033178784e-02
9.748110893707746527e-01 -2.216427546539087023e-01 2.485632517714128631e-02
9.731502032798191593e-01 -2.289615666256321069e-01 2.356459754129665643e-02
9.715294408623723621e-01 -2.358723533815213491e-01 2.224377866654357605e-02
9.699592447012080898e-01 -2.423683540946767745e-01 2.089621142391018607e-02
9.684495894254409043e-01 -2.484435631543359946e-01 1.952423204663352937e-02
9.670099294194420825e-01 -2.540927002662685674e-01 1.813016609835400514e-02
9.656491511824051299e-01 -2.593111799273215556e-01 1.671632503655258450e-02
9.643755303856890171e-01 -2.640950808039506659e-01 1.528500335516741644e-02
9.631966936350603303e-01 -2.684411155122227721e-01 1.383847628301136841e-02
9.621195849109948073e-01 -2.723466012597141050e-01 1.237899800806085103e-02
9.611504366322581872e-01 -2.758094317688505326e-01 1.090880039192097112e-02
9.602947452659046368e-01 -2.788280508573866001e-01 9.430092133798926093e-03
9.595572513903060097e-01 -2.814014280056714723e-01 7.945058339129600772e-03
9.589419241064371935e-01 -2.835290361927992886e-01 6.455860444577030469e-03
9.584519496858973087e-01 -2.852108322353034131e-01 4.964636448457520820e-03
9.580897243414544517e-01 -2.864472398132688058e-01 3.473501393664107754e-03
9.578568510066356456e-01 -2.872391353200604014e-01 1.984548048883958554e-03
9.577541400143728678e-01 -2.875878366236924166e-01 4.998477332555095742e-04
9.577816135702666989e-01 -2.874950947805210988e-01 -9.785487704238656371e-04
9.580164934503961893e-01 -2.866975296832861009e-01 -2.988514046252041534e-03
9.584245061572034263e-01 -2.853026977933068031e-01 -4.984296051124501373e-03
9.590017853004931814e-01 -2.833144817990425612e-01 -6.963253792163078167e-03
9.597431877649857945e-01 -2.807372521584929892e-01 -8.922760241305734141e-03
9.606423322224915129e-01 -2.775758862786062986e-01 -1.086019932985934737e-02
9.616916434059843422e-01 -2.738357931778498400e-01 -1.277296346638102237e-02
9.628824021559682089e-01 -2.695229430586474351e-01 -1.465845167175463745e-02
9.642048012616604158e-01 -2.646439011396050089e-01 -1.651406841684339988e-02
9.656480071213235927e-01 -2.592058650255510965e-01 -1.833722323862619144e-02
9.672002272366725384e-01 -2.532167048271077858e-01 -2.012533120024394967e-02
9.688487835350353405e-01 -2.466850051816487643e-01 -2.187581424888007317e-02
9.705801914795304519e-01 -2.396201082751425182e-01 -2.358610351287888582e-02
9.723802448818980038e-01 -2.320321569207091650e-01 -2.525364256599459817e-02
9.742341062751214142e-01 -2.239321367160596321e-01 -2.687589167221440811e-02
9.761264026342681976e-01 -2.153319162797243669e-01 -2.845033300930218181e-02
9.780413261551150761e-01 -2.062442845565372884e-01 -2.997447685319121896e-02
9.799627397125486583e-01 -1.966829841875967766e-01 -3.144586868878597452e-02
9.818742865262520825e-01 -1.866627399601546999e-01 -3.286209719582632027e-02
9.837595034619827095e-01 -1.761992813896742227e-01 -3.422080304148101410e-02
9.856019372953249702e-01 -1.653093585404767640e-01 -3.551968839456687288e-02
9.873852631639555844e-01 -1.540107502634581182e-01 -3.675652706006968945e-02
9.890934043372041629e-01 -1.423222641193722937e-01 -3.792917511733469305e-02
9.907106523411907117e-01 -1.302637273637696769e-01 -3.903558193127865117e-02
9.922217863972840890e-01 -1.178559684939168711e-01 -4.007380139364163235e-02
9.936121910642069510e-01 -1.051207889974562909e-01 -4.104200324102606073e-02
9.948679709228073209e-01 -9.208092509515222734e-02 -4.193848428862598926e-02
9.959760611100230143e-01 -7.875999943324157870e-02 -4.276167941345636325e-02
9.969243324971829301e-01 -6.518246285157133779e-02 -4.351017211882412389e-02
9.977016903193037800e-01 -5.137352652833304667e-02 -4.418270451294921408e-02
9.982981650976230359e-01 -3.735908497691179525e-02 -4.477818653917214897e-02
9.987049947577347764e-01 -2.316563054103462638e-02 -4.529570430311564283e-02
9.989146969300979340e-01 -8.820160196804184560e-03 -4.573452735344304271e-02
9.989211305273214547e-01 5.649924379845048389e-03 -4.609411478731741119e-02
9.987195458216806543e-01 2.021692238821738707e-02 -4.637412006905355238e-02
9.983066223942365092e-01 3.485294391496857047e-02 -4.657439447041688413e-02
9.976804944905053318e-01 4.953002308756897232e-02 -4.669498906311748271e-02
9.968407634930901429e-01 6.422023300897569675e-02 -4.673615521776204595e-02
9.957884974048273330e-01 7.889580107648129503e-02 -4.669834358829144660e-02
9.945262174223414853e-01 9.352922327937687741e-02 -4.658220158614131967e-02
9.930578718648207515e-01 1.080933760904558699e-01 -4.638856937339688041e-02
9.913887979017627083e-01 1.225616246147957639e-01 -4.611847442845704720e-02
9.895256716920414197e-01 1.369079257341723199e-01 -4.577312476059179625e-02
9.874764477009270180e-01 1.511069250846054646e-01 -4.535390087073495197e-02
9.852502880981636180e-01 1.651340468249687110e-01 -4.486234657443377571e-02
9.828574832560171837e-01 1.789655752928257237e-01 -4.430015881869063532e-02
9.803093644591778233e-01 1.925787277957992927e-01 -4.366917663718760528e-02
9.776182100071209025e-01 2.059517179486820837e-01 -4.297136939788875898e-02
9.747971459333623079e-01 2.190638091339208449e-01 -4.220882450317588880e-02
9.718600425850871805e-01 2.318953578318526110e-01 -4.138373470550053140e-02
9.688214083017145928e-01 2.444278467331423843e-01 -4.049838520113146351e-02
9.656962814035436882e-01 2.566439077055834850e-01 -3.955514066113017396e-02
9.625001216537165671e-01 2.685273348375076807e-01 -3.855643235245800188e-02
9.592487022907894012e-01 2.800630879177476995e-01 -3.750474549342652786e-02
9.559580036480075371e-01 2.912372868351810196e-01 -3.640260697691034136e-02
9.526441092819202261e-01 3.020371974877222310e-01 -3.525257358223852361e-02
9.493231054303478134e-01 3.124512098801589532e-01 -3.405722078287080207e-02
9.460109845109945237e-01 3.224688091619399288e-01 -3.281913224224751457e-02
9.427235532601598855e-01 3.320805404099361757e-01 -3.154089007496539698e-02
9.394763459988216825e-01 3.412779679977850367e-01 -3.022506593503519398e-02
9.362845434033622016e-01 3.500536304135653531e-01 -2.887421297774920084e-02
9.331628970526136824e-01 3.584009913924356416e-01 -2.749085872691395260e-02
9.301256599235858680e-01 3.663143882219460079e-01 -2.607749886512788703e-02
9.271865229167416400e-01 3.737889780566204245e-01 -2.463659195160168916e-02
9.243585574091801593e-01 3.808206830468224835e-01 -2.317055505987968000e-02
9.216541637613973048e-01 3.874061350466141418e-01 -2.168176031682831836e-02
9.190850256409310859e-01 3.935426206180257513e-01 -2.017253231447523054e-02
9.166620699743671663e-01 3.992280269965292616e-01 -1.864514635773316734e-02
9.143954322978249394e-01 4.044607896260938862e-01 -1.710182750371934055e-02
9.122944272448819669e-01 4.092398418133986193e-01 -1.554475034224439209e-02
9.103675238894534116e-01 4.135645669908201150e-01 -1.397603946203719062e-02
9.086223256487933053e-01 4.174347540177628102e-01 -1.239777054331454506e-02
9.070655544477881360e-01 4.208505558906290855e-01 -1.081197201430971963e-02
9.057030388492353090e-01 4.238124521739369821e-01 -9.220627207243418944e-03
9.045397058649617961e-01 4.263212154093041772e-01 -7.625676947856225435e-03
9.035795761785185842e-01 4.283778817055922672e-01 -6.029022511923394501e-03
9.028257625308654388e-01 4.299837256626616866e-01 -4.432528882046558871e-03
9.022804710450116339e-01 4.311402397330096892e-01 -2.838028238374275432e-03
9.019450052931073936e-01 4.318491180800336782e-01 -1.247323617665226309e-03
9.018197729391125295e-01 4.321122449486660688e-01 3.378073237944667975e-04
9.019042948210695965e-01 4.319316875234879283e-01 1.915608506532107558e-03
9.023076826150507879e-01 4.310741363315421792e-01 3.993023596264739031e-03
9.029824253126979006e-01 4.296348076941815530e-01 6.056489606864662659e-03
9.039238463846044347e-01 4.276166703574144634e-01 8.103873965587609154e-03
9.051259293016411522e-01 4.250228033043978448e-01 1.013304138965553068e-02
9.065813481167305232e-01 4.218564266599208468e-01 1.214184689348194075e-02
9.082815013286574812e-01 4.181209399145062733e-01 1.412812940449856107e-02
9.102165492822873460e-01 4.138199669598578434e-01 1.608970608588818421e-02
9.123754554072742717e-01 4.089574073652784691e-01 1.802436745985782837e-02
9.147460316337282515e-01 4.035374932611170418e-01 1.992987341990429956e-02
9.173149883472160315e-01 3.975648511303261357e-01 2.180395021467210898e-02
9.200679892558268902e-01 3.910445677431907407e-01 2.364428847931669686e-02
9.229897115378908889e-01 3.839822594039036252e-01 2.544854238260171875e-02
9.260639116194967491e-01 3.763841436119236272e-01 2.721432994912552361e-02
9.292734968956259944e-01 3.682571121772914569e-01 2.893923460595542244e-02
9.326006036571347080e-01 3.596088047689292022e-01 3.062080799144359031e-02
9.360266814179210026e-01 3.504476818203254851e-01 3.225657405103596331e-02
9.395325837526937729e-01 3.407830956700578784e-01 3.384403443044190635e-02
9.430986656564890325e-01 3.306253587776480374e-01 3.538067516063696932e-02
9.467048873235940354e-01 3.199858078307140086e-01 3.686397461191380509e-02
9.503309241174258126e-01 3.088768625497268494e-01 3.829141267573302199e-02
9.539562823662847135e-01 2.973120780042637912e-01 3.966048111368153384e-02
9.575604204753616067e-01 2.853061892816638467e-01 4.096869499271708209e-02
9.611228746960273073e-01 2.728751473973078379e-01 4.221360510542834787e-02
9.646233887428204978e-01 2.600361454068305100e-01 4.339281125369962716e-02
9.680420463006229603e-01 2.468076337753401517e-01 4.450397625442105431e-02
9.713594053235062864e-01 2.332093241774601811e-01 4.554484050725762095e-02
9.745566328970769465e-01 2.192621810442551000e-01 4.651323694753803362e-02
9.776156393223103258e-01 2.049884003376102048e-01 4.740710619261221531e-02
9.805192099852018117e-01 1.904113752172983121e-01 4.822451167810727635e-02
9.832511335071446590e-01 1.755556484678420237e-01 4.896365457190313131e-02
9.857963246293867110e-01 1.604468517676050920e-01 4.962288824881051080e-02
9.881409402741869741e-01 1.451116321068141868e-01 5.020073210824273213e-02
9.902724872475682227e-01 1.295775658892883431e-01 5.069588452090172115e-02
9.921799201050832684e-01 1.138730614789267293e-01 5.110723469879978331e-02
9.938537277929704317e-01 9.802725117057078941e-02 5.143387329582531364e-02
9.952860078015510759e-01 8.206987376973429171e-02 5.167510156340116012e-02
9.964705267236688702e-01 6.603114915105021132e-02 5.183043890729776421e-02
9.974027662952259510e-01 4.994164632567126005e-02 5.189962871692274660e-02
9.980799542032626759e-01 3.383214667844337831e-02 5.188264236685323494e-02
9.985010791744801661e-01 1.773350413243551457e-02 5.177968132132809709e-02
9.986668900978377117e-01 1.676504058336313746e-03 5.159117730510107136e-02
9.985798791825778453e-01 -1.430827723256539868e-02 5.131779053763309978e-02
9.982442494011922740e-01 -3.019061059127836621e-02 5.096040606119869171e-02
9.976658667088751375e-01 -4.594074796632674484e-02 5.052012822622081040e-02
9.968521977605950823e-01 -6.152955050169995471e-02 4.999827342818805032e-02
9.958122340582139520e-01 -7.692860925595344790e-02 4.939636121906650773e-02
9.945564036479422887e-01 -9.211035715895690701e-02 4.871610394150902718e-02
9.930964716485852772e-01 -1.070481710061281233e-01 4.795939505581426482e-02
9.914454310202397425e-01 -1.217164624931582478e-01 4.712829634705930498e-02
9.896173850791932791e-01 -1.360907575113791124e-01 4.622502421282877194e-02
9.876274233267229308e-01 -1.501477631490262532e-01 4.525193524034711035e-02
9.854914921873765277e-01 -1.638654220707475573e-01 4.421151128559162868e-02
9.832262622472791591e-01 -1.772229541711021761e-01 4.310634426626418908e-02
9.808489935471109700e-01 -1.902008856122538449e-01 4.193912087559509977e-02
9.783774004205429975e-01 -2.027810655569639020e-01 4.071260741521622734e-02
9.758295172806096263e-01 -2.149466710914427758e-01 3.942963493322926977e-02
9.732235666477455638e-01 -2.266822009955446193e-01 3.809308483862852701e-02
9.705778305883031587e-01 -2.379734591579494851e-01 3.670587514597276058e-02
9.679105265957009818e-01 -2.488075285499786460e-01 3.527094748521055617e-02
9.652396888022979349e-01 -2.591727367629435563e-01 3.379125499141494293e-02
9.625830552628151793e-01 -2.690586141805915155e-01 3.226975116841768187e-02
9.599579619035111255e-01 -2.784558459010894604e-01 3.070937979945398411e-02
9.573812435888273686e-01 -2.873562185434406224e-01 2.911306595738386016e-02
9.548691426218717249e-01 -2.957525630730529764e-01 2.748370814723568450e-02
9.524372248693850906e-01 -3.036386947624959420e-01 2.582417159504342072e-02
9.501003035877270131e-01 -3.110093513686214006e-01 2.413728267947601314e-02
9.478723709253611407e-01 -3.178601305586237769e-01 2.242582448677349349e-02
9.457665369902720220e-01 -3.241874275577191211e-01 2.069253345513333633e-02
9.437949762981909796e-01 -3.299883739223068990e-01 1.894009706199864182e-02
9.419688813595018528e-01 -3.352607782669787539e-01 1.717115249670123772e-02
9.402984231189469577e-01 -3.400030696936008345e-01 1.538828625157834078e-02
9.387927179321299276e-01 -3.442142445877356960e-01 1.359403455694641570e-02
9.374598007454455484e-01 -3.478938173634555375e-01 1.179088457908790064e-02
9.363066041403830253e-01 -3.510417756534324196e-01 9.981276295574359123e-03
9.353389429079101980e-01 -3.536585403581211096e-01 8.167604958690195122e-03
9.345615038325238988e-01 -3.557449308866695303e-01 6.352224055306486886e-03
9.339778403871357160e-01 -3.573021358434668171e-01 4.537448670158086492e-03
9.335903720678170314e-01 -3.583316893383265422e-01 2.725559158978412694e-03
9.334003881301132788e-01 -3.588354530253853314e-01 9.188050382355277771e-04
9.334080555247176170e-01 -3.588156039059089975e-01 -8.805910008063838352e-04
9.337075388231765860e-01 -3.580223796056030139e-01 -3.196705488109018688e-03
9.342569873569064320e-01 -3.565580864884907442e-01 -5.497631508857465932e-03
9.350515634210569971e-01 -3.544263621146392929e-01 -7.780691548212505942e-03
9.360847721722699299e-01 -3.516311206373848308e-01 -1.004321010330438448e-02
9.373485031410863089e-01 -3.481765869010416958e-01 -1.228250631877185299e-02
9.388330773913665661e-01 -3.440673396880196133e-01 -1.449588738876872104e-02
9.405273005803249653e-01 -3.393083633799673371e-01 -1.668064286465984966e-02
9.424185222268833817e-01 -3.339051071956186667e-01 -1.883403999902934917e-02
9.444927015330533138e-01 -3.278635510669041242e-01 -2.095332024694041700e-02
9.467344801211561300e-01 -3.211902771150759728e-01 -2.303569703443011235e-02
9.491272620473399924e-01 -3.138925455910108187e-01 -2.507835489180397157e-02
9.516533014277946956e-01 -3.059783740499055771e-01 -2.707845003523794147e-02
9.542937979674392945e-01 -2.974566184421371107e-01 -2.903311246434839982e-02
9.570290006112087688e-01 -2.883370547214223478e-01 -3.093944962564594212e-02
9.598383194454812584e-01 -2.786304595012877861e-01 -3.279455167209119337e-02
9.627004458623042993e-01 -2.683486882342451807e-01 -3.459549832733610497e-02
9.655934808632142818e-01 -2.575047493482070515e-01 -3.633936733975782346e-02
9.684950712245933291e-01 -2.461128727548822503e-01 -3.802324448626101527e-02
9.713825530754321980e-01 -2.341885711484580912e-01 -3.964423505932407332e-02
9.742331022545652752e-01 -2.217486925428745481e-01 -4.119947674328137271e-02
9.770238906221750952e-01 -2.088114625551308334e-01 -4.268615375785647648e-02
9.797322473045575464e-01 -1.953965150324764588e-01 -4.410151211907304553e-02
9.823358236573473956e-01 -1.815249097444334436e-01 -4.544287584053885443e-02
9.848127605466342471e-01 -1.672191360168781005e-01 -4.670766387245881002e-02
9.871418563759679632e-01 -1.525031013743353980e-01 -4.789340755236496522e-02
9.893027341365669969e-01 -1.374021044765083299e-01 -4.899776832125211229e-02
9.912760056343652426e-01 -1.219427918829521784e-01 -5.001855544236035594e-02
9.930434309567238715e-01 -1.061530984515472037e-01 -5.095374344798456190e-02
9.945880711888760439e-01 -9.006217146666338491e-02 -5.180148903306500824e-02
9.958944323797132014e-01 -7.370027889520563980e-02 -5.256014711345291524e-02
9.969485987914241676e-01 -5.709870247572115809e-02 -5.322828577202565886e-02
9.977383535494324107e-01 -4.028961664940673704e-02 -5.380469982744462420e-02
9.982532849381595685e-01 -2.330595463374468893e-02 -5.428842277829711710e-02
9.984848767628480282e-01 -6.181263211122639545e-03 -5.467873689942026605e-02
9.984265814148038931e-01 1.105045195206308395e-02 -5.497518129692916672e-02
9.980738745321733330e-01 2.835488843324066380e-02 -5.517755776321192629e-02
9.974242904344668981e-01 4.569761444144543328e-02 -5.528593431206788728e-02
9.964774378189790172e-01 6.304423916165644015e-02 -5.530064631624354021e-02
9.952349955325221487e-01 8.036058368767647064e-02 -5.522229521373017008e-02
9.937006885633955511e-01 9.761285016480153454e-02 -5.505174479411120703e-02
9.918802447268533218e-01 1.147677868069152674e-01 -5.479011512073637263e-02
9.897813328332910610e-01 1.317928465485953549e-01 -5.443877418732275680e-02
9.874134834231809155e-01 1.486563372380063086e-01 -5.399932744757606623e-02
9.847879934185801432e-01 1.653275614658486492e-01 -5.347360539253926542e-02
9.819178162710888724e-01 1.817769443531472850e-01 -5.286364938171531080e-02
9.788174393751092328e-01 1.979761478788198414e-01 -5.217169595986586444e-02
9.755027506594072806e-01 2.138981706086585666e-01 -5.140015991125617550e-02
9.719908963671729518e-01 2.295174319820772191e-01 -5.055161631671396122e-02
9.683001320845577853e-01 2.448098406131777038e-01 -4.962878188613145669e-02
9.644496690811493744e-01 2.597528463601316839e-01 -4.863449584010859361e-02
9.604595179855760501e-01 2.743254762039041839e-01 -4.757170060964551611e-02
9.563503317392060277e-01 2.885083542471711948e-01 -4.644342261264197691e-02
9.521432496555225500e-01 3.022837063911512634e-01 -4.525275335108097652e-02
9.478597442677532126e-01 3.156353504674043742e-01 -4.400283105389264648e-02
9.435214724787290841e-01 3.285486727901192339e-01 -4.269682306840297953e-02
9.391501323409716662e-01 3.410105922499306885e-01 -4.133790917878889248e-02
9.347673265978431179e-01 3.530095131920036322e-01 -3.992926600389798408e-02
9.303944339141794195e-01 3.645352684092152407e-01 -3.847405259992654758e-02
9.260524885226590897e-01 3.755790536369731369e-01 -3.697539736650142655e-02
9.217620688151597630e-01 3.861333549615500460e-01 -3.543638632832188384e-02
9.175431952207577790e-01 3.961918705514759775e-01 -3.386005283923723685e-02
9.134152375373462140e-01 4.057494280946666310e-01 -3.224936873191639602e-02
9.093968317248104505e-01 4.148018992760445500e-01 -3.060723691445706510e-02
9.055058060263172504e-01 4.233461125650421764e-01 -2.893648539563556735e-02
9.017591161618092599e-01 4.313797655031801903e-01 -2.723986270316832575e-02
8.981727892348936315e-01 4.389013375923922489e-01 -2.552003464441197564e-02
8.947618759110151920e-01 4.459100047882058604e-01 -2.377958234636331700e-02
8.915404103606787700e-01 4.524055565012812252e-01 -2.202100150155988229e-02
8.885213774156794919e-01 4.583883159088060211e-01 -2.024670273840137313e-02
8.857166863576613203e-01 4.638590642761111771e-01 -1.845901302834490609e-02
8.831371507454517378e-01 4.688189698904883795e-01 -1.666017803817709808e-02
8.807924736889669592e-01 4.732695221150389764e-01 -1.485236533291909786e-02
8.786912379914028071e-01 4.772124709815667165e-01 -1.303766833365340577e-02
8.768409006062547473e-01 4.806497726587985464e-01 -1.121811093445009531e-02
8.752477908897827730e-01 4.835835410560030967e-01 -9.395652683397530402e-03
8.739171121712531187e-01 4.860160057525151900e-01 -7.572194434304290421e-03
8.728529462111167536e-01 4.879494763806618840e-01 -5.749584377746817625e-03
8.720582601697993708e-01 4.893863135328014313e-01 -3.929624362623904479e-03
8.715349157656427925e-01 4.903289062121505282e-01 -2.114076422099547912e-03
8.712836803585447543e-01 4.907796558011712218e-01 -3.046694206492582980e-04
8.714269740344818826e-01 4.905212445886988903e-01 1.988129650411992431e-03
8.719126905140567318e-01 4.896427835862504629e-01 4.268470808556336371e-03
8.727370100322620061e-01 4.881469329640020227e-01 6.534411096116622859e-03
8.738945537992198753e-01 4.860361772940600678e-01 8.784003549409816550e-03
8.753784101043582400e-01 4.833128575542272598e-01 1.101528598206049162e-02
8.771801619770065450e-01 4.799792131576754994e-01 1.322627037987002610e-02
8.792899167787318060e-01 4.760374335519531042e-01 1.541493302451918054e-02
8.816963381968754287e-01 4.714897188770335590e-01 1.757920546119889904e-02
8.843866811911024195e-01 4.663383491124723501e-01 1.971696642313729500e-02
8.873468305138361156e-01 4.605857610772777222e-01 2.182603482366603231e-02
8.905613434796672001e-01 4.542346325723248257e-01 2.390416392365574821e-02
8.940134976965726787e-01 4.472879728740057348e-01 2.594903677853670210e-02
8.976853444914344449e-01 4.397492186997387087e-01 2.795826306438570566e-02
9.015577687622940983e-01 4.316223346719130771e-01 2.992937737638066281e-02
9.056105559684922701e-01 4.229119172082967393e-01 3.185983908498734446e-02
9.098224669259585839e-01 4.136233006659137401e-01 3.374703382526018924e-02
9.141713210073194595e-01 4.037626644644736751e-01 3.558827668235751973e-02
9.186340882544141717e-01 3.933371398176868650e-01 3.738081712159142811e-02
9.231869907939509456e-01 3.823549146097813267e-01 3.912184569392003486e-02
9.278056138056488544e-01 3.708253348741976652e-01 4.080850252769424591e-02
9.323920649737112987e-01 3.590105196115864761e-01 4.191066813114182471e-02
9.369449091451593770e-01 3.468273528093777647e-01 4.295398626050413171e-02
9.414452835298373623e-01 3.342908940068272661e-01 4.393628236273293408e-02
9.458746639111599297e-01 3.214173786931275867e-01 4.485543089452788401e-02
9.502149769533270174e-01 3.082242239770244252e-01 4.570936868184514307e-02
9.544487132959174058e-01 2.947300236503677118e-01 4.649610861041389431e-02
9.585590403195479725e-01 2.809545322119273991e-01 4.721375348987948833e-02
9.625299133856124456e-01 2.669186375632600638e-01 4.786050992422201389e-02
9.663461842914909949e-01 2.526443222481539186e-01 4.843470201366952693e-02
9.699937056429190907e-01 2.381546132783934899e-01 4.893478470880843756e-02
9.734594298298245851e-01 2.234735207678697488e-01 4.935935663630146297e-02
9.767315013027297876e-01 2.086259657805136780e-01 4.970717221779283324e-02
9.797993408849003938e-01 1.936376979808537846e-01 4.997715290935635796e-02
9.826537209211917423e-01 1.785352038546261788e-01 5.016839739826826211e-02
9.852868301575203880e-01 1.633456064361294424e-01 5.028019060689664643e-02
9.876923273637558953e-01 1.480965576343006018e-01 5.031201136991175077e-02
9.898653828554142553e-01 1.328161243864144914e-01 5.026353867054314528e-02
9.918027072328525762e-01 1.175326699829006144e-01 5.013465634384074027e-02
9.935025668370295326e-01 1.022747319956252982e-01 4.992545617934068120e-02
9.949647856139974822e-01 8.707089830240388739e-02 4.963623938161941529e-02
9.961835085750694319e-01 7.166230342431530176e-02 4.982924624004905767e-02
9.971703411996034605e-01 5.619070758692019940e-02 4.993933642425913561e-02
9.979218806723199053e-01 4.068540230855666184e-02 4.996639307384849460e-02
9.984363484243804487e-01 2.517580265576141452e-02 4.991051405702197352e-02
9.987135962529263278e-01 9.691318573811920703e-03 4.977201291986309978e-02
9.987550979272087348e-01 -5.738774053172902151e-03 4.955141809316934709e-02
9.985639264003480786e-01 -2.108546098442324462e-02 4.924947036955947682e-02
9.981447169614027226e-01 -3.632011425237581526e-02 4.886711869274551479e-02
9.975036168699691341e-01 -5.141461231202130305e-02 4.840551432892620937e-02
9.966482222097758914e-01 -6.634145427888958613e-02 4.786600351650863172e-02
9.955875028739643584e-01 -8.107386695006453536e-02 4.725011871416991832e-02
9.943317167489299502e-01 -9.558590345204275029e-02 4.655956858808944776e-02
9.928923142924708234e-01 -1.098525325284806786e-01 4.579622689657590617e-02
9.912818348032061966e-01 -1.238497176650947967e-01 4.496212044396317303e-02
9.895137957503433723e-01 -1.375544854431139941e-01 4.405941628535827576e-02
9.876025765754310459e-01 -1.509449827115927623e-01 4.309040836952293674e-02
9.855632983911679634e-01 -1.640005223675614909e-01 4.205750380890810325e-02
9.834117009879338456e-01 -1.767016177266901300e-01 4.096320896380143545e-02
9.811640185185208640e-01 -1.890300056515863136e-01 3.981011552195280745e-02
9.788368551682372631e-01 -2.009686587763059307e-01 3.860088674625797994e-02
9.764470620342883267e-01 -2.125017873210303943e-01 3.733824405151488918e-02
9.740116163386314252e-01 -2.236148311277609546e-01 3.602495405737639322e-02
9.715475039860401729e-01 -2.342944426646073053e-01 3.466381624888811852e-02
9.690716063576659822e-01 -2.445284618418178679e-01 3.325765135890888791e-02
9.666005921036323612e-01 -2.543058835567869602e-01 3.180929056874273742e-02
9.641508145696348064e-01 -2.636168189381588034e-01 3.032156560491966468e-02
9.617382153653654120e-01 -2.724524512916327579e-01 2.879729979166500975e-02
9.593782344596998302e-01 -2.808049877634034575e-01 2.723930010056615017e-02
9.570857270714315801e-01 -2.886676077329314860e-01 2.565035022159988312e-02
9.548748875169439376e-01 -2.960344089267715750e-01 2.403320466328812133e-02
9.527591800791574972e-01 -3.029003522114849800e-01 2.239058387451034124e-02
9.507512768765141731e-01 -3.092612059782942069e-01 2.072517036657020584e-02
9.488630026373898740e-01 -3.151134909771682868e-01 1.903960580159001076e-02
9.471052862244979664e-01 -3.204544263954491323e-01 1.733648900224185260e-02
9.454881187055329539e-01 -3.252818779078134326e-01 1.561837482822825592e-02
9.440205177301960182e-01 -3.295943083520203598e-01 1.388777385677192680e-02
9.427104979492461068e-01 -3.333907316100369056e-01 1.214715279761018757e-02
9.415650471975394176e-01 -3.366706701980687333e-01 1.039893556753863045e-02
9.405901081591876434e-01 -3.394341169928429824e-01 8.645504945319799905e-03
9.397905652378769625e-01 -3.416815014460717892e-01 6.889204724666498150e-03
9.391702363678663401e-01 -3.434136605650435214e-01 5.132342280922627849e-03
9.387318695199698970e-01 -3.446318148652333657e-01 3.377191465895925011e-03
9.384771436806513822e-01 -3.453375494310199079e-01 1.625995744950708196e-03
9.384066741099418296e-01 -3.455328001532231852e-01 -1.190285091418274120e-04
9.385200217139580969e-01 -3.452198451473170726e-01 -1.855688650048640653e-03
9.388157063991250384e-01 -3.444013012938013651e-01 -3.581812402220434233e-03
9.392912243065865141e-01 -3.430801257822848616e-01 -5.295244596345758531e-03
9.399430688555941993e-01 -3.412596224832336600e-01 -6.993844073808735962e-03
9.407667555528164138e-01 -3.389434529159938148e-01 -8.675480834837635824e-03
9.417568505495025333e-01 -3.361356515285360835e-01 -1.033803350133666137e-02
9.429070029493535898e-01 -3.328406449533773959e-01 -1.197938716120861002e-02
9.442099808859476529e-01 -3.290632748553609654e-01 -1.359743165629017161e-02
9.456577113989129701e-01 -3.248088239405602651e-01 -1.519006037081703162e-02
9.472413241421011598e-01 -3.200830446517375916e-01 -1.675516957159228423e-02
9.489511989542769310e-01 -3.148921900348746195e-01 -1.829065834472856644e-02
9.507770173129286295e-01 -3.092430462237296673e-01 -1.979442916695535112e-02
9.527078176744823157e-01 -3.031429659557111078e-01 -2.126438914201847843e-02
9.547320546793912621e-01 -2.965999025032162728e-01 -2.269845192465080180e-02
