1.000000000000000000e+00 0.000000000000000000e+00 0.000000000000000000e+00
9.999981995329011442e-01 1.030083179827992771e-03 -1.593865850403236193e-03
9.999916886947169958e-01 2.620626682371446272e-03 -3.123450497962095007e-03
9.999782056072101799e-01 4.747971655206097846e-03 -4.587666509546473384e-03
9.999547942954335467e-01 7.388098944794974088e-03 -5.985605522110198570e-03
9.999179317567391534e-01 1.051668632909137299e-02 -7.316533367845482437e-03
9.998636507722532540e-01 1.410916361269338309e-02 -8.579885362050447550e-03
9.997876576397735082e-01 1.814076620374990151e-02 -9.775261749845739687e-03
9.996854441029557892e-01 2.258658770158827531e-02 -1.090242329405474199e-02
9.995523928438415640e-01 2.742163192790914722e-02 -1.196128697554740827e-02
9.993838759949852379e-01 3.262086473537949283e-02 -1.295192176906864896e-02
9.991753462143317943e-01 3.815926582830292402e-02 -1.387454445191094350e-02
9.989224199511379521e-01 4.401188073324328875e-02 -1.472951539958998121e-02
9.986209526150143789e-01 5.015387296523281246e-02 -1.551733432175037355e-02
9.982671054428079449e-01 5.656057634942977808e-02 -1.623863589264610413e-02
9.978574039395502471e-01 6.320754738042638765e-02 -1.689418523346478823e-02
9.973887878498921555e-01 7.007061743316418678e-02 -1.748487320823608956e-02
9.968586526949541060e-01 7.712594458160201838e-02 -1.801171150081109368e-02
9.962648829858277155e-01 8.435006473460031351e-02 -1.847582744714335382e-02
9.956058772984027749e-01 9.171994176332973203e-02 -1.887845860456541583e-02
9.948805654640338059e-01 9.921301627097824094e-02 -1.922094704766437109e-02
9.940884181959926957e-01 1.068072526434311609e-01 -1.950473338845394936e-02
9.932294495318789718e-01 1.144811840184832286e-01 -1.973135052657316521e-02
9.923042125264063262e-01 1.222139548203198672e-01 -1.990241714298681200e-02
9.913137886765357454e-01 1.299853605245796517e-01 -2.001963095792073238e-02
9.902597716011879436e-01 1.377758843462097149e-01 -2.008476178036212520e-02
9.891442455302603687e-01 1.455667305763434505e-01 -2.009964438225019662e-02
9.879697591820711944e-01 1.533398543342635312e-01 -2.006617123536549516e-02
9.867392956244938063e-01 1.610779875448044851e-01 -1.998628515282001653e-02
9.854562387229391929e-01 1.687646609989255919e-01 -1.986197187991030344e-02
9.841243367781646878e-01 1.763842224042993789e-01 -1.969525268090823941e-02
9.827476639489768351e-01 1.839218503823196738e-01 -1.948817696914507958e-02
9.813305800397392753e-01 1.913635644167383520e-01 -1.924281502753465503e-02
9.798776892108055359e-01 1.986962308061013538e-01 -1.896125086554667494e-02
9.783937981423025398e-01 2.059075647163249034e-01 -1.864557525666388563e-02
9.768838741488895527e-01 2.129861284703276347e-01 -1.829787899763643880e-02
9.753530037060793578e-01 2.199213262479721709e-01 -1.792024642749255950e-02
9.738063518083238668e-01 2.267033954011898056e-01 -1.751474924039297595e-02
9.722491225362343004e-01 2.333233946157392269e-01 -1.708344062214653056e-02
9.706865211659094772e-01 2.397731891724171061e-01 -1.662834973565482585e-02
9.691237181082245078e-01 2.460454335766635026e-01 -1.615147657583900637e-02
9.675658149208762326e-01 2.521335518364871686e-01 -1.565478720983004557e-02
9.660178125917043834e-01 2.580317156746848584e-01 -1.514020941347448551e-02
9.644845822489422904e-01 2.637348209627446982e-01 -1.460962871060894099e-02
9.629708384131445698e-01 2.692384626609858334e-01 -1.406488481716619381e-02
9.614811148670434626e-01 2.745389085428273090e-01 -1.350776848805765665e-02
9.600197431838561890e-01 2.796330719710701795e-01 -1.294001876098364867e-02
9.585908339218754959e-01 2.845184839812137101e-01 -1.236332058789371344e-02
9.571982604636940506e-01 2.891932649116089049e-01 -1.177930284178174865e-02
9.558456454522520351e-01 2.936560958031770308e-01 -1.118953668387136224e-02
9.545363497530657826e-01 2.979061897729629038e-01 -1.059553427403184603e-02
9.532734638524668069e-01 3.019432635464050496e-01 -9.998747805461512261e-03
9.520598015853498630e-01 3.057675093133025990e-01 -9.400568843272111633e-03
9.508978960726566232e-01 3.093795670524210895e-01 -8.802327945588356295e-03
9.497899977384323122e-01 3.127804974498402113e-01 -8.205294545117366306e-03
9.487380742685715962e-01 3.159717555167967928e-01 -7.610677068817520846e-03
9.477438123680985704e-01 3.189551649941634870e-01 -7.019623273274678069e-03
9.468086211707593680e-01 3.217328936130279260e-01 -6.433220773644482589e-03
9.459336371536044563e-01 3.243074292642608158e-01 -5.852497744509565017e-03
9.451197304098546415e-01 3.266815571146028940e-01 -5.278423771697016154e-03
9.443675121354470070e-01 3.288583376927477486e-01 -4.711910834972007911e-03
9.436773431880125518e-01 3.308410859561980999e-01 -4.153814402536554033e-03
9.430493435814323311e-01 3.326333513383528118e-01 -3.604934619388152055e-03
9.424834027843578266e-01 3.342388987653358012e-01 -3.066017572803603035e-03
9.419791906969722239e-01 3.356616906234834996e-01 -2.537756619482647857e-03
9.415361691866573901e-01 3.369058696511200712e-01 -2.020793760190789552e-03
9.411536040699625127e-01 3.379757427222155886e-01 -1.515721049059517989e-03
9.408305774352172524e-01 3.388757654846688006e-01 -1.023082026016416263e-03
9.405660002071883907e-01 3.396105278122105720e-01 -5.433731621109498706e-04
9.403586248622397559e-01 3.401847400262013044e-01 -7.704530876004127542e-05
9.402070582094552709e-01 3.406032198418073587e-01 3.754948568510246289e-04
9.401097741600472624e-01 3.408708799921025268e-01 8.138833968219555577e-04
9.400651264140557073e-01 3.409927164834583579e-01 1.237797693564263429e-03
9.400713609998045950e-01 3.409737974360755319e-01 1.646955051300787263e-03
9.401266286077920586e-01 3.408192524645813348e-01 2.041111321592148278e-03
9.402289966666304011e-01 3.405342625551924240e-01 2.420059555577185832e-03
9.403764611143146102e-01 3.401240503979390817e-01 2.783628684826769742e-03
9.405669578234656658e-01 3.395938711347913919e-01 3.131682232002757499e-03
9.407983736442852019e-01 3.389490034871504576e-01 3.464117051885771785e-03
9.410685570337559147e-01 3.381947412290020605e-01 3.780862102785523433e-03
9.413753282441509329e-01 3.373363849750172783e-01 4.081877247873493680e-03
9.417164890481731776e-01 3.363792342559674964e-01 4.367152085577179037e-03
9.420898319820500966e-01 3.353285798569518583e-01 4.636704807844472913e-03
9.424931490916678145e-01 3.341896963970654721e-01 4.890581084822456098e-03
9.429242401703558096e-01 3.329678351322293284e-01 5.128852974292810209e-03
9.433809204802402482e-01 3.316682169659181389e-01 5.351617854061975141e-03
9.438610279521815194e-01 3.302960256554334229e-01 5.558997375413515796e-03
9.443624298622099733e-01 3.288564012041438889e-01 5.751136435688334811e-03
9.448830289850848052e-01 3.273544334327355698e-01 5.928202168060657876e-03
9.454207692281284547e-01 3.257951557249578189e-01 6.090382946619429631e-03
9.459736407508470002e-01 3.241835389456035332e-01 6.237887404941150175e-03
9.465396845780336132e-01 3.225244855305134939e-01 6.370943466446716760e-03
9.471169967160796288e-01 3.208228237502321889e-01 6.489797384966891104e-03
9.477037317840861785e-01 3.190833021505663503e-01 6.594712794094307641e-03
9.482981061730825223e-01 3.173105841746989286e-01 6.685969764070207218e-03
9.488984007482172967e-01 3.155092429726970016e-01 6.763863865137310916e-03
9.495029631102006595e-01 3.136837564052176175e-01 6.828705236482663331e-03
9.501102094335329706e-01 3.118385022489719161e-01 6.880817660092286396e-03
9.507186259001706441e-01 3.099777536120571497e-01 6.920537639039781204e-03
9.513267697482417073e-01 3.081056745676183928e-01 6.948213479930550121e-03
9.519332699562432776e-01 3.062263160144685359e-01 6.964204379419296209e-03
9.525368275838250742e-01 3.043436117732830071e-01 6.968879514908416124e-03
9.531362157907919963e-01 3.024613749268129093e-01 6.962617139716571583e-03
9.537302795563455948e-01 3.005832944122348027e-01 6.945803683178228792e-03
9.543179351208325167e-01 2.987129318732943406e-01 6.918832856294620040e-03
9.548981691723781307e-01 2.968537187793171550e-01 6.882104763703007951e-03
9.554700378007642270e-01 2.950089538174692771e-01 6.836025022863291035e-03
9.560326652407585835e-01 2.931818005638643365e-01 6.781003891477981570e-03
9.565852424268342924e-01 2.913752854382523627e-01 6.717455404262816579e-03
9.571270253808263906e-01 2.895922959460972002e-01 6.645796520270468889e-03
9.576573334535766202e-01 2.878355792108729938e-01 6.566446282038744878e-03
9.581755474410150741e-01 2.861077407983956267e-01 6.479824987887475296e-03
9.586811075944304816e-01 2.844112438339678195e-01 6.386353378725216981e-03
9.591735115439006254e-01 2.827484084120668872e-01 6.286451840748342665e-03
9.596523121529930700e-01 2.811214112972547086e-01 6.180539625421657690e-03
9.601171153219201226e-01 2.795322859139499627e-01 6.069034088122091282e-03
9.605675777553446260e-01 2.779829226216834481e-01 5.952349946805998195e-03
9.610034047100010079e-01 2.764750692714650904e-01 5.830898562027189702e-03
9.614243477362209855e-01 2.750103320379377325e-01 5.705087239587840198e-03
9.618302024263525318e-01 2.735901765210789760e-01 5.575318557049024210e-03
9.622208061819411684e-01 2.722159291103498080e-01 5.441989715262799017e-03
9.625960360104102165e-01 2.708887786033778444e-01 5.305491916014607769e-03
9.629558063608486540e-01 2.696097780705106195e-01 5.166209766784390922e-03
9.633000670073924576e-01 2.683798469558817401e-01 5.024520713548223314e-03
9.636288009875815241e-01 2.671997734050027273e-01 4.880794502450649594e-03
9.639420226019935756e-01 2.660702168083285968e-01 4.735392671082127095e-03
9.642397754804102883e-01 2.649917105497439640e-01 4.588668069997162320e-03
9.645221307187615833e-01 2.639646649484817531e-01 4.440964415007706521e-03
9.647891850901294530e-01 2.629893703826156059e-01 4.292615870684107771e-03
9.650410593321798736e-01 2.620660005819608895e-01 4.143946665393200522e-03
9.652778965125310418e-01 2.611946160779751169e-01 3.995270738100678218e-03
9.654998604727639266e-01 2.603751677980643553e-01 3.846891417063530699e-03
9.657071343510422734e-01 2.596075007915793487e-01 3.699101130438561206e-03
9.658999191826310726e-01 2.588913580747146947e-01 3.552181148735491980e-03
9.660784325769911085e-01 2.582263845815120917e-01 3.406401358948376104e-03
9.662429074695809694e-01 2.576121312082035320e-01 3.262020070107419459e-03
9.663935909460180662e-01 2.570480589382169723e-01 3.119283849905268597e-03
9.665307431358354240e-01 2.565335430352959634e-01 2.978427391967663259e-03
9.666546361727214043e-01 2.560678772923583590e-01 2.839673413258361583e-03
9.667655532178435207e-01 2.556502783239314458e-01 2.703232581032638526e-03
9.668637875426302486e-01 2.552798898902486346e-01 2.569303468682634147e-03
9.669496416672194172e-01 2.549557872413762416e-01 2.438072539751502069e-03
9.670234265506681970e-01 2.546769814700506340e-01 2.309714159331776109e-03
9.670854608289630727e-01 2.544424238622475243e-01 2.184390632006726497e-03
9.671360700968550939e-01 2.542510102348702339e-01 2.062252265441692593e-03
9.671755862295837725e-01 2.541015852503322736e-01 1.943437458685520454e-03
9.672043467406268302e-01 2.539929466982174255e-01 1.828072814200220947e-03
9.672226941717274595e-01 2.539238497346255063e-01 1.716273272599785557e-03
9.672309755115979790e-01 2.538930110702530274e-01 1.608142269046681323e-03
9.672295416398739576e-01 2.538991130987096612e-01 1.503771910226802018e-03
9.672187467930924987e-01 2.539408079570357191e-01 1.403243170800488535e-03
9.671989480496914204e-01 2.540167215108573018e-01 1.306626108208539536e-03
9.671705048312625452e-01 2.541254572570927350e-01 1.213980094697795315e-03
9.671337784175444430e-01 2.542656001376075170e-01 1.125354065420739423e-03
9.670891314728986554e-01 2.544357202576988386e-01 1.040786781457538144e-03
9.670369275822804367e-01 2.546343765037760720e-01 9.603071066068002981e-04
9.669775307949826093e-01 2.548601200550882351e-01 8.839342967930294542e-04
9.669113051746976994e-01 2.551114977848311094e-01 8.116783009440149644e-04
9.668386143547081923e-01 2.553870555464438086e-01 7.435400722001529739e-04
9.667598210972707662e-01 2.556853413413769371e-01 6.795118883297350141e-04
9.666752868565093859e-01 2.560049083650784429e-01 6.195776802393746559e-04
9.665853713443689488e-01 2.563443179284004558e-01 5.637133674868499526e-04
9.664904320994079923e-01 2.567021422520760487e-01 5.118871997244842792e-04
9.663908240584170306e-01 2.570769671323517302e-01 4.640601030246254777e-04
9.662868991310463729e-01 2.574673944762848055e-01 4.201860300646157462e-04
9.661790057778045782e-01 2.578720447056256915e-01 3.802123131766887900e-04
9.660674885919500188e-01 2.582895590286033438e-01 3.440800192982991501e-04
9.659526878859420185e-01 2.587186015793134786e-01 3.117243058903047164e-04
9.658349392832404900e-01 2.591578614247775358e-01 2.830747769239716841e-04
9.657145733163520207e-01 2.596060544400908277e-01 2.580558380728114340e-04
9.655919150321053968e-01 2.600619250524131010e-01 2.365870502815555746e-04
9.654672836052109464e-01 2.605242478548725482e-01 2.185834809219808726e-04
9.653409919612092605e-01 2.609918290917535022e-01 2.039560517836108027e-04
9.652133464099489357e-01 2.614635080166214931e-01 1.926118831863733217e-04
9.650846462907515244e-01 2.619381581253020230e-01 1.844546335419106845e-04
9.649551836304240959e-01 2.624146882658773272e-01 1.793848337302363137e-04
9.648252428152669369e-01 2.628920436280913764e-01 1.773002156986790243e-04
9.646951002781983808e-01 2.633692066147649280e-01 1.780960347303369438e-04
9.645650242020781251e-01 2.638451975980134478e-01 1.816653848694929814e-04
9.644352742402620970e-01 2.643190755632344180e-01 1.878995070314147899e-04
9.643061012553580946e-01 2.647899386439879210e-01 1.966880893635824634e-04
9.641777470770838132e-01 2.652569245510331686e-01 2.079195594644869306e-04
9.640504442800474916e-01 2.657192108989062662e-01 2.214813681046413213e-04
9.639244159821882540e-01 2.661760154335305328e-01 2.372602641321872475e-04
9.637998756645210774e-01 2.666265961644416760e-01 2.551425602823917480e-04
9.636770270127351656e-01 2.670702514052842869e-01 2.750143896462981571e-04
9.635560637810964835e-01 2.675063197262975145e-01 2.967619525887467478e-04
9.634371696790019479e-01 2.679341798225534088e-01 3.202717539398188982e-04
9.633205182804311928e-01 2.683532503017452275e-01 3.454308303164474654e-04
9.632062729564375703e-01 2.687629893953425442e-01 3.721269674623851279e-04
9.630945868307174695e-01 2.691628945969390396e-01 4.002489075249014401e-04
9.629856027581953359e-01 2.695525022316156427e-01 4.296865462154460073e-04
9.628794533264617428e-01 2.699313869601281390e-01 4.603311198290362550e-04
9.627762608798070554e-01 2.702991612217055528e-01 4.920753821232771606e-04
9.626761375654981912e-01 2.706554746192129102e-01 5.248137710826884274e-04
9.625791854018581617e-01 2.710000132503911918e-01 5.584425656174037481e-04
9.624854963676228170e-01 2.713324989888394323e-01 5.928600322672859151e-04
9.623951525119714967e-01 2.716526887183473016e-01 6.279665620031187230e-04
9.623082260845522429e-01 2.719603735241265530e-01 6.636647972357721977e-04
9.622247796847550605e-01 2.722553778444206096e-01 6.998597491621361306e-04
9.621448664294248720e-01 2.725375585858998972e-01 7.364589055931721221e-04
9.620685301381477483e-01 2.728068042061735365e-01 7.733723294247173575e-04
9.619958055351963688e-01 2.730630337666671292e-01 8.105127479256664901e-04
9.619267184671745907e-01 2.733061959590318835e-01 8.477956330309532147e-04
9.618612861353653676e-01 2.735362681081634495e-01 8.851392728383362983e-04
9.617995173417540622e-01 2.737532551548195747e-01 9.224648345184497961e-04
9.617414127476747732e-01 2.739571886207338713e-01 9.596964188569305932e-04
9.616869651440074218e-01 2.741481255590301203e-01 9.967611066557338119e-04
9.616361597318415777e-01 2.743261474926477761e-01 1.033588997228027150e-03
9.615889744125152294e-01 2.744913593433940258e-01 1.070113239227409290e-03
9.615453800859339317e-01 2.746438883541425513e-01 1.106270054057599452e-03
9.615053409560807562e-01 2.747838830066031690e-01 1.141998752113320163e-03
9.614688148426344672e-01 2.749115119369918703e-01 1.177241742106836147e-03
9.614357534976275543e-01 2.750269628518341447e-01 1.211944533737596176e-03
9.614061029260920765e-01 2.751304414460408188e-01 1.246055733964683771e-03
9.613798037096643601e-01 2.752221703253011076e-01 1.279527037143366429e-03
9.613567913321432457e-01 2.753023879347439862e-01 1.312313209287987179e-03
9.613369965060268862e-01 2.753713474957268370e-01 1.344372066723812167e-03
9.613203454990836283e-01 2.754293159525196821e-01 1.375664449390253058e-03
9.613067604600481486e-01 2.754765729305618249e-01 1.406154189057193683e-03
9.612961597425715432e-01 2.755134097078805189e-01 1.435808072714988984e-03
9.612884582265913691e-01 2.755401282011724629e-01 1.464595801397088407e-03
9.612835676363313819e-01 2.755570399679637128e-01 1.492489944692232048e-03
9.612813968541813470e-01 2.755644652261786676e-01 1.519465891200781800e-03
9.612818522297518209e-01 2.755627318923652425e-01 1.545501795187023122e-03
9.612848378834439877e-01 2.755521746397425198e-01 1.570578519676221751e-03
9.612902560039195965e-01 2.755331339771562860e-01 1.594679576241885260e-03
9.612980071389013448e-01 2.755059553499495939e-01 1.617791061725072470e-03
9.613079904787813490e-01 2.754709882636784402e-01 1.639901592123736360e-03
9.613201041325599716e-01 2.754285854315270954e-01 1.661002233886006881e-03
9.613342453956833511e-01 2.753791019462040746e-01 1.681086432837033831e-03
9.613503110093931658e-01 2.753228944770267361e-01 1.700149940964525890e-03
9.613681974112453510e-01 2.752603204928325553e-01 1.718190741283468067e-03
9.613878009764994514e-01 2.751917375112852282e-01 1.735208970995687086e-03
9.614090182501220383e-01 2.751175023750769832e-01 1.751206843154963760e-03
9.614317461691876954e-01 2.750379705554614196e-01 1.766188567043301336e-03
9.614558822755027157e-01 2.749534954834879641e-01 1.780160267458727507e-03
9.614813249183139510e-01 2.748644279092453679e-01 1.793129903109678481e-03
9.615079734470022288e-01 2.747711152893610453e-01 1.805107184305569526e-03
9.615357283936959432e-01 2.746739012029426052e-01 1.816103490127626320e-03
9.615644916457719571e-01 2.745731247960915278e-01 1.826131785258425710e-03
9.615941666082460371e-01 2.744691202550606501e-01 1.835206536642902892e-03
9.616246583560815742e-01 2.743622163080742249e-01 1.843343630147811643e-03
9.616558737764773213e-01 2.742527357557749679e-01 1.850560287380795168e-03
9.616877217012176349e-01 2.741409950302121645e-01 1.856874982824337651e-03
9.617201130291972433e-01 2.740273037822346103e-01 1.862307361433935410e-03
9.617529608392518803e-01 2.739119644971043099e-01 1.866878156843855378e-03
9.617861804934502157e-01 2.737952721381014531e-01 1.870609110317828731e-03
9.618196897310197224e-01 2.736775138178453304e-01 1.873522890576008416e-03
9.618534087530978827e-01 2.735589684970145541e-01 1.875643014623445872e-03
9.618872602985156783e-01 2.734399067101084269e-01 1.876993769699282369e-03
9.619211697108344117e-01 2.733205903178520524e-01 1.877600136459771103e-03
9.619550649968692246e-01 2.732012722858113141e-01 1.877487713502166153e-03
9.619888768769450094e-01 2.730821964887472086e-01 1.876682643330449853e-03
9.620225388271379519e-01 2.729635975402071035e-01 1.875211539857814594e-03
9.620559871137664976e-01 2.728457006468170687e-01 1.873101417534775914e-03
9.620891608203995249e-01 2.727287214867112897e-01 1.870379622185798897e-03
9.621220018676579500e-01 2.726128661115049256e-01 1.867073763631348603e-03
9.621544550260873185e-01 2.724983308711926844e-01 1.863211650166346793e-03
9.621864679223851580e-01 2.723853023613292956e-01 1.858821224960153238e-03
9.622179910392651969e-01 2.722739573918275258e-01 1.853930504437370725e-03
9.622489777092454455e-01 2.721644629766878376e-01 1.848567518693025125e-03
9.622793841026445749e-01 2.720569763439558142e-01 1.842760253990002352e-03
9.623091692100704808e-01 2.719516449651872003e-01 1.836536597381022195e-03
9.623382948196849140e-01 2.718486066036850390e-01 1.829924283491933404e-03
9.623667254895246215e-01 2.717479893807608349e-01 1.822950843497695783e-03
9.623944285151557754e-01 2.716499118592609618e-01 1.815643556317111549e-03
9.624213738929368045e-01 2.715544831435898754e-01 1.808029402047164934e-03
9.624475342791589672e-01 2.714618029954540823e-01 1.800135017652750155e-03
9.624728849453308976e-01 2.713719619645460490e-01 1.791986654922598111e-03
9.624974037298665852e-01 2.712850415333821763e-01 1.783610140697385309e-03
9.625210709864330250e-01 2.712011142755074711e-01 1.775030839371300037e-03
9.625438695292066749e-01 2.711202440262784341e-01 1.766273617663787583e-03
9.625657845752819686e-01 2.710424860654372381e-01 1.757362811653769745e-03
9.625868036844705822e-01 2.709678873106920460e-01 1.748322196064376177e-03
9.626069166967216040e-01 2.708964865215232609e-01 1.739174955782103000e-03
9.626261156673879826e-01 2.708283145124399938e-01 1.729943659590361341e-03
9.626443948005577456e-01 2.707633943749194749e-01 1.720650236093586522e-03
9.626617503806609299e-01 2.707017417072686283e-01 1.711315951804451372e-03
9.626781807025582838e-01 2.706433648516581858e-01 1.701961391363255270e-03
9.626936860003094676e-01 2.705882651375898229e-01 1.692606439855289273e-03
9.627082683748121594e-01 2.705364371310689520e-01 1.683270267188845216e-03
9.629858341491116525e-01 2.695329147245599799e-01 3.209177156528973500e-03
9.634042160567283242e-01 2.680120787806912763e-01 4.674431064924459631e-03
9.639553347163540842e-01 2.659946884195662498e-01 6.078409909980637613e-03
9.646304424882137241e-01 2.635015237954478895e-01 7.420612949123598333e-03
9.654202418214097303e-01 2.605533819552672825e-01 8.700654023293227096e-03
9.663149987592720702e-01 2.571710740700571263e-01 9.918255675832758633e-03
9.673046513679696146e-01 2.533754231605768181e-01 1.107324409887935207e-02
9.683789128904458643e-01 2.491872615427822013e-01 1.216554484816656338e-02
9.695273694558685929e-01 2.446274273239440744e-01 1.319517925801965558e-02
9.707395721963486546e-01 2.397167593848557876e-01 1.416226148131114609e-02
9.720051236396609617e-01 2.344760903865786006e-01 1.506699607410494357e-02
9.733137582608684113e-01 2.289262374405852674e-01 1.590967604151571554e-02
9.746554170886768675e-01 2.230879901781001040e-01 1.669068125981318720e-02
9.760203162753684492e-01 2.169820960471033622e-01 1.741047718987893955e-02
9.773990095533718891e-01 2.106292427531351319e-01 1.806961379864724382e-02
9.787824445177728538e-01 2.040500378420199157e-01 1.866872460800197975e-02
9.801620126929557753e-01 1.972649854983106743e-01 1.920852579462710430e-02
9.815295933634574643e-01 1.902944607020537748e-01 1.968981526938290427e-02
9.828775911741466365e-01 1.831586809478980005e-01 2.011347167076489237e-02
9.841989675329485543e-01 1.758776757841880312e-01 2.048045321375219219e-02
9.853477075991725620e-01 1.694712958140144332e-01 1.921948375570990339e-02
9.863785151200779033e-01 1.635074381282689004e-01 1.796541594277938081e-02
9.873000089932056911e-01 1.579845747729257122e-01 1.672064673672695595e-02
9.881202862557053601e-01 1.529001349363530993e-01 1.548749044263251183e-02
9.888469075503755201e-01 1.482505531047050296e-01 1.426817304353149296e-02
9.894868890027757047e-01 1.440313185281706654e-01 1.306482731923662259e-02
9.900467001466654038e-01 1.402370255483035566e-01 1.187948871045206752e-02
9.905322674886342105e-01 1.368614243920146245e-01 1.071409188538714925e-02
9.909489832662926601e-01 1.338974720922345707e-01 9.570467963503710013e-03
9.913017189272268492e-01 1.313373832475473180e-01 8.450342349669289627e-03
9.915948428374116164e-01 1.291726803822926262e-01 7.355333131701040188e-03
9.918322417171865357e-01 1.273942437139719830e-01 6.286949994927359259e-03
9.920173452994606178e-01 1.259923601757158562e-01 5.246593608816083401e-03
9.921531537077422636e-01 1.249567715777155780e-01 4.235555442770897426e-03
9.922422670601321881e-01 1.242767218227050635e-01 3.255017970736842278e-03
9.922869168188236388e-01 1.239410031167621495e-01 2.306055227144368849e-03
9.922889984222394988e-01 1.239380011379915963e-01 1.389633679832232536e-03
9.922501047580460920e-01 1.242557391422708241e-01 5.066133888073686212e-04
9.921715600593203899e-01 1.248819209974979388e-01 -3.422505770773691782e-04
9.920544538325729578e-01 1.258039731460658672e-01 -1.156306490307304913e-03
9.918996744546398903e-01 1.270090855000387542e-01 -1.935004103549413552e-03
9.917079421052176214e-01 1.284842512752038535e-01 -2.677892596187511978e-03
9.914798407326133045e-01 1.302163057693124792e-01 -3.384618345079110947e-03
9.912158487817663843e-01 1.321919640869112789e-01 -4.054922533856850954e-03
9.909163684454260768e-01 1.343978578086943432e-01 -4.688638613205990506e-03
9.905817532312571894e-01 1.368205705977564024e-01 -5.285689622982326849e-03
9.902123336693083866e-01 1.394466727289441765e-01 -5.846085385790766517e-03
9.898084410154690538e-01 1.422627545211010425e-01 -6.369919580713097329e-03
9.893704288370291922e-01 1.452554586457464048e-01 -6.857366705236197721e-03
9.888986923960212394e-01 1.484115112799517244e-01 -7.308678933064422477e-03
9.883936857744717308e-01 1.517177520661384671e-01 -7.724182875372686240e-03
9.878559367128322277e-01 1.551611628374535701e-01 -8.104276253136458510e-03
9.872860591585291834e-01 1.587288950644402397e-01 -8.449424488425677157e-03
9.866847635456160726e-01 1.624082959770364876e-01 -8.760157222934305751e-03
9.860528648487935088e-01 1.661869333155651940e-01 -9.037064772498585100e-03
9.853912884754675305e-01 1.700526186653519567e-01 -9.280794526898273472e-03
9.847010740779446047e-01 1.739934293318973479e-01 -9.492047304801522548e-03
9.839833773842415754e-01 1.779977287170800837e-01 -9.671573674272860785e-03
9.832394701602606979e-01 1.820541851615843365e-01 -9.820170249785781930e-03
9.824707384282237443e-01 1.861517892245077022e-01 -9.938675977140574297e-03
9.816786790762572767e-01 1.902798693777732475e-01 -1.002796841806253419e-02
9.808648950019031032e-01 1.944281061003809430e-01 -1.008896004652759006e-02
9.800310889381291801e-01 1.985865443655201457e-01 -1.012259456901821141e-02
9.791790561141993088e-01 2.027456045219493408e-01 -1.012984328094294201e-02
9.783106759056182655e-01 2.068960915796553557e-01 -1.011170147135277697e-02
9.774279026273998694e-01 2.110292029184596685e-01 -1.006918488785574217e-02
9.765327556232351602e-01 2.151365344467774388e-01 -1.000332627326963077e-02
9.756273087999040028e-01 2.192100852460044103e-01 -9.915171985067689278e-03
9.747136797516228190e-01 2.232422607438654949e-01 -9.805778708071373473e-03
9.737940186131143205e-01 2.272258744673880948e-01 -9.676210270139071895e-03
9.728704967731868214e-01 2.311541484328539786e-01 -9.527534569802584286e-03
9.719452955726863852e-01 2.350207122360552237e-01 -9.360820623928317596e-03
9.710205951020046689e-01 2.388196009113627560e-01 -9.177135742542787133e-03
9.700985632040560747e-01 2.425452516324684560e-01 -8.977542836977799381e-03
9.691813447789355829e-01 2.461924993311528087e-01 -8.763097866475340336e-03
9.682710514764921728e-01 2.497565713130540099e-01 -8.534847427361370170e-03
9.673697518529437156e-01 2.532330809511771363e-01 -8.293826487866270622e-03
9.664794620575527517e-01 2.566180205388069457e-01 -8.041056270651707194e-03
9.656021371053989943e-01 2.599077533836109399e-01 -7.777542284112111577e-03
9.647396627825352011e-01 2.630990052240883559e-01 -7.504272502565485087e-03
9.638938482203908142e-01 2.661888550481912863e-01 -7.222215694543045184e-03
9.630664191672789753e-01 2.691747253919813954e-01 -6.932319897539012017e-03
9.622590119763277938e-01 2.720543721936596326e-01 -6.635511036797766410e-03
9.614731683211614754e-01 2.748258742752858197e-01 -6.332691685001268049e-03
9.607103306432316359e-01 2.774876225210711755e-01 -6.024739959079057801e-03
9.599718383278840195e-01 2.800383088173486468e-01 -5.712508549798963123e-03
9.592589246000494674e-01 2.824769148152791454e-01 -5.396823879310025211e-03
9.585727141248902017e-01 2.848027005731094130e-01 -5.078485381400093569e-03
9.579142212937973300e-01 2.870151931304227300e-01 -4.758264898897806780e-03
9.572843491718300291e-01 2.891141750623843487e-01 -4.436906192390109929e-03
9.566838890789802763e-01 2.910996730575355351e-01 -4.115124554238944188e-03
9.561135207745266040e-01 2.929719465582862337e-01 -3.793606521760483491e-03
9.555738132111742944e-01 2.947314764989450997e-01 -3.473009683372911202e-03
9.550652258236385084e-01 2.963789541719470400e-01 -3.153962571519316419e-03
9.545881103147766389e-01 2.979152702489282767e-01 -2.837064636225668755e-03
9.541427129012803876e-01 2.993415039794853905e-01 -2.522886293254592710e-03
9.537291769802603847e-01 3.006589125868649459e-01 -2.211969040958255712e-03
9.533475461777607407e-01 3.018689208764767096e-01 -1.904825640112569468e-03
9.529977677402841074e-01 3.029731110700262242e-01 -1.601940351224637529e-03
9.526796962307632066e-01 3.039732128752232754e-01 -1.303769224040597684e-03
9.523930974910352898e-01 3.048710937984516200e-01 -1.010740434236599575e-03
9.521376528337377465e-01 3.056687497054775271e-01 -7.232546625467871793e-04
9.519129634276067842e-01 3.063682956332309248e-01 -4.416855118642224322e-04
9.517185548413986673e-01 3.069719568539046595e-01 -1.663799581394732798e-04
9.515538817130365645e-01 3.074820601910758788e-01 1.023411688067717173e-04
9.514183325120902923e-01 3.079010255862499879e-01 3.641826781497446426e-04
9.513112343652921910e-01 3.082313579131452652e-01 6.188744879108490360e-04
9.512318579164655841e-01 3.084756390361661493e-01 8.661710748171041162e-04
9.511794221939657845e-01 3.086365201088339116e-01 1.105850906923226207e-03
9.511530994604955325e-01 3.087167141074458332e-01 1.337715861489224963e-03
9.511520200219356624e-01 3.087189885948942725e-01 1.561590630358604577e-03
9.511752769736203650e-01 3.086461587093859427e-01 1.777322114848496398e-03
9.512219308642646531e-01 3.085010803727357698e-01 1.984778811944479509e-03
9.512910142595151219e-01 3.082866437129583859e-01 2.183850193390129632e-03
9.513815361888325883e-01 3.080057666960227536e-01 2.374446079075030920e-03
9.514924864611146171e-01 3.076613889618595721e-01 2.556496005955309278e-03
9.516228398361279428e-01 3.072564658600012155e-01 2.729948593587715709e-03
9.517715600404321741e-01 3.067939626805744058e-01 2.894770907221741810e-03
9.519376036180378087e-01 3.062768490767468488e-01 3.050947819273803346e-03
9.521199236075427175e-01 3.057080936751342959e-01 3.198481369902688321e-03
9.523174730389375453e-01 3.050906588710975420e-01 3.337390127315580796e-03
9.525292082446479291e-01 3.044274958062842540e-01 3.467708548358255840e-03
9.527540919806980479e-01 3.037215395261937401e-01 3.589486339880686768e-03
9.529910963551280201e-01 3.029757043159529428e-01 3.702787821319326270e-03
9.532392055619752780e-01 3.021928792128820707e-01 3.807691288898780533e-03
9.534974184202407166e-01 3.013759236947938236e-01 3.904288381827450416e-03
9.537647507182984707e-01 3.005276635433036247e-01 3.992683450842893743e-03
9.540402373651771795e-01 2.996508868817279181e-01 4.072992929452156838e-03
9.543229343510358786e-01 2.987483403874076626e-01 4.145344708209020533e-03
9.546119205199855573e-01 2.978227256785133115e-01 4.209877512373028444e-03
9.549062991591609206e-01 2.968766958755654217e-01 4.266740283303222664e-03
9.552051994086331321e-01 2.959128523380363252e-01 4.316091563951795183e-03
9.555077774973692595e-01 2.949337415764893278e-01 4.358098888838399070e-03
9.558132178109928212e-01 2.939418523407558714e-01 4.392938178903741525e-03
9.561207337975784482e-01 2.929396128846539771e-01 4.420793141660528912e-03
9.564295687181305627e-01 2.919293884077132639e-01 4.441854677080009535e-03
9.567389962487437005e-01 2.909134786742930689e-01 4.456320289672603338e-03
9.570483209417337545e-01 2.898941158103647275e-01 4.464393507240741257e-03
9.573568785532549086e-01 2.888734622780793626e-01 4.466283306800511790e-03
9.576640362450887789e-01 2.878536090280603421e-01 4.462203548185470631e-03
9.579691926684062997e-01 2.868365738291486222e-01 4.452372415860646714e-03
9.582717779373656208e-01 2.858242997750934378e-01 4.437011869486903737e-03
9.585712535004190515e-01 2.848186539674211204e-01 4.416347103785166379e-03
9.588671119171690016e-01 2.838214263734383791e-01 4.390606018256312283e-03
9.591588765485302703e-01 2.828343288580321691e-01 4.360018697315538871e-03
9.594461011678371287e-01 2.818589943876241843e-01 4.324816901399729588e-03
9.597283695003735460e-01 2.808969764043226514e-01 4.285233569602532946e-03
9.600052946986118441e-01 2.799497483679953547e-01 4.241502334384660879e-03
9.602765187602214647e-01 2.790187034636652519e-01 4.193857048896231302e-03
9.605417118956554035e-01 2.781051544713081247e-01 4.142531327433924236e-03
9.608005718518477511e-01 2.772103337948138013e-01 4.087758099538415200e-03
9.610528231982566894e-01 2.763353936465594018e-01 4.029769178217093746e-03
9.612982165811734259e-01 2.754814063837389693e-01 3.968794842753658840e-03
9.615365279518877095e-01 2.746493649923006375e-01 3.905063436539998444e-03
9.617675577739627224e-01 2.738401837140607697e-01 3.838800980337003701e-03
9.619911302145213172e-01 2.730546988122986019e-01 3.770230801339893596e-03
9.622070923240966245e-01 2.722936694708832928e-01 3.699573178390445916e-03
9.624153132092432283e-01 2.715577788217535260e-01 3.627045003643518829e-03
9.626156832017529474e-01 2.708476350953530343e-01 3.552859460958657321e-03
9.628081130279697586e-01 2.701637728884322409e-01 3.477225721249657241e-03
9.629925329813531221e-01 2.695066545434498528e-01 3.400348654985975699e-03
9.631688921011037907e-01 2.688766716336543072e-01 3.322428562000101938e-03
9.633371573593401127e-01 2.682741465477929133e-01 3.243660918714649701e-03
9.634973128589987557e-01 2.676993341682838978e-01 3.164236142862285762e-03
9.636493590443321322e-01 2.671524236365977467e-01 3.084339375730892324e-03
9.637933119255897019e-01 2.666335401995246768e-01 3.004150281925782769e-03
9.639292023192002068e-01 2.661427471299592784e-01 2.923842866600584976e-03
9.640570751045179909e-01 2.656800477158057228e-01 2.843585310068782318e-03
9.641769884979610739e-01 2.652453873106017102e-01 2.763539819669012104e-03
9.642890133451514911e-01 2.648386554394737136e-01 2.683862498719285887e-03
9.643932324314697935e-01 2.644596879540690448e-01 2.604703232358436191e-03
9.644897398112536324e-01 2.641082692301618406e-01 2.526205590037494241e-03
9.645786401557104872e-01 2.637841344017011203e-01 2.448506744389452022e-03
9.646600481194707033e-01 2.634869716251544980e-01 2.371737406173117339e-03
9.647340877255806690e-01 2.632164243681044402e-01 2.296021774955621896e-03
9.648008917686319297e-01 2.629720937161723060e-01 2.221477505168658120e-03
9.648606012356266692e-01 2.627535406924771944e-01 2.148215687145827411e-03
9.649133647441119344e-01 2.625602885839823375e-01 2.076340842722581258e-03
9.649593379970513585e-01 2.623918252692395425e-01 2.005950934956249841e-03
9.649986832538629544e-01 2.622476055422111041e-01 1.937137391501540622e-03
9.650315688170202355e-01 2.621270534270283559e-01 1.869985141156765319e-03
9.650581685335972715e-01 2.620295644787341005e-01 1.804572663077859927e-03
9.650786613111321799e-01 2.619545080652533886e-01 1.740972048141061585e-03
9.650932306471892153e-01 2.619012296260413430e-01 1.679249071920860823e-03
9.651020641720146065e-01 2.618690529030673342e-01 1.619463278737576012e-03
9.651053532037024985e-01 2.618572821400098061e-01 1.561668076218554468e-03
9.651032923153199938e-01 2.618652042457583207e-01 1.505910839808585148e-03
9.650960789134744866e-01 2.618920909185410983e-01 1.452233026658566887e-03
9.650839128278491108e-01 2.619372007272242620e-01 1.400670298316779609e-03
9.650669959112778695e-01 2.619997811465569759e-01 1.351252651644203927e-03
9.650455316499795266e-01 2.620790705433656553e-01 1.304004557374181198e-03
9.650197247836210801e-01 2.621743001109301807e-01 1.258945105737227814e-03
9.649897809349331501e-01 2.622846957490038711e-01 1.216088158574001304e-03
9.649559062486520178e-01 2.624094798871658973e-01 1.175442507363114696e-03
9.649183070396155637e-01 2.625478732494212486e-01 1.137012036595733784e-03
9.648771894498898716e-01 2.626990965581853521e-01 1.100795891935530324e-03
9.648327591148543325e-01 2.628623721760101617e-01 1.066788652610553860e-03
9.647852208382182715e-01 2.630369256836241343e-01 1.034980507492863720e-03
9.647347782759869705e-01 2.632219873930698451e-01 1.005357434332211815e-03
9.646816336294364858e-01 2.634167937949287164e-01 9.779013816216583065e-04
9.646259873471915158e-01 2.636205889388233969e-01 9.525904525856086508e-04
9.645680378365373286e-01 2.638326257465837266e-01 9.293990907943325795e-04
9.645079811841223982e-01 2.640521672576501278e-01 9.082982669234621574e-04
9.644460108862361603e-01 2.642784878064711740e-01 8.892556661921996409e-04
9.643823175888647237e-01 2.645108741318274448e-01 8.722358760299040673e-04
9.643170888377446959e-01 2.647486264181813653e-01 8.572005735372931982e-04
9.642505088386457146e-01 2.649910592693146549e-01 8.441087123256123302e-04
9.641827582281207176e-01 2.652375026146672754e-01 8.329167083347095235e-04
9.641140138549633143e-01 2.654873025489385974e-01 8.235786242489353615e-04
9.640444485726135104e-01 2.657398221056487819e-01 8.160463521480850651e-04
9.639742310427446004e-01 2.659944419654881043e-01 8.102697940491415066e-04
9.639035255502556021e-01 2.662505611004051254e-01 8.061970400132980469e-04
9.638324918298817323e-01 2.665075973544977495e-01 8.037745435115621921e-04
9.637612849046178765e-01 2.667649879628786191e-01 8.029472937611117174e-04
9.636900549361303581e-01 2.670221900097834444e-01 8.036589847634169250e-04
9.636189470873123275e-01 2.672786808272828996e-01 8.058521807939060186e-04
9.635481013971105568e-01 2.675339583360407114e-01 8.094684781115865993e-04
9.634776526677265585e-01 2.677875413296367801e-01 8.144486626754627407e-04
9.634077303642667456e-01 2.680389697040418406e-01 8.207328636728019114e-04
9.633384585268833789e-01 2.682878046338909583e-01 8.282607026822095533e-04
9.632699556954202880e-01 2.685336286972573316e-01 8.369714383120604138e-04
9.632023348465422741e-01 2.687760459506745581e-01 8.468041061720594717e-04
9.631357033432952353e-01 2.690146819561958225e-01 8.576976540525210572e-04
9.630701628970111949e-01 2.692491837623129936e-01 8.695910722023364112e-04
9.630058095414378849e-01 2.694792198405854267e-01 8.824235186125302171e-04
9.629427336189407827e-01 2.697044799798511416e-01 8.961344392277328886e-04
9.628810197785923064e-01 2.699246751399089206e-01 9.106636830228179158e-04
9.628207469859305645e-01 2.701395372665707506e-01 9.259516118963565532e-04
9.627619885441399683e-01 2.703488190699895877e-01 9.419392053463838130e-04
9.627048121263758196e-01 2.705522937681688611e-01 9.585681599072681195e-04
9.626492798189267841e-01 2.707497547975564745e-01 9.757809833392012836e-04
9.625954481748809632e-01 2.709410154926170655e-01 9.935210835739832682e-04
9.625433682779384048e-01 2.711259087362655751e-01 1.011732852432343241e-03
9.624930858159861380e-01 2.713042865830288530e-01 1.030361744139045126e-03
9.624446411640332766e-01 2.714760198567820471e-01 1.049354348672429859e-03
9.623980694760811971e-01 2.716409977248849805e-01 1.068658459994893846e-03
9.623534007854879224e-01 2.717991272505170253e-01 1.088223139220067907e-03
9.623106601133689653e-01 2.719503329249812751e-01 1.107998772781153317e-03
9.622698675845646754e-01 2.720945561817172398e-01 1.127937125673020898e-03
9.622310385506902541e-01 2.722317548937278620e-01 1.147991389848268583e-03
9.621941837197784952e-01 2.723619028560916866e-01 1.168116227854473863e-03
9.621593092920150969e-01 2.724849892551925445e-01 1.188267811806422661e-03
9.621264171010628363e-01 2.726010181262609189e-01 1.208403857793085732e-03
9.620955047604680122e-01 2.727100078007796413e-01 1.228483655824632930e-03
9.620665658146401178e-01 2.728119903452649320e-01 1.248468095429798802e-03
9.620395898938980395e-01 2.729070109928897203e-01 1.268319687018461392e-03
9.620145628730776277e-01 2.729951275693729973e-01 1.288002579128384034e-03
9.619914670332005979e-01 2.730764099145122081e-01 1.307482571678733651e-03
9.619702812257113766e-01 2.731509393006911757e-01 1.326727125356205218e-03
9.619509810387947280e-01 2.732188078496479156e-01 1.345705367262408844e-03
9.619335389652983181e-01 2.732801179487408527e-01 1.364388092953595791e-03
9.619179245717938143e-01 2.733349816679037647e-01 1.382747765005851778e-03
9.619041046683227680e-01 2.733835201784318714e-01 1.400758508240569416e-03
9.618920434783861939e-01 2.734258631746941948e-01 1.418396101746355852e-03
9.618817028087521814e-01 2.734621482998188524e-01 1.435637967834540183e-03
9.618730422186700935e-01 2.734925205763500955e-01 1.452463158066152589e-03
9.618660191880969990e-01 2.735171318428279430e-01 1.468852336488626767e-03
9.618605892845584204e-01 2.735361401971938000e-01 1.484787760220610420e-03
9.618567063282839058e-01 2.735497094478782087e-01 1.500253257523094215e-03
9.618543225552742548e-01 2.735580085733787525e-01 1.515234203494665415e-03
9.618533887779793234e-01 2.735612111910912247e-01 1.529717493528023669e-03
9.618538545432799847e-01 2.735594950361089350e-01 1.543691514664021066e-03
9.618556682874913610e-01 2.735530414506608388e-01 1.557146114978364207e-03
9.618587774881204311e-01 2.735420348848130456e-01 1.570072571134819824e-03
9.618631288121327616e-01 2.735266624090141319e-01 1.582463554237244522e-03
9.618686682605019911e-01 2.735071132390201054e-01 1.594313094111075683e-03
9.618753413088342308e-01 2.734835782736925736e-01 1.605616542143061595e-03
9.618830930438800886e-01 2.734562496461198644e-01 1.616370532805977943e-03
9.618918682957654509e-01 2.734253202884702194e-01 1.626572943992903768e-03
9.619016117657903653e-01 2.733909835109439301e-01 1.636222856283324088e-03
9.619122681496645733e-01 2.733534325951523236e-01 1.645320511260860933e-03
9.619237822560647855e-01 2.733128604022110331e-01 1.653867268999877765e-03
9.619360991204185529e-01 2.732694589957974651e-01 1.661865564835510395e-03
9.619491641138330218e-01 2.732234192803836836e-01 1.669318865528883304e-03
9.619629230471075099e-01 2.731749306548204026e-01 1.676231624936384791e-03
9.619773222697797221e-01 2.731241806814116990e-01 1.682609239288897782e-03
9.619923087641758519e-01 2.730713547705845845e-01 1.688458002183815514e-03
9.620078302344442500e-01 2.730166358812251559e-01 1.693785059389543149e-03
9.620238351905702201e-01 2.729602042367194059e-01 1.698598363558980829e-03
9.620402730273802661e-01 2.729022370567054101e-01 1.702906628945222850e-03
9.620570940985576636e-01 2.728429083045129655e-01 1.706719286209391461e-03
9.620742497857025510e-01 2.727823884502373897e-01 1.710046437407163880e-03
9.620916925624812821e-01 2.727208442493651575e-01 1.712898811237154083e-03
9.621093760539199957e-01 2.726584385368424623e-01 1.715287718630862301e-03
9.621272550909065746e-01 2.725953300364511445e-01 1.717225008760464968e-03
9.621452857599750441e-01 2.725316731853309471e-01 1.718723025537222202e-03
9.621634254484542348e-01 2.724676179734636383e-01 1.719794564669783555e-03
9.621816328850706368e-01 2.724033097979114415e-01 1.720452831348173164e-03
9.621998681761015915e-01 2.723388893315801806e-01 1.720711398615730036e-03
9.622180928371821818e-01 2.722744924062572847e-01 1.720584166487761557e-03
9.622362698208744014e-01 2.722102499096554218e-01 1.720085321872183307e-03
9.622543635401131779e-01 2.721462876961736610e-01 1.719229299343931006e-03
9.622723398876467105e-01 2.720827265110712379e-01 1.718030742821467045e-03
9.622901662515943588e-01 2.720196819277334588e-01 1.716504468190259338e-03
9.623078115272477584e-01 2.719572642976932908e-01 1.714665426914707995e-03
9.623252461252442824e-01 2.718955787130593604e-01 1.712528670676616294e-03
9.623424419762437454e-01 2.718347249809878741e-01 1.710109317074958325e-03
9.623593725322423520e-01 2.717747976098248142e-01 1.707422516418413997e-03
9.623760127646577844e-01 2.717158858065342741e-01 1.704483419638886700e-03
9.623923391593225407e-01 2.716580734850190804e-01 1.701307147351032627e-03
9.624083297085214150e-01 2.716014392849320780e-01 1.697908760079689652e-03
9.624239639002100111e-01 2.715460566005690746e-01 1.694303229674021857e-03
9.624392227045523995e-01 2.714919936194284400e-01 1.690505411924180445e-03
9.624540885579130345e-01 2.714393133700165328e-01 1.686530020393345970e-03
9.624685453444405958e-01 2.713880737784752362e-01 1.682391601475131948e-03
9.624825783753775399e-01 2.713383277336035571e-01 1.678104510683551143e-03
9.624961743662302505e-01 2.712901231598439100e-01 1.673682890180007519e-03
9.625093214119319063e-01 2.712435030978017081e-01 1.669140647539154622e-03
9.625220089601288498e-01 2.711985057918673281e-01 1.664491435752893768e-03
9.625342277827200199e-01 2.711551647845096835e-01 1.659748634469324254e-03
9.625459699457759033e-01 2.711135090168115824e-01 1.654925332461073010e-03
9.625572287779626812e-01 2.710735629348204334e-01 1.650034311315137824e-03
9.625679988375926976e-01 2.710353466012894175e-01 1.645088030334182494e-03
9.625782758784229287e-01 2.709988758123895725e-01 1.640098612637112038e-03
9.625880568143180271e-01 2.709641622189764565e-01 1.635077832444748738e-03
9.625973396828924056e-01 2.709312134520007742e-01 1.630037103534507552e-03
9.626061236082442685e-01 2.709000332516587894e-01 1.624987468846154437e-03
9.626144087628898394e-01 2.708706215998834543e-01 1.619939591219011175e-03
9.626221963290044759e-01 2.708429748557862893e-01 1.614903745239336602e-03
9.626294884590735901e-01 2.708170858936654879e-01 1.609889810175102768e-03
9.626362882360536277e-01 2.707929442432059908e-01 1.604907263973940831e-03
9.626425996331398061e-01 2.707705362315044328e-01 1.599965178298712667e-03
9.626484274732349800e-01 2.707498451265620831e-01 1.595072214573929484e-03
9.626537773882096749e-01 2.707308512818979440e-01 1.590236621015097499e-03
9.626586557780421050e-01 2.707135322819440582e-01 1.585466230612041618e-03
9.626630697699204431e-01 2.706978630878962844e-01 1.580768460036304380e-03
9.626670271773909437e-01 2.706838161837032963e-01 1.576150309441877841e-03
9.626705364596279679e-01 2.706713617218882151e-01 1.571618363127759085e-03
9.626736066809016279e-01 2.706604676689088329e-01 1.567178791030163481e-03
9.626762474703142169e-01 2.706510999497727110e-01 1.562837351011655152e-03
9.626784689818741469e-01 2.706432225916363121e-01 1.558599391913956071e-03
9.626802818549724527e-01 2.706367978661283202e-01 1.554469857340808536e-03
9.626816971753237029e-01 2.706317864301495124e-01 1.550453290136944232e-03
9.626827264364307135e-01 2.706281474649136487e-01 1.546553837528970212e-03
9.626833815016282436e-01 2.706258388130055037e-01 1.542775256893843356e-03
9.626836745667590733e-01 2.706248171132453195e-01 1.539120922120513352e-03
9.626836181235318701e-01 2.706250379331595068e-01 1.535593830530319458e-03
9.626832249236072503e-01 2.706264558988713542e-01 1.532196610321795698e-03
9.626825079434558896e-01 2.706290248222361638e-01 1.528931528505673336e-03
9.626814803500297613e-01 2.706326978250581106e-01 1.525800499296085713e-03
9.626801554672836936e-01 2.706374274602374452e-01 1.522805092924240039e-03
9.626785467435821086e-01 2.706431658297095422e-01 1.519946544841163606e-03
9.626766677200235822e-01 2.706498646990472823e-01 1.517225765276513901e-03
9.626745319997120909e-01 2.706574756086118638e-01 1.514643349120893849e-03
9.626721532180013696e-01 2.706659499811466252e-01 1.512199586099611647e-03
9.626695450137363608e-01 2.706752392257210649e-01 1.509894471206368969e-03
9.626667210015125153e-01 2.706852948379420698e-01 1.507727715365963237e-03
9.626636947449722648e-01 2.706960684963615194e-01 1.505698756295725891e-03
9.626604797311535400e-01 2.707075121550181485e-01 1.503806769536094245e-03
9.626570893459045486e-01 2.707195781320634320e-01 1.502050679621442456e-03
9.626535368503754686e-01 2.707322191944304124e-01 1.500429171363039382e-03
9.626498353585959400e-01 2.707453886385139952e-01 1.498940701216793870e-03
9.626459978161443498e-01 2.707590403668415080e-01 1.497583508709257475e-03
9.626420369799126853e-01 2.707731289607202552e-01 1.496355627896199438e-03
9.626379653989696195e-01 2.707876097488585154e-01 1.495254898828926766e-03
9.626337953965202754e-01 2.708024388719647568e-01 1.494278979004413487e-03
9.626295390529615581e-01 2.708175733433376142e-01 1.493425354776203254e-03
9.626252081900268376e-01 2.708329711054676125e-01 1.492691352703966710e-03
9.626208143560157637e-01 2.708485910826783916e-01 1.492074150820532196e-03
9.626163688120987771e-01 2.708643932298434587e-01 1.491570789796142771e-03
9.626118825196878781e-01 2.708803385772201033e-01 1.491178183980648546e-03
9.626073661288608863e-01 2.708963892714493227e-01 1.490893132305299608e-03
9.626028299678260902e-01 2.709125086127772142e-01 1.490712329026758470e-03
9.625982840334121882e-01 2.709286610885575652e-01 1.490632374296918961e-03
9.625937379825669771e-01 2.709448124031026417e-01 1.490649784543071274e-03
9.625892011248464719e-01 2.709609295039530075e-01 1.490761002643917156e-03
9.625846824158758031e-01 2.709769806046429252e-01 1.490962407887885116e-03
9.625801904517604646e-01 2.709929352040413852e-01 1.491250325701142876e-03
9.625757334644268193e-01 2.710087641023538607e-01 1.491621037133642998e-03
9.625713193178684346e-01 2.710244394138733304e-01 1.492070788092463756e-03
9.625669555052744908e-01 2.710399345765719947e-01 1.492595798312620859e-03
9.625626491470152812e-01 2.710552243586297760e-01 1.493192270056427264e-03
9.625584069894589367e-01 2.710702848619964689e-01 1.493856396533370596e-03
9.625542354045931726e-01 2.710850935230890713e-01 1.494584370033339230e-03
9.625501403904237474e-01 2.710996291107262146e-01 1.495372389766894562e-03
9.625461275721228782e-01 2.711138717214049976e-01 1.496216669407109904e-03
9.625422022038979675e-01 2.711278027720260830e-01 1.497113444328322402e-03
9.625383691715525547e-01 2.711414049901750833e-01 1.498058978537932786e-03
9.625346329957088498e-01 2.711546624020687024e-01 1.499049571298169273e-03
9.625309978356635376e-01 2.711675603182754912e-01 1.500081563435475690e-03
9.625274674938451014e-01 2.711800853173214065e-01 1.501151343335919422e-03
9.625240454208436880e-01 2.711922252272903067e-01 1.502255352625718422e-03
9.625207347209820963e-01 2.712039691055305179e-01 1.503390091536665248e-03
9.625175381583982448e-01 2.712153072165774947e-01 1.504552123956888086e-03
9.625144581636081442e-01 2.712262310084026518e-01 1.505738082168014969e-03
9.625114968405185101e-01 2.712367330870982252e-01 1.506944671270414550e-03
9.625086559738595948e-01 2.712468071901063538e-01 1.508168673298771389e-03
9.625059370370071532e-01 2.712564481581005160e-01 1.509406951030799063e-03
9.625033412001646749e-01 2.712656519056256821e-01 1.510656451492433262e-03
9.625008693388750203e-01 2.712744153906022082e-01 1.511914209163337094e-03
9.624985220428331489e-01 2.712827365827976123e-01 1.513177348887034595e-03
9.624962996249707414e-01 2.712906144313679824e-01 1.514443088490435114e-03
9.624942021307839601e-01 2.712980488315692162e-01 1.515708741117928688e-03
9.624922293478771484e-01 2.713050405907365126e-01 1.516971717285637124e-03
9.624903808156942686e-01 2.713115913936282042e-01 1.518229526661770898e-03
9.624886558354114330e-01 2.713177037672279690e-01 1.519479779579382397e-03
9.624870534799649935e-01 2.713233810450971228e-01 1.520720188288136095e-03
9.624855726041883219e-01 2.713286273313662011e-01 1.521948567951998980e-03
9.624842118550336334e-01 2.713334474644525929e-01 1.523162837400028223e-03
9.624829696818536506e-01 2.713378469805884929e-01 1.524361019637677237e-03
9.624818443467205720e-01 2.713418320772404968e-01 1.525541242126259847e-03
9.624808339347584729e-01 2.713454095764998297e-01 1.526701736838408313e-03
9.624799363644684913e-01 2.713485868885188723e-01 1.527840840097539421e-03
9.624791493980245916e-01 2.713513719750672570e-01 1.528956992209481395e-03
9.624784706515202570e-01 2.713537733132777574e-01 1.530048736894557958e-03
9.624778976051465706e-01 2.713557998596493048e-01 1.531114720528516278e-03
9.624774276132823658e-01 2.713574610143710264e-01 1.532153691200790905e-03
9.624770579144797944e-01 2.713587665860293097e-01 1.533164497598637046e-03
9.624767856413272149e-01 2.713597267567555149e-01 1.534146087725733265e-03
9.624766078301745242e-01 2.713603520478701792e-01 1.535097507463868043e-03
9.624765214307046124e-01 2.713606532860755038e-01 1.536017898986336309e-03
9.624765233153373956e-01 2.713606415702460306e-01 1.536906499031661256e-03
9.624766102884528829e-01 2.713603282388629134e-01 1.537762637046228512e-03
9.624767790954202873e-01 2.713597248381360849e-01 1.538585733204377720e-03
9.624770264314221890e-01 2.713588430908535631e-01 1.539375296314436474e-03
9.624773489500618728e-01 2.713576948659962573e-01 1.540130921619106349e-03
9.624777432717450676e-01 2.713562921491519120e-01 1.540852288498520536e-03
9.624782059918259858e-01 2.713546470137603306e-01 1.541539158084194146e-03
9.624787336885095579e-01 2.713527715932183559e-01 1.542191370791967490e-03
9.624793229305026454e-01 2.713506780538703644e-01 1.542808843781917931e-03
9.624799702844074600e-01 2.713483785689080885e-01 1.543391568353074100e-03
9.624806723218505278e-01 2.713458852931996956e-01 1.543939607280616234e-03
9.624814256263433121e-01 2.713432103390661099e-01 1.544453092103091315e-03
9.624822267998689451e-01 2.713403657530201185e-01 1.544932220366989142e-03
9.624830724691919581e-01 2.713373634934806988e-01 1.545377252835860877e-03
9.624839592918879028e-01 2.713342154094732783e-01 1.545788510670962962e-03
9.624848839620908647e-01 2.713309332203233670e-01 1.546166372590222857e-03
9.624858432159565380e-01 2.713275284963497791e-01 1.546511272012117671e-03
9.624868338368411935e-01 2.713240126405602193e-01 1.546823694190847939e-03
9.624878526601945428e-01 2.713203968713509551e-01 1.547104173348984573e-03
9.624888965781686068e-01 2.713166922062092978e-01 1.547353289813535593e-03
9.624899625439419237e-01 2.713129094464163948e-01 1.547571667161167430e-03
9.624910475757613160e-01 2.713090591627451142e-01 1.547759969378091583e-03
9.624921487607032144e-01 2.713051516821466391e-01 1.547918898039887152e-03
9.624932632581569836e-01 2.713011970754168889e-01 1.548049189516310540e-03
9.624943883030323555e-01 2.712972051458332756e-01 1.548151612205903591e-03
9.624955212086961920e-01 2.712931854187493608e-01 1.548226963804979605e-03
9.624966593696404615e-01 2.712891471321344228e-01 1.548276068615332506e-03
9.624978002638868713e-01 2.712850992280430584e-01 1.548299774894771122e-03
9.624989414551331501e-01 2.712810503449988309e-01 1.548298952254358084e-03
9.625000805946445359e-01 2.712770088112745337e-01 1.548274489105984537e-03
9.625012154228974603e-01 2.712729826390500310e-01 1.548227290163686591e-03
9.625023437709798735e-01 2.712689795194287989e-01 1.548158274001872623e-03
9.625034635617553125e-01 2.712650068182913543e-01 1.548068370673403096e-03
9.625045728107957110e-01 2.712610715729646960e-01 1.547958519390230580e-03
9.625056696270906098e-01 2.712571804896846128e-01 1.547829666269092764e-03
9.625067522135386522e-01 2.712533399418275426e-01 1.547682762144514043e-03
9.625078188672289148e-01 2.712495559688878899e-01 1.547518760451165043e-03
9.625088679795186231e-01 2.712458342761760455e-01 1.547338615177407811e-03
9.625098980359146905e-01 2.712421802352114053e-01 1.547143278891644543e-03
9.625109076157667420e-01 2.712385988847849094e-01 1.546933700842877991e-03
9.625118953917790598e-01 2.712350949326642890e-01 1.546710825136693966e-03
9.625128601293483355e-01 2.712316727579158204e-01 1.546475588987672716e-03
9.625138006857361095e-01 2.712283364138151076e-01 1.546228921049051233e-03
9.625147160090825604e-01 2.712250896313201376e-01 1.545971739820260543e-03
9.625156051372703025e-01 2.712219358230786859e-01 1.545704952132790754e-03
9.625164671966449648e-01 2.712188780879429273e-01 1.545429451714651001e-03
9.625173014006018768e-01 2.712159192159637744e-01 1.545146117833529889e-03
9.625181070480449685e-01 2.712130616938368544e-01 1.544855814018588356e-03
9.625188835217265426e-01 2.712103077107733684e-01 1.544559386860665066e-03
9.625196302864760245e-01 2.712076591647679114e-01 1.544257664890519646e-03
9.625203468873244628e-01 2.712051176692363841e-01 1.543951457534589863e-03
9.625210329475331061e-01 2.712026845599969649e-01 1.543641554147608336e-03
9.625216881665330515e-01 2.712003609025674389e-01 1.543328723121274509e-03
9.625223123177837348e-01 2.711981474997522401e-01 1.543013711068072676e-03
9.625229052465578139e-01 2.711960448994940043e-01 1.542697242079181562e-03
9.625234668676587724e-01 2.711940534029629313e-01 1.542380017055331419e-03
9.625239971630796809e-01 2.711921730728595881e-01 1.542062713109334030e-03
9.625244961796083354e-01 2.711904037419062274e-01 1.541745983038929303e-03
9.625249640263875417e-01 2.711887450215020867e-01 1.541430454868482607e-03
9.625254008724355437e-01 2.711871963105196293e-01 1.541116731457989808e-03
9.625258069441339215e-01 2.711857568042180255e-01 1.540805390177754815e-03
9.625261825226890666e-01 2.711844255032515583e-01 1.540496982647039399e-03
9.625265279415734510e-01 2.711832012227515798e-01 1.540192034534904790e-03
9.625268435839524628e-01 2.711820826014595953e-01 1.539891045421411036e-03
9.625271298801031383e-01 2.711810681108923204e-01 1.539594488717273713e-03
9.625273873048293405e-01 2.711801560645176745e-01 1.539302811640035551e-03
9.625276163748797131e-01 2.711793446269228358e-01 1.539016435244757591e-03
9.625278176463734070e-01 2.711786318229563730e-01 1.538735754507194412e-03
9.625279917122379070e-01 2.711780155468258013e-01 1.538461138457394286e-03
9.625281391996649560e-01 2.711774935711340762e-01 1.538192930361621802e-03
9.625282607675875735e-01 2.711770635558387599e-01 1.537931447950487010e-03
9.625283571041842734e-01 2.711767230571178189e-01 1.537676983691145007e-03
9.625284289244130376e-01 2.711764695361278954e-01 1.537429805101412283e-03
9.625284769675800378e-01 2.711763003676403438e-01 1.537190155103646634e-03
9.625285019949463283e-01 2.711762128485422640e-01 1.536958252416224368e-03
9.625285047873759492e-01 2.711762042061898748e-01 1.536734291980454675e-03
9.625284861430295491e-01 2.711762716066020706e-01 1.536518445420778124e-03
9.625284468751053035e-01 2.711764121624836710e-01 1.536310861536098688e-03
9.625283878096312362e-01 2.711766229410678686e-01 1.536111666820123801e-03
9.625283097833107204e-01 2.711769009717681644e-01 1.535920966008591125e-03
9.625282136414241574e-01 2.711772432536311839e-01 1.535738842651290792e-03
9.625281002357889415e-01 2.711776467625824916e-01 1.535565359706818605e-03
9.625279704227799327e-01 2.711781084584574120e-01 1.535400560158016025e-03
9.625278250614114350e-01 2.711786252918110263e-01 1.535244467646084245e-03
9.625276650114840127e-01 2.711791942105007402e-01 1.535097087121407118e-03
9.625274911317959203e-01 2.711798121660363159e-01 1.534958405509137449e-03
9.625273042784217026e-01 2.711804761196931479e-01 1.534828392387652769e-03
9.625271053030578505e-01 2.711811830483841779e-01 1.534707000678022263e-03
9.625268950514379585e-01 2.711819299502876146e-01 1.534594167342675976e-03
9.625266743618168253e-01 2.711827138502275747e-01 1.534489814091511209e-03
9.625264440635248331e-01 2.711835318048055887e-01 1.534393848093720250e-03
9.625262049755926030e-01 2.711843809072814748e-01 1.534306162693672808e-03
9.625259579054463721e-01 2.711852582922025245e-01 1.534226638129240500e-03
9.625257036476746464e-01 2.711861611397809457e-01 1.534155142251003232e-03
9.625254429828650204e-01 2.711870866800191737e-01 1.534091531240830636e-03
9.625251766765121619e-01 2.711880321965842167e-01 1.534035650328389446e-03
9.625249054779959623e-01 2.711889950304319230e-01 1.533987334504182927e-03
9.625246301196292986e-01 2.711899725831827812e-01 1.533946409227787081e-03
9.625243513157757391e-01 2.711909623202514164e-01 1.533912691130006429e-03
9.625240697620351948e-01 2.711919617737321153e-01 1.533885988707728775e-03
9.625237861344975165e-01 2.711929685450436001e-01 1.533866103010319724e-03
9.625235010890633713e-01 2.711939803073359911e-01 1.533852828316457136e-03
9.625232152608305114e-01 2.711949948076638472e-01 1.533845952800363390e-03
9.625229292635449907e-01 2.711960098689292220e-01 1.533845259186455328e-03
9.625226436891159976e-01 2.711970233915989015e-01 1.533850525391486407e-03
9.625223591071926377e-01 2.711980333552010403e-01 1.533861525153319130e-03
9.625220760648017793e-01 2.711990378196052487e-01 1.533878028645523691e-03
