1.000000000000000000e+00 0.000000000000000000e+00 0.000000000000000000e+00
9.999999941626983579e-01 5.487843175048540557e-05 -9.307819332269078787e-05
9.999999711710934047e-01 1.529522372942116598e-04 -1.851077569348949189e-04
9.999999188678025952e-01 2.936490184913619181e-04 -2.757484878030900524e-04
9.999998201090567473e-01 4.762392184098427749e-04 -3.646670014166172001e-04
9.999996531717275650e-01 6.998395975289970448e-04 -4.515379496964557100e-04
9.999993922448439099e-01 9.634172691395240847e-04 -5.360452031633241307e-04
9.999990079968932299e-01 1.265794276479059038e-03 -6.178829931244211784e-04
9.999984682090851118e-01 1.605652692228225209e-03 -6.967570097985556271e-04
9.999977384637906974e-01 1.981540219143568694e-03 -7.723854524736557640e-04
9.999967828765858879e-01 2.391876268827484824e-03 -8.445000279783965993e-04
9.999955648597198543e-01 2.834958493937229495e-03 -9.128468939505853582e-04
9.999940479044180375e-01 3.308969747521826269e-03 -9.771875435986082051e-04
9.999921963692098847e-01 3.811985441653865762e-03 -1.037299628878188447e-03
9.999899762614519183e-01 4.341981276099700360e-03 -1.092977719244406188e-03
9.999873559993918137e-01 4.896841306453339135e-03 -1.144033993387733429e-03
9.999843071424868723e-01 5.474366319953400187e-03 -1.190298861622036746e-03
9.999808050782426072e-01 6.072282486115561026e-03 -1.231621516861236120e-03
9.999768296545641366e-01 6.688250248351674046e-03 -1.267870412398672221e-03
9.999723657475028116e-01 7.319873421917143762e-03 -1.298933664988158668e-03
9.999674037553182293e-01 7.964708462836063776e-03 -1.324719382017058205e-03
9.999619400109452938e-01 8.620273871903817720e-03 -1.345155911858268586e-03
9.999559771062348501e-01 9.284059697463703867e-03 -1.360192016788417963e-03
9.999495241227119857e-01 9.953537100400878732e-03 -1.369796968162451632e-03
9.999425967650372726e-01 1.062616794469590890e-02 -1.373960563838677812e-03
9.999352173948499178e-01 1.129941437693279295e-02 -1.372693068151738943e-03
9.999274149641875775e-01 1.197074835836258247e-02 -1.366025075032352605e-03
9.999192248491977075e-01 1.263766111348279750e-02 -1.354007295170488265e-03
9.999106885863537908e-01 1.329767245960256083e-02 -1.336710268411415558e-03
9.999018535148442854e-01 1.394833998252047701e-02 -1.314224002860259243e-03
9.998927723301956894e-01 1.458726802424255287e-02 -1.286657542448931555e-03
9.998835025554930755e-01 1.521211644960527958e-02 -1.254138464988202150e-03
9.998741059377673768e-01 1.582060915973835039e-02 -1.216812312985940609e-03
9.998646477781966135e-01 1.641054232149490380e-02 -1.174841959759073467e-03
9.998551962057142806e-01 1.697979228328693954e-02 -1.128406913600460025e-03
9.998458214044135817e-01 1.752632314918107018e-02 -1.077702562981797075e-03
9.998365948057711394e-01 1.804819398462607569e-02 -1.022939365978998679e-03
9.998275882571825424e-01 1.854356562878941433e-02 -9.643419872966065183e-04
9.998188731785964123e-01 1.901070709016556073e-02 -9.021483864421265316e-04
9.998105197191512472e-01 1.944800150387513554e-02 -8.366088607593647961e-04
9.998025959256626738e-01 1.985395163089064344e-02 -7.679850471715727461e-04
9.997951669345761516e-01 2.022718488129329750e-02 -6.965488866103536694e-04
9.997894747299994611e-01 2.051160247469390602e-02 -5.295230297082185837e-04
9.997852986172545142e-01 2.071777348660558751e-02 -3.613037488337956377e-04
9.997826946608133758e-01 2.084529680967514217e-02 -1.925271160902143814e-04
9.997816948613893473e-01 2.089406761370103671e-02 -2.382825449677628991e-05
9.997823069058081602e-01 2.086427630958184037e-02 1.441610257193455080e-04
9.997845142822715525e-01 2.075640643017079984e-02 3.108145668975325748e-04
9.997882767558274875e-01 2.057123144110691373e-02 4.755141715872145038e-04
9.997935311935535196e-01 2.030981049800425348e-02 6.376518700116072828e-04
9.998001927238558961e-01 1.997348316964593987e-02 7.966321394656129123e-04
9.998081562094639496e-01 1.956386315005508719e-02 9.518740679394433650e-04
9.998172980092204787e-01 1.908283098550808687e-02 1.102813454452870531e-03
9.998274779996996209e-01 1.853252584571955797e-02 1.248904838795161917e-03
9.998385418240816058e-01 1.791533637156369346e-02 1.389623453594103237e-03
9.998503233326248019e-01 1.723389063480120290e-02 1.524467091885588167e-03
9.998626471765414969e-01 1.649104524834823365e-02 1.652957883624674770e-03
9.998753315151416299e-01 1.568987366864423375e-02 1.774643974871378512e-03
9.998881907947776426e-01 1.483365373463606945e-02 1.889101103701267860e-03
9.999010385574208515e-01 1.392585449077958157e-02 1.995934067233412403e-03
9.999136902366336788e-01 1.297012234424733089e-02 2.094778074537384342e-03
9.999259658992620814e-01 1.197026660920035186e-02 2.185299980577413894e-03
9.999376928923570107e-01 1.093024449350802653e-02 2.267199396775593841e-03
9.999487083566062084e-01 9.854145585657940465e-03 2.340209674226857717e-03
9.999588615699018801e-01 8.746175901760336671e-03 2.404098756075438714e-03
9.999680160875351609e-01 7.610641554493069103e-03 2.458669896064193464e-03
9.999760516488552797e-01 6.451932107527110112e-03 2.503762240792549183e-03
9.999828658240000889e-01 5.274503680395419523e-03 2.539251273763360687e-03
9.999883753784417628e-01 4.082861869897475363e-03 2.565049119860578295e-03
9.999925173375247001e-01 2.881544554948843595e-03 2.581104709474851995e-03
9.999952497378359340e-01 1.675104652274284241e-03 2.587403802079091351e-03
9.999965520570720523e-01 4.680928904923688932e-04 2.583968869646382106e-03
9.999964253189670416e-01 -7.349593300578730493e-04 2.570858840894076677e-03
9.999948918747593174e-01 -1.929556924944889366e-03 2.548168707925758340e-03
9.999919948675179970e-01 -3.111257894818595608e-03 2.516028997422525663e-03
9.999877973903513739e-01 -4.275689811457844547e-03 2.474605109102120080e-03
9.999823813540142936e-01 -5.418565957584662793e-03 2.424096524714456930e-03
9.999758460836436491e-01 -6.535701059218943648e-03 2.364735891371013646e-03
9.999683066682302224e-01 -7.623026551522891353e-03 2.296787983509480675e-03
9.999598920899160914e-01 -8.676605321532734894e-03 2.220548548270783514e-03
9.999507431632472798e-01 -9.692645873870583267e-03 2.136343039510093730e-03
9.999410103170672803e-01 -1.066751586844421132e-02 2.044525246074447005e-03
9.999308512537744553e-01 -1.159775498224800000e-02 1.945475820355232208e-03
9.999204285221620081e-01 -1.248008705064431074e-02 1.839600713462851344e-03
9.999099070409954715e-01 -1.331143144690149875e-02 1.727329523672592590e-03
9.998994516108504760e-01 -1.408891366226311913e-02 1.609113765055011219e-03
9.998892244515378280e-01 -1.480987505239471022e-02 1.485425063431248822e-03
9.998793828016860896e-01 -1.547188171967362434e-02 1.356753286984505426e-03
9.998700766157615494e-01 -1.607273250442962237e-02 1.223604619014512273e-03
9.998614463919960338e-01 -1.661046606188820024e-02 1.086499580443851289e-03
9.998536211624062808e-01 -1.708336700519640441e-02 9.459710097750864341e-04
9.998467166733594480e-01 -1.748997109850696646e-02 8.025620082578691517e-04
9.998408337820158254e-01 -1.782906948764896929e-02 6.568238580574642296e-04
9.998360570905080458e-01 -1.809971195941276548e-02 5.093139212225856896e-04
9.998324538359598668e-01 -1.830120922391765409e-02 3.605935272329988854e-04
9.998300730504553480e-01 -1.843313421790944082e-02 2.112258568679073825e-04
9.998289450009114621e-01 -1.849532243015042376e-02 6.177383007636299845e-05
9.998290809145407021e-01 -1.848787125331755390e-02 -8.720199454774680463e-05
9.998304729912824707e-01 -1.841113837001775999e-02 -2.351455011800081924e-04
9.998330947002942448e-01 -1.826573918366612356e-02 -3.815070716762712600e-04
9.998369013533938698e-01 -1.805254330805633814e-02 -5.257456067167396623e-04
9.998418309442841378e-01 -1.777267013248739341e-02 -6.673305060658858614e-04
9.998486806534799820e-01 -1.737262177908465224e-02 -8.988079474909406886e-04
9.998571308314000428e-01 -1.686567793277216065e-02 -1.125562433566710402e-03
9.998669841058327457e-01 -1.625424202695888165e-02 -1.346766342683216548e-03
9.998780104196874907e-01 -1.554109755294801921e-02 -1.561616669738512308e-03
9.998899511597403311e-01 -1.472939601746029240e-02 -1.769337911483929732e-03
9.999025237208630790e-01 -1.382264358843622934e-02 -1.969184840500434134e-03
9.999154264318155239e-01 -1.282468647704611449e-02 -2.160445158120746084e-03
9.999283437637809246e-01 -1.173969510824498207e-02 -2.342442016897056806e-03
9.999409517391356639e-01 -1.057214713671105963e-02 -2.514536403535297567e-03
9.999529234555207813e-01 -9.326809369572291314e-03 -2.676129373580123615e-03
9.999639346391513417e-01 -8.008718661919557100e-03 -2.826664129545628998e-03
9.999736691414692347e-01 -6.623161855680067406e-03 -2.965627934649986940e-03
9.999818242947098312e-01 -5.175654836925144657e-03 -3.092553854831370675e-03
9.999881160446810746e-01 -3.671920791051648189e-03 -3.207022322299989993e-03
9.999922837829989808e-01 -2.117867739439464360e-03 -3.308662514517844103e-03
9.999940948061237789e-01 -5.195654450800117358e-04 -3.397153543193251208e-03
9.999933483347034358e-01 1.116778221776701082e-03 -3.472225448629229910e-03
9.999898790338684895e-01 2.784841363763721107e-03 -3.533659995569640375e-03
9.999835599831069510e-01 4.478212485460544671e-03 -3.581291267539423243e-03
9.999743050530635058e-01 6.190415172365718380e-03 -3.615006057568623081e-03
9.999620706559059213e-01 7.914932919198931771e-03 -3.634744054116267106e-03
9.999468568456413298e-01 9.645234006004511917e-03 -3.640497821960570705e-03
9.999287077547900360e-01 1.137479632022822193e-02 -3.632312578786581116e-03
9.999077113639766035e-01 1.309713202330541233e-02 -3.610285769170835934e-03
9.998839986111214273e-01 1.480581196133646561e-02 -3.574566438624204173e-03
9.998577418568491693e-01 1.649448972112780784e-02 -3.525354411298118901e-03
9.998291527323290850e-01 1.815692523522417084e-02 -3.462899275875408640e-03
9.997984794048688784e-01 1.978700784251891456e-02 -3.387499185045057815e-03
9.997660033050774775e-01 2.137877871456161580e-02 -3.299499474791310009e-03
9.997320353671527160e-01 2.292645256173428403e-02 -3.199291110503555465e-03
9.996969118407404986e-01 2.442443853797897704e-02 -3.087308967627531899e-03
9.996609897387447319e-01 2.586736026766443125e-02 -2.964029955225034457e-03
9.996246419903732638e-01 2.725007492340640949e-02 -2.829970991384573621e-03
9.995882523725124758e-01 2.856769128913289740e-02 -2.685686839926765788e-03
9.995522102951961418e-01 2.981558674833753239e-02 -2.531767818274739505e-03
9.995169055184438545e-01 3.098942314322066308e-02 -2.368837386712090241e-03
9.994827228780808204e-01 3.208516145620926574e-02 -2.197549629530864100e-03
9.994500370973313785e-01 3.309907527111115300e-02 -2.018586638783033578e-03
9.994192077590262624e-01 3.402776297683964002e-02 -1.832655811495283171e-03
9.993905745102248384e-01 3.486815868219349246e-02 -1.640487071294057398e-03
9.993644525669895806e-01 3.561754181555451537e-02 -1.442830025421742816e-03
9.993411285820311685e-01 3.627354538854177246e-02 -1.240451068112128838e-03
9.993208569320628509e-01 3.683416290761732520e-02 -1.034130441240683823e-03
9.993038564750492680e-01 3.729775392236320958e-02 -8.246592630794864114e-04
9.992903078202248768e-01 3.766304820364303058e-02 -6.128365358744146786e-04
9.992803511458991927e-01 3.792914854913161105e-02 -3.994661428295322322e-04
9.992740845917803538e-01 3.809553221775870135e-02 -1.853538449359915332e-04
9.992715632439628237e-01 3.816205099849031418e-02 2.869571207512946077e-05
9.992727987219642838e-01 3.812892992259149516e-02 2.418819705410920977e-04
9.992777593683868087e-01 3.799676463210853450e-02 4.534114034901929984e-04
9.992863710330476268e-01 3.776651742081038599e-02 6.625004173027349052e-04
9.992985184348962546e-01 3.743951196727215991e-02 8.683782048063330792e-04
9.993140470768308026e-01 3.701742678320083663e-02 1.070289539376096397e-03
9.993327656807543535e-01 3.650228740352467333e-02 1.267497500788545206e-03
9.993544491029896504e-01 3.589645734821902967e-02 1.459286123762789040e-03
9.993788416835842625e-01 3.520262788934284959e-02 1.644962960316781854e-03
9.994056609771870825e-01 3.442380666032585773e-02 1.823861547274328691e-03
9.994346018081355920e-01 3.356330514818321037e-02 1.995343770484314053e-03
9.994653405882273356e-01 3.262472511304059103e-02 2.158802117562014407e-03
9.994975398324170701e-01 3.161194398311967940e-02 2.313661811238056608e-03
9.995308528054175357e-01 3.052909927714374597e-02 2.459382815708144668e-03
9.995649282309234662e-01 2.938057210995105584e-02 2.595461708720336186e-03
9.995994149949251062e-01 2.817096984091754797e-02 2.721433412520081127e-03
9.996339667753412206e-01 2.690510792855109468e-02 2.836872777199428777e-03
9.996682465319534083e-01 2.558799105828390985e-02 2.941396010467874165e-03
9.997019307933386889e-01 2.422479361400926151e-02 3.034661948379404652e-03
9.997347136811294277e-01 2.282083956723323509e-02 3.116373162113507487e-03
9.997663106164175195e-01 2.138158186079005749e-02 3.186276896516135240e-03
9.997964616583914221e-01 1.991258136684922672e-02 3.244165836757741898e-03
9.998249344312677422e-01 1.841948550137522539e-02 3.289878700156170441e-03
9.998515266021588133e-01 1.690800657923996128e-02 3.323300650938015681e-03
9.998760678795970414e-01 1.538389999579337780e-02 3.344363536467762511e-03
9.998984215099110395e-01 1.385294232183402648e-02 3.353045944253289085e-03
9.999184852563944848e-01 1.232090939956107314e-02 3.349373079832298865e-03
9.999361918541103122e-01 1.079355452721248235e-02 3.333416466449476770e-03
9.999515089411072921e-01 9.276586819689883537e-03 3.305293468240809353e-03
9.999644384746674275e-01 7.775649831536533135e-03 3.265166639441624552e-03
9.999750156488403929e-01 6.296300527177715010e-03 3.213242902920566274e-03
9.999833073368268321e-01 4.843988681368163740e-03 3.149772562105247666e-03
9.999894100886506099e-01 3.424036790342456071e-03 3.075048151099467504e-03
9.999934477208995975e-01 2.041620571262964083e-03 2.989403128489982395e-03
9.999955685410264472e-01 7.017501242437807450e-04 2.893210420996998340e-03
9.999959422537064713e-01 -5.907481724587663324e-04 2.786880823731755809e-03
9.999947566009768085e-01 -1.831248967510192569e-03 2.670861264382763146e-03
9.999922137912762299e-01 -3.015344379523186846e-03 2.545632939156371524e-03
9.999885267750235895e-01 -4.138859520258081348e-03 2.411709328745504938e-03
9.999839154259907437e-01 -5.197867044889379652e-03 2.269634102991549291e-03
9.999786026884249779e-01 -6.188700681025388964e-03 2.119978923238802042e-03
9.999728107496591578e-01 -7.107967693035044908e-03 1.963341151659526041e-03
9.999667572968338192e-01 -7.952560243129383824e-03 1.800341477052496472e-03
9.999606519143620087e-01 -8.719665615524983121e-03 1.631621466791640263e-03
9.999546926759482757e-01 -9.406775274848334228e-03 1.457841054727219152e-03
9.999490629813724274e-01 -1.001169273469514759e-02 1.279675974923754006e-03
9.999439286839313379e-01 -1.053254021691444643e-02 1.097815151160551339e-03
9.999394355494768405e-01 -1.096776408672827177e-02 9.129580521264493796e-04
9.999357070824683724e-01 -1.131613905321401763e-02 7.258120222144095069e-04
9.999328427484719395e-01 -1.157677112896429716e-02 5.370895977678011128e-04
9.999309166161709506e-01 -1.174909934690025574e-02 3.475058185523486384e-04
9.999299764353125619e-01 -1.183289623625490873e-02 1.577755441289589039e-04
9.999300431601937378e-01 -1.182826706367347963e-02 -3.138921531426321163e-05
9.999311109213980808e-01 -1.173564784921087879e-02 -2.192819442454612159e-04
9.999331474416300880e-01 -1.155580217075737916e-02 -4.052042339101413022e-04
9.999360948847607622e-01 -1.128981677410765584e-02 -5.884683521735241526e-04
9.999398711206901602e-01 -1.093909600952115875e-02 -7.683997621427676381e-04
9.999443713824494040e-01 -1.050535511921704690e-02 -9.443395808169695923e-04
9.999494702861885242e-01 -9.990612403816290579e-03 -1.115646969217454643e-03
9.999550241794149530e-01 -9.397180299295444100e-03 -1.281701445672346791e-03
9.999608737781294776e-01 -8.727655399555479809e-03 -1.441905114169840085e-03
9.999668470494204042e-01 -7.984907463234918595e-03 -1.595684799956161200e-03
9.999727622926772863e-01 -7.172067446904555749e-03 -1.742494084839420676e-03
9.999784313699191518e-01 -6.292514610261354391e-03 -1.881815234971821087e-03
9.999836630338300170e-01 -5.349862742376669186e-03 -2.013161014222372702e-03
9.999882663009850292e-01 -4.347945561429160735e-03 -2.136076376622453917e-03
9.999920538174399409e-01 -3.290801343641219096e-03 -2.250140031768979240e-03
9.999948451643474456e-01 -2.182656840311437887e-03 -2.354965877505810299e-03
9.999964700525407757e-01 -1.027910544863347734e-03 -2.450204294674037005e-03
9.999967713570666605e-01 1.688846253213326966e-04 -2.535543299225826754e-03
9.999956079454194180e-01 1.403039164883188288e-03 -2.610709547533960999e-03
9.999928572566741947e-01 2.669745264493944385e-03 -2.675469191298417409e-03
9.999884175927935548e-01 3.964095471009003446e-03 -2.729628579050179336e-03
9.999822100880103593e-01 5.281101650096980439e-03 -2.773034801877806085e-03
9.999741803273046736e-01 6.615714176244688952e-03 -2.805576081650448719e-03
9.999642995905086984e-01 7.962841273974698847e-03 -2.827182000677599602e-03
9.999525657044021631e-01 9.317368433446496928e-03 -2.837823572425938849e-03
9.999390034912178926e-01 1.067417782335787144e-02 -2.837513153601846361e-03
9.999236648081555323e-01 1.202816762423116782e-02 -2.826304198598736384e-03
9.999066281787200028e-01 1.337427120576380191e-02 -2.804290857995443871e-03
9.998879980228514430e-01 1.470747607294214596e-02 -2.771607423469458435e-03
9.998679034988136038e-01 1.602284250705410598e-02 -2.728427622150969047e-03
9.998464969755543885e-01 1.731552182957399322e-02 -2.674963764084757958e-03
9.998239521596741231e-01 1.858077421911318028e-02 -2.611465747081625609e-03
9.998004619061434672e-01 1.981398601420589906e-02 -2.538219923824372882e-03
9.997762357464361482e-01 2.101068643760106019e-02 -2.455547836641075628e-03
9.997514971717196275e-01 2.216656368092390084e-02 -2.363804825866846430e-03
9.997264807121213348e-01 2.327748029201880120e-02 -2.263378518181514108e-03
9.997014288558160322e-01 2.433948781094726760e-02 -2.154687201732507617e-03
9.996765888537300082e-01 2.534884060445344658e-02 -2.038178095228328993e-03
9.996522094570006178e-01 2.630200885268302660e-02 -1.914325518517693767e-03
9.996285376349623997e-01 2.719569064601156522e-02 -1.783628972452882102e-03
9.996058153213410735e-01 2.802682315396774065e-02 -1.646611136073885531e-03
9.995842762355460209e-01 2.879259283239150174e-02 -1.503815789344060310e-03
9.995641428244712579e-01 2.949044463911568506e-02 -1.355805669820211740e-03
9.995456233680793945e-01 3.011809023257527862e-02 -1.203160271752823146e-03
9.995289092892909455e-01 3.067351513180858677e-02 -1.046473596188335266e-03
9.995141727053795666e-01 3.115498482030107374e-02 -8.863518606880186430e-04
9.995015642542407486e-01 3.156104978002235301e-02 -7.234111772902453944e-04
9.994912112246151503e-01 3.189054944581107276e-02 -5.582752073280073052e-04
9.994832160146805977e-01 3.214261507396705408e-02 -3.915728016744093897e-04
9.994776549384470909e-01 3.231667152251504332e-02 -2.239356349284311236e-04
9.994745773941764444e-01 3.241243794411283879e-02 -5.599584197402810467e-05
9.994740054036788113e-01 3.242992739599533797e-02 1.116163347501854806e-04
9.994759335258905919e-01 3.236944537468346150e-02 2.782748790441464054e-04
9.994803291426961334e-01 3.223158728645325599e-02 4.433603077002573742e-04
9.994871331095931399e-01 3.201723486776679450e-02 6.062619422530121345e-04
9.994962607585984316e-01 3.172755157302383638e-02 7.663801379091158671e-04
9.995076032358194418e-01 3.136397695011133857e-02 9.231284620054460007e-04
9.995210291514475820e-01 3.092822002731590927e-02 1.075935814518186057e-03
9.995363865156278171e-01 3.042225173822842715e-02 1.224248483336900714e-03
9.995535049297817887e-01 2.984829641431400657e-02 1.367532127223550133e-03
9.995721979995642048e-01 2.920882237784521926e-02 1.505273679600034132e-03
9.995922659327592941e-01 2.850653167089880688e-02 1.636983166550559643e-03
9.996134982831109683e-01 2.774434895908963611e-02 1.762195432688695457e-03
9.996356767993616055e-01 2.692540965165026237e-02 1.880471768825165953e-03
9.996585783376641388e-01 2.605304728234611455e-02 1.991401435682831674e-03
9.996819777950474162e-01 2.513078019852785921e-02 2.094603078241253757e-03
9.997056510217553482e-01 2.416229760834364901e-02 2.189726025655792940e-03
9.997293776710416413e-01 2.315144503874179763e-02 2.276451472085962418e-03
9.997529439463651579e-01 2.210220925936406608e-02 2.354493534184925064e-03
9.997761452078740563e-01 2.101870272973505385e-02 2.423600181446250099e-03
9.997987884025567595e-01 1.990514762926717807e-02 2.483554036074413218e-03
9.998206942854327428e-01 1.876585953149675565e-02 2.534173039540624055e-03
9.998416994026041449e-01 1.760523078561873275e-02 2.575310983503329050e-03
9.998616578108451280e-01 1.642771366977150566e-02 2.606857903310662566e-03
9.998804425125945583e-01 1.523780338161697702e-02 2.628740332857110000e-03
9.998979465896866703e-01 1.404002093254540229e-02 2.640921420135217048e-03
9.999140840238248673e-01 1.283889601229439709e-02 2.643400903401432397e-03
9.999287901966082970e-01 1.163894989089494375e-02 2.636214948458906904e-03
9.999420220667845083e-01 1.044467842463730513e-02 2.619435848144896582e-03
9.999537580272471748e-01 9.260535232183723930e-03 2.593171585691779815e-03
9.999639974490575067e-01 8.090915106044701405e-03 2.557565264204071306e-03
9.999727599243655174e-01 6.940137723387997809e-03 2.512794405054691663e-03
9.999800842244757071e-01 5.812431718575508839e-03 2.459070118547856693e-03
9.999860269933789070e-01 4.711919177937898967e-03 2.396636150719217654e-03
9.999906612007953832e-01 3.642600615119300292e-03 2.325767810642613651e-03
9.999940743820927569e-01 2.608340482876765707e-03 2.246770783083695475e-03
9.999963666953113339e-01 1.612853274526305581e-03 2.159979831780929095e-03
9.999976488279074260e-01 6.596902653162099684e-04 2.065757399041733781e-03
9.999980397876817584e-01 -2.477730590927522446e-04 1.964492107714012597e-03
9.999976646136747860e-01 -1.106348843122783015e-03 1.856597171929800019e-03
9.999966520435706885e-01 -1.913047930226780772e-03 1.742508723317512690e-03
9.999951321743451027e-01 -2.665090123262703163e-03 1.622684059642133352e-03
9.999932341525316071e-01 -3.359913602843153831e-03 1.497599823058872641e-03
9.999910839295734766e-01 -3.995183473834113680e-03 1.367750115356171923e-03
9.999888021162923746e-01 -4.568799413830014651e-03 1.233644557719405267e-03
9.999865019685737488e-01 -5.078902401092970191e-03 1.095806302668724886e-03
9.999842875339706172e-01 -5.523880503094079526e-03 9.547700059147846887e-04
9.999822519861115699e-01 -5.902373710419503428e-03 8.110797659363733854e-04
9.999804761706021505e-01 -6.213277804391506218e-03 6.652870391161381462e-04
9.999790273825941433e-01 -6.455747250295901588e-03 5.179485382764655640e-04
9.999779583924136572e-01 -6.629197111596022221e-03 3.696241224390104112e-04
9.999773067316466424e-01 -6.733303983945578171e-03 2.208746855899930883e-04
9.999770942479457858e-01 -6.768005951186855523e-03 7.226005217073568402e-05
9.999773269326042158e-01 -6.733501568836498113e-03 -7.566311306976870074e-05
9.999779950207026147e-01 -6.630247883819812178e-03 -2.223433733251332402e-04
9.999790733594472458e-01 -6.458957502417927987e-03 -3.672365586695131631e-04
9.999805220362286695e-01 -6.220594721542405114e-03 -5.098077684057441238e-04
9.999822872540143903e-01 -5.916370741550781506e-03 -6.495333297015629158e-04
9.999843024379927447e-01 -5.547737981865229380e-03 -7.859027055647959314e-04
9.999864895539684051e-01 -5.116383523654876794e-03 -9.184203453993615429e-04
9.999887606159159059e-01 -4.624221706788902986e-03 -1.046607471593306469e-03
9.999910193573740003e-01 -4.073385911158798264e-03 -1.170003795818485735e-03
9.999931630390461734e-01 -3.466219555298839881e-03 -1.288169158969559120e-03
9.999950843630909247e-01 -2.805266347996274428e-03 -1.400685088938406157e-03
9.999966734631675624e-01 -2.093259831267151559e-03 -1.507156270709473882e-03
9.999978199383654509e-01 -1.333112255668381443e-03 -1.607211923572495708e-03
9.999984148986952315e-01 -5.279028314075207527e-04 -1.700507080581791430e-03
9.999983529898667234e-01 3.191345989165524175e-04 -1.786723765746095699e-03
9.999975343656103410e-01 1.204624417873493246e-03 -1.865572064809397886e-03
9.999958665768122756e-01 2.125062570912140524e-03 -1.936791085881132274e-03
9.999932663481999606e-01 3.076830332163924854e-03 -2.000149806592388044e-03
9.999896612152199271e-01 4.056208444564213950e-03 -2.055447804892427625e-03
9.999849909960503158e-01 5.059391579009833023e-03 -2.102515871055116170e-03
9.999792090763572894e-01 6.082503055991215525e-03 -2.141216498935923866e-03
9.999722834873915334e-01 7.121609772101027309e-03 -2.171444255004663457e-03
9.999641977612762078e-01 8.172737273041685846e-03 -2.193126024174426886e-03
9.999549515508190378e-01 9.231884914243733767e-03 -2.206221131950365528e-03
9.999445610048229849e-01 1.029504104997463511e-02 -2.210721342929847840e-03
9.999330588936250486e-01 1.135819819186921313e-02 -2.206650736194793166e-03
9.999204944833975928e-01 1.241736807815168805e-02 -2.194065458644142014e-03
9.999069331615435541e-01 1.346859659544446912e-02 -2.173053357815968138e-03
9.998924558192519019e-01 1.450797849596680532e-02 -2.143733496241165010e-03
9.998771580008921633e-01 1.553167185410984572e-02 -2.106255549850535348e-03
9.998611488333644104e-01 1.653591220782326537e-02 -2.060799093421204677e-03
9.998445497517379765e-01 1.751702633194907044e-02 -2.007572776493530935e-03
9.998274930404517091e-01 1.847144559257449248e-02 -1.946813393613306374e-03
9.998101202119796804e-01 1.939571883362963337e-02 -1.878784853153590406e-03
9.997925802471462342e-01 2.028652474930673841e-02 -1.803777049343869600e-03
9.997750277231727267e-01 2.114068369840485517e-02 -1.722104642479695006e-03
9.997576208570319034e-01 2.195516891938378151e-02 -1.634105752602188748e-03
9.997405194927566630e-01 2.272711710772164564e-02 -1.540140572222935007e-03
9.997252980742548090e-01 2.339898983294309842e-02 -1.347537556284692135e-03
9.997117771532270103e-01 2.397995976196354295e-02 -1.150798011524047093e-03
9.997001547730811621e-01 2.446828427822023491e-02 -9.506788499787007527e-04
9.996905986727829818e-01 2.486257582246384837e-02 -7.479459532193789405e-04
9.996832440701980405e-01 2.516180526182962285e-02 -5.433712742947464881e-04
9.996781919520184578e-01 2.536530392474530340e-02 -3.377299339066743163e-04
9.996755078908419190e-01 2.547276430428353083e-02 -1.317973210405588413e-04
9.996752214019393179e-01 2.548423943650120205e-02 7.365379186686038071e-05
9.996773258441145060e-01 2.540014096411860600e-02 2.778561092923680607e-04
9.996817788609457800e-01 2.522123589960201945e-02 4.800506387551004483e-04
9.996885033507159068e-01 2.494864210535092594e-02 6.794894731091645013e-04
9.996973889456052254e-01 2.458382251228113241e-02 8.754385195758444555e-04
9.997082939733490381e-01 2.412857810166184683e-02 1.067180166275384125e-03
9.997210478676471501e-01 2.358503967862938047e-02 1.254015877212397590e-03
9.997354539872609358e-01 2.295565846937969862e-02 1.435268706875255339e-03
9.997512927980247710e-01 2.224319557764822125e-02 1.610285725831267197e-03
9.997683253670167636e-01 2.145071033972412167e-02 1.778440348939536175e-03
9.997862971139402921e-01 2.058154762091713233e-02 1.939134558065651326e-03
9.998049417614257584e-01 1.963932410009028642e-02 2.091801011470711437e-03
9.998239854235067003e-01 1.862791359257749343e-02 2.235905032365220150e-03
9.998431507699926390e-01 1.755143146549954444e-02 2.370946469469622977e-03
9.998621612038651740e-01 1.641421820314856519e-02 2.496461422810698511e-03
9.998807449891717880e-01 1.522082218369610364e-02 2.612023828409119289e-03
9.998986392681646906e-01 1.397598173195627874e-02 2.717246895980011956e-03
9.999155939086161737e-01 1.268460651626125528e-02 2.811784394276171072e-03
9.999313751252884019e-01 1.135175836063778178e-02 2.895331779252721064e-03
9.999457688234023589e-01 9.982631546365449901e-03 2.967627160821489831e-03
9.999585836165663100e-01 8.582532679604756506e-03 3.028452104591196001e-03
9.999696534769229039e-01 7.156860204062342676e-03 3.077632265652782174e-03
9.999788399811619932e-01 5.711083639571344281e-03 3.115037852163940729e-03
9.999860341224392490e-01 4.250722628969982181e-03 3.140583917208305577e-03
9.999911576650284406e-01 2.781325876730023072e-03 3.154230478147328209e-03
9.999941640256191366e-01 1.308450063393397584e-03 3.155982463440330701e-03
9.999950386724368867e-01 -1.623611799980335946e-04 3.145889487673907570e-03
9.999937990406984056e-01 -1.625598153658385728e-03 3.124045456308654697e-03
9.999904939702035644e-01 -3.075805744035072301e-03 3.090588002411942189e-03
9.999852026780056136e-01 -4.507603770387896489e-03 3.045697758392859784e-03
9.999780332859726784e-01 -5.915706943169250775e-03 2.989597466482551893e-03
9.999691209295612504e-01 -7.294944356677272174e-03 2.922550932403222661e-03
9.999586254801708929e-01 -8.640278441152038011e-03 2.844861827335970310e-03
9.999475255220996450e-01 -9.891950398840504075e-03 2.663799305138625853e-03
9.999358102456594732e-01 -1.105692868555362487e-02 2.473865134394611330e-03
9.999238238692700342e-01 -1.213125745420103561e-02 2.275813990182990951e-03
9.999118992955166041e-01 -1.311134023241181633e-02 2.070427319491764326e-03
9.999003527916890954e-01 -1.399395151906932151e-02 1.858510269572193844e-03
9.998894790191447113e-01 -1.477624692138053766e-02 1.640888547499101680e-03
9.998795464836138791e-01 -1.545577180997967197e-02 1.418405223177481673e-03
9.998707934713499945e-01 -1.603046847515254142e-02 1.191917487971796237e-03
9.998634245279166555e-01 -1.649868177258538918e-02 9.622933810331790998e-04
9.998576075275454889e-01 -1.685916325208988709e-02 7.304084952692126761e-04
9.998534713715203637e-01 -1.711107376754738771e-02 4.971426747482050141e-04
9.998511043441011825e-01 -1.725398457087074996e-02 2.633767151613012258e-04
9.998505531442422045e-01 -1.728787689713027001e-02 2.998907878666245649e-05
9.998518226009354137e-01 -1.721314005216598164e-02 -2.021473647855170745e-04
9.998548760695813442e-01 -1.703056801805066800e-02 -4.321685610973663503e-04
9.998596364965028904e-01 -1.674135459571696877e-02 -6.592224455582520754e-04
9.998659881287209616e-01 -1.634708710795844400e-02 -8.824720597842628574e-04
9.998737788365513746e-01 -1.584973868989694029e-02 -1.101098599052089842e-03
9.998828230075912371e-01 -1.525165919791125237e-02 -1.314304380578305278e-03
9.998929049623676013e-01 -1.455556477197371065e-02 -1.521315722545003510e-03
9.999037828344369272e-01 -1.376452609036311892e-02 -1.721385724015874353e-03
9.999151928511558207e-01 -1.288195535982752417e-02 -1.913796936128030939e-03
9.999268539457771832e-01 -1.191159208846205055e-02 -2.097863915209825618e-03
9.999384726270437174e-01 -1.085748769283939943e-02 -2.272935648769127629e-03
9.999497480291026363e-01 -9.723988995267185756e-03 -2.438397845625773965e-03
9.999603770624039267e-01 -8.515720671421049895e-03 -2.593675081831447148e-03
9.999700595852890617e-01 -7.237566712980106343e-03 -2.738232794434891301e-03
9.999785035162348512e-01 -5.894650974228041532e-03 -2.871579115614119812e-03
9.999854298081841675e-01 -4.492316875828305384e-03 -2.993266540213125604e-03
9.999905772090342815e-01 -3.036106343078823818e-03 -3.102893420290403406e-03
9.999937067361278631e-01 -1.531738059840130617e-03 -3.200105280910916453e-03
9.999946057974290481e-01 1.491487705179445761e-05 -3.284595952091144168e-03
9.999930918978959804e-01 1.597847814793024179e-03 -3.356108512536312011e-03
9.999890158762817505e-01 3.210947822055458881e-03 -3.414436041586151917e-03
9.999822646251028679e-01 4.848017293445376977e-03 -3.459422176605584081e-03
9.999727632546863143e-01 6.502797785620910605e-03 -3.490961473913228863e-03
9.999604766709137005e-01 8.168993988325623859e-03 -3.508999572226288548e-03
9.999454105453867703e-01 9.840297732791190161e-03 -3.513533158506718275e-03
9.999276116660970048e-01 1.151041193976652666e-02 -3.504609737011657542e-03
9.999071676661487329e-01 1.317307440985844222e-02 -3.482327203271266478e-03
9.998842061375111667e-01 1.482208135992366463e-02 -3.446833225629557847e-03
9.998588931460163920e-01 1.645131061092624733e-02 -3.398324437878768277e-03
9.998314311727336534e-01 1.805474433494881972e-02 -3.337045447385675670e-03
9.998020565153025174e-01 1.962649127189142195e-02 -3.263287663940085334e-03
9.997710361906748666e-01 2.116080832976824713e-02 -3.177387955343126923e-03
9.997386643878756196e-01 2.265212148637234940e-02 -3.079727136488731760e-03
9.997052585257543145e-01 2.409504591436612692e-02 -2.970728299369460815e-03
9.996711549761628790e-01 2.548440525650994687e-02 -2.850854992052732819e-03
9.996367045174953114e-01 2.681524998269791543e-02 -2.720609255221868947e-03
9.996022675870035457e-01 2.808287476566147939e-02 -2.580529525355937381e-03
9.995682094027178444e-01 2.928283481756118259e-02 -2.431188414032348696e-03
9.995348950271307764e-01 3.041096113514874660e-02 -2.273190373176996702e-03
9.995026844450416448e-01 3.146337460668355290e-02 -2.107169256360287048e-03
9.994719277271187918e-01 3.243649893927182809e-02 -1.933785786446582267e-03
9.994429603488422797e-01 3.332707237071232120e-02 -1.753724940053401132e-03
9.994160987315864331e-01 3.413215813523464565e-02 -1.567693259369943052e-03
9.993916360687420397e-01 3.484915365767000256e-02 -1.376416101927621606e-03
9.993698384950389091e-01 3.547579845557116002e-02 -1.180634838914151538e-03
9.993509416516821453e-01 3.601018073358105281e-02 -9.811040125834423215e-04
9.993351476936624955e-01 3.645074265892738613e-02 -7.785884632421882952e-04
9.993246883254895963e-01 3.674147987717641534e-02 -4.808450245827117155e-04
9.993191967838410683e-01 3.689322169004190244e-02 -1.827128443821256026e-04
9.993187328184278684e-01 3.690606098563737475e-02 1.146910331689433848e-04
9.993232804472111930e-01 3.678060770495266557e-02 4.102576179393684834e-04
9.993327489115269024e-01 3.651798412437271685e-02 7.028900169805077803e-04
9.993469747351065857e-01 3.611981834386835538e-02 9.915074152867004061e-04
9.993657248461040865e-01 3.558823600843087631e-02 1.275048981988794079e-03
9.993887007059822913e-01 3.492585029360503052e-02 1.552477689929613464e-03
9.994155433747992090e-01 3.413575018945515932e-02 1.822784036696116668e-03
9.994458394292649039e-01 3.322148712105337659e-02 2.084989655290421517e-03
9.994791276380866618e-01 3.218705994766798278e-02 2.338150802721993687e-03
9.995149062887437319e-01 3.103689838729628211e-02 2.581361714908695076e-03
9.995526410510783277e-01 2.977584491804972228e-02 2.813757816398716922e-03
9.995917732560651858e-01 2.840913521316057108e-02 3.034518773582788476e-03
9.996317284629321342e-01 2.694237717201497517e-02 3.242871380270515198e-03
9.996719251845118670e-01 2.538152861558342147e-02 3.438092264769725473e-03
9.997117836393535351e-01 2.373287372085135238e-02 3.619510407945644541e-03
9.997507343997328322e-01 2.200299827526678784e-02 3.786509462158280364e-03
9.997882268072461054e-01 2.019876383871911305e-02 3.938529861490344848e-03
9.998237370321306772e-01 1.832728090703137497e-02 4.075070714290601574e-03
9.998562607002247082e-01 1.645074359180945939e-02 4.102625693574417018e-03
9.998854577569203927e-01 1.456500273068319154e-02 4.114927391504083487e-03
9.999111866452118358e-01 1.267717789396602575e-02 4.112000497639608544e-03
9.999333587952540237e-01 1.079436402250729538e-02 4.093926887767224652e-03
9.999519385337620747e-01 8.923604619628431808e-03 4.060845063521347463e-03
9.999669422098920180e-01 7.071865254050974797e-03 4.012949374259856643e-03
9.999784365613073600e-01 5.246007482868937991e-03 3.950489025235270207e-03
9.999865363553397390e-01 3.452763301030937343e-03 3.873766877146891420e-03
9.999914013507085198e-01 1.698710220480852085e-03 3.783138043157925710e-03
9.999932326350153833e-01 -9.752921887702485637e-06 3.679008290405758573e-03
9.999922684020300379e-01 -1.666429332913904647e-03 3.561832253913200814e-03
9.999887792405146580e-01 -3.265346719084502580e-03 3.432111471615302209e-03
9.999830630128738740e-01 -4.800778745877165923e-03 3.290392249943791415e-03
9.999754394071979080e-01 -6.267265422699742558e-03 3.137263370054686924e-03
9.999662442502033066e-01 -7.659632341844520992e-03 2.973353645341443238e-03
9.999558236711398873e-01 -8.973008706320208250e-03 2.799329341345337552e-03
9.999445282078960329e-01 -1.020284408797348871e-02 2.615891469557752452e-03
9.999327069463005424e-01 -1.134492386388555492e-02 2.423772966908339238e-03
9.999207017820102017e-01 -1.239538328555278568e-02 2.223735772953100952e-03
9.999088418914331422e-01 -1.335072014176967581e-02 2.016567816922877794e-03
9.998974384939303128e-01 -1.420780598237140688e-02 1.803079926872259032e-03
9.998867799821430369e-01 -1.496389587601972340e-02 1.584102673189142227e-03
9.998771274908099249e-01 -1.561663668099765208e-02 1.360483158693954033e-03
9.998687109669761597e-01 -1.616407381349691669e-02 1.133081767483172259e-03
9.998617257961806004e-01 -1.660465650312941896e-02 9.027688845622732286e-04
9.998563300301720469e-01 -1.693724153037487121e-02 6.704215981762412166e-04
9.998526422520925827e-01 -1.716109544540491555e-02 4.369203965883298145e-04
9.998507401050262811e-01 -1.727589527222316013e-02 2.031458708859496800e-04
9.998506594994904795e-01 -1.728172770636079644e-02 -3.002456478856562936e-05
9.998523945050099559e-01 -1.717908681850502037e-02 -2.617199243711890687e-04
9.998558979205015573e-01 -1.696887028045169707e-02 -4.910788613519039090e-04
9.998610825079715658e-01 -1.665237413370532563e-02 -7.172528297627910662e-04
9.998678228641275645e-01 -1.623128612493884848e-02 -9.394091840418507602e-04
9.998759578950803251e-01 -1.570767763641036513e-02 -1.156734207332834686e-03
9.998852938504850796e-01 -1.508399424334684255e-02 -1.368436057984429976e-03
9.998956078653736812e-01 -1.436304493427298552e-02 -1.573747624225030946e-03
9.999066519506706330e-01 -1.354799003430603305e-02 -1.771929277216594293e-03
9.999181573670653522e-01 -1.264232787556499558e-02 -1.962271512937876876e-03
9.999298393116219374e-01 -1.164988026305669062e-02 -2.144097473619259887e-03
9.999414018423069539e-01 -1.057477678869224794e-02 -2.316765339754080482e-03
9.999525429625759632e-01 -9.421438050437483044e-03 -2.479670584050520845e-03
9.999629597863004538e-01 -8.194557837980365536e-03 -2.632248079068841978e-03
9.999723537026786735e-01 -6.899084350670915688e-03 -2.773974050715720917e-03
9.999804354613434088e-01 -5.540200517807768350e-03 -2.904367870244404029e-03
9.999869300996522270e-01 -4.123303495558821447e-03 -3.022993677939040270e-03
9.999915816370844590e-01 -2.653983418853188628e-03 -3.129461832245464866e-03
9.999941574657233989e-01 -1.138001490406931890e-03 -3.223430178749042262e-03
9.999944523709062283e-01 4.187325074169728073e-04 -3.304605134091787976e-03
9.999922921221920946e-01 2.010183189025729986e-03 -3.372742580663249008e-03
9.999875365817354478e-01 3.630212938623681232e-03 -3.427648568688530881e-03
9.999800822848426973e-01 5.272605585869025689e-03 -3.469179823167040360e-03
9.999698644558162597e-01 6.931090288382677975e-03 -3.497244053980406130e-03
9.999568584310131181e-01 8.599365524091550847e-03 -3.511800068379959498e-03
9.999410804702333344e-01 1.027112309573902961e-02 -3.512857685974559580e-03
9.999225879469560985e-01 1.194007204985937827e-02 -3.500477457259210633e-03
9.999014789174117679e-01 1.359996241310230079e-02 -3.474770187644158747e-03
9.998778910778739482e-01 1.524460865000969514e-02 -3.435896269853162734e-03
9.998520001287262149e-01 1.686791274817803221e-02 -3.384064828448610923e-03
9.998240175726677004e-01 1.846388683916501405e-02 -3.319532681100693678e-03
9.997941879827371148e-01 2.002667526648603535e-02 -3.242603122039071275e-03
9.997627857835295062e-01 2.155057601555253680e-02 -3.153624533900333936e-03
9.997301115959477125e-01 2.303006142438066353e-02 -3.052988834905988498e-03
9.996964882019667709e-01 2.445979809828761897e-02 -2.941129768967780302e-03
9.996622561911158167e-01 2.583466595653261672e-02 -2.818521046915252980e-03
9.996277693546201659e-01 2.714977634388384548e-02 -2.685674347571287163e-03
9.995933898963580422e-01 2.840048914533494992e-02 -2.543137187863054541e-03
9.995594835319198124e-01 2.958242884758757740e-02 -2.391490671547878526e-03
9.995264145481084217e-01 3.069149949639523797e-02 -2.231347126456794533e-03
9.994945408951788623e-01 3.172389850436711789e-02 -2.063347640415221819e-03
9.994642093829962937e-01 3.267612926930236333e-02 -1.888159506193355392e-03
9.994357510501362674e-01 3.354501256851628171e-02 -1.706473585972854675e-03
9.994094767717911498e-01 3.432769669988749994e-02 -1.519001605896151469e-03
9.993856731682553285e-01 3.502166634546615559e-02 -1.326473391295789929e-03
9.993645988708017569e-01 3.562475013841193139e-02 -1.129634053189611806e-03
9.993464811960267591e-01 3.613512691876155647e-02 -9.292411365794230396e-04
9.993315132733145978e-01 3.655133066805050374e-02 -7.260617410120638431e-04
9.993198516630659167e-01 3.687225411713416362e-02 -5.208696237583624288e-04
9.993116144958528180e-01 3.709715102567799627e-02 -3.144422958426021071e-04
9.993068801548192770e-01 3.722563713572958621e-02 -1.075581210176095644e-04
9.993056865155588442e-01 3.725768980556871945e-02 9.900657236767103418e-05
9.993100362967329842e-01 3.713884373030489766e-02 3.974947868755684737e-04
9.993194074251315895e-01 3.688145803150107843e-02 6.930828010157084364e-04
9.993336374012458112e-01 3.648714764999091975e-02 9.846786436343501429e-04
9.993524926059658142e-01 3.595803021477275013e-02 1.271210293356674504e-03
9.993756724517413037e-01 3.529671603826763787e-02 1.551629538001608440e-03
9.994028144922020296e-01 3.450629639364038992e-02 1.824915735389323309e-03
9.994335004057659511e-01 3.359033011210761643e-02 2.090079463642285484e-03
9.994672627566079104e-01 3.255282854222256439e-02 2.346166049173868760e-03
9.995035924257028581e-01 3.139823891758222046e-02 2.592258960655455854e-03
9.995419465956378868e-01 3.013142618427194774e-02 2.827483057367670936e-03
9.995817571656299139e-01 2.875765334464745748e-02 3.051007680488455626e-03
9.996224394677831748e-01 2.728256037973169137e-02 3.262049576064642107e-03
9.996634011521546848e-01 2.571214181853114997e-02 3.459875638668454770e-03
9.997040511067002422e-01 2.405272302888736974e-02 3.643805465068799404e-03
9.997438082786761493e-01 2.231093531099028263e-02 3.813213707660496367e-03
9.997821102665532811e-01 2.049368988129012317e-02 3.967532217901912836e-03
9.998184215559251520e-01 1.860815084113889503e-02 4.106251970619459804e-03
9.998522412791850389e-01 1.666170723094679076e-02 4.228924760750095088e-03
9.998831103868138781e-01 1.466194427682294445e-02 4.335164664911304692e-03
9.999106181278318850e-01 1.261661394245140559e-02 4.424649261110020007e-03
9.999342424622488235e-01 1.058847602588881137e-02 4.404047856426209807e-03
9.999537072513473568e-01 8.573847592746739604e-03 4.367287195014836823e-03
9.999690423623691649e-01 6.580228577475944265e-03 4.314580782075682144e-03
9.999803359040660977e-01 4.615004880678506491e-03 4.246201185582928160e-03
9.999877314067902034e-01 2.685420826604155344e-03 4.162478724887864849e-03
9.999914242180585333e-01 7.985523124281873868e-04 4.063799940326568230e-03
9.999916571786013897e-01 -1.038719242601222328e-03 3.950605851653372219e-03
9.999887156540507860e-01 -2.819732045361207119e-03 3.823390014096058817e-03
9.999829220063145563e-01 -4.538068077526579910e-03 3.682696381716778905e-03
9.999746295961805531e-01 -6.187576154269360494e-03 3.529116988556194046e-03
9.999642164147080070e-01 -7.762393809366676355e-03 3.363289458731999644e-03
9.999520784454147826e-01 -9.256967930221423821e-03 3.185894357254032659e-03
9.999386228621132133e-01 -1.066607407360977214e-02 2.997652393806133492e-03
9.999242611684630022e-01 -1.198483440036121790e-02 2.799321492131693918e-03
9.999094023848968948e-01 -1.320873417455261344e-02 2.591693737949302308e-03
9.998944463865724330e-01 -1.433363678006882580e-02 2.375592218523003667e-03
9.998797774924550463e-01 -1.535579721447229151e-02 2.151867767125834659e-03
9.998657584006283017e-01 -1.627187402696801330e-02 1.921395625674247659e-03
9.998527245585479006e-01 -1.707893967379995118e-02 1.685072038784453212e-03
9.998409790493253402e-01 -1.777448927063519576e-02 1.443810792419781283e-03
9.998307880663751535e-01 -1.835644772736488156e-02 1.198539710171272685e-03
9.998223770390325393e-01 -1.882317525627145646e-02 9.501971200520009566e-04
9.998159274612024028e-01 -1.917347124969086963e-02 6.997283044986957277e-04
9.998115744639022306e-01 -1.940657652815848747e-02 4.480819460707871084e-04
9.998094051608809041e-01 -1.952217396460262377e-02 1.962065811245735226e-04
9.998094577845128006e-01 -1.952038749448270494e-02 -5.495292647503382871e-05
9.998117216170537835e-01 -1.940177952590936561e-02 -3.044588797562189559e-04
9.998161377102859904e-01 -1.916734676778495544e-02 -5.513841995152695720e-04
9.998226003747391344e-01 -1.881851449791979020e-02 -7.948158202277011202e-04
9.998309594082339657e-01 -1.835712929696632634e-02 -1.033858019755957850e-03
9.998410230226019157e-01 -1.778545027792025404e-02 -1.267635671808642599e-03
9.998525614172538711e-01 -1.710613884490917724e-02 -1.495297410301208840e-03
9.998653109389372684e-01 -1.632224701906239903e-02 -1.716018694968494355e-03
9.998789787586670474e-01 -1.543720437345624287e-02 -1.929004767791420941e-03
9.998932479895531467e-01 -1.445480362347415296e-02 -2.133493490030458680e-03
9.999077831631788538e-01 -1.337918492341291961e-02 -2.328758049914393582e-03
9.999222359773890512e-01 -1.221481892479709536e-02 -2.514109531322066254e-03
9.999362512248877177e-01 -1.096648865661109182e-02 -2.688899334124419775e-03
9.999494728099705965e-01 -9.639270292488691383e-03 -2.852521437231322551e-03
9.999615497600451430e-01 -8.238512874767419877e-03 -3.004414495818359416e-03
9.999721421393296117e-01 -6.769817070164536529e-03 -3.144063764698164058e-03
9.999809267742525432e-01 -5.239013036598266781e-03 -3.271002840352726926e-03
9.999876027035553561e-01 -3.652137485291234026e-03 -3.384815214759707633e-03
9.999918962708772563e-01 -2.015410026677509625e-03 -3.485135634827783973e-03
9.999935657835933300e-01 -3.352088927127648554e-04 -3.571651262002362420e-03
9.999924056687873319e-01 1.381953868118499613e-03 -3.644102627410693036e-03
9.999882500653505257e-01 3.129457623568102087e-03 -3.702284378779929861e-03
9.999809758001887428e-01 4.900598715921630939e-03 -3.746045816276669018e-03
9.999705047062303898e-01 6.688616241467319756e-03 -3.775291215374118343e-03
9.999568052502237903e-01 8.486717945295575716e-03 -3.789979935844154952e-03
9.999398934490112412e-01 1.028810612479046267e-02 -3.790126316985783974e-03
9.999198330639127441e-01 1.208600343508690889e-02 -3.775799360227850843e-03
9.998967350738692250e-01 1.387367849040540765e-02 -3.747122201270577761e-03
9.998707564389082147e-01 1.564447115654039183e-02 -3.704271374945755299e-03
9.998420981761378945e-01 1.739181743185638437e-02 -3.647475876967436019e-03
9.998110027806896838e-01 1.910927381691063937e-02 -3.577016027702412549e-03
9.997777510336499640e-01 2.079054107623278316e-02 -3.493222144001983335e-03
9.997426582479164159e-01 2.242948729979958589e-02 -3.396473025993915901e-03
9.997060700109473563e-01 2.402017017628506682e-02 -3.287194266527695106e-03
9.996683574904318137e-01 2.555685839517298288e-02 -3.165856391690181036e-03
9.996299123748964011e-01 2.703405210021445418e-02 -3.032972841457325357e-03
9.995911415261031774e-01 2.844650232241812543e-02 -2.889097800116937308e-03
9.995524614237241146e-01 2.978922932669222229e-02 -2.734823886585727518e-03
9.995142924851606603e-01 3.105753981233620384e-02 -2.570779715150745513e-03
9.994770533444922167e-01 3.224704291372611220e-02 -2.397627337492299997e-03
9.994411551743891398e-01 3.335366495367898115e-02 -2.216059577095496648e-03
9.994069961334295371e-01 3.437366290805095315e-02 -2.026797267334920147e-03
9.993749560186568903e-01 3.530363654606293033e-02 -1.830586404627300131e-03
9.993453911994621963e-01 3.614053921660773799e-02 -1.628195228096640133e-03
9.993186299040401899e-01 3.688168725633537287e-02 -1.420411237192395829e-03
9.992949679238432026e-01 3.752476800061101125e-02 -1.208038158651449437e-03
9.992746647947357008e-01 3.806784638347718297e-02 -9.918928741065055708e-04
9.992579405060494357e-01 3.850937011752203487e-02 -7.728023195247707422e-04
9.992449727805683413e-01 3.884817344906471570e-02 -5.516003675185420386e-04
9.992358949597689444e-01 3.908347948833097718e-02 -3.291247034102793255e-04
9.992307945195276764e-01 3.921490111832987707e-02 -1.062137057646406256e-04
9.992297122321267544e-01 3.924244048998552781e-02 1.162966580763300276e-04
9.992326419808726934e-01 3.916648711476063138e-02 3.375759110974654365e-04
9.992395312241345584e-01 3.898781456956935260e-02 5.568021101755586851e-04
9.992502820962362309e-01 3.870757583225544612e-02 7.731648441041277537e-04
9.992667573216214016e-01 3.827249958242182754e-02 1.078878911626664043e-03
9.992882965614507951e-01 3.769613927186282049e-02 1.379110635814311805e-03
9.993145576119147888e-01 3.698131060239791268e-02 1.672762748093897106e-03
9.993451308674272671e-01 3.613133246038859742e-02 1.958767474555970622e-03
9.993795460568443145e-01 3.515001264031989564e-02 2.236090348293203346e-03
9.994172798214144837e-01 3.404163185989159818e-02 2.503733892955767228e-03
9.994577640146051767e-01 3.281092611391111385e-02 2.760741165340199581e-03
9.995003945942620982e-01 3.146306741936989726e-02 3.006199144897545115e-03
9.995445409698173744e-01 3.000364300968708792e-02 3.239241958151188074e-03
9.995895556615855826e-01 2.843863304219108878e-02 3.459053926171814716e-03
9.996347841256366662e-01 2.677438688942950992e-02 3.664872423482714182e-03
9.996795745963708013e-01 2.501759809177328195e-02 3.855990537078105192e-03
9.997232877997550560e-01 2.317527805591302129e-02 4.031759514643386277e-03
9.997653063931967177e-01 2.125472859111676022e-02 4.191590991579744775e-03
9.998050439931809308e-01 1.926351338239463973e-02 4.334958987064127349e-03
9.998419536590088530e-01 1.720942850685371409e-02 4.461401660123651310e-03
9.998755357101227759e-01 1.510047210637372600e-02 4.570522817572222202e-03
9.999053447654564497e-01 1.294481333614018459e-02 4.661993166643885883e-03
9.999309959058293451e-01 1.075076071438514809e-02 4.735551306256326892e-03
9.999521698744129328e-01 8.526730003767911056e-03 4.791004452039452494e-03
9.999687161132758684e-01 6.336086798008637791e-03 4.735153147356327419e-03
9.999804146453162845e-01 4.175683130581621383e-03 4.662066263085525887e-03
9.999874398933339403e-01 2.053489107593737227e-03 4.572099145368544067e-03
9.999900290109579037e-01 -2.270687482272592053e-05 4.465669083343264817e-03
9.999884767375559758e-01 -2.045326889424440870e-03 4.343253416309574531e-03
9.999831294671195359e-01 -4.007031245044090362e-03 4.205387416263733219e-03
9.999743786314525540e-01 -5.900745153421553015e-03 4.052661956701949370e-03
9.999626535072211331e-01 -7.719684194618828092e-03 3.885720979503216009e-03
9.999484135638583293e-01 -9.457378488004628686e-03 3.705258772487455415e-03
9.999321404748751085e-01 -1.110769548417854871e-02 3.512017070903865768e-03
9.999143299187427392e-01 -1.266486130178671142e-02 3.306781996635664144e-03
9.998954832971581608e-01 -1.412348054182578465e-02 3.090380849313820004e-03
9.998760994981865657e-01 -1.547855452061435572e-02 2.863678763819270563e-03
9.998566668295281179e-01 -1.672549787101580698e-02 2.627575248828418423e-03
9.998376552430461306e-01 -1.786015346962646633e-02 2.383000621130482253e-03
9.998195089658094004e-01 -1.887880565541564387e-02 2.130912350429199111e-03
9.998026396453633113e-01 -1.977819171265812401e-02 1.872291329248443282e-03
9.997874201078870149e-01 -2.055551159789298019e-02 1.608138082405182129e-03
9.997741788174766553e-01 -2.120843589705335985e-02 1.339468930307717055e-03
9.997631951131934480e-01 -2.173511200483892181e-02 1.067312120095973479e-03
9.997546952879164950e-01 -2.213416852386261569e-02 7.927039383765638065e-04
9.997488495596396074e-01 -2.240471788613104115e-02 5.166848190301234550e-04
9.997457699718617086e-01 -2.254635720406151025e-02 2.402954592921670860e-04
9.997455092453411130e-01 -2.255916736256035129e-02 -3.542704296032679525e-05
9.997480605889385030e-01 -2.244371036775593548e-02 -3.094530180400053144e-04
9.997533584627629200e-01 -2.220102497187230808e-02 -5.807640069595825395e-04
9.997612802725760472e-01 -2.183262059752307666e-02 -8.483564854026165187e-04
9.997716489605938950e-01 -2.134046958847745507e-02 -1.111245517136648462e-03
9.997842364446588581e-01 -2.072699781777348482e-02 -1.368468325036396307e-03
9.997987678454071103e-01 -1.999507368799229370e-02 -1.619087768059944811e-03
9.998149264297103711e-01 -1.914799556261643707e-02 -1.862195712692426858e-03
9.998323591884744621e-01 -1.818947767171669519e-02 -2.096916287547797523e-03
9.998506829579739685e-01 -1.712363453977206948e-02 -2.322409010009312928e-03
9.998694909864126457e-01 -1.595496398823848319e-02 -2.537871774003371082e-03
9.998883598414238794e-01 -1.468832877053686918e-02 -2.742543688249861680e-03
9.999068565498469008e-01 -1.332893690240811828e-02 -2.935707754625475029e-03
9.999245458583880808e-01 -1.188232075604150201e-02 -3.116693376624278880e-03
9.999409975027333530e-01 -1.035431499196944397e-02 -3.284878688311200761e-03
9.999557933733362880e-01 -8.751033408365921015e-03 -3.439692694646333346e-03
9.999685344684366983e-01 -7.078844793007246609e-03 -3.580617214617133007e-03
9.999788475288383660e-01 -5.344347868661919465e-03 -3.707188619255540659e-03
9.999863912545172706e-01 -3.554345427973460477e-03 -3.818999357339630547e-03
9.999908620101571888e-01 -1.715817758885883077e-03 -3.915699262384127362e-03
9.999919989351038208e-01 1.641045337653387719e-04 -3.996996635408198335e-03
9.999895883828551213e-01 2.078168200811415268e-03 -4.062659098927194276e-03
9.999834676259121702e-01 4.019025402312166075e-03 -4.112514218640086344e-03
9.999735277734299599e-01 5.979262026201853999e-03 -4.146449890366834916e-03
9.999597158614438319e-01 7.951426154080794284e-03 -4.164414490918528014e-03
9.999420360883104486e-01 9.928056555009381542e-03 -4.166416792745118725e-03
9.999205501811845309e-01 1.190171108780953280e-02 -4.152525643387010995e-03
9.998953768926516217e-01 1.386499489290380152e-02 -4.122869411942923709e-03
9.998666906398333554e-01 1.581058825612952426e-02 -4.077635205942302735e-03
9.998347193111809528e-01 1.773127402924109391e-02 -4.017067863161099921e-03
9.997997412785678550e-01 1.961996449492652006e-02 -3.941468724030472784e-03
9.997620816639954944e-01 2.146972756806661206e-02 -3.851194191345269115e-03
9.997221079210645289e-01 2.327381222959294671e-02 -3.746654084970722168e-03
9.996802248011780190e-01 2.502567309457697300e-02 -3.628309800160771544e-03
9.996368687830874400e-01 2.671899402201938570e-02 -3.496672278930993468e-03
9.995925020517566484e-01 2.834771068010952591e-02 -3.352299804666352637e-03
9.995476061184975780e-01 2.990603198738754631e-02 -3.195795630784233413e-03
9.995026751788570474e-01 3.138846035716289645e-02 -3.027805454814055941e-03
9.994582093077571949e-01 3.278981067961790619e-02 -2.849014749696031790e-03
9.994147075928839774e-01 3.410522798315478166e-02 -2.660145964445295805e-03
9.993726613072874132e-01 3.533020372363435135e-02 -2.461955606577717788e-03
9.993325472206175952e-01 3.646059065712053265e-02 -2.255231218855994427e-03
9.992948211454262264e-01 3.749261625851142005e-02 -2.040788262996475269e-03
9.992599118105756073e-01 3.842289465494452133e-02 -1.819466922987185865e-03
9.992282151481056696e-01 3.924843704906214037e-02 -1.592128840615174854e-03
9.992000890730139417e-01 3.996666061307989348e-02 -1.359653795696697930e-03
9.991758488274283811e-01 4.057539584009772077e-02 -1.122936343357098989e-03
9.991557629517228145e-01 4.107289234422503016e-02 -8.828824205286815198e-04
9.991400499353895182e-01 4.145782310586863806e-02 -6.404059336339927404e-04
9.991288755900881169e-01 4.172928716297627516e-02 -3.964253392075709403e-04
9.991223511763969167e-01 4.188681075317290947e-02 -1.518602289890962119e-04
9.991205323045606601e-01 4.193034691561386973e-02 9.237206919853727018e-05
9.991234186181229271e-01 4.186027356505730990e-02 3.353598636864732778e-04
9.991309542579134284e-01 4.167739005418275022e-02 5.762004334174610116e-04
9.991430290925960023e-01 4.138291224360846066e-02 8.140033139227689568e-04
9.991594806910224502e-01 4.097846610244448157e-02 1.047893524300778185e-03
9.991800970011424088e-01 4.046607986561353426e-02 1.277014724853761576e-03
9.992066592499149191e-01 3.979338381622032905e-02 1.593537729806611750e-03
9.992383813193054243e-01 3.897483886663626051e-02 1.902603952640771062e-03
9.992747715031327083e-01 3.801418305248686208e-02 2.203092251215021686e-03
9.993152728729244316e-01 3.691566727421369959e-02 2.493918425084148786e-03
9.993592721866673134e-01 3.568403768130049003e-02 2.774039067849782495e-03
9.994061095557281726e-01 3.432451631630710487e-02 3.042455266869913653e-03
9.994550887199576961e-01 3.284278007331821458e-02 3.298216137526141165e-03
9.995054877731419651e-01 3.124493803160884042e-02 3.540422179297155782e-03
9.995565701754692833e-01 2.953750723213315749e-02 3.768228441001775664e-03
9.996075958866132982e-01 2.772738697178316059e-02 3.980847482774471473e-03
9.996578324524360015e-01 2.582183169813941082e-02 4.177552122638321548e-03
9.997065658801976840e-01 2.382842259552073877e-02 4.357677955959715806e-03
9.997531111414932337e-01 2.175503796138580220e-02 4.520625636617794409e-03
9.997968221488537921e-01 1.960982248038245501e-02 4.665862909407749413e-03
9.998371010609550247e-01 1.740115551140509337e-02 4.792926384025108892e-03
9.998734067825220118e-01 1.513761851072379858e-02 4.901423041948004336e-03
9.999052625381396053e-01 1.282796172141110330e-02 4.991031468642077341e-03
9.999322624140661864e-01 1.048107026573679226e-02 5.061502804749713758e-03
9.999540767785642936e-01 8.105929782765173425e-03 5.112661411279383061e-03
9.999704565089523323e-01 5.711591757926071100e-03 5.144405245265941569e-03
9.999815286177242690e-01 3.362015256138345658e-03 5.063629157104199488e-03
9.999871212079981531e-01 1.054596386084519916e-03 4.964503230982412335e-03
9.999875287357856690e-01 -1.202197969993542420e-03 4.847486199815451320e-03
9.999831132461731720e-01 -3.400132417086706473e-03 4.713102076450229223e-03
9.999742972540960340e-01 -5.531233264342605080e-03 4.561937821685533266e-03
9.999615558215150246e-01 -7.587817518104223759e-03 4.394640779240694545e-03
9.999454079618074198e-01 -9.562520540492901872e-03 4.211915891078533980e-03
9.999264075108468264e-01 -1.144832227246905289e-02 4.014522707347631392e-03
9.999051336106524746e-01 -1.323857193016335365e-02 3.803272205912451055e-03
9.998821809555801243e-01 -1.492701109331018294e-02 3.579023436987500192e-03
9.998581499527743333e-01 -1.650779511466430455e-02 3.342680008787670461e-03
9.998336369480165242e-01 -1.797551278918382150e-02 3.095186430358921881e-03
9.998092246652308113e-01 -1.932520423137619112e-02 2.837524327872347017e-03
9.997854730028393755e-01 -2.055237691840858943e-02 2.570708550663935565e-03
9.997629103229918046e-01 -2.165301986528122072e-02 2.295783183197632870e-03
9.997420253605899809e-01 -2.262361590647929063e-02 2.013817478937651902e-03
9.997232598681398130e-01 -2.346115206600957875e-02 1.725901731855375518e-03
9.997070020999921924e-01 -2.416312800457042984e-02 1.433143100984641226e-03
9.996935812256840803e-01 -2.472756253880490154e-02 1.136661403094421522e-03
9.996832627470876309e-01 -2.515299823317527009e-02 8.375848881864230051e-04
9.996762449781519955e-01 -2.543850407002416075e-02 5.370460121619463709e-04
9.996726566294242833e-01 -2.558367620792368832e-02 2.361772206503349298e-04
9.996725555225086657e-01 -2.558863684254417820e-02 -6.389324233906074459e-05
9.996759284424152625e-01 -2.545403118809510742e-02 -3.620454875806101308e-04
9.996826921186101611e-01 -2.518102260100637049e-02 -6.571720825181797104e-04
9.996926953087474921e-01 -2.477128587103389484e-02 -9.481820890108103288e-04
9.997057219427790686e-01 -2.422699870849438081e-02 -1.234005024273300208e-03
9.997214952696218404e-01 -2.355083145995745530e-02 -1.513594732513735917e-03
9.997396829340343682e-01 -2.274593508853787679e-02 -1.785933154913771446e-03
9.997599028980065361e-01 -2.181592745900972491e-02 -2.050033985727147193e-03
9.997817301089861886e-01 -2.076487797236627533e-02 -2.304946202398660323e-03
9.998047038068157422e-01 -1.959729059921170788e-02 -2.549757457742173310e-03
9.998283353524730632e-01 -1.831808536651110750e-02 -2.783597322375800168e-03
9.998521164547223838e-01 -1.693257835773878325e-02 -3.005640365809162003e-03
9.998755276656799973e-01 -1.544646029232482794e-02 -3.215109064825352834e-03
9.998980470131524356e-01 -1.386577375645741544e-02 -3.411276528112207589e-03
9.999191586364507556e-01 -1.219688916368483547e-02 -3.593469026485511010e-03
9.999383612932387644e-01 -1.044647953028946669e-02 -3.761068318521221341e-03
