1.000000000000000000e+00 0.000000000000000000e+00 0.000000000000000000e+00
9.999999771439599394e-01 1.230403358549450252e-04 -1.748922767781725706e-04
9.999998893052601812e-01 3.246502470232520091e-04 -3.406164705274825565e-04
9.999996962270659706e-01 6.004889475620758289e-04 -4.969908596668286055e-04
9.999993451432925839e-01 9.461449789037121045e-04 -6.438760591359695990e-04
9.999987739804778730e-01 1.357155476587001497e-03 -7.811735829494930632e-04
9.999979143896230438e-01 1.829024738737549706e-03 -9.088243250552409955e-04
9.999966945767198023e-01 2.357242062980420636e-03 -1.026806967693381272e-03
9.999950419065415375e-01 2.937298822282705980e-03 -1.135136326242761453e-03
9.999928852599748730e-01 3.564704753943602131e-03 -1.233861639322411576e-03
9.999901571306381021e-01 4.235003439586003220e-03 -1.323064812688712431e-03
9.999867954517167590e-01 4.943786957563391787e-03 -1.402858625233083288e-03
9.999827451487975916e-01 5.686709692683544932e-03 -1.473384905141027993e-03
9.999779594189598386e-01 6.459501291568289782e-03 -1.534812684020809160e-03
9.999724007404536819e-01 7.257978755315521065e-03 -1.587336336548569133e-03
9.999660416209447122e-01 8.078057664403075558e-03 -1.631173712906048949e-03
9.999588650955069102e-01 8.915762533968616538e-03 -1.666564271006895680e-03
9.999508649883067646e-01 9.767236300708640601e-03 -1.693767215217687524e-03
9.999420459542296413e-01 1.062874894565469207e-02 -1.713059647980240928e-03
9.999324233185705735e-01 1.149670525999653414e-02 -1.724734740432615947e-03
9.999220227343504908e-01 1.236765176392046195e-02 -1.729099927807863308e-03
9.999108796778484187e-01 1.323828279110575087e-02 -1.726475135062521598e-03
9.998990388035761123e-01 1.410544575406347256e-02 -1.717191037851929346e-03
9.998865531801957030e-01 1.496614560789970468e-02 -1.701587363627536133e-03
9.998734834288145468e-01 1.581754853233070801e-02 -1.680011237283729692e-03
9.998598967847218688e-01 1.665698485386283081e-02 -1.652815575429535371e-03
9.998458661029858696e-01 1.748195123196812778e-02 -1.620357533005340389e-03
9.998314688274438922e-01 1.829011213483233006e-02 -1.582997005608072650e-03
9.998167859415264536e-01 1.907930063182112015e-02 -1.541095190531637481e-03
9.998019009180901806e-01 1.984751853120105686e-02 -1.495013209174523953e-03
9.997868986840303673e-01 2.059293589286214157e-02 -1.445110793114972670e-03
9.997718646139321930e-01 2.131388994682042320e-02 -1.391745035807586284e-03
9.997568835654342401e-01 2.200888344913343869e-02 -1.335269211515307045e-03
9.997420389673424834e-01 2.267658250754180788e-02 -1.276031662758782921e-03
9.997274119698839057e-01 2.331581390966191991e-02 -1.214374757242677469e-03
9.997130806648424350e-01 2.392556198690277969e-02 -1.150633914906710152e-03
9.996991193817051924e-01 2.450496504747176618e-02 -1.085136705449292298e-03
9.996855980643828410e-01 2.505331141187657276e-02 -1.018202016384533006e-03
9.996725817315709195e-01 2.557003508423229612e-02 -9.501392914199828900e-04
9.996601300224055020e-01 2.605471109245206113e-02 -8.812478386834664669e-04
9.996482968277506931e-01 2.650705053004587947e-02 -8.118162080832577992e-04
9.996371300062444343e-01 2.692689533178470318e-02 -7.421216368571101167e-04
9.996266711831353069e-01 2.731421281491432790e-02 -6.724295621525029285e-04
9.996169556289642433e-01 2.766909001693600850e-02 -6.029931992830670634e-04
9.996080122142956270e-01 2.799172786021667317e-02 -5.340531841245035579e-04
9.995998634359717361e-01 2.828243517286017569e-02 -4.658372779473309282e-04
9.995925255097612983e-01 2.854162259437087457e-02 -3.985601328332872358e-04
9.995860085237886494e-01 2.876979639368006797e-02 -3.324231156869037265e-04
9.995803166467660539e-01 2.896755222609234334e-02 -2.676141887333013426e-04
9.995754483847968386e-01 2.913556885465018106e-02 -2.043078442872371626e-04
9.995713968803708882e-01 2.927460186031805023e-02 -1.426650914863794432e-04
9.995681502471251978e-01 2.938547736425843604e-02 -8.283349260322115119e-05
9.995656919339860336e-01 2.946908578431760642e-02 -2.494724648442589096e-05
9.995640011124320434e-01 2.952637564666446557e-02 3.087268338681017232e-05
9.995630530808186087e-01 2.955834747233640133e-02 8.451839875116127403e-05
9.995628196799654086e-01 2.956604775724688827e-02 1.358948569322035926e-04
9.995632697145262480e-01 2.955056306300493998e-02 1.849196242893039774e-04
9.995643693750266845e-01 2.951301423469068069e-02 2.315225953688020664e-04
9.995660826558532275e-01 2.945455076052826485e-02 2.756456803575246936e-04
9.995683717649085365e-01 2.937634528720038316e-02 3.172424634332074141e-04
9.995711975210960221e-01 2.927958830336152563e-02 3.562778345884000755e-04
9.995745197362581047e-01 2.916548300273263603e-02 3.927275974784119020e-04
9.995782975786587921e-01 2.903524033700115303e-02 4.265780558103117156e-04
9.995824899155646426e-01 2.889007426761008857e-02 4.578255807494268758e-04
9.995870556329348178e-01 2.873119722440067858e-02 4.864761617726528998e-04
9.995919539306734602e-01 2.855981577797731680e-02 5.125449433446586586e-04
9.995971445923205190e-01 2.837712653159357029e-02 5.360557497341997615e-04
9.996025882284605979e-01 2.818431223731607260e-02 5.570406002236716206e-04
9.996082464935037715e-01 2.798253814021094479e-02 5.755392168961771457e-04
9.996140822758401434e-01 2.777294855331728304e-02 5.915985271111729978e-04
9.996200598616862276e-01 2.755666366522555380e-02 6.052721627026043339e-04
9.996261450732256693e-01 2.733477658116752543e-02 6.166199578527498072e-04
9.996323053818974014e-01 2.710835059764972466e-02 6.257074475111775065e-04
9.996385099979011590e-01 2.687841670982607165e-02 6.326053681416468925e-04
9.996447299371756801e-01 2.664597135000824901e-02 6.373891624908790748e-04
9.996509380672541356e-01 2.641197435495581253e-02 6.401384899822306273e-04
9.996571091335205717e-01 2.617734715887286290e-02 6.409367442448245591e-04
9.996632197674800713e-01 2.594297120836501838e-02 6.398705791949853327e-04
9.996692484787133015e-01 2.570968659498020989e-02 6.370294449922519250e-04
9.996751756322193039e-01 2.547829090036982103e-02 6.325051350971561213e-04
9.996809834128550509e-01 2.524953824856323095e-02 6.263913455627016227e-04
9.996866557785667462e-01 2.502413855934906492e-02 6.187832475963865641e-04
9.996921784040694314e-01 2.480275699630036731e-02 6.097770743350144212e-04
9.996975386165769528e-01 2.458601360256834970e-02 5.994697226807319240e-04
9.997027253251140611e-01 2.437448311719989449e-02 5.879583709540290746e-04
9.997077289448593751e-01 2.416869496440732928e-02 5.753401130281071956e-04
9.997125413178721276e-01 2.396913340793428368e-02 5.617116095193468899e-04
9.997171556314539131e-01 2.377623786241808007e-02 5.471687565208319852e-04
9.997215663352865267e-01 2.359040335344624387e-02 5.318063722802547025e-04
9.997257690583739587e-01 2.341198111784110331e-02 5.157179021402527553e-04
9.997297605267018161e-01 2.324127933558128856e-02 4.989951419785234633e-04
9.997335384824099780e-01 2.307856398468077427e-02 4.817279803070982917e-04
9.997371016051609383e-01 2.292405981029364131e-02 4.640041591151229986e-04
9.997404494362744920e-01 2.277795139929469567e-02 4.459090534675081200e-04
9.997435823060915050e-01 2.264038435160091456e-02 4.275254698030394045e-04
9.997465012649269234e-01 2.251146653954478466e-02 4.089334628100664169e-04
9.997492080178758123e-01 2.239126944668647437e-02 3.902101706958264441e-04
9.997517048636480608e-01 2.227982957755585136e-02 3.714296686068809038e-04
9.997539946375234576e-01 2.217714992994571088e-02 3.526628399031060007e-04
9.997560806584478987e-01 2.208320152153282062e-02 3.339772649362366904e-04
9.997579666802222098e-01 2.199792496278161688e-02 3.154371269361312658e-04
9.997596568466808886e-01 2.192123206828486964e-02 2.971031345637313646e-04
9.997611556507084440e-01 2.185300749891488231e-02 2.790324606491208117e-04
9.997624678968979328e-01 2.179311042739573087e-02 2.612786965961359049e-04
9.997635986676276509e-01 2.174137622016029253e-02 2.438918219016106672e-04
9.997645532923025158e-01 2.169761812862354769e-02 2.269181882075179822e-04
9.997653373194924642e-01 2.166162898328416464e-02 2.104005172779365676e-04
9.997659564916866470e-01 2.163318288435818817e-02 1.943779122698724362e-04
9.997664167223782039e-01 2.161203688295005795e-02 1.788858816474175265e-04
9.997667240751956230e-01 2.159793264707562596e-02 1.639563750724566140e-04
9.997668847448015761e-01 2.159059810716797492e-02 1.496178305920440915e-04
9.997669050392909984e-01 2.158974907601790560e-02 1.358952324325678207e-04
9.997667913638349502e-01 2.159509083842589550e-02 1.228101787037917528e-04
9.997665502053318942e-01 2.160631970616943773e-02 1.103809583117125334e-04
9.997661881178500076e-01 2.162312453421792388e-02 9.862263637775792267e-05
9.997657117086656831e-01 2.164518819445521158e-02 8.754714746308053146e-05
9.997651276247252472e-01 2.167218900349658986e-02 7.716339590042713972e-05
9.997644425393820145e-01 2.170380210151087383e-02 6.747736254216930439e-05
9.997636631392852191e-01 2.173970077927882966e-02 5.849221724142864422e-05
9.997627961113221273e-01 2.177955775103489894e-02 5.020843639368903212e-05
9.997618481295369453e-01 2.182304637094948166e-02 4.262392487872243113e-05
9.997608258419750094e-01 2.186984179141284942e-02 3.573414175692844812e-05
9.997597358574218385e-01 2.191962206157832202e-02 2.953222909016359530e-05
9.997585847320263897e-01 2.197206916491093245e-02 2.400914327467817299e-05
9.997573789558177326e-01 2.202686999476766855e-02 1.915378829275083943e-05
9.997561249391406779e-01 2.208371726730596132e-02 1.495315030987743666e-05
9.997548289990506598e-01 2.214231037127777774e-02 1.139243306579906754e-05
9.997534973457212759e-01 2.220235615451697855e-02 8.455193530112199669e-06
9.997521360689284320e-01 2.226356964716712933e-02 6.123477316561454296e-06
9.997507511246842560e-01 2.232567472192523855e-02 4.377953374247119223e-06
9.997493483220988297e-01 2.238840469179369588e-02 3.198047498760017944e-06
9.997479333105550037e-01 2.245150284603770682e-02 2.562074231566049898e-06
9.997465115672806713e-01 2.251472292523852559e-02 2.447366741684010883e-06
9.997450883854065440e-01 2.257782953651369523e-02 2.830404309720246833e-06
9.997436688625945811e-01 2.264059851014414010e-02 3.686937060533263126e-06
9.997422578903198964e-01 2.270281719900428541e-02 4.992107617095782509e-06
9.997408601438853015e-01 2.276428472233544414e-02 6.720569374400262612e-06
9.997394800732419817e-01 2.282481215553446713e-02 8.846601118422014855e-06
9.997381218946828074e-01 2.288422266774930991e-02 1.134421774111895523e-05
9.997367895834681217e-01 2.294235160918063968e-02 1.418727682812636366e-05
9.997354868674354078e-01 2.299904655008434134e-02 1.734958092111313694e-05
9.997342172216354683e-01 2.305416727355374951e-02 2.080497528163207830e-05
9.997329838640283128e-01 2.310758572423293744e-02 2.452744100764651589e-05
9.997317897522626229e-01 2.315918591517371686e-02 2.849118337768631544e-05
9.997306375815540047e-01 2.320886379509951025e-02 3.267071532071560828e-05
9.997295297836661376e-01 2.325652707837906272e-02 3.704093593222841771e-05
9.997284685269910431e-01 2.330209504004261689e-02 4.157720397877865667e-05
9.997274557177153742e-01 2.334549827819298526e-02 4.625540635404837503e-05
9.997264930020499651e-01 2.338667844617421318e-02 5.105202146962749976e-05
9.997255817694933322e-01 2.342558795686178197e-02 5.594417758288269625e-05
9.997247231570914883e-01 2.346218966143084547e-02 6.090970608260160983e-05
9.997239180546493298e-01 2.349645650494336033e-02 6.592718977048787866e-05
9.997231671108429696e-01 2.352837116107147838e-02 7.097600619302994111e-05
9.997224707401767274e-01 2.355792564824381666e-02 7.603636609375728035e-05
9.997218291307244931e-01 2.358512092946346214e-02 8.108934707041848885e-05
9.997212422525897368e-01 2.360996649800253810e-02 8.611692253515882008e-05
9.997207098670168879e-01 2.363247995112793126e-02 9.110198608833721301e-05
9.997202315360830260e-01 2.365268655395728545e-02 9.602837142820258955e-05
9.997198066328985000e-01 2.367061879548357575e-02 1.008808679292511301e-04
9.997194343522434190e-01 2.368631593874134106e-02 1.056452320317167255e-04
9.997191137215658552e-01 2.369982356701819115e-02 1.103081945933149469e-04
9.997188436122707023e-01 2.371119312794207207e-02 1.148574643620812324e-04
9.997186227512258050e-01 2.372048147719826167e-02 1.192817277359313157e-04
9.997184497324169694e-01 2.372775042355087724e-02 1.235706449804444712e-04
9.997183230286823541e-01 2.373306627676189176e-02 1.277148430813505994e-04
9.997182410034624045e-01 2.373649939991697919e-02 1.317059054123112874e-04
9.997182019225021588e-01 2.373812376758208456e-02 1.355363584018507979e-04
9.997182039654473051e-01 2.373801653112810051e-02 1.391996553857387958e-04
9.997182452372788131e-01 2.373625759247347672e-02 1.426901578327875611e-04
9.997183237795348454e-01 2.373292918740668028e-02 1.460031141329241314e-04
9.997184375812725454e-01 2.372811547956222081e-02 1.491346361365735785e-04
9.997185845897266221e-01 2.372190216603601090e-02 1.520816736338685042e-04
9.997187627206263194e-01 2.371437609553822545e-02 1.548419869610195745e-04
9.997189698681359094e-01 2.370562489989516339e-02 1.574141179193768803e-04
9.997192039143888431e-01 2.369573663962577445e-02 1.597973591903165840e-04
9.997194627385896926e-01 2.368479946423417137e-02 1.619917224261368713e-04
9.997197442256621214e-01 2.367290128777656613e-02 1.639979051936804643e-04
9.997200462744250116e-01 2.366012948017993944e-02 1.658172569434511229e-04
9.997203668052838665e-01 2.364657057471065971e-02 1.674517441725966122e-04
9.997207037674266106e-01 2.363230999191437767e-02 1.689039149453278672e-04
9.997210551455174565e-01 2.361743178027394044e-02 1.701768629291665910e-04
9.997214189658862882e-01 2.360201837376002879e-02 1.712741910999011354e-04
9.997217933022134462e-01 2.358615036637986759e-02 1.721999752623153731e-04
9.997221762807115830e-01 2.356990630376284285e-02 1.729587275276732439e-04
9.997225660848121365e-01 2.355336249175811122e-02 1.735553598826290560e-04
9.997229609593625277e-01 2.353659282195873920e-02 1.739951479777189221e-04
9.997233592143450753e-01 2.351966861400929878e-02 1.742836952569117330e-04
9.997237592281291718e-01 2.350265847449949791e-02 1.744268975428827490e-04
9.997241594502703776e-01 2.348562817219519011e-02 1.744309081857574415e-04
9.997245584038717547e-01 2.346864052931021613e-02 1.743021038760812248e-04
9.997249546875234261e-01 2.345175532847785724e-02 1.740470512157357090e-04
9.997253469768373479e-01 2.343502923503931051e-02 1.736724741334679607e-04
9.997257340255962799e-01 2.341851573422847402e-02 1.731852222246557129e-04
9.997261146665347153e-01 2.340226508279759018e-02 1.725922400879199262e-04
9.997264878117715359e-01 2.338632427459665791e-02 1.719005377242437984e-04
9.997268524529132616e-01 2.337073701959120273e-02 1.711171620573854503e-04
9.997272076608482161e-01 2.335554373577784087e-02 1.702491696276000005e-04
9.997275525852508116e-01 2.334078155343497635e-02 1.693036005040385187e-04
9.997278864538149401e-01 2.332648433112699884e-02 1.682874534546814204e-04
9.997282085712367872e-01 2.331268268286428719e-02 1.672076624063132321e-04
9.997285183179653867e-01 2.329940401580828449e-02 1.660710742208661096e-04
9.997288151487395691e-01 2.328667257790052736e-02 1.648844278084694382e-04
9.997290985909292882e-01 2.327450951478701041e-02 1.636543345917520933e-04
9.997293682426996453e-01 2.326293293540432350e-02 1.623872603303672102e-04
9.997296237710139311e-01 2.325195798559156687e-02 1.610895083093542184e-04
9.997298649094926715e-01 2.324159692909210512e-02 1.597672038898322944e-04
9.997300914561442209e-01 2.323185923531149305e-02 1.584262804156361636e-04
9.997303032709826676e-01 2.322275167320251438e-02 1.570724664648722791e-04
9.997305002735474844e-01 2.321427841065477893e-02 1.557112744309905466e-04
9.997306824403383585e-01 2.320644111877496335e-02 1.543479904138422387e-04
9.997308498021796330e-01 2.319923908045414332e-02 1.529876653973300535e-04
9.997310024415263507e-01 2.319266930263078064e-02 1.516351076866534117e-04
9.997311404897242237e-01 2.318672663167168496e-02 1.502948765748132319e-04
9.997312641242348530e-01 2.318140387130837241e-02 1.489712772049650309e-04
9.997313735658375222e-01 2.317669190258286188e-02 1.476683565923951483e-04
9.997314690758175582e-01 2.317257980527466510e-02 1.463899007673434159e-04
9.997315509531508049e-01 2.316905498029955823e-02 1.451394329976010927e-04
9.997316195316939824e-01 2.316610327259066571e-02 1.439202130477722317e-04
9.997316751773892562e-01 2.316370909399299155e-02 1.427352374302985204e-04
9.997317182854912332e-01 2.316185554572410682e-02 1.415872406018025176e-04
9.997317492778239334e-01 2.316052453997576033e-02 1.404786970569999903e-04
9.997317686000753989e-01 2.315969692025381457e-02 1.394118242713619511e-04
9.997317767191361559e-01 2.315935258007704306e-02 1.383885864428613442e-04
9.997317741204883035e-01 2.315947057967862599e-02 1.374106989825155860e-04
9.997317613056507790e-01 2.316002926037788109e-02 1.364796337030219748e-04
9.997317387896861307e-01 2.316100635631344190e-02 1.355966246545734085e-04
9.997317070987746801e-01 2.316237910325286836e-02 1.347626745569261808e-04
9.997316667678595170e-01 2.316412434421744743e-02 1.339785617769625244e-04
9.997316183383677668e-01 2.316621863168443624e-02 1.332448478013375972e-04
9.997315623560112385e-01 2.316863832615242286e-02 1.325618851543154382e-04
9.997314993686704510e-01 2.317135969087850619e-02 1.319298257115707087e-04
9.997314299243649227e-01 2.317435898261870422e-02 1.313486293615542355e-04
9.997313545693128356e-01 2.317761253822530135e-02 1.308180729669784000e-04
9.997312738460818471e-01 2.318109685697658517e-02 1.303377595800664162e-04
9.997311882918346049e-01 2.318478867853566994e-02 1.299071278664156045e-04
9.997310984366687414e-01 2.318866505645575046e-02 1.295254616936394464e-04
9.997310048020550122e-01 2.319270342716911459e-02 1.291918998423669505e-04
9.997309078993723563e-01 2.319688167441651475e-02 1.289054457986814578e-04
9.997308082285429887e-01 2.320117818909209900e-02 1.286649775886634895e-04
9.997307062767658570e-01 2.320557192449689693e-02 1.284692576173561375e-04
9.997306025173504640e-01 2.321004244701085212e-02 1.283169424761851308e-04
9.997304974086491658e-01 2.321456998220961312e-02 1.282065926846328566e-04
9.997303913930891683e-01 2.321913545646762944e-02 1.281366823337748981e-04
9.997302848963021127e-01 2.322372053410362569e-02 1.281056086011316160e-04
9.997301783263506936e-01 2.322830765013813095e-02 1.281117011081592206e-04
9.997300720730516455e-01 2.323288003874549382e-02 1.281532310935921157e-04
9.997299665073918762e-01 2.323742175749468966e-02 1.282284203777493540e-04
9.997298619810378595e-01 2.324191770748421787e-02 1.283354500948201220e-04
9.997297588259348444e-01 2.324635364948641689e-02 1.284724691720429308e-04
9.997296573539937725e-01 2.325071621622582657e-02 1.286376025365801410e-04
9.997295578568641261e-01 2.325499292092444992e-02 1.288289590327637059e-04
9.997294606057889332e-01 2.325917216225433307e-02 1.290446390342332510e-04
9.997293658515397086e-01 2.326324322584442592e-02 1.292827417373104205e-04
9.997292738244282218e-01 2.326719628249448307e-02 1.295413721237373406e-04
9.997291847343912075e-01 2.327102238325372621e-02 1.298186475826554917e-04
9.997290987711456856e-01 2.327471345152613141e-02 1.301127041834039880e-04
9.997290161044101175e-01 2.327826227236757389e-02 1.304217025923726312e-04
9.997289368841889567e-01 2.328166247914270626e-02 1.307438336287497483e-04
9.997288612411162623e-01 2.328490853771128175e-02 1.310773234555542301e-04
9.997287892868543802e-01 2.328799572831489334e-02 1.314204384038322650e-04
9.997287211145446939e-01 2.329092012533552636e-02 1.317714894293310027e-04
9.997286567993056705e-01 2.329367857509725623e-02 1.321288362023275071e-04
9.997285963987748714e-01 2.329626867188160783e-02 1.324908908325950012e-04
9.997285399536908201e-01 2.329868873232580559e-02 1.328561212327222828e-04
9.997284874885108419e-01 2.330093776837120073e-02 1.332230541241696592e-04
9.997284390120608766e-01 2.330301545892680265e-02 1.335902776915418532e-04
9.997283945182141585e-01 2.330492212040987873e-02 1.339564438915853705e-04
9.997283539865935431e-01 2.330665867632226995e-02 1.343202704243734880e-04
9.997283173832953729e-01 2.330822662601728795e-02 1.346805423750271381e-04
9.997282846616303287e-01 2.330962801280787519e-02 1.350361135351348248e-04
9.997282557628777155e-01 2.331086539156216816e-02 1.353859074137768145e-04
9.997282306170499622e-01 2.331194179592780552e-02 1.357289179487329209e-04
9.997282091436644480e-01 2.331286070532112564e-02 1.360642099290569162e-04
9.997281912525184389e-01 2.331362601181204836e-02 1.363909191407355144e-04
9.997281768444647998e-01 2.331424198702976985e-02 1.367082522476193102e-04
9.997281658121857095e-01 2.331471324920860247e-02 1.370154864202141815e-04
9.997281580409607127e-01 2.331504473048728876e-02 1.373119687252608836e-04
9.997281534094270006e-01 2.331524164456900972e-02 1.375971152893058433e-04
9.997281517903296999e-01 2.331530945484304451e-02 1.378704102496817530e-04
9.997281530512593939e-01 2.331525384306276996e-02 1.381314045064719611e-04
9.997281570553745444e-01 2.331508067866825545e-02 1.383797142891341316e-04
9.997281636621072609e-01 2.331479598883538784e-02 1.386150195515027780e-04
9.997281727278503061e-01 2.331440592932697980e-02 1.388370622088848253e-04
9.997281841066234520e-01 2.331391675621501472e-02 1.390456442309064358e-04
9.997281976507180756e-01 2.331333479853676949e-02 1.392406256036662850e-04
9.997282132113179953e-01 2.331266643194132571e-02 1.394219221746025549e-04
9.997282306390957718e-01 2.331191805337678655e-02 1.395895033932925938e-04
9.997282497847835847e-01 2.331109605686237235e-02 1.397433899611741175e-04
9.997282704997169089e-01 2.331020681038366987e-02 1.398836514029126916e-04
9.997282926363512123e-01 2.330925663394342595e-02 1.400104035718395307e-04
9.997283160487500098e-01 2.330825177879458296e-02 1.401238061015535902e-04
9.997283405930448286e-01 2.330719840787677868e-02 1.402240598154217040e-04
9.997283661278659750e-01 2.330610257747210701e-02 1.403114041053255153e-04
9.997283925147438799e-01 2.330497022009087732e-02 1.403861142905932864e-04
9.997284196184815785e-01 2.330380712859305911e-02 1.404484989676261901e-04
9.997284473074972144e-01 2.330261894154638316e-02 1.404988973602781755e-04
9.997284754541380103e-01 2.330141112981756399e-02 1.405376766805853037e-04
9.997285039349644853e-01 2.330018898438871583e-02 1.405652295089611186e-04
9.997285326310068054e-01 2.329895760538700303e-02 1.405819712024863541e-04
9.997285614279919352e-01 2.329772189231169716e-02 1.405883373394219160e-04
9.997285902165435889e-01 2.329648653543916342e-02 1.405847812075697106e-04
9.997286188923548700e-01 2.329525600838293700e-02 1.405717713435968843e-04
9.997286473563341547e-01 2.329403456178287882e-02 1.405497891299261845e-04
9.997286755147252180e-01 2.329282621809453460e-02 1.405193264552830816e-04
9.997287032792023798e-01 2.329163476744706973e-02 1.404808834444799619e-04
9.997287305669410040e-01 2.329046376453582090e-02 1.404349662625088257e-04
9.997287573006652384e-01 2.328931652651319850e-02 1.403820849975116183e-04
9.997287834086726610e-01 2.328819613183982090e-02 1.403227516267004842e-04
9.997288088248379445e-01 2.328710542005590911e-02 1.402574780688127228e-04
9.997288334885959804e-01 2.328604699243156523e-02 1.401867743262039481e-04
9.997288573449052418e-01 2.328502321345317372e-02 1.401111467192178847e-04
9.997288803441928273e-01 2.328403621310217927e-02 1.400310962150113693e-04
9.997289024422825188e-01 2.328308788988151315e-02 1.399471168525723980e-04
9.997289236003062962e-01 2.328217991454440208e-02 1.398596942652380901e-04
9.997289437846004212e-01 2.328131373447971109e-02 1.397693043016058146e-04
9.997289629665878641e-01 2.328049057870775970e-02 1.396764117453317951e-04
9.997289811226475198e-01 2.327971146344040565e-02 1.395814691339295160e-04
9.997289982339715442e-01 2.327897719815929384e-02 1.394849156763155822e-04
9.997290142864118101e-01 2.327828839216637344e-02 1.393871762685022753e-04
9.997290292703164827e-01 2.327764546156119857e-02 1.392886606065087845e-04
9.997290431803578237e-01 2.327704863660005202e-02 1.391897623952499977e-04
9.997290560153526684e-01 2.327649796939260801e-02 1.390908586518724483e-04
9.997290677780757973e-01 2.327599334189268260e-02 1.389923091017319218e-04
9.997290784750674231e-01 2.327553447414048432e-02 1.388944556649541486e-04
9.997290881164365706e-01 2.327512093271490515e-02 1.387976220312861996e-04
9.997290967156600150e-01 2.327475213935545698e-02 1.387021133207286836e-04
9.997291042893785562e-01 2.327442737971473566e-02 1.386082158272442584e-04
9.997291108571910723e-01 2.327414581220360254e-02 1.385161968426585873e-04
9.997291164414475739e-01 2.327390647689270287e-02 1.384263045577123073e-04
9.997291210670417039e-01 2.327370830443532823e-02 1.383387680370800905e-04
9.997291247612035692e-01 2.327355012497827821e-02 1.382537972650524447e-04
9.997291275532935728e-01 2.327343067702881962e-02 1.381715832584684350e-04
9.997291294745983548e-01 2.327334861624759388e-02 1.380922982434011181e-04
9.997291305581285092e-01 2.327330252413885303e-02 1.380160958920268778e-04
9.997291308384201880e-01 2.327329091661121258e-02 1.379431116160531687e-04
9.997291303513394789e-01 2.327331225238370160e-02 1.378734629130419097e-04
9.997291291338915586e-01 2.327336494121368810e-02 1.378072497619404493e-04
9.997291272240340643e-01 2.327344735192496059e-02 1.377445550641233818e-04
9.997291246604959047e-01 2.327355782021592670e-02 1.376854451262523118e-04
9.997291214826014016e-01 2.327369465622969660e-02 1.376299701812779865e-04
9.997291177301003140e-01 2.327385615186942924e-02 1.375781649439404401e-04
9.997291134430041915e-01 2.327404058784406440e-02 1.375300491971636696e-04
9.997291086614292777e-01 2.327424624043122892e-02 1.374856284057946745e-04
9.997291034254464082e-01 2.327447138794568049e-02 1.374448943542012870e-04
9.997290977749373475e-01 2.327471431690336309e-02 1.374078258043149930e-04
9.997290917494590090e-01 2.327497332787257719e-02 1.373743891707888596e-04
9.997290853881151129e-01 2.327524674100543006e-02 1.373445392100303771e-04
9.997290787294345060e-01 2.327553290124408786e-02 1.373182197199681741e-04
9.997290718112583630e-01 2.327583018319787783e-02 1.372953642475155920e-04
9.997290646706338269e-01 2.327613699568862118e-02 1.372758968008073511e-04
9.997290573437164207e-01 2.327645178596288167e-02 1.372597325634005740e-04
9.997290498656794533e-01 2.327677304357115770e-02 1.372467786077548693e-04
9.997290422706313073e-01 2.327709930391518717e-02 1.372369346054305348e-04
9.997290345915408327e-01 2.327742915146570682e-02 1.372300935315751841e-04
9.997290268601694008e-01 2.327776122265412875e-02 1.372261423613998534e-04
9.997290191070112853e-01 2.327809420844256794e-02 1.372249627564816330e-04
9.997290113612408158e-01 2.327842685657766433e-02 1.372264317388648233e-04
9.997290036506669697e-01 2.327875797353453832e-02 1.372304223510715008e-04
9.997289960016951804e-01 2.327908642615800910e-02 1.372368043002691797e-04
9.997289884392955850e-01 2.327941114300905584e-02 1.372454445849820065e-04
9.997289809869779331e-01 2.327973111542512921e-02 1.372562081028692350e-04
9.997289736667736015e-01 2.328004539830360112e-02 1.372689582382311826e-04
9.997289664992228264e-01 2.328035311061824389e-02 1.372835574280383052e-04
9.997289595033688192e-01 2.328065343567909534e-02 1.372998677054122567e-04
9.997289526967571005e-01 2.328094562114655861e-02 1.373177512196190357e-04
9.997289460954401630e-01 2.328122897881096734e-02 1.373370707317629114e-04
9.997289397139880185e-01 2.328150288414919042e-02 1.373576900854948306e-04
9.997289335655028530e-01 2.328176677567012076e-02 1.373794746521724659e-04
9.997289276616388998e-01 2.328202015406113240e-02 1.374022917500263561e-04
9.997289220126265308e-01 2.328226258114772865e-02 1.374260110370028091e-04
9.997289166273002348e-01 2.328249367867876035e-02 1.374505048770642622e-04
9.997289115131304804e-01 2.328271312694962791e-02 1.374756486798345051e-04
9.997289066762592435e-01 2.328292066327590504e-02 1.375013212135781397e-04
9.997289021215387539e-01 2.328311608032981872e-02 1.375274048916018811e-04
9.997288978525726844e-01 2.328329922435191240e-02 1.375537860322560235e-04
9.997288938717605600e-01 2.328346999325013253e-02 1.375803550928043841e-04
9.997288901803440542e-01 2.328362833459840867e-02 1.376070068775122712e-04
9.997288867784560606e-01 2.328377424354662745e-02 1.376336407203794369e-04
9.997288836651705424e-01 2.328390776065365417e-02 1.376601606430192929e-04
9.997288808385548231e-01 2.328402896965482000e-02 1.376864754882508874e-04
9.997288782957226561e-01 2.328413799517499785e-02 1.377124990300335357e-04
9.997288760328886248e-01 2.328423500039806734e-02 1.377381500604310559e-04
9.997288740454230993e-01 2.328432018470325340e-02 1.377633524543441684e-04
9.997288723279078582e-01 2.328439378127844517e-02 1.377880352127966706e-04
9.997288708741918217e-01 2.328445605472023033e-02 1.378121324856026628e-04
9.997288696774473404e-01 2.328450729862997434e-02 1.378355835742795009e-04
9.997288687302259280e-01 2.328454783321485394e-02 1.378583329161028957e-04
9.997288680245138837e-01 2.328457800290236607e-02 1.378803300502277635e-04
9.997288675517873591e-01 2.328459817397632303e-02 1.379015295668218244e-04
9.997288673030667594e-01 2.328460873224198063e-02 1.379218910401768872e-04
9.997288672689705891e-01 2.328461008072741159e-02 1.379413789467760169e-04
9.997288674397675212e-01 2.328460263742783767e-02 1.379599625693060801e-04
9.997288678054284672e-01 2.328458683309914470e-02 1.379776158876093418e-04
9.997288683556762034e-01 2.328456310910631891e-02 1.379943174575701400e-04
9.997288690800343325e-01 2.328453191533214062e-02 1.380100502789311531e-04
9.997288699678746893e-01 2.328449370815093358e-02 1.380248016530278600e-04
9.997288710084627494e-01 2.328444894847176566e-02 1.380385630314212044e-04
9.997288721910017051e-01 2.328439809985503178e-02 1.380513298563964392e-04
9.997288735046744312e-01 2.328434162670585741e-02 1.380631013942815980e-04
9.997288749386838980e-01 2.328427999254742073e-02 1.380738805625210158e-04
9.997288764822913620e-01 2.328421365837674006e-02 1.380836737514190755e-04
9.997288781248530043e-01 2.328414308110515404e-02 1.380924906414469368e-04
9.997316969635322570e-01 2.316109476515716692e-02 3.129459639482630819e-04
9.997362811125652948e-01 2.295951457783056843e-02 4.786342902488505873e-04
9.997424893197131013e-01 2.268373955667477709e-02 6.349763580949052775e-04
9.997501661870997758e-01 2.233817684134621270e-02 7.818332878041310118e-04
9.997591458176571244e-01 2.192728453773500411e-02 9.191069901916703493e-04
9.997692552753392192e-01 2.145555327727639155e-02 1.046738646089676083e-03
9.997803178271891245e-01 2.092748850291521745e-02 1.164707115634874791e-03
9.997921559412680237e-01 2.034759350962145677e-02 1.273027286079700220e-03
9.998045940202189286e-01 1.972035326387959128e-02 1.371748366653818309e-03
9.998174608557677256e-01 1.905021902318134938e-02 1.460952138769985474e-03
9.998305917947065691e-01 1.834159377322952186e-02 1.540751169631114853e-03
9.998438306118145880e-01 1.759881849730266651e-02 1.611286997053798650e-03
9.998570310897035851e-01 1.682615928903198263e-02 1.672728293076759971e-03
9.998700583097094308e-01 1.602779531670086438e-02 1.725269013670080887e-03
9.998827896616548916e-01 1.520780764409595219e-02 1.769126541601853415e-03
9.998951155835760218e-01 1.437016890991924672e-02 1.804539829252434918e-03
9.999069400453235446e-01 1.351873386482009727e-02 1.831767547892189287e-03
9.999181807923241960e-01 1.265723076223084290e-02 1.851086249656037431e-03
9.999287693677187949e-01 1.178925359639972428e-02 1.862788548157100210e-03
9.999386509325980388e-01 1.091825517831900363e-02 1.867181323382184404e-03
9.999468509631680435e-01 1.017056817878972050e-02 1.689700030230263531e-03
9.999536804797798384e-01 9.504883039348368742e-03 1.514725018631525979e-03
9.999593158730896159e-01 8.919857099276291834e-03 1.342777460089753482e-03
9.999639129731329179e-01 8.413915696212472331e-03 1.174343614308334238e-03
9.999676074521290925e-01 7.985268588408636278e-03 1.009874656008038921e-03
9.999705155069463780e-01 7.631926403812458980e-03 8.497866390964830359e-04
9.999727347826939949e-01 7.351717053907772144e-03 6.944605917136121784e-04
9.999743454989896696e-01 7.142302053650388498e-03 5.442427355091754944e-04
9.999754117410888377e-01 7.001192692246722450e-03 3.994448223806051218e-04
9.999759828791888738e-01 6.925766002913166103e-03 2.603445818094221728e-04
9.999760950807830007e-01 6.913280483114328002e-03 1.271862718777995688e-04
9.999757728828658765e-01 6.960891520097892138e-03 1.813270209767353300e-07
9.999750307930316273e-01 7.065666479815930004e-03 -1.204909044271918373e-04
9.999738748909851038e-01 7.224599420541962316e-03 -2.346823398119205189e-04
9.999723044046603393e-01 7.434625395656649198e-03 -3.422752657261508391e-04
9.999703132379440529e-01 7.692634313180564225e-03 -4.431813723692320855e-04
9.999678914298848476e-01 7.995484322678906783e-03 -5.373407254078366386e-04
9.999650265281857520e-01 8.340014703149356209e-03 -6.247206819480165523e-04
9.999617048626794347e-01 8.723058228430023708e-03 -7.053147571089583888e-04
9.999579127073319196e-01 9.141452989528817824e-03 -7.791414475568209357e-04
9.999536373220795360e-01 9.592053656077592985e-03 -8.462430182120770240e-04
9.999488678684386178e-01 1.007174216185270817e-02 -9.066842581869157978e-04
9.999435961953144769e-01 1.057743780197611082e-02 -9.605512118412613560e-04
9.999378174937498809e-01 1.110610673201542671e-02 -1.007949890667509535e-03
9.999315308214810072e-01 1.165477086173456571e-02 -1.049004971525802814e-03
9.999247395000881999e-01 1.222051613870463876e-02 -1.083858486554146842e-03
9.999174513892399307e-01 1.280050021936446868e-02 -1.112668509871512666e-03
9.999096790440182847e-01 1.339195952741634686e-02 -1.135607845977858795e-03
9.999014397625837214e-01 1.399221570165141808e-02 -1.152862724533387220e-03
9.998927555324872429e-01 1.459868143741543771e-02 -1.164631505970976227e-03
9.998836528847723226e-01 1.520886572794499098e-02 -1.171123402161326202e-03
9.998741626656368897e-01 1.582037851372210605e-02 -1.172557216110687792e-03
9.998643197358518808e-01 1.643093474980718283e-02 -1.169160104426917451e-03
9.998541626083738976e-01 1.703835790281242601e-02 -1.161166366041901802e-03
9.998437330346545693e-01 1.764058289076707656e-02 -1.148816260428001416e-03
9.998330755500551836e-01 1.823565848059876399e-02 -1.132354858294043823e-03
9.998222369885358951e-01 1.882174915930990081e-02 -1.112030927493492779e-03
9.998112659764217813e-01 1.939713649616268271e-02 -1.088095856624730212e-03
9.998002124145685121e-01 1.996022001429994391e-02 -1.060802618551882253e-03
9.997891269576756335e-01 2.050951759122159046e-02 -1.030404775825277241e-03
9.997780604988432129e-01 2.104366540840816799e-02 -9.971555297344004455e-04
9.997670636667521649e-01 2.156141747113541132e-02 -9.613068144840194963e-04
9.997561863420876271e-01 2.206164472015823344e-02 -9.231084377468882834e-04
9.997454771990303968e-01 2.254333375746209525e-02 -8.828072686149189292e-04
9.997349832768321898e-01 2.300558520868700371e-02 -8.406464737457198600e-04
9.997247495856762534e-01 2.344761174512813295e-02 -7.968648022836374118e-04
9.997148187502160610e-01 2.386873578841139029e-02 -7.516959199245518228e-04
9.997052306933987831e-01 2.426838692103641323e-02 -7.053677922922271977e-04
9.996960223624197228e-01 2.464609902597847402e-02 -6.581021176014976949e-04
9.996872274979293760e-01 2.500150717844943152e-02 -6.101138084003928687e-04
9.996788764469377586e-01 2.533434431274164331e-02 -5.616105220098110669e-04
9.996709960192274869e-01 2.564443768682284422e-02 -5.127922391158038504e-04
9.996636093865151063e-01 2.593170516701997705e-02 -4.638508898161239130e-04
9.996567360230774746e-01 2.619615135473139442e-02 -4.149700262795450747e-04
9.996503916861070316e-01 2.643786357664495296e-02 -3.663245410436439262e-04
9.996445884336574439e-01 2.665700775942011352e-02 -3.180804298542344458e-04
9.996393346777106004e-01 2.685382420922014651e-02 -2.703945978374224977e-04
9.996346352696175996e-01 2.702862331586143238e-02 -2.234147076931844488e-04
9.996304916149537645e-01 2.718178120068554665e-02 -1.772790685073337251e-04
9.996269018146684004e-01 2.731373532656117611e-02 -1.321165636965233989e-04
9.996238608293084305e-01 2.742498008769168188e-02 -8.804661652833076528e-05
9.996213606630424131e-01 2.751606239614483307e-02 -4.517919159522307406e-05
9.996193905642078992e-01 2.758757728123797243e-02 -3.614830567042750728e-06
9.996179372391443829e-01 2.764016351710902805e-02 3.655527949872390699e-05
9.996169850761544851e-01 2.767449929298493316e-02 7.524920704652266487e-05
9.996165163765484696e-01 2.769129793982809049e-02 1.123941478985217800e-04
9.996165115898717479e-01 2.769130372620184910e-02 1.479262699239035069e-04
9.996169495505873304e-01 2.767528773535093273e-02 1.817905323223797313e-04
9.996178077136735896e-01 2.764404383464545700e-02 2.139404813489538884e-04
9.996190623868085323e-01 2.759838474769052072e-02 2.443380243064593831e-04
9.996206889570323773e-01 2.753913823856026996e-02 2.729531836254702306e-04
9.996226621100079424e-01 2.746714341677819471e-02 2.997638328381518869e-04
9.996249560402360457e-01 2.738324717083696555e-02 3.247554162338403940e-04
9.996275446508158247e-01 2.728830073723345281e-02 3.479206539599581150e-04
9.996304017415742482e-01 2.718315641119003340e-02 3.692592343026274127e-04
9.996335011846186891e-01 2.706866440444383876e-02 3.887774948473721529e-04
9.996368170865856939e-01 2.694566985471322576e-02 4.064880941819359471e-04
9.996403239370712512e-01 2.681500999069715008e-02 4.224096757608226797e-04
9.996439967429269213e-01 2.667751145573007271e-02 4.365665255050082635e-04
9.996478111482923756e-01 2.653398779250399492e-02 4.489882246607024134e-04
9.996517435404044249e-01 2.638523709058161054e-02 4.597092993883765432e-04
9.996557711413818215e-01 2.623203979776179626e-02 4.687688684978250846e-04
9.996598720863199006e-01 2.607515669572169764e-02 4.762102906871087927e-04
9.996640254881552501e-01 2.591532703974981991e-02 4.820808125831330159e-04
9.996682114898653992e-01 2.575326686180247349e-02 4.864312188196476283e-04
9.996724113046562277e-01 2.558966743556269352e-02 4.893154853248991246e-04
9.996766072448649565e-01 2.542519390165684165e-02 4.907904369263153951e-04
9.996807827403618729e-01 2.526048405069025726e-02 4.909154103137241577e-04
9.996849223472762391e-01 2.509614726129983167e-02 4.897519233359820751e-04
9.996890117478998139e-01 2.493276358998868653e-02 4.873633515387697625e-04
9.996930377426355152e-01 2.477088300910639321e-02 4.838146127839595880e-04
9.996969882348604175e-01 2.461102478896752196e-02 4.791718607236159400e-04
9.997008522095635064e-01 2.445367701976162642e-02 4.735021878345947147e-04
9.997046197066002948e-01 2.429929626859912706e-02 4.668733386530816249e-04
9.997082817893765405e-01 2.414830736675950204e-02 4.593534337824740433e-04
9.997118305097411062e-01 2.400110332196052701e-02 4.510107051829670942e-04
9.997152588698227094e-01 2.385804535024960149e-02 4.419132431872484375e-04
9.997185607815018971e-01 2.371946302192982220e-02 4.321287556240188069e-04
9.997217310241566235e-01 2.358565451577396624e-02 4.217243393698077579e-04
9.997247652012664076e-01 2.345688697564803776e-02 4.107662645899032815e-04
9.997276596964056461e-01 2.333339696356200033e-02 3.993197718713081650e-04
9.997304116290979259e-01 2.321539100308762926e-02 3.874488823946054439e-04
9.997330188109491145e-01 2.310304620703144268e-02 3.752162212375846151e-04
9.997354797024182727e-01 2.299651098322326101e-02 3.626828538515535025e-04
9.997377933705339226e-01 2.289590581227721536e-02 3.499081357015388304e-04
9.997399594478079132e-01 2.280132409120082942e-02 3.369495750141394009e-04
9.997419780925521637e-01 2.271283303676814233e-02 3.238627085317158935e-04
9.997438499507539378e-01 2.263047464263348921e-02 3.107009901289369729e-04
9.997455761196242241e-01 2.255426668424249242e-02 2.975156921075000952e-04
9.997471581128928309e-01 2.248420376569473106e-02 2.843558189471468833e-04
9.997485978278882746e-01 2.242025840282741225e-02 2.712680332559164859e-04
9.997498975144086808e-01 2.236238213691980892e-02 2.582965936299482391e-04
9.997510597453618253e-01 2.231050667356324416e-02 2.454833041030537273e-04
9.997520873891284632e-01 2.226454504139964430e-02 2.328674748387294714e-04
9.997529835835843315e-01 2.222439276560199753e-02 2.204858936922568903e-04
9.997537517116978911e-01 2.218992905115137887e-02 2.083728082480116673e-04
9.997543953786104387e-01 2.216101797115615363e-02 1.965599179170530899e-04
9.997549183900950043e-01 2.213750965565861734e-02 1.850763756624415851e-04
9.997553247322851222e-01 2.211924147658141798e-02 1.739487989044940142e-04
9.997556185525611205e-01 2.210603922467955368e-02 1.632012891452814737e-04
9.997558041414819074e-01 2.209771827458249793e-02 1.528554598410378326e-04
9.997558859156518984e-01 2.209408473423402075e-02 1.429304720427200862e-04
9.997558684014168362e-01 2.209493657526352683e-02 1.334430773186694413e-04
9.997557562192885827e-01 2.210006474105125768e-02 1.244076674690912723e-04
9.997555540690057363e-01 2.210925422947952745e-02 1.158363305398250778e-04
9.997552667151465844e-01 2.212228514759244022e-02 1.077389126425265921e-04
9.997548989732181202e-01 2.213893373561637984e-02 1.001230850898503981e-04
9.997544556961575068e-01 2.215897335802208962e-02 9.299441635741271021e-05
9.997539417611909229e-01 2.218217545953575509e-02 8.635644838913906216e-05
9.997533620570061563e-01 2.220831048423019261e-02 8.021077676897010169e-05
9.997527214712047527e-01 2.223714875604762206e-02 7.455713428971331264e-05
9.997520248780110697e-01 2.226846131932161410e-02 6.939347745899739225e-05
9.997512771262243580e-01 2.230202073807735844e-02 6.471607549271117131e-05
9.997504830274088761e-01 2.233760185309557542e-02 6.051960135789590808e-05
9.997496473443264753e-01 2.237498249592581243e-02 5.679722443971257494e-05
9.997487747796226509e-01 2.241394415922913497e-02 5.354070442072869656e-05
9.997478699647840417e-01 2.245427262301764523e-02 5.074048597526903149e-05
9.997469374493921368e-01 2.249575853653882490e-02 4.838579389685504674e-05
9.997459816907009467e-01 2.253819795572576182e-02 4.646472829273365731e-05
9.997450070435714986e-01 2.258139283629970878e-02 4.496435949606717710e-05
9.997440177507983528e-01 2.262515148276897370e-02 4.387082236344419262e-05
9.997430179338655520e-01 2.266928895371747577e-02 4.316940964288393777e-05
9.997420115841696431e-01 2.271362742391730416e-02 4.284466411536234492e-05
9.997410025547477375e-01 2.275799650393229775e-02 4.288046923100538582e-05
9.997399945525484721e-01 2.280223351800367629e-02 4.326013797939637758e-05
9.997389911312805078e-01 2.284618374112424438e-02 4.396649975185320738e-05
9.997379956848726490e-01 2.288970059631452447e-02 4.498198497197589081e-05
9.997370114415753406e-01 2.293264581321245374e-02 4.628870728917542390e-05
9.997360414587308508e-01 2.297488954917787513e-02 4.786854314820882607e-05
9.997350886182349017e-01 2.301631047419422718e-02 4.970320856589415768e-05
9.997341556227085091e-01 2.305679582092262994e-02 5.177433296411016394e-05
9.997332449923935771e-01 2.309624140132791187e-02 5.406352992583951132e-05
9.997323590627825718e-01 2.313455159135252223e-02 5.655246475834080420e-05
9.997314999829857163e-01 2.317163928516258534e-02 5.922291876448605713e-05
9.997306697148359289e-01 2.320742582053088657e-02 6.205685013982988822e-05
9.997298700327249543e-01 2.324184087695464057e-02 6.503645142904668306e-05
9.997291025241616946e-01 2.327482234813148601e-02 6.814420349094156212e-05
9.997283685910370865e-01 2.330631619043577532e-02 7.136292593627963435e-05
9.997276694515756512e-01 2.333627624904893033e-02 7.467582401715259317e-05
9.997270061429510690e-01 2.336466406340283880e-02 7.806653196048756263e-05
9.997263795245373563e-01 2.339144865359416015e-02 8.151915275157590427e-05
9.997257902817651143e-01 2.341660628942036221e-02 8.501829438613876203e-05
9.997252389305480991e-01 2.344012024367551558e-02 8.854910262143720864e-05
9.997247258222432542e-01 2.346198053132582742e-02 9.209729026825974163e-05
9.997242511491044592e-01 2.348218363616164095e-02 9.564916307627362732e-05
9.997238149501889160e-01 2.350073222649480542e-02 9.919164227519683278e-05
9.997234171176718753e-01 2.351763486143792700e-02 1.027122838435313225e-04
9.997230574035265160e-01 2.353290568926563395e-02 1.061992945851952444e-04
9.997227354265235677e-01 2.354656413931779241e-02 1.096415451022987510e-04
9.997224506795044929e-01 2.355863460886093580e-02 1.130285797595313604e-04
9.997222025368835974e-01 2.356914614627744070e-02 1.163506237421725316e-04
9.997219902623332155e-01 2.357813213190232404e-02 1.195985873156084621e-04
9.997218130166077854e-01 2.358562995777545648e-02 1.227640673994476281e-04
9.997216698654632916e-01 2.359168070752266921e-02 1.258393465738860575e-04
9.997215597876297766e-01 2.359632883752298821e-02 1.288173896398950118e-04
9.997214816827962869e-01 2.359962186046138388e-02 1.316918378581039657e-04
9.997214343795690628e-01 2.360161003230726307e-02 1.344570009939446357e-04
9.997214166433665561e-01 2.360234604369871106e-02 1.371078472987309605e-04
9.997214271842158606e-01 2.360188471665143270e-02 1.396399915578875239e-04
9.997214646644183578e-01 2.360028270744981074e-02 1.420496813385325172e-04
9.997215277060544913e-01 2.359759821651569861e-02 1.443337815690873239e-04
9.997216148982992490e-01 2.359389070598861410e-02 1.464897575835484654e-04
9.997217248045243698e-01 2.358922062568935205e-02 1.485156567625421609e-04
9.997218559691634088e-01 2.358364914807771495e-02 1.504100889023083851e-04
9.997220069243202278e-01 2.357723791275432787e-02 1.521722054413596767e-04
9.997221761961033737e-01 2.357004878099663511e-02 1.538016776727480362e-04
9.997223623106707979e-01 2.356214360076016798e-02 1.552986740676846476e-04
9.997225637999731518e-01 2.355358398251844454e-02 1.566638368337080968e-04
9.997227792071844421e-01 2.354443108625826203e-02 1.578982578277211260e-04
9.997230070918123879e-01 2.353474541989220015e-02 1.590034539410343476e-04
9.997232460344835925e-01 2.352458664929654719e-02 1.599813420700938067e-04
9.997234946413979806e-01 2.351401342013117665e-02 1.608342137828564335e-04
9.997237515484526105e-01 2.350308319154782721e-02 1.615647097868329600e-04
9.997240154250339739e-01 2.349185208184528806e-02 1.621757943006721088e-04
9.997242849774802265e-01 2.348037472608376433e-02 1.626707294268328044e-04
9.997245589522176790e-01 2.346870414562683693e-02 1.630530496184106704e-04
9.997248361385752125e-01 2.345689162953744702e-02 1.633265363285693259e-04
9.997251153712838345e-01 2.344498662771469025e-02 1.634951929263050237e-04
9.997253955326672603e-01 2.343303665562077379e-02 1.635632199574621893e-04
9.997256755545330664e-01 2.342108721041222599e-02 1.635349908250410291e-04
9.997259544197725223e-01 2.340918169825664460e-02 1.634150279579164248e-04
9.997262311636793131e-01 2.339736137258558932e-02 1.632079795321419871e-04
9.997265048749983674e-01 2.338566528300596581e-02 1.629185968040587152e-04
9.997267746967150037e-01 2.337413023456627256e-02 1.625517121094887903e-04
9.997270398265962754e-01 2.336279075705040287e-02 1.621122175783823493e-04
9.997272995174969479e-01 2.335167908395023584e-02 1.616050446094214851e-04
9.997275530774413221e-01 2.334082514074913711e-02 1.610351441442814911e-04
9.997277998694941159e-01 2.333025654213151737e-02 1.604074677765217252e-04
9.997280393114320596e-01 2.331999859771881345e-02 1.597269497254416636e-04
9.997282708752295299e-01 2.331007432591966286e-02 1.589984897007017128e-04
9.997284940863697678e-01 2.330050447547139456e-02 1.582269366790891901e-04
9.997287085229942249e-01 2.329130755424150059e-02 1.574170736105121905e-04
9.997289138149026977e-01 2.328249986485110556e-02 1.565736030661454359e-04
9.997291096424150147e-01 2.327409554667779490e-02 1.557011338376340962e-04
9.997292957351077147e-01 2.326610662379227992e-02 1.548041684923972573e-04
9.997294718704350380e-01 2.325854305838225000e-02 1.538870918863671799e-04
9.997296378722472232e-01 2.325141280921735887e-02 1.529541606319591090e-04
9.997297936092160997e-01 2.324472189471140510e-02 1.520094935156966938e-04
9.997299389931780800e-01 2.323847446014143392e-02 1.510570628567224996e-04
9.997300739774055423e-01 2.323267284858862233e-02 1.501006867944057325e-04
9.997301985548159298e-01 2.322731767517224183e-02 1.491440224904248401e-04
9.997303127561278924e-01 2.322240790415566053e-02 1.481905602280487414e-04
9.997304166479739074e-01 2.321794092851230465e-02 1.472436183888735004e-04
9.997305103309771512e-01 2.321391265154942526e-02 1.463063392849880354e-04
9.997305939378021700e-01 2.321031757019851455e-02 1.453816858224444718e-04
9.997306676311865647e-01 2.320714885959310539e-02 1.444724389699940435e-04
9.997307316019605761e-01 2.320439845856743510e-02 1.435811960053186038e-04
9.997307860670633373e-01 2.320205715572290842e-02 1.427103695094360095e-04
9.997308312675611264e-01 2.320011467572347802e-02 1.418621870785839658e-04
9.997308674666747219e-01 2.319855976549573678e-02 1.410386917216890294e-04
9.997308949478221907e-01 2.319738028002478816e-02 1.402417429104982707e-04
9.997309140126819926e-01 2.319656326745260858e-02 1.394730182485907465e-04
9.997309249792827313e-01 2.319609505320158541e-02 1.387340157247879575e-04
9.997309281801242120e-01 2.319596132286222065e-02 1.380260565159392770e-04
9.997309239603344722e-01 2.319614720360047705e-02 1.373502883036711430e-04
9.997309126758672226e-01 2.319663734385680673e-02 1.367076890694455366e-04
9.997308946917439210e-01 2.319741599112562155e-02 1.360990713321710583e-04
9.997308703803443608e-01 2.319846706762062477e-02 1.355250867926437923e-04
9.997308401197488870e-01 2.319977424364804905e-02 1.349862313492558314e-04
9.997308042921355664e-01 2.320132100852632939e-02 1.344828504496928235e-04
9.997335711488029020e-01 2.308011632811097016e-02 3.088610862919419177e-04
9.997380928620706042e-01 2.288058915124120338e-02 4.741108246098503726e-04
9.997442294766036852e-01 2.260705946696454222e-02 6.300508608280681704e-04
9.997518269291034709e-01 2.226391745416321857e-02 7.765420944048626907e-04
9.997607206713531314e-01 2.185560440207885355e-02 9.134860942576574806e-04
9.997707391089797335e-01 2.138659432295515056e-02 1.040823585080178065e-03
9.997817068241430238e-01 2.086137628824508844e-02 1.158532863504910465e-03
9.997934475562453294e-01 2.028443751626447453e-02 1.266628152841655893e-03
9.998057869204830528e-01 1.966024723570435756e-02 1.365157904895406091e-03
9.998185548495536201e-01 1.899324134602719399e-02 1.454203057134960007e-03
9.998315877490450143e-01 1.828780789245576868e-02 1.533875253247591166e-03
9.998447303619124593e-01 1.754827337001200332e-02 1.604315034874325687e-03
9.998578373419555465e-01 1.677888986787076306e-02 1.665690012074418774e-03
9.998707745403205838e-01 1.598382306215968482e-02 1.718193019815755611e-03
9.998834200127358907e-01 1.516714106226145324e-02 1.762040267529442050e-03
9.998956647584411606e-01 1.433280411266306224e-02 1.797469488501118352e-03
9.999074132045776553e-01 1.348465514945340962e-02 1.824738095597980498e-03
9.999185834521693295e-01 1.262641120770335509e-02 1.844121349548701830e-03
9.999291073017519960e-01 1.176165567317996423e-02 1.855910545703223606e-03
9.999389300782066670e-01 1.089383136915885765e-02 1.860411224900699158e-03
9.999470787928551596e-01 1.014926166465603304e-02 1.683057453187975601e-03
9.999538637944502817e-01 9.486628235674711071e-03 1.508228261678602744e-03
9.999594606574075950e-01 8.904580322056893787e-03 1.336443452475245949e-03
9.999640244172118830e-01 8.401535803619535406e-03 1.168187916881742623e-03
9.999676899834154531e-01 7.975697619938246913e-03 1.003911467223261942e-03
9.999705728307911601e-01 7.625070214709860419e-03 8.440288057546347028e-04
9.999727699301187434e-01 7.347475942759913552e-03 6.889196241765214177e-04
9.999743608801898720e-01 7.140571381169985403e-03 5.389288271122501511e-04
9.999754092032695496e-01 7.001863489406769114e-03 3.943668727719881967e-04
9.999759637673959478e-01 6.928725566723614379e-03 2.555102239418619329e-04
9.999760603004745896e-01 6.918412958463049899e-03 1.226019023802679350e-04
9.999757229630624744e-01 6.968078466205906291e-03 -4.147860321320558010e-06
9.999749659489819420e-01 7.074787419982010890e-03 -1.245608823532696726e-04
9.999737950853936352e-01 7.235532373974071577e-03 -2.384902086914991422e-04
9.999722094066333389e-01 7.447247390307105801e-03 -3.458192123537411219e-04
9.999702026789236697e-01 7.706821878618489580e-03 -4.464606267027647476e-04
9.999677648559557319e-01 8.011113962147221532e-03 -5.403555155035872585e-04
9.999648834482498527e-01 8.356963344064511495e-03 -6.274721873378772113e-04
9.999615447921047506e-01 8.741203650690686569e-03 -7.078050608599424556e-04
9.999577352067868796e-01 9.160674231104948273e-03 -7.813734872460987484e-04
9.999534420313633820e-01 9.612231395453642649e-03 -8.482205360438643598e-04
9.999486545352135325e-01 1.009275907699805526e-02 -9.084117504701980572e-04
9.999433646987304636e-01 1.059917890561225609e-02 -9.620338780396652228e-04
9.999375678630338937e-01 1.112845968304276671e-02 -1.009193582224649161e-03
9.999312632496314412e-01 1.167762625277168204e-02 -1.050016140661155003e-03
9.999244543528790219e-01 1.224376775977983542e-02 -1.084644135215970208e-03
9.999171492097924663e-01 1.282404529788263269e-02 -1.113236139024538279e-03
9.999093605532444196e-01 1.341569894460394041e-02 -1.135965405394474131e-03
9.999011058558398002e-01 1.401605418575838265e-02 -1.153018563247830766e-03
9.998924072728078150e-01 1.462252773402485106e-02 -1.164594323546680899e-03
9.998832914930730897e-01 1.523263274780932257e-02 -1.170902200912034763e-03
9.998737895082887572e-01 1.584398345860872637e-02 -1.172161254406328375e-03
9.998639363100344513e-01 1.645429921689523997e-02 -1.168598851205516738e-03
9.998537705256161923e-01 1.706140796823829228e-02 -1.160449456639049519e-03
9.998433340029636573e-01 1.766324917296607788e-02 -1.147953453825608120e-03
9.998326713550226286e-01 1.825787618413686128e-02 -1.131355995880378934e-03
9.998218294737946099e-01 1.884345809994034462e-02 -1.110905893416794027e-03
9.998108570238054549e-01 1.941828110787937808e-02 -1.086854539813074828e-03
9.997998039243016777e-01 1.998074933919131990e-02 -1.059454876462533014e-03
9.997887208288963601e-01 2.052938525295633712e-02 -1.028960399977406868e-03
9.997776586107310903e-01 2.106282957020716093e-02 -9.956242130699801372e-04
9.997666678605041657e-01 2.157984077910274356e-02 -9.596981205927679077e-04
9.997557984039530110e-01 2.207929423285856854e-02 -9.214317719825453881e-04
9.997450988445838460e-01 2.256018086264164127e-02 -8.810718511217589897e-04
9.997346161366339468e-01 2.302160552804148608e-02 -8.388613144061765397e-04
9.997243951924349448e-01 2.346278502802341334e-02 -7.950386775902026698e-04
9.997144785275416945e-01 2.388304579546089365e-02 -7.498373517717489339e-04
9.997049059462037590e-01 2.428182129843467485e-02 -7.034850286774610179e-04
9.996957142689975040e-01 2.465864917148190630e-02 -6.562031152169675368e-04
9.996869371037166996e-01 2.501316809988420736e-02 -6.082062170920237440e-04
9.996786046599405173e-01 2.534511447990450000e-02 -5.597016710733292979e-04
9.996707436070723096e-01 2.565431887762392379e-02 -5.108891253946494645e-04
9.996633769750656873e-01 2.594070230869770580e-02 -4.619601675608684755e-04
9.996565240965418209e-01 2.620427236094807419e-02 -4.130979987238600883e-04
9.996502005885449238e-01 2.644511918124848801e-02 -3.644771536476447242e-04
9.996444183717870802e-01 2.666341134763215021e-02 -3.162632651622019329e-04
9.996391857249031787e-01 2.685939164698429235e-02 -2.686128718934732685e-04
9.996345073709613782e-01 2.703337277805717073e-02 -2.216732679554130156e-04
9.996303845932646981e-01 2.718573299888416353e-02 -1.755823931982777842e-04
9.996268153773206766e-01 2.731691173696978656e-02 -1.304687625254957739e-04
9.996237945757577847e-01 2.742740517990029103e-02 -8.645143271920698621e-05
9.996213140929157692e-01 2.751776186325952459e-02 -4.364000515166173975e-05
9.996193630858349888e-01 2.758857827195095036e-02 -2.134662705830584200e-06
9.996179281784112192e-01 2.764049447022346243e-02 3.797376081647694124e-05
9.996169936855630045e-01 2.767418977487953388e-02 7.660368055728070786e-05
9.996165418443733186e-01 2.769037848531313503e-02 1.136826315226321758e-04
9.996165530493126283e-01 2.768980568318523544e-02 1.491471123677417664e-04
9.996170060888222020e-01 2.767324311369971646e-02 1.829424038675976606e-04
9.996178783807271317e-01 2.764148515959544486e-02 2.150223638996960911e-04
9.996191462041588149e-01 2.759534491812394574e-02 2.453492007647790538e-04
9.996207849258877953e-01 2.753565039043934931e-02 2.738932266643227700e-04
9.996227692191956837e-01 2.746324079199071941e-02 3.006325931402874328e-04
9.996250732736527977e-01 2.737896299167890193e-02 3.255530102636705744e-04
9.996276709943995309e-01 2.728366808672306326e-02 3.486474513340454928e-04
9.996305361897654951e-01 2.717820811937825959e-02 3.699158448228586542e-04
9.996336427462881868e-01 2.706343294085669648e-02 3.893647552591352964e-04
9.996369647904127520e-01 2.694018722703378152e-02 4.070070547177448493e-04
9.996404768363648108e-01 2.680930764976741099e-02 4.228615865278271906e-04
9.996441539198884785e-01 2.667162020692681601e-02 4.369528227727116155e-04
9.996479717177259028e-01 2.652793771351721203e-02 4.493105171029896251e-04
9.996519066528851694e-01 2.637905745560001347e-02 4.599693543316491591e-04
9.996559359858989691e-01 2.622575900804655080e-02 4.689685982246532452e-04
9.996600378924147545e-01 2.606880221652750629e-02 4.763517388423590591e-04
9.996641915275790158e-01 2.590892534353147342e-02 4.821661407270246696e-04
9.996683770777834432e-01 2.574684337762516914e-02 4.864626931696377967e-04
9.996725758004298967e-01 2.558324650461579752e-02 4.892954637257141293e-04
9.996767700524420430e-01 2.541879873875331486e-02 4.907213560848350730e-04
9.996809433083090335e-01 2.525413671161770915e-02 4.907997733328069590e-04
9.996850801684878940e-01 2.508986861587411688e-02 4.895922875786899850e-04
9.996891663590170563e-01 2.492657330064715002e-02 4.871623168518342891e-04
9.996931887232096692e-01 2.476479951486520656e-02 4.835748101067223882e-04
9.996971352062945515e-01 2.460506529455612837e-02 4.788959411060951955e-04
9.997009948338646534e-01 2.444785748973708414e-02 4.731928118857751811e-04
9.997047576849730222e-01 2.429363142623404068e-02 4.665331664380133691e-04
9.997084148606889542e-01 2.414281069748931696e-02 4.589851151842961534e-04
9.997119584488893818e-01 2.399578708116919049e-02 4.506168707435574813e-04
9.997153814860222365e-01 2.385292057516687214e-02 4.414964954378444934e-04
9.997186779165276871e-01 2.371453954740897554e-02 4.316916609148630369e-04
9.997218425505550732e-01 2.358094099371499386e-02 4.212694202056504892e-04
9.997248710205584032e-01 2.345239089782900216e-02 4.102959924760492890e-04
9.997277597372979940e-01 2.332912468763958039e-02 3.988365606728286545e-04
9.997305058457186533e-01 2.321134778152727021e-02 3.869550822093538239e-04
9.997331071811189629e-01 2.309923621872785396e-02 3.747141127817602804e-04
9.997355622259700425e-01 2.299293736757310191e-02 3.621746433547531441e-04
9.997378700676878838e-01 2.289257070546778933e-02 3.493959503065227753e-04
9.997400303576108316e-01 2.279822866448132437e-02 3.364354586749244307e-04
9.997420432713846061e-01 2.270997753647342396e-02 3.233486184020855020e-04
9.997439094709092977e-01 2.262785843173458974e-02 3.101887934320377688e-04
9.997456300679624652e-01 2.255188828520271471e-02 2.970071634758706010e-04
9.997472065895682825e-01 2.248206090441564470e-02 2.838526382212988542e-04
9.997486409451523670e-01 2.241834805347493742e-02 2.707717837284653178e-04
9.997499353954849566e-01 2.236070056742696724e-02 2.578087607212611529e-04
9.997510925233915602e-01 2.230904949161303941e-02 2.450052744534568852e-04
9.997521152061841221e-01 2.226330724069875908e-02 2.324005358014830536e-04
9.997530065897463070e-01 2.222336877226362833e-02 2.200312332107706899e-04
9.997537700641910829e-01 2.218911277001345272e-02 2.079315151001328882e-04
9.997544092409964556e-01 2.216040283186938506e-02 1.961329823087068274e-04
9.997549279315149917e-01 2.213708865838726406e-02 1.846646901524446531e-04
