1.000000000000000000e+00 0.000000000000000000e+00 0.000000000000000000e+00
9.999995662878831126e-01 3.649986952310942698e-04 -8.568557823137077463e-04
9.999981634143486620e-01 8.630738818637907674e-04 -1.711220432005180602e-03
9.999956004469464643e-01 1.493806178570642948e-03 -2.562739986059591694e-03
9.999916359037278601e-01 2.256720624991211382e-03 -3.411061960814488689e-03
9.999859785359049846e-01 3.151286752696425691e-03 -4.255835461674943414e-03
9.999782882142894680e-01 4.176918643395785384e-03 -5.096711294775998179e-03
9.999681769179220581e-01 5.332974976226608106e-03 -5.933342080945204836e-03
9.999552098231644370e-01 6.618759066189056940e-03 -6.765382372297846537e-03
9.999389064913793979e-01 8.033518896004020887e-03 -7.592488771775176420e-03
9.999187421531796627e-01 9.576447143872065387e-03 -8.414320055911757301e-03
9.998941490870750792e-01 1.124668120979964610e-02 -9.230537301091889732e-03
9.998645180901951646e-01 1.304330324333271771e-02 -1.004080401352724049e-02
9.998292000386076461e-01 1.496534017569674593e-02 -1.084478626315823341e-02
9.997875075345944440e-01 1.701176375948525860e-02 -1.164215282165074160e-02
9.997387166380825585e-01 1.918149061916552683e-02 -1.243257530462714422e-02
9.996820686792636801e-01 2.147338231577900283e-02 -1.321572831823708896e-02
9.996167721492662528e-01 2.388624542930513697e-02 -1.399128961013849405e-02
9.995420046655741908e-01 2.641883166222939658e-02 -1.475894022492348426e-02
9.994569150087146969e-01 2.906983796790924002e-02 -1.551836466398738568e-02
9.993606252265618828e-01 3.183790670736483253e-02 -1.626925104980164738e-02
9.992522328024324718e-01 3.472162583813410280e-02 -1.701129129451383129e-02
9.991593400570122352e-01 3.735507858527482850e-02 -1.688820218043396090e-02
9.990603962363301394e-01 3.996854864223836623e-02 -1.675827803897659424e-02
9.989555980900500787e-01 4.256096799362971833e-02 -1.662158651809618123e-02
9.988451514568802425e-01 4.513128059502606593e-02 -1.647819809246207912e-02
9.987292708826117638e-01 4.767844284540032757e-02 -1.632818601643266573e-02
9.986081792248150402e-01 5.020142404710688927e-02 -1.617162627557884938e-02
9.984821072449788781e-01 5.269920685311604153e-02 -1.600859753683426395e-02
9.983512931888981479e-01 5.517078770121611880e-02 -1.583918109735077059e-02
9.982159823561279621e-01 5.761517723493517901e-02 -1.566346083213896942e-02
9.980764266593395995e-01 6.003140071096715186e-02 -1.548152314057417780e-02
9.979328841744239398e-01 6.241849839292037266e-02 -1.529345689184889202e-02
9.977856186821975060e-01 6.477552593123954428e-02 -1.509935336945300056e-02
9.976348992025758644e-01 6.710155472918488684e-02 -1.489930621476305908e-02
9.974809995220834669e-01 6.939567229478496579e-02 -1.469341136982168367e-02
9.973241977155743454e-01 7.165698257871164212e-02 -1.448176701938762127e-02
9.971647756630397375e-01 7.388460629805726487e-02 -1.426447353233636743e-02
9.970030185623782737e-01 7.607768124602515281e-02 -1.404163340249019176e-02
9.968392144390049170e-01 7.823536258757474160e-02 -1.381335118895526959e-02
9.966736536531687340e-01 8.035682314109190982e-02 -1.357973345604219888e-02
9.965066284058469170e-01 8.244125364618362650e-02 -1.334088871284454421e-02
9.963384322440750340e-01 8.448786301772337470e-02 -1.309692735254824707e-02
9.961693595665640499e-01 8.649587858630014559e-02 -1.284796159154269479e-02
9.959997051304472215e-01 8.846454632524873574e-02 -1.259410540840206691e-02
9.958297635599856479e-01 9.039313106446308921e-02 -1.233547448280319404e-02
9.956598288580515987e-01 9.228091669121685214e-02 -1.207218613444365103e-02
9.954901939211926454e-01 9.412720633823638827e-02 -1.180435926202112740e-02
9.953211500590648519e-01 9.593132255929114061e-02 -1.153211428233231507e-02
9.951529865190069657e-01 9.769260749258452947e-02 -1.125557306954664064e-02
9.949859900165103355e-01 9.941042301224504996e-02 -1.097485889470713183e-02
9.948204442723193042e-01 1.010841508682324974e-01 -1.069009636550759604e-02
9.946566295568795013e-01 1.027131928149876000e-01 -1.040141136639206702e-02
9.944948222428283691e-01 1.042969707291652587e-01 -1.010893099901923921e-02
9.943352943662031596e-01 1.058349267168019608e-01 -9.812783523131266006e-03
9.941783131970188814e-01 1.073265232102764838e-01 -9.513098297862940256e-03
9.940241408198450257e-01 1.087712430554299142e-01 -9.210005723523904259e-03
9.938730337249885860e-01 1.101685895892167144e-01 -8.903637183883122974e-03
9.937252424108659055e-01 1.115180867082619515e-01 -8.594124988981462557e-03
9.935810109981217941e-01 1.128192789287023046e-01 -8.281602318494830223e-03
9.934405768560292671e-01 1.140717314376887559e-01 -7.966203165666964348e-03
9.933041702416799401e-01 1.152750301369282748e-01 -7.648062281827659910e-03
9.931230996092260677e-01 1.167888171257353419e-01 -8.178096891509792354e-03
9.929297838195473291e-01 1.183837047081091887e-01 -8.703040741803207830e-03
9.927239388550417321e-01 1.200588332160624772e-01 -9.222681182085051832e-03
9.925052709163433295e-01 1.218133072636553710e-01 -9.736808350576798068e-03
9.922734773240693418e-01 1.236461961648792907e-01 -1.024521528085185068e-02
9.920282474455406341e-01 1.255565343724767968e-01 -1.074769800799579150e-02
9.917692636444902510e-01 1.275433219383256267e-01 -1.124405567434098169e-02
9.914962022517231910e-01 1.296055249959922329e-01 -1.173409063468838429e-02
9.912087345546414241e-01 1.317420762660325151e-01 -1.221760856092067929e-02
9.909065278035026347e-01 1.339518755845841291e-01 -1.269441854590225467e-02
9.905892462322409830e-01 1.362337904557560098e-01 -1.316433320655331814e-02
9.902565520916389863e-01 1.385866566282770163e-01 -1.362716878597744312e-02
9.899081066926099792e-01 1.410092786968167589e-01 -1.408274525451419339e-02
9.895435714573195263e-01 1.435004307283379299e-01 -1.453088640958128015e-02
9.891626089758528417e-01 1.460588569137810655e-01 -1.497141997416392978e-02
9.887648840661159566e-01 1.486832722453199918e-01 -1.540417769380288127e-02
9.883500648346449369e-01 1.513723632193591795e-01 -1.582899543192669775e-02
9.879178237359909076e-01 1.541247885653735661e-01 -1.624571326336897090e-02
9.874678386283434195e-01 1.569391800006170457e-01 -1.665417556590646428e-02
9.869997938230610224e-01 1.598141430106484184e-01 -1.705423110965040290e-02
9.865865118535425138e-01 1.623929207216946724e-01 -1.660102518420740469e-02
9.861780965112448838e-01 1.649005729409821208e-01 -1.614196740096646154e-02
9.857752225805970214e-01 1.673362907030251090e-01 -1.567725944539180918e-02
9.853785528739166244e-01 1.696992976439313516e-01 -1.520710414667215613e-02
9.849887372338355096e-01 1.719888498649038977e-01 -1.473170538155644561e-02
9.846064115644322934e-01 1.742042357796193264e-01 -1.425126798116192924e-02
9.842321968921972086e-01 1.763447759470655185e-01 -1.376599764079101430e-02
9.838666984578777752e-01 1.784098228914155204e-01 -1.327610083278040788e-02
9.835105048401799888e-01 1.803987609105004719e-01 -1.278178472239335783e-02
9.831641871122264176e-01 1.823110058744264739e-01 -1.228325708675336372e-02
9.828282980316043194e-01 1.841460050158560402e-01 -1.178072623680556305e-02
9.825033712647655015e-01 1.859032367134462460e-01 -1.127440094228018483e-02
9.821899206464740351e-01 1.875822102699017668e-01 -1.076449035962102029e-02
9.818884394749323175e-01 1.891824656860625065e-01 -1.025120396283078425e-02
9.815993998431551404e-01 1.907035734324031284e-01 -9.734751477174638165e-03
9.813232520070983567e-01 1.921451342192745937e-01 -9.215342815672931606e-03
9.810604237909924530e-01 1.935067787671670425e-01 -8.693188018304523826e-03
9.808113200302761570e-01 1.947881675782192068e-01 -8.168497193832835457e-03
9.805763220524698065e-01 1.959889907101412254e-01 -7.641480464158053980e-03
9.803557871962784720e-01 1.971089675536573937e-01 -7.112347911090766833e-03
9.801500483691668597e-01 1.981478466145109030e-01 -6.581309525434644175e-03
9.799594136435992864e-01 1.991054053010067326e-01 -6.048575158258717374e-03
9.797841658920963814e-01 1.999814497179996653e-01 -5.514354474233302758e-03
9.796245624612154312e-01 2.007758144681635049e-01 -4.978856906897672664e-03
9.794808348845239765e-01 2.014883624613050817e-01 -4.442291615722235472e-03
9.793531886345951953e-01 2.021189847324116884e-01 -3.904867444823219725e-03
9.792418029140199653e-01 2.026676002690453726e-01 -3.366792883183692374e-03
9.791468304853931937e-01 2.031341558486200183e-01 -2.828276026231175012e-03
9.790683975402016959e-01 2.035186258860199882e-01 -2.289524538619139987e-03
9.790066036065063759e-01 2.038210122919399681e-01 -1.750745618057299516e-03
9.789615214952832600e-01 2.040413443422473549e-01 -1.212145960033818044e-03
9.789331972852569619e-01 2.041796785585891227e-01 -6.739317232713989449e-04
9.789216503460330676e-01 2.042360986003862455e-01 -1.363084957585928387e-04
9.789268733993072846e-01 2.042107151682796828e-01 4.005187388023222607e-04
9.789488326179024424e-01 2.041036659190142155e-01 9.363456342889737690e-04
9.789874677623586763e-01 2.039151153916679282e-01 1.470968515350976318e-03
9.790426923547743687e-01 2.036452549450592509e-01 2.004184410655684371e-03
9.791143938895708887e-01 2.032943027060871710e-01 2.535791086340564819e-03
9.792024340808269667e-01 2.028625035286862333e-01 3.065587079822326526e-03
9.793066491458027878e-01 2.023501289630050548e-01 3.593371734109572328e-03
9.793578346740179352e-01 2.021075858527063840e-01 3.279554283252466684e-03
9.793989999093313248e-01 2.019128622581128907e-01 2.965654094322350571e-03
9.794301732161111440e-01 2.017659629949122568e-01 2.651800046371730404e-03
9.794513801529461938e-01 2.016668717971300540e-01 2.338120827298128829e-03
9.794626434597363263e-01 2.016155513548632261e-01 2.024744871962111652e-03
9.794639830572816619e-01 2.016119433627252266e-01 1.711800300529345200e-03
9.794554160593124115e-01 2.016559685789560963e-01 1.399414857063568203e-03
9.794369567968752577e-01 2.017475268951502143e-01 1.087715848397213109e-03
9.794086168549652749e-01 2.018864974165550108e-01 7.768300833063153518e-04
9.793704051212677175e-01 2.020727385528938158e-01 4.668838120163054553e-04
9.793223278468463633e-01 2.023060881196659389e-01 1.580026660652949014e-04
9.792643887185926710e-01 2.025863634498765165e-01 -1.496884014484749204e-04
9.791965889432224790e-01 2.029133615161487769e-01 -4.560651752082349832e-04
9.791189273425855433e-01 2.032868590631698447e-01 -7.610042365824006092e-04
9.790314004600273456e-01 2.037066127504209012e-01 -1.064383022063248056e-03
9.789340026775206205e-01 2.041723593051408547e-01 -1.366079881213173256e-03
9.788267263432615106e-01 2.046838156854710322e-01 -1.665974134090868804e-03
9.787095619094033916e-01 2.052406792537264935e-01 -1.963946128129451327e-03
9.785824980795804207e-01 2.058426279597369568e-01 -2.259877294438235925e-03
9.784455219658522163e-01 2.064893205341976901e-01 -2.553650203499496091e-03
9.782986192546827553e-01 2.071803966919673889e-01 -2.845148620231172879e-03
9.781417743815463695e-01 2.079154773452462635e-01 -3.134257558386113057e-03
9.779749707137370685e-01 2.086941648265633331e-01 -3.420863334258021551e-03
9.777981907409398765e-01 2.095160431214973529e-01 -3.704853619663914938e-03
9.776114162731085466e-01 2.103806781110505730e-01 -3.986117494172481540e-03
9.774146286451761423e-01 2.112876178235889857e-01 -4.264545496547362917e-03
9.772078089281143187e-01 2.122363926962561598e-01 -4.540029675374017241e-03
9.769909381458419251e-01 2.132265158457617715e-01 -4.812463638838468567e-03
9.767639974974736683e-01 2.142574833484381935e-01 -5.081742603625949775e-03
9.765269685843862568e-01 2.153287745294511502e-01 -5.347763442907140820e-03
9.762798336415737799e-01 2.164398522610426479e-01 -5.610424733379482283e-03
9.760225757727509777e-01 2.175901632696753407e-01 -5.869626801330822194e-03
9.757551791886602821e-01 2.187791384519388871e-01 -6.125271767692523107e-03
9.754776294480291821e-01 2.200061931990696107e-01 -6.377263592049048010e-03
9.751899137006211360e-01 2.212707277299245934e-01 -6.625508115571008064e-03
9.748920209318197028e-01 2.225721274322417786e-01 -6.869913102838687280e-03
9.745839422081818970e-01 2.239097632120070347e-01 -7.110388282523155516e-03
9.742656709233966650e-01 2.252829918507381624e-01 -7.346845386892249426e-03
9.739372030440844874e-01 2.266911563704854804e-01 -7.579198190108943876e-03
9.735985373548740052e-01 2.281335864063369911e-01 -7.807362545289979819e-03
9.732496757021955602e-01 2.296095985862050826e-01 -8.031256420293002296e-03
9.728906232362346529e-01 2.311184969176599824e-01 -8.250799932200980971e-03
9.725213886504925354e-01 2.326595731815639667e-01 -8.465915380473271884e-03
9.721419844184082670e-01 2.342321073322487790e-01 -8.676527278733334875e-03
9.717524270265037734e-01 2.358353679039666417e-01 -8.882562385163930360e-03
9.713527372035206664e-01 2.374686124233344742e-01 -9.083949731481449213e-03
9.709429401450291319e-01 2.391310878274789664e-01 -9.280620650462013954e-03
9.705230657329984023e-01 2.408220308875790583e-01 -9.472508801993025085e-03
9.700931487498308803e-01 2.425406686374918241e-01 -9.659550197625004289e-03
9.696532290863745240e-01 2.442862188071360241e-01 -9.841683223599788366e-03
9.692033519434423150e-01 2.460578902602982565e-01 -1.001884866233251382e-02
9.687435680263835058e-01 2.478548834365155440e-01 -1.019098971232621290e-02
9.682739337322644468e-01 2.496763907966792484e-01 -1.035805200649938911e-02
9.677945113292378831e-01 2.515215972719954673e-01 -1.051998362890853821e-02
9.673053691276929378e-01 2.533896807159287667e-01 -1.067673512984925605e-02
9.668065816428000891e-01 2.552798123587472490e-01 -1.082825953932135647e-02
9.662982297480828819e-01 2.571911572642803234e-01 -1.097451237884524908e-02
9.657804008196689827e-01 2.591228747884926631e-01 -1.111545167161876249e-02
9.652531888708932861e-01 2.610741190394721412e-01 -1.125103795100556268e-02
9.647166946769479834e-01 2.630440393384235742e-01 -1.138123426734837483e-02
9.641710258892965957e-01 2.650317806812554911e-01 -1.150600619310230763e-02
9.636162971395897392e-01 2.670364842003432604e-01 -1.162532182628573697e-02
9.630526301328461436e-01 2.690572876260480806e-01 -1.173915179224841419e-02
9.624801537296828746e-01 2.710933257475695024e-01 -1.184746924375868100e-02
9.618990040174045797e-01 2.731437308727069913e-01 -1.195024985941396667e-02
9.613093243697843349e-01 2.752076332861064234e-01 -1.204747184038101881e-02
9.607112654953926523e-01 2.772841617055659125e-01 -1.213911590547465426e-02
9.601049854743562983e-01 2.793724437359783042e-01 -1.222516528458612688e-02
9.594906497834525538e-01 2.814716063204881213e-01 -1.230560571047455663e-02
9.588684313094678613e-01 2.835807761884448497e-01 -1.238042540893718665e-02
9.582385103507755630e-01 2.856990802997374512e-01 -1.244961508737655632e-02
9.576010746071108581e-01 2.878256462851004893e-01 -1.251316792178499594e-02
9.569563191575446437e-01 2.899596028819870219e-01 -1.257107954216910364e-02
9.563044464266819977e-01 2.921000803656113032e-01 -1.262334801643915511e-02
9.556456661391349305e-01 2.942462109747700505e-01 -1.266997383279057192e-02
9.549801952623407919e-01 2.963971293320614153e-01 -1.271095988060676543e-02
9.543082579378212582e-01 2.985519728581281784e-01 -1.274631142991477888e-02
9.536300854009990280e-01 3.007098821795627930e-01 -1.277603610942721658e-02
9.529459158897098936e-01 3.028700015301227233e-01 -1.280014388320594408e-02
9.522559945415700611e-01 3.050314791449154628e-01 -1.281864702598494755e-02
9.516778733296485937e-01 3.068628641469588469e-01 -1.201699384628809701e-02
9.511341619780383505e-01 3.085742785715413494e-01 -1.121252152642523980e-02
9.506256205158702954e-01 3.101655282952920922e-01 -1.040551732051792772e-02
9.501529532890664598e-01 3.116364502593829688e-01 -9.596266909767201675e-03
9.497168083613334311e-01 3.129869116207422697e-01 -8.785054429043372484e-03
9.493177769874227012e-01 3.142168089562550337e-01 -7.972162499683162554e-03
9.489563931574954703e-01 3.153260675220445064e-01 -7.157872267980418257e-03
9.486331332114535941e-01 3.163146405697008778e-01 -6.342463448847844749e-03
9.483484155221328926e-01 3.171825087210941030e-01 -5.526214374119850330e-03
9.481026002462952240e-01 3.179296794031800655e-01 -4.709402044960696310e-03
9.478959891424032502e-01 3.185561863439835273e-01 -3.892302187837631995e-03
9.477288254542189927e-01 3.190620891307154872e-01 -3.075189313515493822e-03
9.476012938593241230e-01 3.194474728307601374e-01 -2.258336778527359444e-03
9.475135204817266565e-01 3.197124476760450085e-01 -1.442016848575201817e-03
9.474655729677847749e-01 3.198571488110892314e-01 -6.265007633150521116e-04
9.474574606247495590e-01 3.198817361048078567e-01 1.879411980170627708e-04
9.474891346213005772e-01 3.197863940259355608e-01 1.001039650679256144e-03
9.475604882495192172e-01 3.195713315817220179e-01 1.812526038734801675e-03
9.476713572478182579e-01 3.192367823193409948e-01 2.622132570131738370e-03
9.478215201844178983e-01 3.187830043892491139e-01 3.429592153076537094e-03
9.480106989010248508e-01 3.182102806695267794e-01 4.234638334220044639e-03
9.482385590164403855e-01 3.175189189500323694e-01 5.037005239165569942e-03
9.485047104898839399e-01 3.167092521750032863e-01 5.836427515799598280e-03
9.488087082438781961e-01 3.157816387425423366e-01 6.632640280935188717e-03
9.491500528465928177e-01 3.147364628592370650e-01 7.425379070746618813e-03
9.495281912535923352e-01 3.135741349479709839e-01 8.214379795461319161e-03
9.499425176089735245e-01 3.122950921068011199e-01 8.999378698761568290e-03
9.503923741059091546e-01 3.108997986165961680e-01 9.780112322333771313e-03
9.508770519066411797e-01 3.093887464949520161e-01 1.055631747598744473e-02
9.513957921219818870e-01 3.077624560937294862e-01 1.132773121374927930e-02
9.519477868503870566e-01 3.060214767373907185e-01 1.209409081631977224e-02
9.525321802766657520e-01 3.041663873991484746e-01 1.285513378026100287e-02
9.531480698303735899e-01 3.021977974117835419e-01 1.361059781426410091e-02
9.537945074039174687e-01 3.001163472098342666e-01 1.436022084282379853e-02
9.544705006303623174e-01 2.979227090997160210e-01 1.510374101762526275e-02
9.551750142208855765e-01 2.956175880541881407e-01 1.584089673692504890e-02
9.559069713617688313e-01 2.932017225274541894e-01 1.657142667318359935e-02
9.566652551707469643e-01 2.906758852870560128e-01 1.729506980918118358e-02
9.574487102124541460e-01 2.880408842586051898e-01 1.801156548282260503e-02
9.582561440726163893e-01 2.852975633792874111e-01 1.872065344080832416e-02
9.590037014431226359e-01 2.827825618749255088e-01 1.859901893665091149e-02
9.597392448888210081e-01 2.802845010271481363e-01 1.847107173283946829e-02
9.604626427307205727e-01 2.778043767432489264e-01 1.833685815355013196e-02
9.611737739600684227e-01 2.753431794471587479e-01 1.819642735133484429e-02
9.618725280836111224e-01 2.729018935303636484e-01 1.804983129431185843e-02
9.625588049543609692e-01 2.704814968047100088e-01 1.789712475121774116e-02
9.632325145882558726e-01 2.680829599576838307e-01 1.773836527433659757e-02
9.638935769671321818e-01 2.657072460107404166e-01 1.757361318032554104e-02
9.645419218284577711e-01 2.633553097812516008e-01 1.740293152895858869e-02
9.651774884423015566e-01 2.610280973486233669e-01 1.722638609981419142e-02
9.658002253760410438e-01 2.587265455251251955e-01 1.704404536693451128e-02
9.664100902473365950e-01 2.564515813319577231e-01 1.685598047148742160e-02
9.670070494659248617e-01 2.542041214810699667e-01 1.666226519246476884e-02
9.675910779648068116e-01 2.519850718632214437e-01 1.646297591545306180e-02
9.681621589214280954e-01 2.497953270427682171e-01 1.625819159951503307e-02
9.687202834694697007e-01 2.476357697596337504e-01 1.604799374222280403e-02
9.692654504018857198e-01 2.455072704389073546e-01 1.583246634288543522e-02
9.697976658658428173e-01 2.434106867084949721e-01 1.561169586401554496e-02
9.703169430502315285e-01 2.413468629252268349e-01 1.538577119108144875e-02
9.708233018664340630e-01 2.393166297098077433e-01 1.515478359059283311e-02
9.713167686230468334e-01 2.373208034909756459e-01 1.491882666656943815e-02
9.717973756952653641e-01 2.353601860592135497e-01 1.467799631544344091e-02
9.722651611896503399e-01 2.334355641303405005e-01 1.443239067944736276e-02
9.727201686049998797e-01 2.315477089192859717e-01 1.418211009854023277e-02
9.731624464900611171e-01 2.296973757243326586e-01 1.392725706092553216e-02
9.735920480988163872e-01 2.278853035220915757e-01 1.366793615221504644e-02
9.740090310440835397e-01 2.261122145734540956e-01 1.340425400329321899e-02
9.744134569501705645e-01 2.243788140407450005e-01 1.313631923693691327e-02
9.748053911053238263e-01 2.226857896162819372e-01 1.286424241324564052e-02
9.751849021147070973e-01 2.210338111625265445e-01 1.258813597393735988e-02
9.755520615546443564e-01 2.194235303639950063e-01 1.230811418556481719e-02
9.759069436288538846e-01 2.178555803910763311e-01 1.202429308170717415e-02
9.762496248273944133e-01 2.163305755758902216e-01 1.173679040419129717e-02
9.765801835890345339e-01 2.148491111002985843e-01 1.144572554339660930e-02
9.768986999677462535e-01 2.134117626961685443e-01 1.115121947769682348e-02
9.772052553040130318e-01 2.120190863579693996e-01 1.085339471209118348e-02
9.774999319016275390e-01 2.106716180677707662e-01 1.055237521607707910e-02
9.777828127106410472e-01 2.093698735326949834e-01 1.024828636081501557e-02
9.780539810171094972e-01 2.081143479348637193e-01 9.941254855636018697e-03
9.783135201402647363e-01 2.069055156938658657e-01 9.631408683940538909e-03
9.785615131377195519e-01 2.057438302417622378e-01 9.318877038536852245e-03
9.787980425192961409e-01 2.046297238106315752e-01 9.003790256465891290e-03
9.790231899700464480e-01 2.035636072326527102e-01 8.686279753358254127e-03
9.792370360830102705e-01 2.025458697527078855e-01 8.366477957367996279e-03
9.794396601022343773e-01 2.015768788534845479e-01 8.044518242726615351e-03
9.796311396765507995e-01 2.006569800930452507e-01 7.720534862959420319e-03
9.798115506245883566e-01 1.997864969548283076e-01 7.394662883805290000e-03
9.799809667114642853e-01 1.989657307100367034e-01 7.067038115879607438e-03
9.801394594375772984e-01 1.981949602923670228e-01 6.737797047118969547e-03
9.802870978398942059e-01 1.974744421850263554e-01 6.407076775045108218e-03
9.804239483060961380e-01 1.968044103199814432e-01 6.075014938884306347e-03
9.805500744019186588e-01 1.961850759893815632e-01 5.741749651577500273e-03
9.806655367119933020e-01 1.956166277690943034e-01 5.407419431715177610e-03
9.807703926944664197e-01 1.950992314542923656e-01 5.072163135430176814e-03
9.808646965496412573e-01 1.946330300070278074e-01 4.736119888280519892e-03
9.809484991028588619e-01 1.942181435157305791e-01 4.399429017153511090e-03
9.810218477018015637e-01 1.938546691665676003e-01 4.062229982221493042e-03
9.810847861283717997e-01 1.935426812265997332e-01 3.724662308978869511e-03
9.811373545252681794e-01 1.932822310386743958e-01 3.386865520389314294e-03
9.811795893373472799e-01 1.930733470279932806e-01 3.048979069171445320e-03
9.812115232678301213e-01 1.929160347202957537e-01 2.711142270250698708e-03
9.812331852493791917e-01 1.928102767716006471e-01 2.373494233404666552e-03
9.812446004300405811e-01 1.927560330094507390e-01 2.036173796128764105e-03
9.812457901740141430e-01 1.927532404856063530e-01 1.699319456748789748e-03
9.812367720771835167e-01 1.928018135401367017e-01 1.363069307806703042e-03
9.812175599973070872e-01 1.929016438768593189e-01 1.027560969745806288e-03
9.811881640987387687e-01 1.930526006500802028e-01 6.929315249214382764e-04
9.811485909115185144e-01 1.932545305625890386e-01 3.593174519633068973e-04
9.810988434046421514e-01 1.935072579748654542e-01 2.685456051566620025e-05
9.810389210732893828e-01 1.938105850254537577e-01 -3.043220736182922800e-04
9.809688200397613800e-01 1.941642917624649689e-01 -6.340781729012355886e-04
9.808885331678497410e-01 1.945681362861652608e-01 -9.622803220287782459e-04
9.807980501903311721e-01 1.950218549026110637e-01 -1.288796031411608162e-03
9.806973578492552690e-01 1.955251622882903662e-01 -1.613493800144979486e-03
9.805864400486653532e-01 1.960777516657299935e-01 -1.936243178437430015e-03
9.804652780193681139e-01 1.966792949900270648e-01 -2.256914829470064304e-03
9.803338504953420518e-01 1.973294431462619125e-01 -2.575380590657183697e-03
9.801921339013504042e-01 1.980278261577472776e-01 -2.891513534278454881e-03
9.800401025513023612e-01 1.987740534050659591e-01 -3.205188027452177991e-03
9.798777288568834010e-01 1.995677138558462349e-01 -3.516279791418579735e-03
9.797049835459549216e-01 2.004083763052198763e-01 -3.824665960101389546e-03
9.795218358902030298e-01 2.012955896269034151e-01 -4.130225137915295025e-03
9.793282539414980281e-01 2.022288830348378530e-01 -4.432837456786201114e-03
9.791242047764081580e-01 2.032077663553163716e-01 -4.732384632350563475e-03
9.789096547482942778e-01 2.042317303095225189e-01 -5.028750019299408659e-03
9.786845697463975036e-01 2.053002468063945540e-01 -5.321818665832048212e-03
9.784489154613168482e-01 2.064127692457235208e-01 -5.611477367183882389e-03
9.782026576562624642e-01 2.075687328313839120e-01 -5.897614718192145319e-03
9.779457624434572116e-01 2.087675548945865378e-01 -6.180121164862930824e-03
9.776781965650499506e-01 2.100086352270336965e-01 -6.458889054902374090e-03
9.773999276778952972e-01 2.112913564238457775e-01 -6.733812687174474051e-03
9.771109246415465854e-01 2.126150842361176074e-01 -7.004788360047703097e-03
9.768111578088032321e-01 2.139791679329513807e-01 -7.271714418592288738e-03
9.765005993181498090e-01 2.153829406728006712e-01 -7.534491300589888849e-03
9.761792233874193592e-01 2.168257198839476096e-01 -7.793021581317260624e-03
9.758470066080138228e-01 2.183068076539222968e-01 -8.047210017065551182e-03
9.755039282390129962e-01 2.198254911276601165e-01 -8.296963587356908851e-03
9.751499705005051144e-01 2.213810429141788161e-01 -8.542191535820319731e-03
9.747851188654753640e-01 2.229727215015436526e-01 -8.782805409688877740e-03
9.744093623495911904e-01 2.245997716798739385e-01 -9.018719097881112631e-03
9.741106483526431603e-01 2.259150764299342473e-01 -8.415650513018103906e-03
9.738311629254077229e-01 2.271384254699018723e-01 -7.810374830713171998e-03
9.735713190243310278e-01 2.282695816562128610e-01 -7.203126206016092874e-03
9.733314971849593711e-01 2.293083384638765765e-01 -6.594138381971810341e-03
9.731120451064169119e-01 2.302545196666705984e-01 -5.983644654876527774e-03
9.729132772843130939e-01 2.311079790337453310e-01 -5.371877842227205241e-03
9.727354746919723016e-01 2.318686000436527284e-01 -4.759070253147185299e-03
9.725788845098463087e-01 2.325362956167038864e-01 -4.145453661064862905e-03
9.724437199029395407e-01 2.331110078664491436e-01 -3.531259278417324919e-03
9.723301598460492023e-01 2.335927078709631455e-01 -2.916717733146742628e-03
9.722383489965996661e-01 2.339813954645039162e-01 -2.302059046753935755e-03
9.721683976148248751e-01 2.342770990500030459e-01 -1.687512613671021287e-03
9.721203815310343055e-01 2.344798754327301060e-01 -1.073307181713322248e-03
9.720943421596772716e-01 2.345898096753619710e-01 -4.596708333697956117e-04
9.720902865599020393e-01 2.346070149745751454e-01 1.531690323088994625e-04
9.721081875422910024e-01 2.345316325591671469e-01 7.649857174649180242e-04
9.721479838214343028e-01 2.343638316096022245e-01 1.375553243069139531e-03
9.722095802139900655e-01 2.341038091987666658e-01 1.984646366675097903e-03
9.722928478818630982e-01 2.337517902536109804e-01 2.592040600524624702e-03
9.723976246201159190e-01 2.333080275372488299e-01 3.197512230235228028e-03
9.725237151892128784e-01 2.327728016509786890e-01 3.800838334294833528e-03
9.726708916911762648e-01 2.321464210555903573e-01 4.401796804584399460e-03
9.728388939892185228e-01 2.314292221112192183e-01 5.000166368143109212e-03
9.730274301703921713e-01 2.306215691349123298e-01 5.595726610384345150e-03
9.732361770507798049e-01 2.297238544749760636e-01 6.188257999963477432e-03
9.734647807227211347e-01 2.287364986010829715e-01 6.777541915490679567e-03
9.737128571435516022e-01 2.276599502090264349e-01 7.363360674273520048e-03
9.739799927652976752e-01 2.264946863389269427e-01 7.945497563264984284e-03
9.742657452047460698e-01 2.252412125056122150e-01 8.523736872382911209e-03
9.745696439532713917e-01 2.239000628398152559e-01 9.097863930356546447e-03
9.748911911257726048e-01 2.224718002387620075e-01 9.667665143245088299e-03
9.752298622480320978e-01 2.209570165246501350e-01 1.023292803576172395e-02
9.755851070817711523e-01 2.193563326094568056e-01 1.079344129552478604e-02
9.759563504866320960e-01 2.176703986644532296e-01 1.134899482034526161e-02
9.763429933182746767e-01 2.158998942927493891e-01 1.189937976864706426e-02
9.767444133617235735e-01 2.140455287031426956e-01 1.244438861310321297e-02
9.771599662990552160e-01 2.121080408835006592e-01 1.298381519755735514e-02
9.775889867104575748e-01 2.100881997718692107e-01 1.351745479728608257e-02
9.780307891076411853e-01 2.079868044234658708e-01 1.404510418264304054e-02
9.784846689985212675e-01 2.058046841716905107e-01 1.456656168611122210e-02
9.788896829314742698e-01 2.038924985036283666e-01 1.424211761915101723e-02
9.792806169929492155e-01 2.020294494280241437e-01 1.391312165745705286e-02
9.796576097404753325e-01 2.002162813780999917e-01 1.357971118219037168e-02
9.800208015820559559e-01 1.984537160904859820e-01 1.324202560062575848e-02
9.803703342965265355e-01 1.967424522408087462e-01 1.290020627220044881e-02
9.807063505604418641e-01 1.950831650951042884e-01 1.255439643366211729e-02
9.810289934824675262e-01 1.934765061770616634e-01 1.220474112338696369e-02
9.813384061462314678e-01 1.919231029510837516e-01 1.185138710493685750e-02
9.816347311625668315e-01 1.904235585211315196e-01 1.149448278992246109e-02
9.819181102320535537e-01 1.889784513453008907e-01 1.113417816023720350e-02
9.821886837187403518e-01 1.875883349660645849e-01 1.077062468972475075e-02
9.824465902358996416e-01 1.862537377560969099e-01 1.040397526534036880e-02
9.826919662446385040e-01 1.849751626795862192e-01 1.003438410786429945e-02
9.829249456661570683e-01 1.837530870689280671e-01 9.662006692222866594e-03
9.831456595084135941e-01 1.825879624166818205e-01 9.286999667470719963e-03
9.833542355079200048e-01 1.814802141826655502e-01 8.909520776485197954e-03
9.835507977873577667e-01 1.804302416160562528e-01 8.529728775421456521e-03
9.837354665296651479e-01 1.794384175923575131e-01 8.147783352974643026e-03
9.839083576692109201e-01 1.785050884650922765e-01 7.763845049493098976e-03
9.840695826006290448e-01 1.776305739320758748e-01 7.378075175984307420e-03
9.842763518329336048e-01 1.764615735677983466e-01 7.834313408615810326e-03
9.844939336785970552e-01 1.752227847755526979e-01 8.286762781925685259e-03
9.847219669816359433e-01 1.739147588933030730e-01 8.735249082356516190e-03
9.849600746648542460e-01 1.725380725102616253e-01 9.179599452289004952e-03
9.852078643519139867e-01 1.710933274436996498e-01 9.619642442636532759e-03
9.854649290122918792e-01 1.695811507120148220e-01 1.005520806681013506e-02
9.857308476282883314e-01 1.680021945031430486e-01 1.048612785607529185e-02
9.860051858832216132e-01 1.663571361373871182e-01 1.091223491631411469e-02
9.862874968699041345e-01 1.646466780237236527e-01 1.133336398619860103e-02
9.865773218184626936e-01 1.628715476086403935e-01 1.174935149677262120e-02
9.868741908425291420e-01 1.610324973165522811e-01 1.216003563243213230e-02
9.871776237027914958e-01 1.591303044808428657e-01 1.256525639328499346e-02
9.874871305868611060e-01 1.571657712645810057e-01 1.296485565886353747e-02
9.878022129043751987e-01 1.551397245699689953e-01 1.335867725315482632e-02
9.881223640962202293e-01 1.530530159355885933e-01 1.374656701090537156e-02
9.884470704567254185e-01 1.509065214205252692e-01 1.412837284514896138e-02
9.887758119676436364e-01 1.487011414744694449e-01 1.450394481589818881e-02
9.891080631427022762e-01 1.464378007929139913e-01 1.487313519993235800e-02
9.894432938814756717e-01 1.441174481565937471e-01 1.523579856160665359e-02
9.897809703312981933e-01 1.417410562543407748e-01 1.559179182459984915e-02
9.900834445852279009e-01 1.396674692886723246e-01 1.509208430517651120e-02
9.903706231752583689e-01 1.376707302807049782e-01 1.458763178179088398e-02
9.906428663686797087e-01 1.357516229614204872e-01 1.407865048554340914e-02
9.909005266566076608e-01 1.339108940264209791e-01 1.356535859590725715e-02
9.911439479223449478e-01 1.321492528738336947e-01 1.304797612083570361e-02
9.913734646400491624e-01 1.304673713654647960e-01 1.252672477726841753e-02
9.915894011052245327e-01 1.288658836104679684e-01 1.200182787210769125e-02
9.917920706984785228e-01 1.273453857707906867e-01 1.147351018372690275e-02
9.919817751839017372e-01 1.259064358876633705e-01 1.094199784406489975e-02
9.921588040433511058e-01 1.245495537284038584e-01 1.040751822135158218e-02
9.923234338478318373e-01 1.232752206528214822e-01 9.870299803501791924e-03
9.924759276670896968e-01 1.220838794985211334e-01 9.330572082206722850e-03
9.926165345184415623e-01 1.209759344844283102e-01 8.788565437744498554e-03
9.927454888557843971e-01 1.199517511318806684e-01 8.244511024524345602e-03
9.928630100996372887e-01 1.190116562026599240e-01 7.698640657371958601e-03
9.929693022089847165e-01 1.181559376533697081e-01 7.151186698557240179e-03
9.930645532956000610e-01 1.173848446056002526e-01 6.602381945559663602e-03
9.931489352814428795e-01 1.166985873313587802e-01 6.052459519561003212e-03
9.932226035996328806e-01 1.160973372532851378e-01 5.501652754650221758e-03
9.932856969394189273e-01 1.155812269592155772e-01 4.950195087720834185e-03
9.933383370354701425e-01 1.151503502307025667e-01 4.398319949037159983e-03
9.933806285017323656e-01 1.148047620851456591e-01 3.846260653442524265e-03
9.934126587100022832e-01 1.145444788312366124e-01 3.294250292179664013e-03
9.934344977132875121e-01 1.143694781374715030e-01 2.742521625291393685e-03
9.934461982139329850e-01 1.142796991135328205e-01 2.191306974567948981e-03
9.934477955764086099e-01 1.142750424043949969e-01 1.640838117006383897e-03
9.934393078845679126e-01 1.143553702970577512e-01 1.091346178746939975e-03
9.934207360431022149e-01 1.145205068398618131e-01 5.430615294514293777e-04
9.933920639228324134e-01 1.147702379743918977e-01 -3.786322910622483620e-06
9.933532585493957123e-01 1.151043116800203603e-01 -5.489688369010559902e-04
9.933042703348040625e-01 1.155224381311931864e-01 -1.092258542108532141e-03
9.932450333512685692e-01 1.160242898676059481e-01 -1.633429143329142869e-03
9.931754656466057485e-01 1.166095019774621155e-01 -2.172255624458058285e-03
9.930954696004609117e-01 1.172776722940483268e-01 -2.708514352114689376e-03
9.930049323205064615e-01 1.180283616059011470e-01 -3.241983179019952872e-03
9.929037260776981677e-01 1.188610938808775386e-01 -3.772441547139874715e-03
9.927917087795945505e-01 1.197753565044752805e-01 -4.299670590604992224e-03
9.926687244806730037e-01 1.207706005327812554e-01 -4.823453238409825851e-03
9.925346039285041222e-01 1.218462409604531282e-01 -5.343574316891132499e-03
9.923891651445739814e-01 1.230016570041646551e-01 -5.859820651977764271e-03
9.922822404503367499e-01 1.238768092446799335e-01 -5.521923377962509143e-03
9.921810128695603970e-01 1.246995646815904218e-01 -5.182324609742246582e-03
9.920856417711521047e-01 1.254696884822549263e-01 -4.841165373008513538e-03
9.919962763668727090e-01 1.261869668697925273e-01 -4.498586940824204732e-03
9.919130555077915190e-01 1.268512071005975794e-01 -4.154730784225830684e-03
9.918361074980588388e-01 1.274622374378721057e-01 -3.809738523399807449e-03
9.917655499261835983e-01 1.280199071214347672e-01 -3.463751879412411971e-03
9.917014895139742992e-01 1.285240863340487705e-01 -3.116912626471116197e-03
9.916440219832773906e-01 1.289746661644913250e-01 -2.769362544693310026e-03
9.915932319406222106e-01 1.293715585675684898e-01 -2.421243373356861493e-03
9.915491927798562033e-01 1.297146963212591209e-01 -2.072696764605595592e-03
9.915119666028288092e-01 1.300040329811514572e-01 -1.723864237581570601e-03
9.914816041581595574e-01 1.302395428323145921e-01 -1.374887132955023277e-03
9.914581447980989060e-01 1.304212208387266481e-01 -1.025906567822026851e-03
9.914416164534695097e-01 1.305490825903595498e-01 -6.770633909392513410e-04
9.914320356266488332e-01 1.306231642479995514e-01 -3.284981382647691388e-04
9.914294074025328252e-01 1.306435224858602251e-01 1.964901122643818296e-05
9.914337254773953889e-01 1.306102344320241027e-01 3.672382794836953385e-04
9.914449722055358460e-01 1.305233976067271817e-01 7.141303331099082500e-04
9.914631186635843862e-01 1.303831298584795517e-01 1.060186326909956641e-03
9.914417865706622868e-01 1.305483637182666412e-01 5.556883205429952871e-04
9.914099251454548956e-01 1.307912756252873898e-01 5.255037370834850403e-05
9.913675099612996311e-01 1.311116272303128327e-01 -4.490179253275093998e-04
9.913145033931242134e-01 1.315091454829770135e-01 -9.488080015568252932e-04
9.912508548510653439e-01 1.319835227991091042e-01 -1.446612390733728040e-03
9.911765010486387473e-01 1.325344172416962618e-01 -1.942224836501852802e-03
9.910913663047963285e-01 1.331614527156236016e-01 -2.435440387149257618e-03
9.909953628791430269e-01 1.338642191763648459e-01 -2.926055491990605696e-03
9.908883913395175602e-01 1.346422728528217094e-01 -3.413868097373394094e-03
9.907703409610811862e-01 1.354951364845327078e-01 -3.898677742301516827e-03
9.906410901559939974e-01 1.364222995734923061e-01 -4.380285653665648773e-03
9.905005069326998646e-01 1.374232186508388687e-01 -4.858494841065897143e-03
9.903484493837803049e-01 1.384973175586847460e-01 -5.333110191207865794e-03
9.901847662012820406e-01 1.396439877473740765e-01 -5.803938561848776510e-03
9.900092972183666129e-01 1.408625885884627338e-01 -6.270788875265610220e-03
9.898218739760783480e-01 1.421524477037212353e-01 -6.733472211212383415e-03
9.896223203139743463e-01 1.435128613104637851e-01 -7.191801899328717669e-03
9.894104529833117612e-01 1.449430945835069873e-01 -7.645593610956811191e-03
9.891860822814417809e-01 1.464423820340574889e-01 -8.094665450318793559e-03
9.889490127060135416e-01 1.480099279058211259e-01 -8.538838045001316893e-03
9.886990436275507887e-01 1.496449065886159557e-01 -8.977934635689101966e-03
9.884359699789243558e-01 1.513464630497576568e-01 -9.411781165084056808e-03
9.881595829602080050e-01 1.531137132834688441e-01 -9.840206365941558952e-03
9.878696707573705327e-01 1.549457447785435593e-01 -1.026304184815058154e-02
9.875660192732269582e-01 1.568416170044746871e-01 -1.068012218477957728e-02
9.872484128690452998e-01 1.588003619162252633e-01 -1.109128499700539304e-02
9.869166351151801297e-01 1.608209844777946096e-01 -1.149637103783811287e-02
9.865704695490834508e-01 1.629024632046975340e-01 -1.189522427455053967e-02
9.862097004390280031e-01 1.650437507254392533e-01 -1.228769196971712767e-02
9.858341135518615683e-01 1.672437743620298345e-01 -1.267362476076355077e-02
9.854434969231031793e-01 1.695014367295412383e-01 -1.305287673792480951e-02
9.850376416276851455e-01 1.718156163546663562e-01 -1.342530552050683230e-02
9.846163425496418098e-01 1.741851683131939721e-01 -1.379077233134393815e-02
9.841793991490482840e-01 1.766089248862654781e-01 -1.414914206934235995e-02
9.837266162245170698e-01 1.790856962352301573e-01 -1.450028337999827513e-02
9.832578046695709117e-01 1.816142710948640826e-01 -1.484406872377742360e-02
9.827727822212222186e-01 1.841934174846656946e-01 -1.518037444224256370e-02
9.822713741991079273e-01 1.868218834378873872e-01 -1.550908082181457794e-02
9.817534142335504477e-01 1.894983977479075821e-01 -1.583007215505311330e-02
9.812187449809397499e-01 1.922216707314933215e-01 -1.614323679934323227e-02
9.806672188248626298e-01 1.949903950084475035e-01 -1.644846723287555004e-02
9.800986985614383862e-01 1.978032462970797656e-01 -1.674566010780897951e-02
9.795130580673572229e-01 2.006588842248843707e-01 -1.703471630050718000e-02
9.789101829491601015e-01 2.035559531537542988e-01 -1.731554095874245427e-02
9.782899711723435088e-01 2.064930830190061517e-01 -1.758804354576385884e-02
9.776523336689225685e-01 2.094688901814378279e-01 -1.785213788112990918e-02
9.769971949221367691e-01 2.124819782915895183e-01 -1.810774217821026558e-02
9.763244935270409819e-01 2.155309391653279505e-01 -1.835477907826537150e-02
9.756341827257822841e-01 2.186143536698262890e-01 -1.859317568101798851e-02
9.749262309164259399e-01 2.217307926189655554e-01 -1.882286357163602195e-02
9.742006221342608407e-01 2.248788176771397418e-01 -1.904377884405191942e-02
9.734573565045807619e-01 2.280569822704058280e-01 -1.925586212055018648e-02
9.726964506660110699e-01 2.312638325038814946e-01 -1.945905856756127011e-02
9.719179381635227877e-01 2.344979080842577168e-01 -1.965331790760704855e-02
9.711218698103512015e-01 2.377577432462616436e-01 -1.983859442735059000e-02
9.703083140181144595e-01 2.410418676818761319e-01 -2.001484698171042756e-02
9.694773570945062202e-01 2.443488074710973845e-01 -2.018203899400763598e-02
9.686291035080168976e-01 2.476770860129902108e-01 -2.034013845212210084e-02
9.677636761192195403e-01 2.510252249557832771e-01 -2.048911790064280453e-02
9.668812163782395386e-01 2.543917451247325046e-01 -2.062895442900552004e-02
9.659818844881099542e-01 2.577751674464712206e-01 -2.075962965561998011e-02
9.650658595337965329e-01 2.611740138685600954e-01 -2.088112970799740550e-02
9.641333395767630599e-01 2.645868082729482262e-01 -2.099344519889817864e-02
9.631845417150266542e-01 2.680120773820596769e-01 -2.109657119852827861e-02
9.622197021087383062e-01 2.714483516562259391e-01 -2.119050720282204814e-02
9.612390759714048993e-01 2.748941661811967752e-01 -2.127525709785763747e-02
9.602429375269490031e-01 2.783480615444759998e-01 -2.135082912046030318e-02
9.592315799328821058e-01 2.818085846992486876e-01 -2.141723581505729918e-02
9.582053151699458926e-01 2.852742898146887196e-01 -2.147449398685663535e-02
9.571644738986500034e-01 2.887437391114636154e-01 -2.152262465143023676e-02
9.561094052832100898e-01 2.922155036812831286e-01 -2.156165298079010945e-02
9.550404767834599351e-01 2.956881642893741668e-01 -2.159160824605396017e-02
9.539580739153807887e-01 2.991603121588008452e-01 -2.161252375680419030e-02
9.528625999809572367e-01 3.026305497355915031e-01 -2.162443679725144924e-02
9.517544757681306589e-01 3.060974914336775932e-01 -2.162738855932074683e-02
9.506341392216823838e-01 3.095597643586981418e-01 -2.162142407278467432e-02
9.495020450859340544e-01 3.130160090097724446e-01 -2.160659213257436553e-02
9.483586645202055632e-01 3.164648799583977268e-01 -2.158294522340448857e-02
9.472044846880217639e-01 3.199050465036826774e-01 -2.155053944185392201e-02
9.460400083211019107e-01 3.233351933031859415e-01 -2.150943441604846393e-02
9.449964565304271868e-01 3.264279564378498311e-01 -2.065155532562652080e-02
9.439862798615139550e-01 3.293908466696378601e-01 -1.978822618306370559e-02
9.430109275185422080e-01 3.322234687137662346e-01 -1.891977124670649393e-02
9.420717886758235293e-01 3.349254673881037481e-01 -1.804651211414016673e-02
9.411701911565307777e-01 3.374965259278094876e-01 -1.716876770942459690e-02
9.403074002092371986e-01 3.399363643467707141e-01 -1.628685428355250084e-02
9.394846173800629474e-01 3.422447378507721960e-01 -1.540108542756746419e-02
9.387029794781691638e-01 3.444214353070237378e-01 -1.451177209775456577e-02
9.379635576323028801e-01 3.464662777743687805e-01 -1.361922265229433687e-02
9.372673564360826104e-01 3.483791170981918595e-01 -1.272374289875119122e-02
9.366153131797166909e-01 3.501598345737382267e-01 -1.182563615175014071e-02
9.360082971658729711e-01 3.518083396812564101e-01 -1.092520330018050857e-02
9.354471091074580968e-01 3.533245688960737207e-01 -1.002274288325231445e-02
9.349324806051229064e-01 3.547084845764171823e-01 -9.118551174720008340e-03
9.344650737023835196e-01 3.559600739314965345e-01 -8.212922274579015011e-03
9.340454805163338481e-01 3.570793480720764745e-01 -7.306148207533196513e-03
9.336742229420260664e-01 3.580663411454764744e-01 -6.398519027525578252e-03
9.333517524287032741e-01 3.589211095566539056e-01 -5.490322927620538279e-03
9.330784498261920357e-01 3.596437312767475358e-01 -4.581846354522941048e-03
9.328546252998884958e-01 3.602343052401834056e-01 -3.673374127018414100e-03
9.326805183129094345e-01 3.606929508311743082e-01 -2.765189557618948340e-03
9.325562976741209598e-01 3.610198074601788654e-01 -1.857574576699256349e-03
9.324820616509037485e-01 3.612150342306228445e-01 -9.508098584117161091e-04
9.324578381456629650e-01 3.612788096959287931e-01 -4.517494767127363305e-05
9.324835849352431927e-01 3.612113317066446005e-01 8.590516124937395363e-04
9.325591899725603762e-01 3.610128173472115787e-01 1.761592153923287069e-03
9.326844717499143123e-01 3.606835029616657917e-01 2.662169757331586152e-03
9.328591797235948890e-01 3.602236442673221739e-01 3.560508128021520891e-03
9.330829947995419316e-01 3.596335165552503876e-01 4.456331473983113182e-03
9.333555298799615096e-01 3.589134149761138981e-01 5.349364387042110716e-03
9.336763304709366773e-01 3.580636549097078736e-01 6.239331727714257647e-03
9.340448753512040625e-01 3.570845724162995949e-01 7.125958514409332784e-03
9.344605773023878514e-01 3.559765247676450195e-01 8.008969817616565928e-03
9.349227839010988417e-01 3.547398910553268836e-01 8.888090659689557721e-03
9.354307783734090442e-01 3.533750728738350166e-01 9.763045920834278329e-03
9.359837805123081278e-01 3.518824950755859438e-01 1.063356025188812344e-02
9.365809476588283777e-01 3.502626065948589162e-01 1.149935799446123036e-02
9.372213757475955642e-01 3.485158813374072961e-01 1.236016310899335120e-02
9.379041004176185137e-01 3.466428191322886709e-01 1.321569911126046354e-02
9.386280981891729214e-01 3.446439467422456882e-01 1.406568901784489498e-02
9.393922877076611444e-01 3.425198189287596007e-01 1.490985530106103685e-02
9.401955310553422596e-01 3.402710195676949545e-01 1.574791985380566417e-02
9.410366351318190103e-01 3.378981628112512903e-01 1.657960396477740211e-02
9.419143531041502815e-01 3.354018942917430524e-01 1.740462830448394338e-02
9.428273859274142188e-01 3.327828923625372193e-01 1.822271292242823304e-02
9.437743839364934884e-01 3.300418693712941498e-01 1.903357725583583460e-02
9.447539485097766754e-01 3.271795729604788372e-01 1.983694015025521534e-02
9.457646338053768975e-01 3.241967873899400665e-01 2.063251989233053779e-02
9.468049485703566859e-01 3.210943348761930438e-01 2.142003425501287639e-02
9.478733580233172917e-01 3.178730769428893543e-01 2.219920055544039733e-02
9.489682858105610297e-01 3.145339157768161642e-01 2.296973572568114866e-02
9.500881160358674027e-01 3.110777955836372399e-01 2.373135639649350329e-02
9.512311953637383466e-01 3.075057039374708978e-01 2.448377899421928794e-02
9.523958351957639845e-01 3.038186731182962452e-01 2.522671985088288313e-02
9.535803139195399014e-01 3.000177814310917013e-01 2.595989532752654774e-02
9.547828792293286959e-01 2.961041545005367870e-01 2.668302195076766026e-02
9.560017505174068786e-01 2.920789665350537190e-01 2.739581656251773370e-02
9.572351213347687349e-01 2.879434415539295911e-01 2.809799648275599152e-02
9.584811619195778842e-01 2.836988545712426646e-01 2.878927968520214251e-02
9.597380217914630585e-01 2.793465327303213397e-01 2.946938498568379972e-02
9.610038324094474227e-01 2.748878563824906363e-01 3.013803224294412178e-02
9.622767098909872363e-01 2.703242601039102522e-01 3.079494257158454235e-02
9.635547577892696891e-01 2.656572336443813187e-01 3.143983856678646965e-02
9.648360699255909001e-01 2.608883228020977274e-01 3.207244454040445586e-02
9.661187332732985578e-01 2.560191302184410267e-01 3.269248676797196357e-02
9.674008308894458397e-01 2.510513160870682103e-01 3.329969374610972088e-02
9.686804448899655196e-01 2.459865987717177738e-01 3.389379645977578376e-02
9.699556594638334417e-01 2.408267553273644168e-01 3.447452865874647138e-02
9.712245639213586967e-01 2.355736219195831427e-01 3.504162714266820938e-02
9.724852557714078749e-01 2.302290941372425459e-01 3.559483205397240280e-02
9.737358438220521384e-01 2.247951271939335749e-01 3.613388717789919879e-02
9.749744512988161027e-01 2.192737360138527769e-01 3.665854024883145879e-02
9.761992189744103099e-01 2.136669951981992055e-01 3.716854326209789727e-02
9.774083083035496333e-01 2.079770388685098781e-01 3.766365279036434921e-02
9.785999045561952769e-01 2.022060603837493309e-01 3.814363030369492119e-02
9.797722199423155587e-01 1.963563119283834313e-01 3.860824249233048983e-02
9.809234967210409550e-01 1.904301039691048969e-01 3.905726159120112562e-02
9.820520102868915968e-01 1.844298045783361317e-01 3.949046570516159815e-02
9.831560722255870965e-01 1.783578386231127189e-01 3.990763913391566498e-02
9.842340333318089218e-01 1.722166868184455968e-01 4.030857269557527184e-02
9.852842865811752837e-01 1.660088846447700939e-01 4.069306404778583186e-02
9.863052700486126811e-01 1.597370211296131604e-01 4.106091800533802350e-02
9.872954697652641665e-01 1.534037374941432386e-01 4.141194685318074636e-02
9.882534225060679578e-01 1.470117256658086125e-01 4.174597065374890253e-02
9.891777185001680017e-01 1.405637266588158074e-01 4.206281754752360519e-02
9.900670040563859242e-01 1.340625288247475899e-01 4.236232404575167310e-02
9.909199840960859484e-01 1.275109659761673453e-01 4.264433531426554264e-02
9.917354245859091311e-01 1.209119153865989976e-01 4.290870544736429676e-02
9.925121548630334578e-01 1.142682956708071934e-01 4.315529773074133074e-02
9.932490698458354972e-01 1.075830645498273563e-01 4.338398489247415057e-02
9.939451321230882153e-01 1.008592165057062562e-01 4.359464934112684820e-02
9.945993739151216539e-01 9.409978033140793674e-02 4.378718339005607807e-02
9.952108989007061313e-01 8.730781658181387128e-02 4.396148946705612931e-02
9.957788839037817752e-01 8.048641493219726994e-02 4.411748030852853664e-02
9.963025804345556624e-01 7.363869145097610980e-02 4.425507913741567878e-02
9.967813160799202654e-01 6.676778579394573865e-02 4.437421982419616218e-02
9.972144957386027686e-01 5.987685832755604287e-02 4.447484703030209208e-02
9.976016026969430905e-01 5.296908718912859276e-02 4.455691633338394742e-02
9.979421995417065983e-01 4.604766529220349902e-02 4.462039433391810223e-02
9.982359289068696295e-01 3.911579728546130119e-02 4.466525874272369440e-02
9.985086505637408294e-01 3.254104048524206205e-02 4.383555767119034358e-02
9.987346730839502529e-01 2.609499065455459996e-02 4.298959073956631211e-02
9.989164056339870923e-01 1.978048185715459290e-02 4.212775508699878602e-02
9.990562715130095750e-01 1.360025488980036099e-02 4.125045527060251099e-02
9.991567027131146306e-01 7.556956729650269114e-03 4.035810275309490575e-02
9.992201345237483601e-01 1.653140182404753619e-03 3.945111539907533021e-02
9.992490001931952914e-01 -4.108736277155754929e-03 3.852991698146492755e-02
9.992457256594713400e-01 -9.726308481251156463e-03 3.759493669952078398e-02
9.992127243623006860e-01 -1.519730637141105886e-02 3.664660870973127788e-02
9.991523921471936465e-01 -2.051955363715097028e-02 3.568537167078855016e-02
9.990671022719642691e-01 -2.569096720160959565e-02 3.471166830372023060e-02
9.989592005253341567e-01 -3.070955656512779769e-02 3.372594496814650816e-02
9.988310004665783559e-01 -3.557342301806590279e-02 3.272865125551103344e-02
9.986847787944744814e-01 -4.028075873440319088e-02 3.172023960001588150e-02
9.985227708531299040e-01 -4.482984575784258047e-02 3.070116490787230465e-02
9.983471662815842640e-01 -4.921905489225664870e-02 2.967188420536121668e-02
9.981601048134234322e-01 -5.344684450835981288e-02 2.863285630608065901e-02
9.979636722319956688e-01 -5.751175927847836100e-02 2.758454149764245217e-02
9.977598964862001152e-01 -6.141242885121732387e-02 2.652740124796761426e-02
9.975507439712191227e-01 -6.514756647769362474e-02 2.546189793122013642e-02
9.973381159779965976e-01 -6.871596760082156197e-02 2.438849457331183218e-02
9.971238453147251990e-01 -7.211650841890239472e-02 2.330765461680785536e-02
9.969096931030957398e-01 -7.534814443448752119e-02 2.221984170496300176e-02
9.966973457515863055e-01 -7.840990899915800671e-02 2.112551948452394759e-02
9.964884121076281742e-01 -8.130091186449488194e-02 2.002515142684178906e-02
9.962844207900770632e-01 -8.402033774910797059e-02 1.891920066675345513e-02
9.960868177030477444e-01 -8.656744493114945649e-02 1.780812985860943942e-02
9.958969637318298984e-01 -8.894156387526437613e-02 1.669240104874938208e-02
9.957161326213023189e-01 -9.114209590242786097e-02 1.557247556365622121e-02
9.955455090369916826e-01 -9.316851191059027926e-02 1.444881391295410426e-02
9.953861868086841813e-01 -9.502035115349953542e-02 1.332187570635508592e-02
9.952391673562932528e-01 -9.669722008449811723e-02 1.219211958360486361e-02
9.951053582975092349e-01 -9.819879127150278608e-02 1.106000315642839855e-02
9.949855722366078847e-01 -9.952480238877027541e-02 9.925982961432341586e-03
9.948805257336714725e-01 -1.006750552904351476e-01 8.790514422882629228e-03
9.947908384533762360e-01 -1.016494151701787391e-01 7.654051824242465336e-03
9.947170324924212714e-01 -1.024478098107526047e-01 6.517048287328110201e-03
9.946595318846140898e-01 -1.030702289264387450e-01 5.379955757917414226e-03
9.946186622825829993e-01 -1.035167236008836950e-01 4.243224996628829244e-03
9.945946508150578236e-01 -1.037874058220968204e-01 3.107305573876642697e-03
9.945876261186368250e-01 -1.038824481157559210e-01 1.972645867701332961e-03
9.945976185429490357e-01 -1.038020832773181024e-01 8.396930632722362717e-04
9.946245605281104352e-01 -1.035466042027923111e-01 -2.911068471369759793e-04
9.946682871533694126e-01 -1.031163638173930031e-01 -1.419309064891211003e-03
9.947285368558286267e-01 -1.025117751006652117e-01 -2.544469987633227528e-03
9.948049523181227149e-01 -1.017333112060497119e-01 -3.666147214979152344e-03
9.948970815239149834e-01 -1.007815056722460856e-01 -4.783899558407231356e-03
9.950043789800517846e-01 -9.965695272313218611e-02 -5.897287056449184058e-03
9.951262071041773183e-01 -9.836030765241249307e-02 -7.005870996261207191e-03
9.952618377765649615e-01 -9.689228728859719530e-02 -8.109213942614790574e-03
9.954104540548529556e-01 -9.525367053535954698e-02 -9.206879775306030592e-03
9.955711520502938949e-01 -9.344529898178351168e-02 -1.029843373593623129e-02
9.957429429640216600e-01 -9.146807757649863535e-02 -1.138344248496629685e-02
9.959247552817190874e-01 -8.932297535920541431e-02 -1.246147416989284128e-02
9.961154371249225647e-01 -8.701102624262561924e-02 -1.353209850533516716e-02
9.963137587570287668e-01 -8.453332983746826568e-02 -1.459488686575946374e-02
9.965184152418765651e-01 -8.189105231258662909e-02 -1.564941239149976113e-02
9.967280292525536600e-01 -7.908542728211562234e-02 -1.669525010866463113e-02
9.969411540278337869e-01 -7.611775671102517793e-02 -1.773197706344437075e-02
9.971562764733757911e-01 -7.298941183020504764e-02 -1.875917247125577850e-02
9.973718204045186608e-01 -6.970183405191215931e-02 -1.977641788108064000e-02
9.975861499271817534e-01 -6.625653587616577023e-02 -2.078329735527012501e-02
9.977975729530308424e-01 -6.265510177846901618e-02 -2.177939766500050847e-02
9.980043448446974663e-01 -5.889918906907141982e-02 -2.276430850147641641e-02
9.982046721864459293e-01 -5.499052871386640035e-02 -2.373762270288633236e-02
9.983967166752638622e-01 -5.093092610694299749e-02 -2.469893649702176522e-02
9.985785991269217066e-01 -4.672226178478375291e-02 -2.564784975937664177e-02
9.987484035910932922e-01 -4.236649207212220269e-02 -2.658396628644757453e-02
9.989041815691673820e-01 -3.786564964954556439e-02 -2.750689408385890641e-02
9.990439563279059909e-01 -3.322184403305177003e-02 -2.841624566883954248e-02
9.991657273016220087e-01 -2.843726195594638295e-02 -2.931163838648182668e-02
9.992674745750640408e-01 -2.351416764369460011e-02 -3.019269473911663504e-02
9.993471634387094404e-01 -1.845490297262736626e-02 -3.105904272804400901e-02
9.994027490076835551e-01 -1.326188750373834963e-02 -3.191031620676552938e-02
9.994321808950504815e-01 -7.937618383200574154e-03 -3.274615524477375583e-02
9.994334079297532147e-01 -2.484670101676924280e-03 -3.356620650086605817e-02
9.994043829090394349e-01 3.094305895002805694e-03 -3.437012360486556978e-02
9.993430673747778492e-01 8.796581750675765837e-03 -3.515756754655136734e-02
9.992474364026729949e-01 1.461935390546816385e-02 -3.592820707052392371e-02
9.991154833930107060e-01 2.055974396983491215e-02 -3.668171907566096512e-02
9.989865590521068706e-01 2.625022804250916331e-02 -3.656201719396586641e-02
9.988263957557144135e-01 3.191998022537410190e-02 -3.642728019540381057e-02
9.986354162267538914e-01 3.756650239741626124e-02 -3.627759765250026386e-02
9.984140938459020731e-01 4.318731683502829294e-02 -3.611306700166749817e-02
9.981629515945085185e-01 4.877996807682491442e-02 -3.593379342332510967e-02
9.978825609053740830e-01 5.434202473921053572e-02 -3.573988971203335280e-02
9.975735404247245697e-01 5.987108127881553971e-02 -3.553147613706230529e-02
9.972365546889384591e-01 6.536475969814649345e-02 -3.530868029384900270e-02
9.968723127197932632e-01 7.082071119103754142e-02 -3.507163694682158966e-02
9.964815665421847823e-01 7.623661772474379927e-02 -3.482048786409387003e-02
9.960651096284444117e-01 8.161019355578204293e-02 -3.455538164455580069e-02
9.956237752735337398e-01 8.693918667689706781e-02 -3.427647353790464618e-02
9.951584349055275780e-01 9.222138019281299337e-02 -3.398392525817851839e-02
9.946699963359126873e-01 9.745459362271537140e-02 -3.367790479136794496e-02
9.941594019543235072e-01 1.026366841277008835e-01 -3.335858619769264261e-02
9.936276268724129057e-01 1.077655476617253721e-01 -3.302614940913932429e-02
9.930756770216118134e-01 1.128391200448758958e-01 -3.268078002286243372e-02
9.925045872095685784e-01 1.178553779580873706e-01 -3.232266909105303843e-02
9.919154191400778586e-01 1.228123398587176590e-01 -3.195201290788180631e-02
9.913092594013095393e-01 1.277080668166847566e-01 -3.156901279412016592e-02
9.906121473027961200e-01 1.328991353759674254e-01 -3.202177560349674795e-02
9.898786058812442112e-01 1.381547161794774992e-01 -3.245952407025058661e-02
9.891079319624445088e-01 1.434721790046692147e-01 -3.288211480294476324e-02
9.882994640460078806e-01 1.488488663856731842e-01 -3.328941335579807537e-02
9.874525842145094323e-01 1.542820956683121081e-01 -3.368129436063800608e-02
9.865667199483310057e-01 1.597691611265339151e-01 -3.405764164873523181e-02
9.856413458416127815e-01 1.653073361365259286e-01 -3.441834836196498021e-02
9.846759852150001047e-01 1.708938754044674324e-01 -3.476331705277051209e-02
9.836702116211666347e-01 1.765260172435883790e-01 -3.509245977243657250e-02
9.826236502394092298e-01 1.822009858959298956e-01 -3.540569814721641201e-02
9.815359791559404856e-01 1.879159938939495011e-01 -3.570296344189419213e-02
9.804069305268509060e-01 1.936682444568827155e-01 -3.598419661040523632e-02
9.792362916210757273e-01 1.994549339165635482e-01 -3.624934833317959570e-02
9.780239057410720083e-01 2.052732541672213917e-01 -3.649837904091926544e-02
9.767696730192979571e-01 2.111203951336116935e-01 -3.673125892456610003e-02
9.754735510889793737e-01 2.169935472517031949e-01 -3.694796793126559065e-02
9.741355556280467676e-01 2.228899039560379713e-01 -3.714849574618109274e-02
9.727557607755339397e-01 2.288066641677995727e-01 -3.733284176006337191e-02
9.713342994201343839e-01 2.347410347775732431e-01 -3.750101502253126717e-02
9.698713633610221985e-01 2.406902331167581344e-01 -3.765303418107070199e-02
9.683672033414506553e-01 2.466514894115957590e-01 -3.778892740581045462e-02
9.668221289560455789e-01 2.526220492138114282e-01 -3.790873230018453749e-02
9.652365084331085976e-01 2.585991758019263731e-01 -3.801249579764141157e-02
9.636107682936368990e-01 2.645801525473854832e-01 -3.810027404461034661e-02
9.619453928891457117e-01 2.705622852397607248e-01 -3.817213226998389386e-02
9.602409238207504361e-01 2.765429043654306085e-01 -3.822814464142293422e-02
9.584979592423212846e-01 2.825193673343019962e-01 -3.826839410883659670e-02
9.567171530508634669e-01 2.884890606493292764e-01 -3.829297223543347978e-02
9.548992139676010238e-01 2.944494020137984336e-01 -3.830197901678238093e-02
9.530449045135478414e-01 3.003978423715758517e-01 -3.829552268836063783e-02
9.511550398836354780e-01 3.063318678757750435e-01 -3.827371952210524564e-02
9.492304867237338906e-01 3.122490017815640062e-01 -3.823669361251662291e-02
9.472721618151421774e-01 3.181468062591231716e-01 -3.818457665289665820e-02
9.452810306713492761e-01 3.240228841230641255e-01 -3.811750770233155589e-02
9.432581060520598415e-01 3.298748804749337959e-01 -3.803563294405581940e-02
9.412044463996525057e-01 3.357004842557516078e-01 -3.793910543585651135e-02
9.391211542033869319e-01 3.414974297058602781e-01 -3.782808485319637259e-02
9.370093742967966488e-01 3.472634977297099357e-01 -3.770273722575078618e-02
