1.000000000000000000e+00 0.000000000000000000e+00 0.000000000000000000e+00
9.999995662878831126e-01 3.649986952310942698e-04 -8.568557823137077463e-04
9.999981634143486620e-01 8.630738818637907674e-04 -1.711220432005180602e-03
9.999956004469464643e-01 1.493806178570642948e-03 -2.562739986059591694e-03
9.999916359037278601e-01 2.256720624991211382e-03 -3.411061960814488689e-03
9.999859785359049846e-01 3.151286752696425691e-03 -4.255835461674943414e-03
9.999782882142894680e-01 4.176918643395785384e-03 -5.096711294775998179e-03
9.999681769179220581e-01 5.332974976226608106e-03 -5.933342080945204836e-03
9.999552098231644370e-01 6.618759066189056940e-03 -6.765382372297846537e-03
9.999389064913793979e-01 8.033518896004020887e-03 -7.592488771775176420e-03
9.999187421531796627e-01 9.576447143872065387e-03 -8.414320055911757301e-03
9.998941490870750792e-01 1.124668120979964610e-02 -9.230537301091889732e-03
9.998645180901951646e-01 1.304330324333271771e-02 -1.004080401352724049e-02
9.998292000386076461e-01 1.496534017569674593e-02 -1.084478626315823341e-02
9.997875075345944440e-01 1.701176375948525860e-02 -1.164215282165074160e-02
9.997387166380825585e-01 1.918149061916552683e-02 -1.243257530462714422e-02
9.996820686792636801e-01 2.147338231577900283e-02 -1.321572831823708896e-02
9.996167721492662528e-01 2.388624542930513697e-02 -1.399128961013849405e-02
9.995420046655741908e-01 2.641883166222939658e-02 -1.475894022492348426e-02
9.994569150087146969e-01 2.906983796790924002e-02 -1.551836466398738568e-02
9.993606252265618828e-01 3.183790670736483253e-02 -1.626925104980164738e-02
9.992522328024324718e-01 3.472162583813410280e-02 -1.701129129451383129e-02
9.991308128829715640e-01 3.771952913882387071e-02 -1.774418127275982984e-02
9.989954205616571326e-01 4.083009647296013261e-02 -1.846762099853535913e-02
9.988450932135786164e-01 4.405175409569054429e-02 -1.918131480593573968e-02
9.986788528769771078e-01 4.738287500682135389e-02 -1.988497153353521729e-02
9.984957086768697643e-01 5.082177935357862913e-02 -2.057830471213984921e-02
9.982946592859215373e-01 5.436673488637044221e-02 -2.126103275561130879e-02
9.980746954175732100e-01 5.801595747069256126e-02 -2.193287915442323696e-02
9.978348023462875194e-01 6.176761165816549437e-02 -2.259357267157716120e-02
9.975739624496374747e-01 6.561981131951602486e-02 -2.324284754047149792e-02
9.972911577668308603e-01 6.957062034212219137e-02 -2.388044366428531198e-02
9.969853725681473433e-01 7.361805339452748287e-02 -2.450610681640821159e-02
9.966555959296574674e-01 7.776007676009895342e-02 -2.511958884141933523e-02
9.963008243074994441e-01 8.199460924175577814e-02 -2.572064785609202986e-02
9.959200641059112735e-01 8.631952313943024035e-02 -2.630904844987666524e-02
9.955123342331496650e-01 9.073264530164394659e-02 -2.688456188429227608e-02
9.950766686393830440e-01 9.523175825228906433e-02 -2.744696629063849563e-02
9.946121188306121796e-01 9.981460139339898285e-02 -2.799604686542276830e-02
9.941177563526636396e-01 1.044788722843765505e-01 -2.853159606288407923e-02
9.935926752393067218e-01 1.092222279978226213e-01 -2.905341378398382940e-02
9.930359944185729315e-01 1.140422865517743689e-01 -2.956130756122673023e-02
9.924468600714057009e-01 1.189366284178237088e-01 -3.005509273867017564e-02
9.918244479368359956e-01 1.239027981042430671e-01 -3.053459264647925137e-02
9.911679655579725967e-01 1.289383058128999171e-01 -3.099963876938657825e-02
9.904766544632072067e-01 1.340406291683958473e-01 -3.145007090842156378e-02
9.897497922771699708e-01 1.392072150175214518e-01 -3.188573733528231313e-02
9.889866947561278820e-01 1.444354812967776347e-01 -3.230649493873549022e-02
9.881867177426976179e-01 1.497228189653782293e-01 -3.271220936244477462e-02
9.873492590349444153e-01 1.550665940008213728e-01 -3.310275513364719507e-02
9.864737601651605292e-01 1.604641494537982493e-01 -3.347801578211838380e-02
9.855597080838577329e-01 1.659128075589007267e-01 -3.383788394889279683e-02
9.846066367447718903e-01 1.714098718972951185e-01 -3.418226148423278432e-02
9.836141285869561823e-01 1.769526296072505833e-01 -3.451105953437131474e-02
9.825818159103387739e-01 1.825383536381476601e-01 -3.482419861658651861e-02
9.815093821414359043e-01 1.881643050433483844e-01 -3.512160868220241122e-02
9.803965629862397835e-01 1.938277353070852471e-01 -3.540322916714857410e-02
9.792431474676472902e-01 1.995258887003225068e-01 -3.566900902975202875e-02
9.780489788451476318e-01 2.052560046603625898e-01 -3.591890677547730781e-02
9.768139554148572712e-01 2.110153201888133878e-01 -3.615289046837472098e-02
9.755380311883633526e-01 2.168010722623988362e-01 -3.637093772904267941e-02
9.742212164492191073e-01 2.226105002509881636e-01 -3.657303571895681449e-02
9.728635781863240739e-01 2.284408483371374865e-01 -3.675918111106641489e-02
9.714652404038085498e-01 2.342893679313824695e-01 -3.692938004660735463e-02
9.700263843074369285e-01 2.401533200774923493e-01 -3.708364807812951358e-02
9.685472483679314903e-01 2.460299778418943706e-01 -3.722201009878578493e-02
9.670281282620085683e-01 2.519166286815030520e-01 -3.734450025797871747e-02
9.654693766922999298e-01 2.578105767842404639e-01 -3.745116186350923998e-02
9.638714030877080230e-01 2.637091453766122195e-01 -3.754204727041974415e-02
9.622346731861119995e-01 2.696096789928074111e-01 -3.761721775677067531e-02
9.605597085016966963e-01 2.755095456999193670e-01 -3.767674338663531269e-02
9.588470856795209274e-01 2.814061392740367373e-01 -3.772070286064168471e-02
9.570974357402725063e-01 2.872968813221298823e-01 -3.774918335443296080e-02
9.553114432184702798e-01 2.931792233448550777e-01 -3.776228034545827533e-02
9.534898451976725475e-01 2.990506487356159315e-01 -3.776009742854439383e-02
9.516334302465286887e-01 3.049086747114588825e-01 -3.774274612073481860e-02
9.497430372597709392e-01 3.107508541716332284e-01 -3.771034565591657034e-02
9.478195542084814074e-01 3.165747774799162473e-01 -3.766302276978601704e-02
9.458639168041877987e-01 3.223780741670874694e-01 -3.760091147573347420e-02
9.438771070815333841e-01 3.281584145502335348e-01 -3.752415283225172399e-02
9.418601519044406123e-01 3.339135112658710991e-01 -3.743289470249618056e-02
9.398141214008352007e-01 3.396411207141908917e-01 -3.732729150664398227e-02
9.377401273311219976e-01 3.453390444120495451e-01 -3.720750396771564661e-02
9.356393213957032717e-01 3.510051302526620565e-01 -3.707369885153644767e-02
9.335128934869086903e-01 3.566372736702793089e-01 -3.692604870152484814e-02
9.313620698907577600e-01 3.622334187084665369e-01 -3.676473156900252753e-02
9.291881114440044831e-01 3.677915589909305227e-01 -3.658993073972480886e-02
9.269923116519213080e-01 3.733097385941729351e-01 -3.640183445733130574e-02
9.247759947722633544e-01 3.787860528215723499e-01 -3.620063564441498155e-02
9.225405138708143715e-01 3.842186488788175702e-01 -3.598653162190309368e-02
9.202872488538593743e-01 3.896057264509293350e-01 -3.575972382743628636e-02
9.180176044828479709e-01 3.949455381814104826e-01 -3.552041753342202735e-02
9.157330083764161355e-01 4.002363900543620123e-01 -3.526882156542621161e-02
9.134349090048163866e-01 4.054766416806854790e-01 -3.500514802155188510e-02
9.111247736816758813e-01 4.106647064897649413e-01 -3.472961199343709698e-02
9.088040865578514982e-01 4.157990518282818626e-01 -3.444243128948477894e-02
9.064743466219900014e-01 4.208781989680612790e-01 -3.414382616091662243e-02
9.041370657122244081e-01 4.259007230250793641e-01 -3.383401903122029708e-02
9.017937665432521621e-01 4.308652527919778485e-01 -3.351323422953505354e-02
8.994459807528407680e-01 4.357704704866319223e-01 -3.318169772849537125e-02
8.970952469716030331e-01 4.406151114195014928e-01 -3.283963688702531969e-02
8.947431089196667964e-01 4.453979635826644801e-01 -3.248728019854876803e-02
8.925649529818462380e-01 4.498267964745409908e-01 -3.136332527568221756e-02
8.904434327791387327e-01 4.540885829819524266e-01 -3.023329471952591885e-02
8.883812133982464943e-01 4.581835342422191371e-01 -2.909757563251030160e-02
8.863808565594718525e-01 4.621119008783544091e-01 -2.795654597543799358e-02
8.844448194663742102e-01 4.658739686551630066e-01 -2.681057467534223374e-02
8.825754538214332090e-01 4.694700542694334455e-01 -2.566002176205219379e-02
8.807750049969037542e-01 4.729005012823506715e-01 -2.450523853199530061e-02
8.790456113501504687e-01 4.761656762014748745e-01 -2.334656773776017796e-02
8.773893036729033534e-01 4.792659647188841077e-01 -2.218434380194369421e-02
8.758080047640917076e-01 4.822017681113688892e-01 -2.101889305381067150e-02
8.743035291161687095e-01 4.849734998078921722e-01 -1.985053398730466517e-02
8.728775827051434844e-01 4.875815821288918550e-01 -1.867957753896231157e-02
8.715317628748806555e-01 4.900264432014066474e-01 -1.750632738430119364e-02
8.702675583066060705e-01 4.923085140534451676e-01 -1.633108025127174776e-02
8.690863490649671785e-01 4.944282258904975080e-01 -1.515412624938655001e-02
8.679894067124376278e-01 4.963860075566028929e-01 -1.397574921316510968e-02
8.669778944843178348e-01 4.981822831819392450e-01 -1.279622705855845699e-02
8.660528675170713342e-01 4.998174700184856989e-01 -1.161583215104480121e-02
8.652152731232385374e-01 5.012919764649289567e-01 -1.043483168411512424e-02
8.644659511066921098e-01 5.026062002816337193e-01 -9.253488066895201869e-03
8.636395211259295657e-01 5.040328750426734672e-01 -8.811279724788326564e-03
8.628455198440211360e-01 5.053984593267634162e-01 -8.366983873582679865e-03
8.620843813541400058e-01 5.067028533499267073e-01 -7.920735784259277240e-03
8.613565179265697536e-01 5.079459700150900092e-01 -7.472669746374395808e-03
8.606623198356693205e-01 5.091277345070578386e-01 -7.022919077462762630e-03
8.600021552041947626e-01 5.102480839027510040e-01 -6.571616134690877117e-03
8.593763698645435767e-01 5.113069667972600651e-01 -6.118892328640929482e-03
8.587852872364929446e-01 5.123043429462214027e-01 -5.664878139104471792e-03
8.582292082210113415e-01 5.132401829249827463e-01 -5.209703132763865430e-03
8.577084111097288410e-01 5.141144678049813788e-01 -4.753495982638634466e-03
8.572231515096656596e-01 5.149271888477182646e-01 -4.296384489173158024e-03
8.567736622828262538e-01 5.156783472166710514e-01 -3.838495602841619433e-03
8.563601535002823839e-01 5.163679537074475911e-01 -3.379955448145804345e-03
8.559828124103816549e-01 5.169960284964437713e-01 -2.920889348881180320e-03
8.556418034207330381e-01 5.175626009082305856e-01 -2.461421854546704761e-03
8.553372680936389694e-01 5.180677092018561858e-01 -2.001676767773948561e-03
8.550693251546588325e-01 5.185114003762139046e-01 -1.541777172651436585e-03
8.548380705140087299e-01 5.188937299945877157e-01 -1.081845463820538733e-03
8.546435773005197634e-01 5.192147620284537357e-01 -6.220033762198031281e-04
8.544858959078976968e-01 5.194745687205785112e-01 -1.623720153553165021e-04
8.543650540530445259e-01 5.196732304674217540e-01 2.969281120245254664e-04
8.542810568462251286e-01 5.198108357208168773e-01 7.557770669705512947e-04
8.542338868728802659e-01 5.198874809088688265e-01 1.214055447210341801e-03
8.542235042869087414e-01 5.199032703759768337e-01 1.671644355980337997e-03
8.542498469152608465e-01 5.198583163418568631e-01 2.128425370929904175e-03
8.543128303737071993e-01 5.197527388794062064e-01 2.584280513213424446e-03
8.544123481936644060e-01 5.195866659112229335e-01 3.039092216885114217e-03
8.545482719599812871e-01 5.193602332245614850e-01 3.492743298709757426e-03
8.547204514596075109e-01 5.190735845044748276e-01 3.945116928501019374e-03
8.549287148410846804e-01 5.187268713848648405e-01 4.396096600097328978e-03
8.551728687848195731e-01 5.183202535171331782e-01 4.845566103083599752e-03
8.554526986841152203e-01 5.178538986560946578e-01 5.293409495365239935e-03
8.557679688369536075e-01 5.173279827627887961e-01 5.739511076699001409e-03
8.561184226485388793e-01 5.167426901237947012e-01 6.183755363283225531e-03
8.565037828446250279e-01 5.160982134866280990e-01 6.626027063507970195e-03
8.569237516956657030e-01 5.153947542107720770e-01 7.066211054963342231e-03
8.573780112518384344e-01 5.146325224338644810e-01 7.504192362802093730e-03
8.578662235890039955e-01 5.138117372525397020e-01 7.939856139550185987e-03
8.583880310656756274e-01 5.129326269173957176e-01 8.373087646456597866e-03
8.589430565910797233e-01 5.119954290415303921e-01 8.803772236471068061e-03
8.596829467456583718e-01 5.107306903839244905e-01 9.969614328025632605e-03
8.605116558454138920e-01 5.093091175696012884e-01 1.113162855357653809e-02
8.614281188192697281e-01 5.077307975073060975e-01 1.228957340002446649e-02
8.624311712198851065e-01 5.059958057311536583e-01 1.344320423011854775e-02
8.635195498401202485e-01 5.041042083429597698e-01 1.459227292849228121e-02
8.646918933610042712e-01 5.020560641162681303e-01 1.573652756113284520e-02
8.659467430367115970e-01 4.998514267584887594e-01 1.687571204928282539e-02
8.672825434224318286e-01 4.974903473272955789e-01 1.800956585877776933e-02
8.686976431513733221e-01 4.949728767971416921e-01 1.913782370582697845e-02
8.701902957674667594e-01 4.922990687714384195e-01 2.026021528024830876e-02
8.717586606206322308e-01 4.894689823356069280e-01 2.137646498717005183e-02
8.734008038317376821e-01 4.864826850458501828e-01 2.248629170821385762e-02
8.751146993346068381e-01 4.833402560481077637e-01 2.358940858317160397e-02
8.768982300026274546e-01 4.800417893212464704e-01 2.468552281318589156e-02
8.787491888676676188e-01 4.765873970381054314e-01 2.577433548643779521e-02
8.806652804391180700e-01 4.729772130375587413e-01 2.685554142733637129e-02
8.826441221309495599e-01 4.692113964002799231e-01 2.792882907019164640e-02
8.846832458046977044e-01 4.652901351203936331e-01 2.899388035833604105e-02
8.867800994362601275e-01 4.612136498646826066e-01 3.005037066963790401e-02
8.889320489143154314e-01 4.569821978104843252e-01 3.109796876932464232e-02
8.910163909228780987e-01 4.528860280826579876e-01 3.136936469027630514e-02
8.931004317780322221e-01 4.487438958126373501e-01 3.163123611293477272e-02
8.951829683360790213e-01 4.445569699407280195e-01 3.188344476001735844e-02
8.972628067503610749e-01 4.403264533086340693e-01 3.212585427780002140e-02
8.993387636848749755e-01 4.360535826752019450e-01 3.235833039768116343e-02
9.014096675291318750e-01 4.317396286801431504e-01 3.258074109952985298e-02
9.034743596120268228e-01 4.273858957547129189e-01 3.279295677650729407e-02
9.055316954123980855e-01 4.229937219784370428e-01 3.299485040104071371e-02
9.075805457638939089e-01 4.185644788811001549e-01 3.318629769161998005e-02
9.096197980516983472e-01 4.140995711893353803e-01 3.336717728007912442e-02
9.116483573986167155e-01 4.096004365172870032e-01 3.353737087901793867e-02
9.136651478379710367e-01 4.050685450009532396e-01 3.369676344901258169e-02
9.156691134707178881e-01 4.005053988759571526e-01 3.384524336525897986e-02
9.176592196041710725e-01 3.959125319986382396e-01 3.398270258328886517e-02
9.196344538696872295e-01 3.912915093105031605e-01 3.410903680339519295e-02
9.215938273166608408e-01 3.866439262462254001e-01 3.422414563340200888e-02
9.235363754801719782e-01 3.819714080855351468e-01 3.432793274941326606e-02
9.254611594196335833e-01 3.772756092494937152e-01 3.442030605417566169e-02
9.273672667258040514e-01 3.725582125418018808e-01 3.450117783269253391e-02
9.292538124935535437e-01 3.678209283359453741e-01 3.457046490472903688e-02
9.312132298861893753e-01 3.627488207340814341e-01 3.542899872341360307e-02
9.331920843275913757e-01 3.575424990626735466e-01 3.627527439182971075e-02
9.351876121232750583e-01 3.522031476731954380e-01 3.710893868784145150e-02
9.371970162324628761e-01 3.467320231556533794e-01 3.792963648890641110e-02
9.392174699382490610e-01 3.411304568439466611e-01 3.873701108398286408e-02
9.412461206489498577e-01 3.353998572250077581e-01 3.953070450923773516e-02
9.432800938281268310e-01 3.295417122400474685e-01 4.031035790710923994e-02
9.453164970500410602e-01 3.235575914662403574e-01 4.107561190817846097e-02
9.473524241765451936e-01 3.174491481672490067e-01 4.182610703520216189e-02
9.493849596506499511e-01 3.112181212010997067e-01 4.256148412855515623e-02
9.514111829012175114e-01 3.048663367740971908e-01 4.328138479222529145e-02
9.534281728524386379e-01 2.983957100296962262e-01 4.398545185939792962e-02
9.554330125309510313e-01 2.918082464615431859e-01 4.467332987656055104e-02
9.574227937626560436e-01 2.851060431402558937e-01 4.534466560495210158e-02
9.593946219504980721e-01 2.782912897439329680e-01 4.599910853807699651e-02
9.613456209236851402e-01 2.713662693828693406e-01 4.663631143390079697e-02
9.632729378480670013e-01 2.643333592095075679e-01 4.725593086024416911e-02
9.651737481866405899e-01 2.571950308052732281e-01 4.785762775179495943e-02
9.670452606984424326e-01 2.499538503366250664e-01 4.844106797706535655e-02
9.688847224634085098e-01 2.426124784733978135e-01 4.900592291353338820e-02
9.706894239201470098e-01 2.351736700633243471e-01 4.955187002912605360e-02
9.724567039029810012e-01 2.276402735574916680e-01 5.007859346812596618e-02
9.741839546640861380e-01 2.200152301824095380e-01 5.058578463951531740e-02
9.758686268660733409e-01 2.123015728553474812e-01 5.107314280571108311e-02
9.775082345299592745e-01 2.045024248406203671e-01 5.154037566959437933e-02
9.791003599231309362e-01 1.966209981455714906e-01 5.198719995769519875e-02
9.806426583716484346e-01 1.886605916561072682e-01 5.241334199736248645e-02
9.821328629810498478e-01 1.806245890127754494e-01 5.281853828572885545e-02
9.835687892497252394e-01 1.725164562295411208e-01 5.320253604826982036e-02
9.849483395589165857e-01 1.643397390585947526e-01 5.356509378475967503e-02
9.862695075234821918e-01 1.560980601057180284e-01 5.390598180044051807e-02
9.875303821877378097e-01 1.477951157019265493e-01 5.422498272024744298e-02
9.887291520509509102e-01 1.394346725382964447e-01 5.452189198397188602e-02
9.898641089074274868e-01 1.310205640720572551e-01 5.479651832029677760e-02
9.909336514865848544e-01 1.225566867131851340e-01 5.504868419770093946e-02
9.919362888789491350e-01 1.140469958018532903e-01 5.527822625030659465e-02
9.928706437346570546e-01 1.054955013881788972e-01 5.548499567683208566e-02
9.937354552217639858e-01 9.690626382674216721e-02 5.566885861091195459e-02
9.945295817324747434e-01 8.828338919933356732e-02 5.582969646115771428e-02
9.952520033263001498e-01 7.963102458030271724e-02 5.596740621945442418e-02
9.959018239001116157e-01 7.095335315972982337e-02 5.608190073612005083e-02
9.964782730760979312e-01 6.225458924041022551e-02 5.617310896069536291e-02
9.969807077997288047e-01 5.353897312532893138e-02 5.624097614728135186e-02
9.974086136409793246e-01 4.481076591289898797e-02 5.628546402349774574e-02
9.977616057932746640e-01 3.607424421774023393e-02 5.630655092229886610e-02
9.980394297658502500e-01 2.733369483517910162e-02 5.630423187605122781e-02
9.982419617664975986e-01 1.859340936795229882e-02 5.627851867244931805e-02
9.983692087729575393e-01 9.857678833794961820e-03 5.622943987202090599e-02
9.984213082925301741e-01 1.130788272685210108e-03 5.615704078715000325e-02
9.983985278107796457e-01 -7.582988627498385426e-03 5.606138342272248831e-02
9.983012639315179682e-01 -1.627939486827240101e-02 5.594254637867580177e-02
9.981300412115408083e-01 -2.495419542239141197e-02 5.580062471490821602e-02
9.978855106948528730e-01 -3.360318244216439071e-02 5.563572977917419921e-02
9.975684481523552360e-01 -4.222218037660421114e-02 5.544798899875896109e-02
9.971797520341570964e-01 -5.080705098030037503e-02 5.523754563688610536e-02
9.967204411428166599e-01 -5.935369819752868425e-02 5.500455851496682813e-02
9.961916520369005212e-01 -6.785807290582292206e-02 5.474920170194562397e-02
9.955946361752732177e-01 -7.631617750402679146e-02 5.447166417213576695e-02
9.949307568134777569e-01 -8.472407033071305271e-02 5.417214943306630087e-02
9.942014856644436627e-01 -9.307786989979358050e-02 5.385087512498099721e-02
9.934083993365527832e-01 -1.013737589411419227e-01 5.350807259373727837e-02
9.925531755628005381e-01 -1.096079882351007617e-01 5.314398643894943652e-02
9.916375892354128974e-01 -1.177768802308421098e-01 5.275887403930487607e-02
9.906635082608067355e-01 -1.258768324396802030e-01 5.235300505705440394e-02
9.896328892502184171e-01 -1.339043205955971760e-01 5.192666092373732917e-02
9.885477730616695213e-01 -1.418559015764210007e-01 5.148013430924957418e-02
9.874102802091875297e-01 -1.497282160802860251e-01 5.101372857639753511e-02
9.862226061553566181e-01 -1.575179910531999683e-01 5.052775722310290374e-02
9.849870165033389746e-01 -1.652220418647293576e-01 5.002254331443346802e-02
9.837058421044843071e-01 -1.728372742299911502e-01 4.949841890663301408e-02
9.823814740975344018e-01 -1.803606858772927313e-01 4.895572446530977589e-02
9.810163588952377500e-01 -1.877893679618906075e-01 4.839480827991798906e-02
9.796129931339181418e-01 -1.951205062274319613e-01 4.781602587663181386e-02
9.781739186011949583e-01 -2.023513819176967488e-01 4.721973943166512394e-02
9.767017171566398925e-01 -2.094793724422678860e-01 4.660631718703595050e-02
9.751990056596748779e-01 -2.165019518007147703e-01 4.597613287071053434e-02
9.736684309184802100e-01 -2.234166907707806626e-01 4.532956512299043950e-02
9.721126646730938736e-01 -2.302212568669108339e-01 4.466699693092727325e-02
9.705343986252471522e-01 -2.369134140762438889e-01 4.398881507246433370e-02
9.689363395268079104e-01 -2.434910223799114093e-01 4.329540957191360673e-02
9.673212043379929570e-01 -2.499520370681481973e-01 4.258717316828089516e-02
9.656917154657769231e-01 -2.562945078583066527e-01 4.186450079785215134e-02
9.640505960921657014e-01 -2.625165778253931159e-01 4.112778909235115937e-02
9.624005656012296628e-01 -2.686164821552012305e-01 4.037743589387347148e-02
9.607443351130109388e-01 -2.745925467305087020e-01 3.961383978769437292e-02
9.590846031316304643e-01 -2.804431865611294317e-01 3.883739965394078508e-02
9.574240513141363262e-01 -2.861669040688737398e-01 3.804851423900870722e-02
9.557653403658558089e-01 -2.917622872386694821e-01 3.724758174749994571e-02
9.541111060672459177e-01 -2.972280076472353372e-01 3.643499945534506984e-02
9.524639554364842109e-01 -3.025628183807787530e-01 3.561116334467409605e-02
9.508264630313106869e-01 -3.077655518532180223e-01 3.477646776089324265e-02
9.492011673929207083e-01 -3.128351175364015302e-01 3.393130509232534370e-02
9.475905676340262707e-01 -3.177704996137237781e-01 3.307606547267368663e-02
9.459971201725509982e-01 -3.225707545684173283e-01 3.221113650647469684e-02
9.444232356118015259e-01 -3.272350087176377209e-01 3.133690301761387492e-02
9.428712757673712863e-01 -3.317624557032589627e-01 3.045374682089269092e-02
9.413435508404828234e-01 -3.361523539500600455e-01 2.956204651655108123e-02
9.398423167369601705e-01 -3.404040241017171065e-01 2.866217730757188512e-02
9.383697725305477633e-01 -3.445168464447195822e-01 2.775451083951926967e-02
9.369280580688580384e-01 -3.484902583300093504e-01 2.683941506259370641e-02
9.355192517198334112e-01 -3.523237516018001281e-01 2.591725411552093031e-02
9.341453682562530503e-01 -3.560168700426745159e-01 2.498838823083179839e-02
9.328083568754987898e-01 -3.595692068436818767e-01 2.405317366103404408e-02
9.315100993515187389e-01 -3.629804021077729370e-01 2.311196262512535404e-02
9.302524083156906709e-01 -3.662501403945101486e-01 2.216510327485007176e-02
9.290370256630874346e-01 -3.693781483135907262e-01 2.121293968005904390e-02
9.278656210804862026e-01 -3.723641921743092165e-01 2.025581183249334019e-02
9.267397906923373618e-01 -3.752080756976787224e-01 1.929405566727791441e-02
9.256610558208199224e-01 -3.779096377975170173e-01 1.832800310138037181e-02
9.246308618560507009e-01 -3.804687504363963857e-01 1.735798208826276959e-02
9.236505772324934416e-01 -3.828853165619482413e-01 1.638431668793056267e-02
9.227214925076169250e-01 -3.851592681286135633e-01 1.540732715156233230e-02
9.218448195388858624e-01 -3.872905642095322287e-01 1.442733001988637936e-02
9.210216907552315480e-01 -3.892791892028766854e-01 1.344463823445573095e-02
9.202531585192340602e-01 -3.911251511365517186e-01 1.245956126096106099e-02
9.195401945763583829e-01 -3.928284800748091943e-01 1.147240522371153169e-02
9.188836895877191546e-01 -3.943892266299610094e-01 1.048347305040628688e-02
9.182844527430005233e-01 -3.958074605820167124e-01 9.493064626314077700e-03
9.177432114503261129e-01 -3.970832696087256419e-01 8.501476956975152766e-03
9.172606111000611850e-01 -3.982167581281645385e-01 7.509004338537908323e-03
9.169760240575205446e-01 -3.989011532008684968e-01 5.730755309851873897e-03
9.167978929514621900e-01 -3.993319279119108556e-01 3.954125719891786982e-03
9.167264773316419202e-01 -3.995094688327316401e-01 2.179531066742294160e-03
9.167618052567492182e-01 -3.994341331777475634e-01 4.073849251956230232e-04
9.169036741764566845e-01 -3.991062487635116396e-01 -1.361900098768571319e-03
9.171516518752256264e-01 -3.985261144898210595e-01 -3.127911418812978801e-03
9.175050774788867658e-01 -3.976940013386031647e-01 -4.890235527987319385e-03
9.179630625270321920e-01 -3.966101538855925090e-01 -6.648457070969285981e-03
9.185244921162302179e-01 -3.952747923189812163e-01 -8.402157932364952980e-03
9.191880261210085834e-01 -3.936881149583728590e-01 -1.015091634461911564e-02
9.199521005014260622e-01 -3.918503012664833474e-01 -1.189430601907787328e-02
9.208149287078672973e-01 -3.897615153451009506e-01 -1.363189530374154385e-02
9.217745031954338586e-01 -3.874219099058326399e-01 -1.536324637124452872e-02
9.228285970619619638e-01 -3.848316307051167229e-01 -1.708791444059894193e-02
9.239747658252602802e-01 -3.819908214318636364e-01 -1.880544703623939287e-02
9.252103493566214976e-01 -3.788996290348920493e-01 -2.051538328790568355e-02
9.265324739890092864e-01 -3.755582094760497314e-01 -2.221725327489693785e-02
9.279380548195408362e-01 -3.719667338935446765e-01 -2.391057741822286489e-02
9.294237982269721865e-01 -3.681253951585584661e-01 -2.559486592416390649e-02
9.309862046258271517e-01 -3.640344148066689267e-01 -2.726961828272977950e-02
9.326215714795872413e-01 -3.596940503239746678e-01 -2.893432282447355730e-02
9.343259965959601621e-01 -3.551046027660911264e-01 -3.058845633907375863e-02
9.360953817276617128e-01 -3.502664246863795849e-01 -3.223148375903799046e-02
9.379254365023623752e-01 -3.451799283478864111e-01 -3.386285791180612681e-02
9.398116827054574518e-01 -3.398455941915122236e-01 -3.548201934343710867e-02
9.417494589391030013e-01 -3.342639795309151340e-01 -3.708839621694862837e-02
9.437339256805107324e-01 -3.284357274425874218e-01 -3.868140428824170390e-02
9.457600707617987990e-01 -3.223615758174466217e-01 -4.026044696238019471e-02
9.478227152927459764e-01 -3.160423665381659197e-01 -4.182491543280706520e-02
9.499165200465818915e-01 -3.094790547443544981e-01 -4.337418890586290654e-02
9.520359923274612779e-01 -3.026727181456053128e-01 -4.490763491272657670e-02
9.541754933365094171e-01 -2.956245663403810342e-01 -4.642460971062169206e-02
9.563292460512831106e-01 -2.883359500967292988e-01 -4.792445877482486016e-02
9.584913436311692791e-01 -2.808083705489359261e-01 -4.940651738267194670e-02
9.606557583586395888e-01 -2.730434882624663828e-01 -5.087011129038656460e-02
9.628163511234010263e-01 -2.650431321179382294e-01 -5.231455750315082420e-02
9.649668814533329808e-01 -2.568093079634446996e-01 -5.373916513840275300e-02
9.671010180926959965e-01 -2.483442069833387000e-01 -5.514323638187850624e-02
9.692123501244451766e-01 -2.396502137306230629e-01 -5.652606753542247647e-02
9.712943986296040944e-01 -2.307299137694018287e-01 -5.788695015506613306e-02
9.733406288725696687e-01 -2.215861008734655857e-01 -5.922517227733009593e-02
9.753444629969578727e-01 -2.122217837270352070e-01 -6.054001973113593005e-02
9.772992932121815635e-01 -2.026401920740041607e-01 -6.183077753212884442e-02
9.791984954464217905e-01 -1.928447822627236963e-01 -6.309673135561312540e-02
9.810354434370388566e-01 -1.828392421344905150e-01 -6.433716908369432885e-02
9.828035232248141240e-01 -1.726274952054435152e-01 -6.555138242161029360e-02
9.844961480137623955e-01 -1.622137040935706376e-01 -6.673866857762313087e-02
9.861067733536499347e-01 -1.516022731449791217e-01 -6.789833200024196491e-02
9.876289125978496841e-01 -1.407978502165009027e-01 -6.902968616595811513e-02
9.890561525848073909e-01 -1.298053275750901125e-01 -7.013205541010700261e-02
9.903821694872398940e-01 -1.186298418783170994e-01 -7.120477679293099604e-02
9.916007447692836152e-01 -1.072767732045643296e-01 -7.224720199241191354e-02
9.927057811882219474e-01 -9.575174310626508034e-02 -7.325869921497758785e-02
9.936913187741852616e-01 -8.406061166467572454e-02 -7.423865511477112378e-02
9.945515507183965154e-01 -7.220947353020473747e-02 -7.518647671180973824e-02
9.952808390981729980e-01 -6.020465293820235347e-02 -7.610159329906049375e-02
9.958737303650367911e-01 -4.805269769630009236e-02 -7.698345832822678370e-02
9.963249705209736851e-01 -3.576037214583263624e-02 -7.783155126387894529e-02
9.966295199071508737e-01 -2.333464910652030544e-02 -7.864537939547891487e-02
9.967825675292831811e-01 -1.078270082038076949e-02 -7.942447959684632852e-02
9.967795448443574902e-01 1.888111082289993872e-03 -8.016842002269551626e-02
9.966161389345941091e-01 1.467024656514252269e-02 -8.087680173204105094e-02
9.962883049963571214e-01 2.755599907965019385e-02 -8.154926022852550249e-02
9.957922780742229918e-01 4.053750832738117760e-02 -8.218546690806681487e-02
9.951245839735674004e-01 5.360677384090871411e-02 -8.278513040465304562e-02
9.942820492888253536e-01 6.675566932737311832e-02 -8.334799782562747616e-02
9.932618104889862076e-01 7.997595771282284272e-02 -8.387385586840345741e-02
9.920613220068779103e-01 9.325930681998714777e-02 -8.436253181122177480e-02
9.906783632843279008e-01 1.065973056071344294e-01 -8.481389437130833209e-02
9.891110447313138376e-01 1.199814808912074426e-01 -8.522785442459987482e-02
9.873578125636802705e-01 1.334033144745545019e-01 -8.560436558207296098e-02
9.854174524908339006e-01 1.468542605913409349e-01 -8.594342461862833349e-02
9.832890922319739158e-01 1.603257635871682685e-01 -8.624507175143968085e-02
9.809722028467888766e-01 1.738092757435815983e-01 -8.650939076566367680e-02
9.784665988740861575e-01 1.872962751580306284e-01 -8.673650898641599438e-02
9.757724372794316370e-01 2.007782835894817985e-01 -8.692659709693664749e-02
9.728902152204862430e-01 2.142468841802616653e-01 -8.707986880388532414e-02
9.698207666462583809e-01 2.276937389658391930e-01 -8.719658035171436172e-02
9.665652577538585977e-01 2.411106060861139544e-01 -8.727702988905196302e-02
9.631251813334771317e-01 2.544893566143431318e-01 -8.732155669098212725e-02
9.595023500391332005e-01 2.678219909230803997e-01 -8.733054024202008270e-02
9.556988886291910568e-01 2.811006545103738596e-01 -8.730439918544456723e-02
9.517172252266540289e-01 2.943176532139302748e-01 -8.724359014545214619e-02
9.475600816547606886e-01 3.074654677459411345e-01 -8.714860642933719426e-02
9.432304629083876346e-01 3.205367674867282690e-01 -8.701997661756712132e-02
9.387316458261505403e-01 3.335244234812294595e-01 -8.685826305021122906e-02
9.340671670318757558e-01 3.464215205885460280e-01 -8.666406021868787446e-02
9.292408102172484696e-01 3.592213687412396106e-01 -8.643799307221676498e-02
9.242565928399261166e-01 3.719175132777231552e-01 -8.618071524869740097e-02
9.191187523132251513e-01 3.845037443178675463e-01 -8.589290723998148358e-02
9.138317317646468263e-01 3.969741051587704628e-01 -8.557527450166604877e-02
9.084001654410173154e-01 4.093228996744359693e-01 -8.522854551760615516e-02
9.028288638378894060e-01 4.215446987098259712e-01 -8.485346982933446303e-02
8.971227986301186785e-01 4.336343454663042496e-01 -8.445081604048193524e-02
8.912870874792111486e-01 4.455869598818414934e-01 -8.402136980612427697e-02
8.853269787911823840e-01 4.573979420154313247e-01 -8.356593181673672988e-02
8.792478364963078885e-01 4.690629744509356436e-01 -8.308531578613141677e-02
8.730551249193291286e-01 4.805780237409887912e-01 -8.258034645238199190e-02
8.667543938054531605e-01 4.919393409166096798e-01 -8.205185760031701026e-02
8.603512635639036787e-01 5.031434610927693063e-01 -8.150069011369204253e-02
8.538514107868897529e-01 5.141872022043145751e-01 -8.092769006463911008e-02
8.472605540977196092e-01 5.250676629103427917e-01 -8.033370684744609025e-02
8.405844403774421769e-01 5.357822197083422777e-01 -7.971959136314703265e-02
8.338288314149097102e-01 5.463285233021627496e-01 -7.908619426081170412e-02
8.269994910205633598e-01 5.567044942701518950e-01 -7.843436424081802472e-02
8.201021726396042766e-01 5.669083180816000267e-01 -7.776494642477839447e-02
8.131426074955681038e-01 5.769384395109887764e-01 -7.707878079617869194e-02
8.061264932907111769e-01 5.867935565004486209e-01 -7.637670071518042059e-02
7.990594834850892614e-01 5.964726135213245239e-01 -7.565953151043883218e-02
7.919471771717899733e-01 6.059747944858437929e-01 -7.492808915020700289e-02
7.847951095615085526e-01 6.152995152596041351e-01 -7.418317899443184482e-02
7.776087430855546101e-01 6.244464158249817265e-01 -7.342559462900700995e-02
7.703934591224745887e-01 6.334153521446251878e-01 -7.265611678283254160e-02
7.631545503497880745e-01 6.422063877729830006e-01 -7.187551232784451793e-02
7.558972137188793017e-01 6.508197852623445190e-01 -7.108453336172236570e-02
7.486265440478786504e-01 6.592559974081809715e-01 -7.028391637255809732e-02
7.413475282244116338e-01 6.675156583766912455e-01 -6.947438148438213334e-02
7.340650400073998050e-01 6.755995747554158770e-01 -6.865663178208493422e-02
7.267838354146630708e-01 6.835087165656084096e-01 -6.783135271395325516e-02
7.195085486809030817e-01 6.912442082727784376e-01 -6.699921156975352510e-02
7.122436887687343399e-01 6.988073198294684207e-01 -6.616085703204337143e-02
7.049936364137706635e-01 7.061994577819274976e-01 -6.531691879817387580e-02
6.977626416833627720e-01 7.134221564699132490e-01 -6.446800727025948918e-02
6.905548220274053683e-01 7.204770693464230824e-01 -6.361471331023828280e-02
6.833741607986839606e-01 7.273659604417346269e-01 -6.275760805702075562e-02
6.762245062194977008e-01 7.340906959937500975e-01 -6.189724280262944023e-02
6.691095707707594986e-01 7.406532362643000189e-01 -6.103414892416244436e-02
6.620329309794338313e-01 7.470556275587866280e-01 -6.016883786836953185e-02
6.549980275800010299e-01 7.532999944643432588e-01 -5.930180118560833546e-02
6.480081660256294951e-01 7.593885323195685988e-01 -5.843351060994823182e-02
6.410665173248747406e-01 7.653234999268697658e-01 -5.756441818220890683e-02
6.341761191799933917e-01 7.711072125165201463e-01 -5.669495641275731218e-02
6.273398774033490666e-01 7.767420349697160553e-01 -5.582553848093940035e-02
6.205605675888790085e-01 7.822303753062036513e-01 -5.495655846808908396e-02
6.138408370161743122e-01 7.875746784404421552e-01 -5.408839162113544818e-02
6.071832067653888387e-01 7.927774202087785049e-01 -5.322139464391779234e-02
6.005900740219217715e-01 7.978411016687282364e-01 -5.235590601341576916e-02
5.940637145506025840e-01 8.027682436701886193e-01 -5.149224631820666781e-02
5.876062853199363056e-01 8.075613816972498915e-01 -5.063071861657263140e-02
5.812198272578316116e-01 8.122230609782169486e-01 -4.977160881179596569e-02
5.751196758039163193e-01 8.166344069932119920e-01 -4.843144903421439662e-02
5.691540874522394988e-01 8.208807630367633834e-01 -4.709988387994774872e-02
5.633249031337139723e-01 8.249663764571851798e-01 -4.577698859509760770e-02
5.576338111200505043e-01 8.288954048488252901e-01 -4.446281579016952284e-02
5.520823549481435055e-01 8.326719125605250849e-01 -4.315739647906195742e-02
5.466719411655324157e-01 8.362998676262245468e-01 -4.186074109622962836e-02
5.414038468836365192e-01 8.397831390899822557e-01 -4.057284049039502904e-02
5.362792271275089728e-01 8.431254946983774978e-01 -3.929366689346190655e-02
5.312991219727467573e-01 8.463305989340450530e-01 -3.802317486354334086e-02
5.264644634619265462e-01 8.494020113649438652e-01 -3.676130220125591042e-02
5.217760822945214372e-01 8.523431852848665224e-01 -3.550797083865067649e-02
5.172347142856921209e-01 8.551574666216446019e-01 -3.426308770035223217e-02
5.128410065906489068e-01 8.578480930904823776e-01 -3.302654553665988757e-02
5.085955236924509792e-01 8.604181935708506979e-01 -3.179822372853078477e-02
5.044987531521559765e-01 8.628707876863819237e-01 -3.057798906451460880e-02
5.005511111211630171e-01 8.652087855682203399e-01 -2.936569648984437356e-02
4.967529476164115332e-01 8.674349877832915334e-01 -2.816118982800835946e-02
4.931045515598146967e-01 8.695520854099558772e-01 -2.696430247523598500e-02
4.896061555839270607e-01 8.715626602444958015e-01 -2.577485806842564828e-02
4.862579406063770038e-01 8.734691851228553183e-01 -2.459267112712664599e-02
4.828853265170279241e-01 8.753593812207591807e-01 -2.382680804567310212e-02
4.796093681017439825e-01 8.771789257645350446e-01 -2.306486212977252107e-02
4.764302033651381940e-01 8.789292744020180681e-01 -2.230680535510666182e-02
4.733479415273180169e-01 8.806118402225640018e-01 -2.155260446687330342e-02
4.703626648228677043e-01 8.822279936517746224e-01 -2.080222124063892467e-02
4.674744302344287505e-01 8.837790623953617475e-01 -2.005561273550471313e-02
4.646832711611276201e-01 8.852663314280169171e-01 -1.931273153967646983e-02
4.619891990222296796e-01 8.866910430233450047e-01 -1.857352600854832864e-02
4.593922047965139366e-01 8.880543968211136452e-01 -1.783794049542768850e-02
4.568922604979630542e-01 8.893575499282548869e-01 -1.710591557504442112e-02
4.544893205884517617e-01 8.906016170502446538e-01 -1.637738826000145406e-02
4.521833233281921105e-01 8.917876706496609129e-01 -1.565229221033618071e-02
4.499741920647584714e-01 8.929167411289021805e-01 -1.493055793637322951e-02
4.478618364615681302e-01 8.939898170342170935e-01 -1.421211299505864729e-02
4.458461536667382430e-01 8.950078452783627458e-01 -1.349688217997402871e-02
4.439270294232732228e-01 8.959717313793735816e-01 -1.278478770523625886e-02
4.421043391215639939e-01 8.968823397130780695e-01 -1.207574938349477607e-02
4.403779487951981486e-01 8.977404937771533699e-01 -1.136968479824339816e-02
4.387477160610921412e-01 8.985469764646554225e-01 -1.066650947066809241e-02
4.372134910049609857e-01 8.993025303451039898e-01 -9.966137021255526765e-03
4.359261466046630007e-01 8.999384672768160343e-01 -8.896713731634283209e-03
4.347847998798393676e-01 9.005003344801220111e-01 -7.831161604372921178e-03
4.337892171351170334e-01 9.009889536342343686e-01 -6.769211742033533381e-03
4.329391642228423986e-01 9.014050537367033211e-01 -5.710594072531030921e-03
4.322344075740199298e-01 9.017492718276040042e-01 -4.655037638449881394e-03
4.316747150815266054e-01 9.020221536717325517e-01 -3.602270878517302606e-03
4.312598568382842168e-01 9.022241543970260791e-01 -2.552021902199701903e-03
4.309896057328205798e-01 9.023556390878010314e-01 -1.504018758379559650e-03
4.308637379043985249e-01 9.024168833317700589e-01 -4.579896990601890847e-04
4.308820330596352943e-01 9.024080737201524149e-01 5.863365609639851345e-04
4.310442746522807900e-01 9.023293083005368143e-01 1.629230587543774875e-03
4.313502499275678193e-01 9.021805969824927551e-01 2.670961972800056129e-03
4.317997498322961869e-01 9.019618618962573775e-01 3.711799082028530671e-03
4.323925687915621818e-01 9.016729377051496686e-01 4.752008800985370318e-03
4.331285043528003698e-01 9.013135718726866807e-01 5.791856282664068975e-03
4.340073566975644059e-01 9.008834248856983917e-01 6.831604692683122468e-03
4.350289280212395471e-01 9.003820704350575799e-01 7.871514952413415089e-03
4.361930217806535559e-01 8.998089955559654962e-01 8.911845478983469043e-03
4.374994418093337556e-01 8.991636007300572997e-01 9.952851921310094593e-03
4.389479912999503242e-01 8.984451999519238452e-01 1.099478689131154312e-02
4.405384716532864675e-01 8.976530207629800362e-01 1.203789968947018701e-02
4.422706811928917570e-01 8.967862042559531233e-01 1.308243602392206682e-02
4.441444137444002793e-01 8.958438050536158270e-01 1.412863772226158852e-02
4.461594570783382063e-01 8.948247912657484315e-01 1.517674243526139638e-02
4.483155912151020606e-01 8.937280444286848091e-01 1.622698333172007193e-02
4.506125865906650541e-01 8.925523594321796983e-01 1.727958878366420495e-02
4.530502020814626274e-01 8.912964444387285745e-01 1.833478204114656271e-02
4.556281828868242734e-01 8.899589208008786834e-01 1.939278089589901999e-02
4.583462582672571117e-01 8.885383229824919127e-01 2.045379733311764384e-02
4.612041391368499887e-01 8.870330984903537219e-01 2.151803717067837449e-02
4.642015155080573274e-01 8.854416078229744302e-01 2.258569968510516779e-02
4.673380537871418827e-01 8.837621244438936818e-01 2.365697722363887048e-02
4.706133939186076809e-01 8.819928347872771912e-01 2.473205480178449975e-02
4.740271463770394100e-01 8.801318383040922511e-01 2.581110968574776982e-02
4.775788890048891511e-01 8.781771475576549690e-01 2.689431095920860257e-02
4.812681636949130981e-01 8.761266883778667802e-01 2.798181907392075299e-02
4.850944729161681956e-01 8.739783000839923544e-01 2.907378538367275805e-02
4.890572760827296972e-01 8.717297357863789120e-01 3.017035166119675510e-02
4.931559857645924638e-01 8.693786627780730747e-01 3.127164959766871172e-02
4.973899637405730378e-01 8.669226630278594747e-01 3.237780028450670117e-02
5.017585168934386441e-01 8.643592337868134523e-01 3.348891367724369378e-02
5.062608929479590625e-01 8.616857883210383706e-01 3.460508804132814836e-02
5.108962760531101654e-01 8.588996567838304008e-01 3.572640937979019993e-02
5.156637822102561053e-01 8.559980872410868358e-01 3.685295084280394706e-02
5.205624545498059863e-01 8.529782468643372084e-01 3.798477211927737962e-02
5.255912584595843207e-01 8.498372233063288261e-01 3.912191881071198918e-02
5.307490765689725221e-01 8.465720262746317948e-01 4.026442178769394642e-02
5.360347035937794713e-01 8.431795893192395308e-01 4.141229652950857015e-02
5.414468410477802918e-01 8.396567718506237066e-01 4.256554244751022814e-02
5.469840918279310626e-01 8.360003614051427778e-01 4.372414219303101535e-02
5.526449546814232727e-01 8.322070761751073631e-01 4.488806095077372410e-02
5.584278185639875991e-01 8.282735678211460284e-01 4.605724571880860652e-02
5.643309569001939696e-01 8.241964245848035775e-01 4.723162457647853141e-02
5.703525217579233919e-01 8.199721747195091170e-01 4.841110594171448012e-02
5.764905379507099248e-01 8.155972902581822837e-01 4.959557781947208921e-02
5.827428970832602140e-01 8.110681911357759954e-01 5.078490704322059096e-02
5.891073515571636499e-01 8.063812496849792621e-01 5.197893851164742812e-02
5.955815085555905553e-01 8.015327955231110746e-01 5.317749442298504159e-02
6.021628240276487576e-01 7.965191208479075469e-01 5.438037350961990452e-02
6.088485966950143435e-01 7.913364861594321953e-01 5.558735027590748501e-02
6.156359621054703357e-01 7.859811264247045237e-01 5.679817424238924051e-02
6.225218867600654793e-01 7.804492577008319554e-01 5.801256919988807825e-02
6.295031623427344014e-01 7.747370842314327266e-01 5.923023247724552159e-02
6.365764000833880054e-01 7.688408060299315450e-01 6.045083422675539414e-02
6.437380252876767628e-01 7.627566269618899497e-01 6.167401673164354947e-02
6.509842720688285844e-01 7.564807633368756390e-01 6.289939374023852114e-02
6.583111783191546440e-01 7.500094530184765462e-01 6.412654983177190626e-02
6.657145809609731346e-01 7.433389650589027342e-01 6.535503981903653670e-02
6.731901115188061446e-01 7.364656098621930047e-01 6.658438819341258585e-02
6.807331920567267769e-01 7.293857498773307357e-01 6.781408861804268107e-02
6.883390315266479931e-01 7.220958108195807412e-01 6.904360347519346297e-02
6.960026225751188012e-01 7.145922934150659156e-01 7.027236347407897488e-02
7.037187388577974545e-01 7.068717856600212901e-01 7.149976732563576021e-02
7.114819329121646607e-01 6.989309755822797898e-01 7.272518149092688233e-02
7.192865346401927651e-01 6.907666644883732054e-01 7.394794001000672135e-02
7.271266504535552899e-01 6.823757806751737931e-01 7.516734441819525325e-02
7.349961631345064417e-01 6.737553935802725880e-01 7.638266375678472164e-02
7.428887324657440505e-01 6.649027283403052824e-01 7.759313468522752166e-02
7.507977966823455862e-01 6.558151807212141415e-01 7.879796170182583326e-02
7.587165747981992059e-01 6.464903323790105460e-01 7.999631747985636032e-02
7.665293898270526540e-01 6.371416658411671596e-01 8.051828196277324712e-02
7.742775081405103288e-01 6.276376340357671113e-01 8.102679980094372458e-02
7.819562801876664970e-01 6.179795166405536166e-01 8.152112886095923272e-02
7.895610293986603523e-01 6.081688060484402580e-01 8.200052301286128720e-02
7.970870613086474821e-01 5.982072120023204098e-01 8.246423333513336340e-02
8.045296730867084189e-01 5.880966657957445998e-01 8.291150937442305635e-02
8.118841634489831760e-01 5.778393240035215594e-01 8.334160045728830624e-02
8.191458429321354373e-01 5.674375717070663239e-01 8.375375705084177336e-02
8.263100445000586269e-01 5.568940251803804475e-01 8.414723216874615830e-02
8.333721344535548470e-01 5.462115340039138678e-01 8.452128281859416781e-02
8.403275236095864020e-01 5.353931825752290541e-01 8.487517148629396269e-02
8.471716787136409632e-01 5.244422909873739380e-01 8.520816765267823223e-02
8.539001340458015621e-01 5.133624152481636171e-01 8.551954933716640617e-02
8.605085031783019645e-01 5.021573468161751874e-01 8.580860466294039368e-02
8.669924908397148577e-01 4.908311114321618485e-01 8.607463343774730824e-02
8.733479048384865662e-01 4.793879672277870374e-01 8.631694874412415563e-02
8.795706679963449792e-01 4.678324020970447417e-01 8.653487853255216466e-02
8.856568300401861382e-01 4.561691303194558289e-01 8.672776721079744622e-02
8.916025793994263315e-01 4.444030884280849025e-01 8.689497722248398781e-02
8.974042548545170250e-01 4.325394303195843060e-01 8.703589060777743025e-02
9.031217901215866650e-01 4.202843221289834785e-01 8.793248812253975921e-02
9.087301160721736881e-01 4.078276626794529736e-01 8.880414070045034025e-02
9.142216044154067855e-01 3.951730698357314164e-01 8.964990031771166712e-02
9.195886904790866456e-01 3.823245138898976880e-01 9.046882431930325374e-02
9.248238925222030948e-01 3.692863198246921219e-01 9.125997799676599520e-02
9.299198314835790402e-01 3.560631683508999057e-01 9.202243722367867140e-02
9.348692510835934222e-01 3.426600956645575180e-01 9.275529113778718804e-02
9.396650381896520798e-01 3.290824918759179263e-01 9.345764485791668852e-02
9.443002433502588611e-01 3.153360980690290694e-01 9.412862222302828541e-02
9.487681013972852906e-01 3.014270019584104343e-01 9.476736854008753486e-02
9.530620520114239103e-01 2.873616321176064026e-01 9.537305332680301451e-02
9.571757601419306205e-01 2.731467507632932556e-01 9.594487303478113627e-02
9.611031361686952490e-01 2.587894450880509067e-01 9.648205373823881548e-02
9.648383556924894355e-01 2.442971171447982925e-01 9.698385377312811195e-02
9.683758788380074645e-01 2.296774722961423543e-01 9.744956631136482417e-02
9.717104689540736473e-01 2.149385062524016010e-01 9.787852185482392997e-02
9.748372105962016532e-01 2.000884907327314111e-01 9.827009063387376342e-02
9.777515266785677950e-01 1.851359577944786117e-01 9.862368489547233830e-02
9.804491946854330120e-01 1.700896828865106070e-01 9.893876106624510669e-02
9.829263618361095967e-01 1.549586666926729972e-01 9.921482177650407797e-02
9.852141294559434437e-01 1.401085565193189442e-01 9.860382103555999367e-02
9.872685237151702653e-01 1.253231227845052753e-01 9.795396349556985405e-02
9.890927104251006075e-01 1.106121432171126434e-01 9.726544051468427599e-02
9.906902381049819128e-01 9.598527518440275186e-02 9.653849494197708214e-02
9.920650280463439996e-01 8.145203548582467812e-02 9.577341984361077698e-02
9.932213630628957679e-01 6.702178096291690201e-02 9.497055706037586809e-02
9.941638749990714397e-01 5.270369001800111891e-02 9.413029560657779071e-02
9.948975310774812453e-01 3.850674512665686750e-02 9.325306992120488414e-02
9.954276191718226530e-01 2.443971642065217997e-02 9.233935798315756616e-02
9.957597320972100263e-01 1.051114640918873397e-02 9.138967930304581211e-02
9.958997510143360321e-01 -3.270664102891460492e-03 9.040459280466404957e-02
9.958538280473746562e-01 -1.689766885078679629e-02 8.938469460972693625e-02
9.956283682180522288e-01 -3.036208765982339325e-02 8.833061573979443526e-02
9.952300107998619527e-01 -4.365641668020323746e-02 8.724301974953065086e-02
9.946656101969894026e-01 -5.677343728636170817e-02 8.612260030553016421e-02
9.939422164521800607e-01 -6.970622363043499359e-02 8.497007872491157965e-02
9.930670554865557165e-01 -8.244814884865249438e-02 8.378620148772604470e-02
9.920475091723204297e-01 -9.499288992845823787e-02 8.257173773696459274e-02
9.908910953364494789e-01 -1.073344312527491906e-01 8.132747677958025723e-02
9.896054477898866830e-01 -1.194670668457259860e-01 8.005422560147731903e-02
9.880829805028172874e-01 -1.317433325226768093e-01 7.959723208192359678e-02
9.864211890323067999e-01 -1.439270452071707562e-01 7.910906932642979006e-02
9.846237021902073394e-01 -1.560120095744590429e-01 7.859019850977959354e-02
9.826943603149034256e-01 -1.679922057747037789e-01 7.804110670630409752e-02
9.806372041823271379e-01 -1.798617978375633697e-01 7.746230545833900083e-02
9.784564635114674225e-01 -1.916151413092661848e-01 7.685432929276257707e-02
9.761565451228250145e-01 -2.032467901044324454e-01 7.621773419344832212e-02
9.737420208086621232e-01 -2.147515025599401051e-01 7.555309603752295711e-02
9.712176149738377395e-01 -2.261242466831042408e-01 7.486100900331776886e-02
9.685881921055273791e-01 -2.373602045913104641e-01 7.414208395784011030e-02
9.658587441292127984e-01 -2.484547761449673320e-01 7.339694683147562904e-02
9.630343777070259348e-01 -2.594035817801859101e-01 7.262623698746381584e-02
9.601203015328613199e-01 -2.702024645519196522e-01 7.183060559347272112e-02
9.571218136766702633e-01 -2.808474914023776359e-01 7.101071400233789632e-02
9.540442890280443899e-01 -2.913349536733308986e-01 7.016723214873007985e-02
9.508931668866272835e-01 -3.016613668844450591e-01 6.930083696817977701e-02
9.476739387440882290e-01 -3.118234698029752616e-01 6.841221084452016321e-02
9.443921362993960011e-01 -3.218182228330375150e-01 6.750204009141720640e-02
9.410533197459726162e-01 -3.316428057552179842e-01 6.657101347324194396e-02
9.376630663660275866e-01 -3.412946148494906962e-01 6.561982077011002668e-02
9.342269594640068009e-01 -3.507712594362876191e-01 6.464915139147189849e-02
9.307505776676657794e-01 -3.600705578721013489e-01 6.365969304218813130e-02
9.272394846218381392e-01 -3.691905330372119987e-01 6.265213044457287883e-02
9.236992190965331861e-01 -3.781294073540193978e-01 6.162714411943770454e-02
9.201352855276017095e-01 -3.868855973750474075e-01 6.058540922872277662e-02
9.165531450048780560e-01 -3.954577079799781458e-01 5.952759448186512731e-02
9.129582067194607076e-01 -4.038445262210908493e-01 5.845436110762818049e-02
9.093558198786594327e-01 -4.120450148562394554e-01 5.736636189270549052e-02
9.057512660941281490e-01 -4.200583056080230415e-01 5.626424028801729760e-02
9.021497522458400420e-01 -4.278836921871072563e-01 5.514862958324291686e-02
8.985564038218527561e-01 -4.355206231167615960e-01 5.402015214977719942e-02
8.949762587312728446e-01 -4.429686943946088973e-01 5.287941875196640329e-02
8.914142615854658835e-01 -4.502276420263629508e-01 5.172702792616928891e-02
8.878752584403772907e-01 -4.572973344649748917e-01 5.056356542690346179e-02
8.843639919908345970e-01 -4.641777649871467459e-01 4.938960373907568674e-02
8.808850972058959172e-01 -4.708690440376130937e-01 4.820570165505819876e-02
8.774430973926886645e-01 -4.773713915699666632e-01 4.701240391516087885e-02
8.740424006747534724e-01 -4.836851294111244037e-01 4.581024090986123010e-02
8.706872968696544035e-01 -4.898106736748167878e-01 4.459972844199003306e-02
8.673819547495473792e-01 -4.957485272477502591e-01 4.338136754692945019e-02
8.641304196674981508e-01 -5.014992723703574073e-01 4.215564436876169385e-02
8.609366115316059442e-01 -5.070635633323240521e-01 4.092303009020886034e-02
8.578043231084139242e-01 -5.124421193013795062e-01 3.968398091412735085e-02
8.547372186366571922e-01 -5.176357173021693958e-01 3.843893809426210395e-02
8.517388327321147035e-01 -5.226451853604060505e-01 3.718832801292548673e-02
8.488125695641736135e-01 -5.274713958259212854e-01 3.593256230324191891e-02
8.459617022846805945e-01 -5.321152588867351652e-01 3.467203801359061699e-02
8.431893726897340402e-01 -5.365777162848125448e-01 3.340713781188406339e-02
8.404985910952503803e-01 -5.408597352428053950e-01 3.213823022733757612e-02
8.378922364074137263e-01 -5.449623026097841771e-01 3.086566992741425139e-02
8.353730563694760081e-01 -5.488864192327418401e-01 2.958979802766841319e-02
8.329436679668098531e-01 -5.526330945595204769e-01 2.831094243225803359e-02
8.306065579726172876e-01 -5.562033414777517448e-01 2.702941820295148845e-02
8.283640836172576627e-01 -5.595981713934321533e-01 2.574552795451488796e-02
8.262184733647693902e-01 -5.628185895518623694e-01 2.445956227443235598e-02
8.241718277808155468e-01 -5.658655906028691174e-01 2.317180016498160411e-02
8.222261204769749643e-01 -5.687401544114984997e-01 2.188250950576014695e-02
8.203831991170246196e-01 -5.714432421147148666e-01 2.059194753483257687e-02
8.186447864716059897e-01 -5.739757924240611597e-01 1.930036134674544337e-02
8.170124815084373049e-01 -5.763387181737295029e-01 1.800798840573281101e-02
8.156740229085118754e-01 -5.782899834019665786e-01 1.601824287971259642e-02
8.145053614696525779e-01 -5.799863519826667924e-01 1.403026406407585289e-02
8.135079225948695925e-01 -5.814290994856837758e-01 1.204420227855159189e-02
8.126828847941167666e-01 -5.826193627455619195e-01 1.006019791096044065e-02
8.120311823333890011e-01 -5.835581370480977803e-01 8.078383021022655583e-03
8.115535075897125639e-01 -5.842462739449980624e-01 6.098882946476938405e-03
8.112503131013313329e-01 -5.846844796873266192e-01 4.121817909290592316e-03
8.111218133053361701e-01 -5.848733142695278220e-01 2.147304619877147061e-03
8.111679859578785345e-01 -5.848131910769744923e-01 1.754578773431074087e-04
8.113885732349542801e-01 -5.845043771311879688e-01 -1.793607836139120629e-03
8.117830825145505580e-01 -5.839469939280947930e-01 -3.759776768689701999e-03
8.123507868437226387e-01 -5.831410188659006399e-01 -5.722930321653213817e-03
8.130907250969147126e-01 -5.820862872603504989e-01 -7.682945483959651919e-03
8.140017018345694355e-01 -5.807824949462923048e-01 -9.639693279813073279e-03
8.150822868737859217e-01 -5.792292014655403554e-01 -1.159303723167724731e-02
8.163308145854973885e-01 -5.774258338420305003e-01 -1.354283184062605311e-02
8.177453829353458215e-01 -5.753716909461491502e-01 -1.548892108625108191e-02
8.193238522881419739e-01 -5.730659484508807688e-01 -1.743113694846916417e-02
8.210638439985106229e-01 -5.705076643830385708e-01 -1.936929795374668986e-02
8.229627388130409393e-01 -5.676957852732958942e-01 -2.130320774845454943e-02
8.250176751119813190e-01 -5.646291529090039507e-01 -2.323265370228535381e-02
8.272255470212437345e-01 -5.613065116938461552e-01 -2.515740554490160374e-02
8.295830024282001558e-01 -5.577265166182214795e-01 -2.707721403923747314e-02
8.320864409374633119e-01 -5.538877418438471478e-01 -2.899180969514561501e-02
8.347320118055306937e-01 -5.497886899054120757e-01 -3.090090152736118742e-02
8.375156118958286822e-01 -5.454278015311738725e-01 -3.280417586204530112e-02
8.404328836982990492e-01 -5.408034660831610996e-01 -3.470129519646616978e-02
8.434792134602143721e-01 -5.359140326161028201e-01 -3.659189711667481387e-02
8.466497294773657201e-01 -5.307578215523445220e-01 -3.847559327832947296e-02
8.499393005971136450e-01 -5.253331369678124751e-01 -4.035196845611483535e-02
8.533425349870032983e-01 -5.196382794815472828e-01 -4.222057966748424263e-02
8.568537792246923024e-01 -5.136715597384343690e-01 -4.408095537672042374e-02
8.604671177667865267e-01 -5.074313124715115197e-01 -4.593259478555791753e-02
8.641763728557921853e-01 -5.009159111266270337e-01 -4.777496721683276160e-02
8.679751049257383722e-01 -4.941237830282632082e-01 -4.960751159781656705e-02
8.718566135680533291e-01 -4.870534250610352722e-01 -5.142963605004686328e-02
8.758139391199593060e-01 -4.797034198367338131e-01 -5.324071759257719555e-02
8.798398649379319814e-01 -4.720724523118215998e-01 -5.504010196563301205e-02
8.839269204186142037e-01 -4.641593268150434048e-01 -5.682710358166616349e-02
8.880673848289276640e-01 -4.559629844392883435e-01 -5.860100561074561148e-02
8.922532920059546013e-01 -4.474825207460959020e-01 -6.036106020709829795e-02
8.964764359854130449e-01 -4.387172037252602963e-01 -6.210648888341617491e-02
9.007283776151864263e-01 -4.296664919459105003e-01 -6.383648303926695022e-02
9.050004522073521462e-01 -4.203300528292856497e-01 -6.555020464958206949e-02
9.092837782784488621e-01 -4.107077809672456947e-01 -6.724678711874064463e-02
9.135692674232979149e-01 -4.007998164044296319e-01 -6.892533630521860410e-02
9.178476353625291129e-01 -3.906065627959733333e-01 -7.058493172112467740e-02
9.221094141980369363e-01 -3.801287053469102339e-01 -7.222462791019647332e-02
9.263449659039006967e-01 -3.693672284338898049e-01 -7.384345600697993228e-02
9.305444970728456999e-01 -3.583234328047547601e-01 -7.544042547896367967e-02
9.346980749301133651e-01 -3.469989522469179022e-01 -7.701452605238776061e-02
9.387956446176652925e-01 -3.353957696114717724e-01 -7.856472982129672489e-02
9.428270477420150897e-01 -3.235162320766548638e-01 -8.008999353816530220e-02
9.467820421687017651e-01 -3.113630655317858320e-01 -8.158926108309666470e-02
9.506503230355596301e-01 -2.989393879611646487e-01 -8.306146610718777301e-02
9.544215449455790701e-01 -2.862487217068233059e-01 -8.450553484418263372e-02
9.580853452883755228e-01 -2.732950044894788544e-01 -8.592038908300571320e-02
9.616313686272086603e-01 -2.600825990686808087e-01 -8.730494929219762001e-02
9.650492920762260285e-01 -2.466163014260274733e-01 -8.865813788567931952e-02
9.683288515802893626e-01 -2.329013473595106243e-01 -8.997888261766738560e-02
9.714598689975140200e-01 -2.189434173825809404e-01 -9.126612009297016548e-02
9.744322798726703372e-01 -2.047486398284373565e-01 -9.251879937733348269e-02
9.772361617780217502e-01 -1.903235920683424010e-01 -9.373588569099615408e-02
9.798617630871752082e-01 -1.756752997624423107e-01 -9.491636416718275682e-02
9.822995320372691630e-01 -1.608112340725942613e-01 -9.605924365592592717e-02
9.845401459254899956e-01 -1.457393067790184737e-01 -9.716356055239666611e-02
9.865745402776660011e-01 -1.304678632561238338e-01 -9.822838262784967800e-02
9.883939378196933134e-01 -1.150056732774977775e-01 -9.925281284038531271e-02
9.899898770769617329e-01 -9.936191963568324903e-02 -1.002359931020083833e-01
9.913542404229066518e-01 -8.354618457883679350e-02 -1.011771079779476140e-01
9.924792813954416149e-01 -6.756843408350619862e-02 -1.020753882939029883e-01
9.933576510994299724e-01 -5.143900000039391962e-02 -1.029301146268263439e-01
9.939824235146169640e-01 -3.516856012788091568e-02 -1.037406206550236937e-01
9.943471195316170297e-01 -1.876811628605463966e-02 -1.045062963438041920e-01
9.944457295436730515e-01 -2.248970481787421899e-03 -1.052265909435933927e-01
9.942727344289647995e-01 1.437730072718839541e-02 -1.059010157783783213e-01
9.938231247672211222e-01 3.109887354450120017e-02 -1.065291468035541450e-01
9.930924181452137622e-01 4.790370578306276522e-02 -1.071106269136893330e-01
9.920766744182960561e-01 6.477956709331472718e-02 -1.076451679824051294e-01
9.907725088093642940e-01 8.171407040295620983e-02 -1.081325526184603175e-01
9.891771027423190699e-01 9.869470438736592521e-02 -1.085726356242227714e-01
9.872882123241031316e-01 1.157088667796902504e-01 -1.089653451449719562e-01
9.851041744074937601e-01 1.327438983211858547e-01 -1.093106834998846671e-01
9.826239101858045277e-01 1.497871171460128381e-01 -1.096087276880793188e-01
9.798469262902658183e-01 1.668258533903700380e-01 -1.098596295657021937e-01
9.767733133808550461e-01 1.838474838137189593e-01 -1.100636156926967368e-01
9.734037422414771878e-01 2.008394662198870473e-01 -1.102209868505721196e-01
9.697394574103911369e-01 2.177893734680775295e-01 -1.103321172351436202e-01
9.657822683963820376e-01 2.346849268682038303e-01 -1.103974533308219041e-01
9.615345385501439246e-01 2.515140287614447967e-01 -1.104175124755469445e-01
9.569991716784155278e-01 2.682647940953795107e-01 -1.103928811278643146e-01
9.521795965053916344e-01 2.849255808133778212e-01 -1.103242128498963942e-01
9.470797491016047509e-01 3.014850188899347305e-01 -1.102122260220430305e-01
9.417040534146590147e-01 3.179320378571636740e-01 -1.100577013071312588e-01
9.360574000487555946e-01 3.342558926824997778e-01 -1.098614788834013645e-01
9.301451234507427390e-01 3.504461878735973257e-01 -1.096244554671518684e-01
9.239729776693735852e-01 3.664928997032006475e-01 -1.093475811470553533e-01
9.175471108614904336e-01 3.823863964641960322e-01 -1.090318560530932762e-01
