1.000000000000000000e+00 0.000000000000000000e+00 0.000000000000000000e+00
9.999966793436378953e-01 1.075042413159371744e-03 -2.342141870500507889e-03
9.999856146460457396e-01 2.634466747744933050e-03 -4.672277697702910924e-03
9.999646481408824839e-01 4.675556399147469400e-03 -6.988690183280759152e-03
9.999309631545485466e-01 7.195218824282685263e-03 -9.289669736159291910e-03
9.998811021051650094e-01 1.018998020272548870e-02 -1.157351455102841389e-02
9.998109869699215446e-01 1.365597880129766281e-02 -1.383853083998050175e-02
9.997159421891015363e-01 1.758895719915344255e-02 -1.608303324056944983e-02
9.995907199716104197e-01 2.198425354887414973e-02 -1.830534542141263807e-02
9.994295279618229388e-01 2.683679206611586793e-02 -2.050380090404925471e-02
9.992260592209302184e-01 3.214107295578838563e-02 -2.267674411713598362e-02
9.989735244676439807e-01 3.789116199640617938e-02 -2.482253169621561825e-02
9.986646865130832662e-01 4.408068001596313068e-02 -2.693953403924968792e-02
9.982918968129471660e-01 5.070279250225830092e-02 -2.902613712487957590e-02
9.978471340467305328e-01 5.775019959785504531e-02 -3.108074459699199099e-02
9.973220446188821864e-01 6.521512673460921894e-02 -3.310178011563821854e-02
9.967079849605844366e-01 7.308931616478028803e-02 -3.508768997072037044e-02
9.959960654934609803e-01 8.136401964498242434e-02 -3.703694595114374877e-02
9.951771960982336296e-01 9.002999252550017428e-02 -3.894804845837936125e-02
9.942421329124376816e-01 9.907748949067149424e-02 -4.081952984962427394e-02
9.931815262620971030e-01 1.084962621860455501e-01 -4.264995799203459559e-02
9.919859695131080235e-01 1.182755589548104697e-01 -4.443794000588365684e-02
9.906460486093746631e-01 1.284041268895562693e-01 -4.618212617101651735e-02
9.891523920468854314e-01 1.388702163858389349e-01 -4.788121396768380694e-02
9.874957210163333166e-01 1.496615883613466036e-01 -4.953395221979592367e-02
9.856668994319953692e-01 1.607655242788977312e-01 -5.113914530589631913e-02
9.836569835518065297e-01 1.721688390832433468e-01 -5.269565740076175009e-02
9.814572708832984826e-01 1.838578971309805798e-01 -5.420241670854784866e-02
9.790593480626947898e-01 1.958186311601520790e-01 -5.565841964685592363e-02
9.764551373903000986e-01 2.080365643116989238e-01 -5.706273494004218683e-02
9.736369417046825125e-01 2.204968351793015757e-01 -5.841450757955851669e-02
9.705974872812549448e-01 2.331842258277752322e-01 -5.971296260913088599e-02
9.673299644478855486e-01 2.460831926836112293e-01 -6.095740869316610550e-02
9.638280656211970499e-01 2.591779001650322822e-01 -6.214724142793851686e-02
9.600860204822708743e-01 2.724522568836280634e-01 -6.328194635684343539e-02
9.560986280294853090e-01 2.858899542158345741e-01 -6.436110165330186095e-02
9.518612852690350179e-01 2.994745070107858176e-01 -6.538438043773728281e-02
9.473700123300728970e-01 3.131892961719398571e-01 -6.635155269838652337e-02
9.426214738210653143e-01 3.270176128238783675e-01 -6.726248678950746962e-02
9.376129962764714332e-01 3.409427037532535287e-01 -6.811715048475312784e-02
9.323425815777892645e-01 3.549478177944145330e-01 -6.891561156803041599e-02
9.268089162698429639e-01 3.690162528161123889e-01 -6.965803794898302315e-02
9.210113767313520272e-01 3.831314029561095902e-01 -7.034469729525369419e-02
9.149500301977375738e-01 3.972768057456705915e-01 -7.097595617881226338e-02
9.086256316731611271e-01 4.114361887658545824e-01 -7.155227873879757561e-02
9.020396168073462340e-01 4.255935154822503286e-01 -7.207422486843163834e-02
8.951940908501914151e-01 4.397330299141748444e-01 -7.254244793853940887e-02
8.880918138329587652e-01 4.538392998081977603e-01 -7.295769207496999309e-02
8.807361821583701289e-01 4.678972580038686102e-01 -7.332078901168978535e-02
8.731312068127680126e-01 4.818922417013518089e-01 -7.363265454543915789e-02
8.652814884411590413e-01 4.958100293658896374e-01 -7.389428462155239741e-02
8.571921895500941302e-01 5.096368750321302876e-01 -7.410675108378640685e-02
8.488690041236562900e-01 5.233595398018565659e-01 -7.427119712374782856e-02
8.403181249541178399e-01 5.369653203609737746e-01 -7.438883246772248770e-02
8.315462090009660967e-01 5.504420743751973211e-01 -7.446092834037768005e-02
8.225603410999364762e-01 5.637782426581459116e-01 -7.448881224592084072e-02
8.133679963474719221e-01 5.769628680399389031e-01 -7.447386260786129086e-02
8.039770014857572367e-01 5.899856108983776437e-01 -7.441750330855036177e-02
7.943954956093446373e-01 6.028367613478535780e-01 -7.432119816919174893e-02
7.846318905066258509e-01 6.155072481128155415e-01 -7.418644541005200987e-02
7.746948309383270281e-01 6.279886441425295285e-01 -7.401477212919795046e-02
7.645931551411334626e-01 6.402731690516235696e-01 -7.380772883628954062e-02
7.543358558278743242e-01 6.523536884962386484e-01 -7.356688407581271627e-02
7.439320419368066206e-01 6.642237106182667938e-01 -7.329381917169787430e-02
7.333909013618410411e-01 6.758773797099879577e-01 -7.299012312259212099e-02
7.227216648734686721e-01 6.873094672683104367e-01 -7.265738767419024913e-02
7.119335714170786922e-01 6.985153606217261446e-01 -7.229720259203492594e-02
7.010358349516992993e-01 7.094910493240289551e-01 -7.191115115512324019e-02
6.900376129683248871e-01 7.202331095168641450e-01 -7.150080588755340638e-02
6.789479768032489204e-01 7.307386864683879102e-01 -7.106772454235811554e-02
6.677758838385342566e-01 7.410054754978672165e-01 -7.061344634864163972e-02
6.565301516591856013e-01 7.510317014961064297e-01 -7.013948853020333940e-02
6.452194342150027184e-01 7.608160972493641649e-01 -6.964734310102323189e-02
6.338522000146808999e-01 7.703578807701336739e-01 -6.913847394033258154e-02
6.224367123606651120e-01 7.796567318320412054e-01 -6.861431414751677227e-02
6.109810116156778603e-01 7.887127678984112711e-01 -6.807626367481606211e-02
5.994928994758311758e-01 7.975265196249964328e-01 -6.752568723371424331e-02
5.879799252108494079e-01 8.060989061072157957e-01 -6.696391246904442873e-02
5.764493738192121297e-01 8.144312100312229852e-01 -6.639222839319801339e-02
5.649082560349641957e-01 8.225250528764486146e-01 -6.581188407139833274e-02
5.533633001135164209e-01 8.303823703051542715e-01 -6.522408754779011886e-02
5.418209453159235078e-01 8.380053878621741559e-01 -6.463000500109448987e-02
5.302873370048096779e-01 8.453965970955922282e-01 -6.403076011777744658e-02
5.187683232602406935e-01 8.525587321967613708e-01 -6.342743367006725697e-02
5.072694529203177760e-01 8.594947472459516513e-01 -6.282106328572059639e-02
4.957959749489912471e-01 8.662077941381429724e-01 -6.221264339616516814e-02
4.843528390324589039e-01 8.727012012521456752e-01 -6.160312534952417513e-02
4.729446973054073911e-01 8.789784529154325288e-01 -6.099341767503987932e-02
4.615759071091694032e-01 8.850431697068527059e-01 -6.038438648554596277e-02
4.502505346854894230e-01 8.908990896298325524e-01 -5.977685600487583212e-02
4.389723597119112863e-01 8.965500501797739608e-01 -5.917160920742270402e-02
4.277448805877138716e-01 9.019999713211686032e-01 -5.856938855747324812e-02
4.165713203827329236e-01 9.072528393824590420e-01 -5.797089683640671565e-02
4.054546333652159773e-01 9.123126918699004939e-01 -5.737679804637341868e-02
3.943975120289860969e-01 9.171836031955921120e-01 -5.678771837962885011e-02
3.834023945445506620e-01 9.218696713094464146e-01 -5.620424724329205896e-02
3.724714725633157530e-01 9.263750052201186191e-01 -5.562693832990953102e-02
3.616066993086897163e-01 9.307037133857968270e-01 -5.505631072483024857e-02
3.508097978925198701e-01 9.348598929522308199e-01 -5.449285004202612109e-02
3.400822697999561495e-01 9.388476198124098282e-01 -5.393700958061801998e-02
3.294254034904304240e-01 9.426709394598549174e-01 -5.338921149498525309e-02
3.188402830669415100e-01 9.463338586055277668e-01 -5.284984797194072076e-02
3.083277969702108989e-01 9.498403375268389404e-01 -5.231928240904093474e-02
2.978886466585014547e-01 9.531942831161202001e-01 -5.179785058866622632e-02
2.875233552379440338e-01 9.563995425951750118e-01 -5.128586184304921580e-02
2.772322760120847773e-01 9.594598978620980656e-01 -5.078360020594661906e-02
2.670156009230308936e-01 9.623790604364214074e-01 -5.029132554713947739e-02
2.568733688600340348e-01 9.651606669687702311e-01 -4.980927468640877070e-02
2.468054738145964710e-01 9.678082752815613254e-01 -4.933766248406652039e-02
2.368116728642176982e-01 9.703253609078213993e-01 -4.887668290552669298e-02
2.268915939697196404e-01 9.727153140959121647e-01 -4.842651005777564438e-02
2.170447435736960196e-01 9.749814372487990433e-01 -4.798729919594895560e-02
2.072705139900341276e-01 9.771269427674654784e-01 -4.755918769854077660e-02
1.975681905766591973e-01 9.791549512691350987e-01 -4.714229601006421355e-02
1.879369586856599328e-01 9.810684901520946299e-01 -4.673672855024777611e-02
1.783759103867778861e-01 9.828704924801023868e-01 -4.634257458909452759e-02
1.688840509618898533e-01 9.845637961605939736e-01 -4.595990908734869096e-02
1.594603051695932805e-01 9.861511433921523739e-01 -4.558879350211000187e-02
1.501035232803263897e-01 9.876351803579785926e-01 -4.522927655751084186e-02
1.408124868836297117e-01 9.890184571433703331e-01 -4.488139498052588078e-02
1.315859144701911065e-01 9.903034278564790682e-01 -4.454517420212053547e-02
1.224224667922242382e-01 9.914924509328676416e-01 -4.422062902406367901e-02
1.135462053356114942e-01 9.925726272493650137e-01 -4.366742017965025840e-02
1.047688142489185958e-01 9.935601913836907828e-01 -4.314680039777171044e-02
9.608475330340739140e-02 9.944586384388012235e-01 -4.265842673056017414e-02
8.748847462516803897e-02 9.952712020444929308e-01 -4.220196640705811686e-02
7.897442777866543751e-02 9.960008627911041135e-01 -4.177709755640961198e-02
7.053706425056549545e-02 9.966503561960581292e-01 -4.138350984311232883e-02
6.217084138989144998e-02 9.972221801975488242e-01 -4.102090502049637183e-02
5.387022585757395704e-02 9.977186021719469666e-01 -4.068899740810163340e-02
4.562969663564194617e-02 9.981416654734536209e-01 -4.038751429814575744e-02
3.744374764366095731e-02 9.984931954961810963e-01 -4.011619629581132662e-02
2.930689000756663692e-02 9.987748052602336557e-01 -3.987479759763296050e-02
2.121365402376637621e-02 9.989879005245320132e-01 -3.966308621183321781e-02
1.315859085929217513e-02 9.991336844300940934e-01 -3.948084412403985582e-02
5.136274026882766547e-03 9.992131616782905512e-01 -3.932786741141566095e-02
-2.858699327849021504e-03 9.992271422492549071e-01 -3.920396630784535319e-02
-1.083170729154890773e-02 9.991762446661693886e-01 -3.910896522245085882e-02
-1.878810216630284052e-02 9.990608988115976530e-01 -3.904270271334598502e-02
-2.673320953780664727e-02 9.988813483024052697e-01 -3.900503141819319786e-02
-3.467232739648283546e-02 9.986376524301260327e-01 -3.899581794278794700e-02
-4.261072528035889789e-02 9.983296876739138348e-01 -3.901494270856872837e-02
-5.055364340921618405e-02 9.979571487934764118e-01 -3.906229975963305956e-02
-5.850629178005810338e-02 9.975195495096490506e-01 -3.913779652952982524e-02
-6.647384919433600714e-02 9.970162227805349220e-01 -3.924135356779585165e-02
-7.446146218761637292e-02 9.964463206814393459e-01 -3.937290422590890293e-02
-8.247424383247962953e-02 9.958088138971732395e-01 -3.953239430203909360e-02
-9.051727238541529275e-02 9.951024908357019028e-01 -3.971978164369584924e-02
-9.859558974832632883e-02 9.943259563725991290e-01 -3.993503570708718808e-02
-1.067141997149849836e-01 9.934776302363343969e-01 -4.017813707173188004e-02
-1.148780659724001341e-01 9.925557450450973596e-01 -4.044907690859259053e-02
-1.230921098265704422e-01 9.915583440066592091e-01 -4.074785639972935969e-02
-1.313612076215176783e-01 9.904832782937056379e-01 -4.107448610720754179e-02
-1.396901878198295310e-01 9.893282041081581379e-01 -4.142898528873308756e-02
-1.480838277122033808e-01 9.880905794492597094e-01 -4.181138115723070231e-02
-1.565468497226821520e-01 9.867676606016383412e-01 -4.222170808132832270e-02
-1.650839172754269835e-01 9.853564983612093098e-01 -4.266000672346453165e-02
-1.736996301879917826e-01 9.838539340186420734e-01 -4.312632311209602803e-02
-1.823985195551712790e-01 9.822565951222239633e-01 -4.362070764425081404e-02
-1.911850420866064437e-01 9.805608910443157633e-01 -4.414321401445175930e-02
-2.000635738604702174e-01 9.787630083782351553e-01 -4.469389806582672875e-02
-2.090384034547494718e-01 9.768589061953369956e-01 -4.527281655902787305e-02
-2.181137244169126799e-01 9.748443111953095652e-01 -4.588002585440776465e-02
-2.272936270321397612e-01 9.727147127862816323e-01 -4.651558050274668538e-02
-2.365820893498264132e-01 9.704653581352632452e-01 -4.717953173969841041e-02
-2.459829674277992928e-01 9.680912472337311891e-01 -4.787192587902558416e-02
-2.554999847536357227e-01 9.655871280278365276e-01 -4.859280259963584536e-02
-2.651367208027208822e-01 9.629474916677683849e-01 -4.934219312141236574e-02
-2.748965986932506711e-01 9.601665679362576533e-01 -5.012011826486407334e-02
-2.847828718993603569e-01 9.572383209220624023e-01 -5.092658638970913587e-02
-2.947986099849914665e-01 9.541564450105339823e-01 -5.176159120765865679e-02
-3.049466833230743967e-01 9.509143612700177162e-01 -5.262510946489494523e-02
-3.152297467671781872e-01 9.475052143198871013e-01 -5.351709849005020780e-02
-3.256502222460451179e-01 9.439218697734162999e-01 -5.443749360389758818e-02
-3.362102802554730596e-01 9.401569123564462727e-01 -5.538620538747887623e-02
-3.469118202269287354e-01 9.362026448108425880e-01 -5.636311680602371782e-02
-3.577564497581663949e-01 9.320510877000370842e-01 -5.736808018677690829e-02
-3.687454626980922745e-01 9.276939802424173376e-01 -5.840091404975666228e-02
-3.798798160862600359e-01 9.231227823069010352e-01 -5.946139979153115124e-02
-3.911601059568147187e-01 9.183286777136036028e-01 -6.054927822333732584e-02
-4.025865420275260287e-01 9.133025789909591241e-01 -6.166424596628894417e-02
-4.141589213068719855e-01 9.080351337488483665e-01 -6.280595170804331717e-02
-4.258766006660508197e-01 9.025167328350526263e-01 -6.397399232713181505e-02
-4.377384684384006963e-01 8.967375204495082741e-01 -6.516790889321921743e-02
-4.497429151260743385e-01 8.906874063971592648e-01 -6.638718255385223088e-02
-4.618878033130107141e-01 8.843560806654553463e-01 -6.763123032079568220e-02
-4.741704369043110434e-01 8.777330305164470214e-01 -6.889940077184195100e-02
-4.865875298350745282e-01 8.708075602856855113e-01 -7.019096968701656059e-02
-4.991351744165652415e-01 8.635688140804130830e-01 -7.150513564138817613e-02
-5.118088095142077076e-01 8.560058015674746335e-01 -7.284101558021732759e-02
-5.246031887802398153e-01 8.481074270366132373e-01 -7.419764040593040955e-02
-5.375123491937325859e-01 8.398625219169245648e-01 -7.557395061036367712e-02
-5.505295801918989040e-01 8.312598809128299848e-01 -7.696879198985649706e-02
-5.636473937088632979e-01 8.222883019105534652e-01 -7.838091148504593153e-02
-5.768574954709942970e-01 8.129366297863308555e-01 -7.980895319157708945e-02
-5.901507579310556473e-01 8.031938042230326591e-01 -8.125145459233594492e-02
-6.035171952562718989e-01 7.930489116121473003e-01 -8.270684306616217507e-02
-6.169459408172983661e-01 7.824912410828086529e-01 -8.417343273222421818e-02
-6.304252276552995138e-01 7.715103446584610225e-01 -8.564942169324098187e-02
-6.439423724320439968e-01 7.600961014946238103e-01 -8.713288974440379364e-02
-6.574837633921997160e-01 7.482387860979240468e-01 -8.862179661806579567e-02
-6.710348528868388396e-01 7.359291403671112120e-01 -9.011398083689058092e-02
-6.845801550214584141e-01 7.231584492312956858e-01 -9.160715925004160598e-02
-6.981032489994294377e-01 7.099186195894752194e-01 -9.309892732799752990e-02
-7.115867887315190377e-01 6.962022621790285859e-01 -9.458676029153709197e-02
-7.250125192727799872e-01 6.820027759199857043e-01 -9.606801514919123541e-02
-7.383613006284795999e-01 6.673144341974635019e-01 -9.753993371485264463e-02
-7.516131394397290721e-01 6.521324724578873022e-01 -9.899964667311401956e-02
-7.647472290160366448e-01 6.364531764069329967e-01 -1.004441787541410780e-01
-7.777419981252871040e-01 6.202739700102340992e-01 -1.018704550723582569e-01
-7.905751688809697919e-01 6.035935024137327742e-01 -1.032753086738475157e-01
-8.032238239814398773e-01 5.864117328212947733e-01 -1.046554893260786129e-01
-8.156644834565227598e-01 5.687300122952198000e-01 -1.060076735703934792e-01
-8.278731909631387165e-01 5.505511613830716966e-01 -1.073284760425947809e-01
-8.398256095445547631e-01 5.318795424244531223e-01 -1.086144620501349883e-01
-8.514971266285361606e-01 5.127211253565788773e-01 -1.098621613759224042e-01
-8.628629678897379307e-01 4.930835458203478572e-01 -1.110680832588770289e-01
-8.738983194433325163e-01 4.729761543714874894e-01 -1.122287324803706715e-01
-8.845784576728045190e-01 4.524100556264187278e-01 -1.133406264639291311e-01
-8.948788858282230585e-01 4.313981362215554283e-01 -1.144003132734808248e-01
-9.047754763657588351e-01 4.099550805391387054e-01 -1.154043903734858906e-01
-9.142446178387160227e-01 3.880973732531555198e-01 -1.163495239930001368e-01
-9.231725822208436405e-01 3.667659872605316673e-01 -1.150438958175203363e-01
-9.315102316433814256e-01 3.454980413786826743e-01 -1.136652783907559222e-01
-9.392662474558093333e-01 3.243255351295942779e-01 -1.122134895294734508e-01
-9.464508550174501877e-01 3.032801035111208354e-01 -1.106885777131329102e-01
-9.530757820422566251e-01 2.823929008047702527e-01 -1.090908174070700370e-01
-9.591542055635317032e-01 2.616944888842756556e-01 -1.074207028962935878e-01
-9.647006881412731882e-01 2.412147311932025251e-01 -1.056789407230445954e-01
-9.697311040672235150e-01 2.209826934569829593e-01 -1.038664408385090304e-01
-9.742625564384550518e-01 2.010265520756491231e-01 -1.019843065941304083e-01
-9.783132860674365050e-01 1.813735110111091009e-01 -1.000338237105655448e-01
-9.819025732735738865e-01 1.620497278402729668e-01 -9.801644837226840268e-02
-9.850506336573331412e-01 1.430802494960315974e-01 -9.593379460285328397e-02
-9.877785089929447260e-01 1.244889580653848610e-01 -9.378762108073508685e-02
-9.901079543896351698e-01 1.062985268612008649e-01 -9.157981755610107577e-02
-9.920613228651178339e-01 8.853038683428518518e-02 -8.931239102913270111e-02
-9.936614484499625144e-01 7.120470324851489730e-02 -8.698745184572941047e-02
-9.949315288991167350e-01 5.434036240628727782e-02 -8.460719986100039003e-02
-9.958950090292471025e-01 3.795496808661164012e-02 -8.217391081274155740e-02
-9.965754656299485870e-01 2.206484724558557126e-02 -7.968992303729141580e-02
-9.969964948156051499e-01 6.685064430063359167e-03 -7.715762464886892491e-02
-9.971816025952657814e-01 -8.170555729069170839e-03 -7.457944129105856246e-02
-9.971540993427753241e-01 -2.248939864698660390e-02 -7.195782455584087689e-02
-9.969369987509916209e-01 -3.626002329566459931e-02 -6.929524115178015142e-02
-9.965529217544943918e-01 -4.947211989206591609e-02 -6.659416288896742586e-02
-9.960240058068529079e-01 -6.211646258588583713e-02 -6.385705753434516019e-02
-9.953718198031505926e-01 -7.418485798094953676e-02 -6.108638057734899762e-02
-9.946172848477085049e-01 -8.567009032406044944e-02 -5.828456793260061025e-02
-9.937806009821898989e-01 -9.656586418375463776e-02 -5.545402959384570368e-02
-9.928811799116171732e-01 -1.068667454203449385e-01 -5.259714424159176588e-02
-9.919375836961459303e-01 -1.165681012192164578e-01 -4.971625479606373021e-02
-9.909674693153183167e-01 -1.256660399229451996e-01 -4.681366489723327862e-02
-9.899875389593151276e-01 -1.341573513558069475e-01 -4.389163628482772861e-02
-9.890134958585916625e-01 -1.420394482879099862e-01 -4.095238704339981828e-02
-9.880600054291581724e-01 -1.493103096367178750e-01 -3.799809067072714569e-02
-9.871406614854381090e-01 -1.559684259522090555e-01 -3.503087592197657446e-02
-9.862679572557376817e-01 -1.620127476793007115e-01 -3.205282737716501351e-02
-9.854532609264109455e-01 -1.674426366382647524e-01 -2.906598667541086117e-02
-9.847067954392314526e-01 -1.722578211113578450e-01 -2.607235435622886829e-02
-9.840376222716383792e-01 -1.764583548723142326e-01 -2.307389224559781848e-02
-9.834536289407233012e-01 -1.800445804451099585e-01 -2.007252632264641679e-02
-9.829615199883245946e-01 -1.830170968297764045e-01 -1.707015000147894118e-02
-9.825668112256638054e-01 -1.853767318861771485e-01 -1.406862776182364952e-02
-9.822738270408299943e-01 -1.871245195216195145e-01 -1.106979906176306164e-02
-9.820857006003469447e-01 -1.882616817849157298e-01 -8.075482465733432869e-03
-9.820043768062984846e-01 -1.887896159279271180e-01 -5.087479921206546594e-03
-9.820306179023092774e-01 -1.887098864555492028e-01 -2.107581117945630557e-03
-9.821640116543731702e-01 -1.880242221463121755e-01 8.624321355753411002e-04
-9.824029820653867873e-01 -1.867345179880402772e-01 3.820781583107152931e-03
-9.827448026146144988e-01 -1.848428419360833019e-01 6.765688302358503423e-03
-9.831856120445190417e-01 -1.823514463652562423e-01 9.695368659713356208e-03
-9.837204327468039855e-01 -1.792627840505696957e-01 1.260803049867314889e-02
-9.843431918265143077e-01 -1.755795284759089914e-01 1.550186962111071640e-02
-9.850467449470262649e-01 -1.713045982338740336e-01 1.837506661853417420e-02
-9.858229030791593184e-01 -1.664411852439334760e-01 2.122578410840108773e-02
-9.866624622939071942e-01 -1.609927864798553487e-01 2.405216442805541144e-02
-9.875552367498956485e-01 -1.549632388611082434e-01 2.685232783603701961e-02
-9.884900950331548808e-01 -1.483567569267276176e-01 2.962437126728851428e-02
-9.894550000077037000e-01 -1.411779728742484086e-01 3.236636768510843531e-02
-9.904370523304085738e-01 -1.334319785110502365e-01 3.507636606852760491e-02
-9.914225377722877264e-01 -1.251243686312779879e-01 3.775239206907416573e-02
-9.923642841026391048e-01 -1.173207614965452311e-01 3.806528221624887881e-02
-9.932523572555508329e-01 -1.094488413290405360e-01 3.834977318489268816e-02
-9.940846776985170496e-01 -1.015148096704991815e-01 3.860564934064721065e-02
-9.948593381345594011e-01 -9.352495001828685373e-02 3.883272126300955224e-02
-9.955746092873720698e-01 -8.548561946722864346e-02 3.903082636929353089e-02
-9.962289450812246150e-01 -7.740323998942404138e-02 3.919982947462408857e-02
-9.968209871890422180e-01 -6.928428938860299591e-02 3.933962328418182802e-02
-9.973495689251579144e-01 -6.113529196805529697e-02 3.945012881432734264e-02
-9.978137184625276435e-01 -5.296280895334897626e-02 3.953129573967850002e-02
-9.982126613576957075e-01 -4.477342871291976195e-02 3.958310266368365166e-02
-9.985458223704565262e-01 -3.657375682114176463e-02 3.960555731072584046e-02
-9.988128265689548702e-01 -2.837040600966320159e-02 3.959869663830296177e-02
-9.990134997148543139e-01 -2.016998605359658636e-02 3.956258686835133903e-02
-9.991478679271553753e-01 -1.197909363958215255e-02 3.949732343731064688e-02
-9.992161566272167450e-01 -3.804302262791547928e-03 3.940303086506131286e-02
-9.992187887714921724e-01 4.347847800393909307e-03 3.927986254339613237e-02
-9.991563823823976787e-01 1.247085939800532568e-02 3.912800044521104470e-02
-9.990297473915407123e-01 2.055828824146096329e-02 3.894765475611056821e-02
-9.988398818132299128e-01 2.860375243437820666e-02 3.873906343061650492e-02
-9.985879672697148823e-01 3.660094174947795681e-02 3.850249167563965513e-02
-9.982753638929428019e-01 4.454362661392487210e-02 3.823823136431914183e-02
-9.979036046307363517e-01 5.242566676582885443e-02 3.794660038374832178e-02
-9.974743889881714232e-01 6.024101954728173364e-02 3.762794192048708741e-02
-9.969895762375332593e-01 6.798374780218915947e-02 3.728262368810409538e-02
-9.964511781325479101e-01 7.564802735024889202e-02 3.691103710129662457e-02
-9.958613511645969529e-01 8.322815401169042504e-02 3.651359640139845847e-02
-9.952223884003223997e-01 9.071855016079204137e-02 3.609073773830536597e-02
-9.945367109414051665e-01 9.811377078969527044e-02 3.564291821402283678e-02
-9.938068590483509768e-01 1.054085090676079306e-01 3.517061489317070688e-02
-9.930354829708469833e-01 1.125976013840898626e-01 3.467432378586462333e-02
-9.922253335276552955e-01 1.196760318687173086e-01 3.415455880843483449e-02
-9.913792524791066318e-01 1.266389363829875658e-01 3.361185072744013458e-02
-9.905001627350457083e-01 1.334816059838254410e-01 3.304674609238985455e-02
-9.895910584405869237e-01 1.401994898614564444e-01 3.245980616250131179e-02
-9.886549949812701854e-01 1.467881977576918073e-01 3.185160583269687484e-02
-9.876950789481874216e-01 1.532435018738018961e-01 3.122273256388532342e-02
-9.867144581024022143e-01 1.595613382801158164e-01 3.057378532237995522e-02
-9.857163113765252671e-01 1.657378078422564183e-01 2.990537353308360055e-02
-9.847038389496675093e-01 1.717691766814841148e-01 2.921811605082130781e-02
-9.836802524301906381e-01 1.776518761889687159e-01 2.851264015392852152e-02
-9.826487651787387811e-01 1.833825026159218718e-01 2.778958056390920181e-02
-9.816125828019915955e-01 1.889578162633996639e-01 2.704957849466790160e-02
-9.805748938454514896e-01 1.943747402972174909e-01 2.629328073449581013e-02
-9.795388607113890700e-01 1.996303592148077899e-01 2.552133876365617060e-02
-9.785076108258523586e-01 2.047219169919936577e-01 2.473440791007282258e-02
-9.774842280764092228e-01 2.096468149385525281e-01 2.393314654527969529e-02
-9.764717445400693530e-01 2.144026092921074156e-01 2.311821532244190749e-02
-9.754731325186373203e-01 2.189870085803158617e-01 2.229027645791345838e-02
-9.744912968965999678e-01 2.233978707815373332e-01 2.144999305745476717e-02
-9.735290678345710491e-01 2.276332003141578186e-01 2.059802848789807697e-02
-9.725891938093104150e-01 2.316911448845469790e-01 1.973504579472169090e-02
-9.716743350094244613e-01 2.355699922232310228e-01 1.886170716567761585e-02
-9.707870570940476673e-01 2.392681667382950406e-01 1.797867344031246067e-02
-9.699298253201068531e-01 2.427842261142965641e-01 1.708660366493041510e-02
-9.691049990421948257e-01 2.461168578840901566e-01 1.618615469227053377e-02
-9.683148265876267979e-01 2.492648759999454289e-01 1.527798082490976726e-02
-9.675614405079280278e-01 2.522272174292009561e-01 1.436273350115867264e-02
-9.668468532068075216e-01 2.550029387984489859e-01 1.344106102198944566e-02
-9.661729529436060560e-01 2.575912131089014845e-01 1.251360831732598392e-02
-9.655415002102714084e-01 2.599913265441633481e-01 1.158101674983357671e-02
-9.649541244791004502e-01 2.622026753901410268e-01 1.064392395417161456e-02
-9.644123213177989706e-01 2.642247630852614937e-01 9.702963709516360807e-03
-9.639174498678361180e-01 2.660571974175725551e-01 8.758765843022306430e-03
-9.634707306816052697e-01 2.676996878836571114e-01 7.811956161769662010e-03
-9.630732439135418765e-01 2.691520432226256476e-01 6.863156410641917636e-03
-9.627259278600830417e-01 2.704141691367653588e-01 5.912984253490700254e-03
-9.624295778431699588e-01 2.714860662087269505e-01 4.962053274875056867e-03
-9.621848454318931987e-01 2.723678280234304583e-01 4.010972999608309990e-03
-9.619922379968413040e-01 2.730596395011746225e-01 3.060348927307342953e-03
-9.618521185917351390e-01 2.735617754467473683e-01 2.110782579116120359e-03
-9.617647061569977174e-01 2.738745993176647242e-01 1.162871553766914486e-03
-9.617300760400134818e-01 2.739985622130142739e-01 2.172095901487139684e-04
-9.617481608269630167e-01 2.739342020827557622e-01 -7.256133664279231128e-04
-9.618187514812683858e-01 2.736821431557358575e-01 -1.665011097047084873e-03
-9.619414987838373898e-01 2.732430955831141040e-01 -2.600401043816118717e-03
-9.621159150704512442e-01 2.726178552923753107e-01 -3.531204248979218346e-03
-9.623413762617764045e-01 2.718073040456226441e-01 -4.456845301117597948e-03
-9.626171241816048330e-01 2.708124096944108938e-01 -5.376752290955091017e-03
-9.629422691590147076e-01 2.696342266219947659e-01 -6.290356779193725587e-03
-9.633157929101977546e-01 2.682738963625328488e-01 -7.197093778698420742e-03
-9.637365516957067113e-01 2.667326483855136376e-01 -8.096401753233688561e-03
-9.642032797488360174e-01 2.650118010324529205e-01 -8.987722634828481522e-03
-9.647145929707474643e-01 2.631127625917614177e-01 -9.870501861708411498e-03
-9.652689928877914438e-01 2.610370324965990418e-01 -1.074418843858780843e-02
-9.658648708662486149e-01 2.587862026295219553e-01 -1.160823502095788273e-02
-9.665005125794174923e-01 2.563619587167962344e-01 -1.246209802484197181e-02
-9.671741027216059772e-01 2.537660817944017988e-01 -1.330523776331488800e-02
-9.678837299631425362e-01 2.510004497269859303e-01 -1.413711861090130584e-02
-9.686273921400063713e-01 2.480670387603537974e-01 -1.495720919677832883e-02
-9.694030016710857289e-01 2.449679250875077263e-01 -1.576498262751054036e-02
-9.702083911954146878e-01 2.417052864077722518e-01 -1.655991673984259088e-02
-9.710413194210070209e-01 2.382814034581750007e-01 -1.734149438386542105e-02
-9.718994771761110263e-01 2.346986614959962469e-01 -1.810920373665836011e-02
-9.727804936528549051e-01 2.309595517112597307e-01 -1.886253864629151844e-02
-9.736819428323407744e-01 2.270666725479169035e-01 -1.960099900585193788e-02
-9.746013500792880535e-01 2.230227309125804580e-01 -2.032409115693421114e-02
-9.755361988933300976e-01 2.188305432498946490e-01 -2.103132832181245013e-02
-9.764839378030389927e-01 2.144930364639924814e-01 -2.172223106328729017e-02
-9.774419873877027154e-01 2.100132486659848363e-01 -2.239632777097990551e-02
-9.784077474108188177e-01 2.053943297280567681e-01 -2.305315517262659236e-02
-9.793786040482082011e-01 2.006395416255113140e-01 -2.369225886871335895e-02
-9.803519371926026071e-01 1.957522585490013289e-01 -2.431319388858205546e-02
-9.813251278155370461e-01 1.907359667702237804e-01 -2.491552526593920555e-02
-9.822955653663890674e-01 1.855942642455158387e-01 -2.549882863150735451e-02
-9.832606551874714107e-01 1.803308599430850090e-01 -2.606269082037838275e-02
-9.842178259232079451e-01 1.749495728810211703e-01 -2.660671049146000680e-02
-9.851645369006267750e-01 1.694543308647700197e-01 -2.713049875625247326e-02
-9.860982854576912926e-01 1.638491689143899421e-01 -2.763367981405370072e-02
-9.870166141953838901e-01 1.581382273736551269e-01 -2.811589159056921555e-02
-9.879171181289583270e-01 1.523257496949013690e-01 -2.857678637679977526e-02
-9.887974517134051622e-01 1.464160798954222964e-01 -2.901603146499556404e-02
-9.896553357179355137e-01 1.404136596832025741e-01 -2.943330977840279486e-02
-9.904885639241922668e-01 1.343230252518068102e-01 -2.982832049148719661e-02
-9.912950096229524721e-01 1.281488037463138496e-01 -3.020077963730027210e-02
-9.920726318842972846e-01 1.218957094042797673e-01 -3.055042069865894494e-02
-9.928194815765996051e-01 1.155685393778145692e-01 -3.087699517983785030e-02
-9.935337071102188222e-01 1.091721692449489217e-01 -3.118027315552629464e-02
-9.942135598825009302e-01 1.027115482205317315e-01 -3.146004379387886546e-02
-9.948573994015548205e-01 9.619169407891971224e-02 -3.171611585058969895e-02
-9.954636980673171598e-01 8.961768780267852230e-02 -3.194831813104503926e-02
-9.960310455896175252e-01 8.299466797339405399e-02 -3.215649991775628574e-02
-9.965581530243144970e-01 7.632782492247590367e-02 -3.234053136044543614e-02
-9.970438564100787548e-01 6.962239466150561829e-02 -3.250030382634537529e-02
-9.974871199900441354e-01 6.288365261322551025e-02 -3.263573020848762468e-02
-9.978870390043206307e-01 5.611690716566423293e-02 -3.274674518997844341e-02
-9.982428420412547965e-01 4.932749307314054227e-02 -3.283330546250833037e-02
-9.985538929373134476e-01 4.252076472896423875e-02 -3.289538989759883264e-02
-9.988196922175452963e-01 3.570208933555314712e-02 -3.293299966936108492e-02
-9.990398780707264725e-01 2.887683999839856311e-02 -3.294615832782116227e-02
-9.992142268554967677e-01 2.205038877083224241e-02 -3.293491182215523005e-02
-9.993426531360349863e-01 1.522809967687047995e-02 -3.289932847347043499e-02
-9.994252092480762073e-01 8.415321739532900108e-03 -3.283949889706282849e-02
-9.994620843983310632e-01 1.617382041954031069e-03 -3.275553587437875225e-02
-9.994536033026016897e-01 -5.160421151674008527e-03 -3.264757417519867366e-02
-9.994002243700875754e-01 -1.191282518876598737e-02 -3.251577033084954854e-02
-9.993025374435168251e-01 -1.863460970872157091e-02 -3.236030235953151618e-02
-9.991612611068081407e-01 -2.532060318597586374e-02 -3.218136944511397479e-02
-9.989772395739472399e-01 -3.196568931170918476e-02 -3.197919157101339338e-02
-9.987514391746400433e-01 -3.856481319139524327e-02 -3.175400911100786233e-02
-9.984849444540601082e-01 -4.511298733671158939e-02 -3.150608237906972475e-02
-9.981789539056357130e-01 -5.160529743181958146e-02 -3.123569114050608539e-02
-9.978347753573075796e-01 -5.803690785562835158e-02 -3.094313408688549941e-02
-9.974538210330224919e-01 -6.440306694337259719e-02 -3.062872827739714088e-02
-9.970376023124029041e-01 -7.069911197264078240e-02 -3.029280854943446066e-02
-9.965877242125461555e-01 -7.692047386087140504e-02 -2.993572690131843586e-02
-9.961058796167493457e-01 -8.306268156327308028e-02 -2.955785185017520758e-02
-9.955938432756302747e-01 -8.912136616210128426e-02 -2.915956776805885345e-02
-9.950534656066176709e-01 -9.509226464022348113e-02 -2.874127419946221826e-02
-9.944866663181181066e-01 -1.009712233339078863e-01 -2.830338516338727281e-02
-9.938954278848353141e-01 -1.067542010617617831e-01 -2.784632844315169942e-02
-9.932817889007246048e-01 -1.124372719287081990e-01 -2.737054486709092696e-02
-9.926478373359164387e-01 -1.180166278058080581e-01 -2.687648758327551915e-02
-9.919957037236489805e-01 -1.234885804885957339e-01 -2.636462133130337837e-02
-9.913275543028117198e-01 -1.288495635383846150e-01 -2.583542171414620822e-02
-9.906455841411410113e-01 -1.340961338127047708e-01 -2.528937447293077428e-02
-9.899520102634221663e-01 -1.392249726926455822e-01 -2.472697476741976194e-02
-9.892490648082641336e-01 -1.442328870163827881e-01 -2.414872646482533330e-02
-9.885389882361239611e-01 -1.491168097295636485e-01 -2.355514143944284142e-02
-9.878240226102869004e-01 -1.538738002644993164e-01 -2.294673888543401208e-02
-9.871064049714670663e-01 -1.585010446612638291e-01 -2.232404464491985485e-02
-9.866087844186006706e-01 -1.619492617634352150e-01 -1.937890529383723415e-02
-9.861911749757327206e-01 -1.647935937034017417e-01 -1.643279393246758341e-02
-9.858587529323032950e-01 -1.670347361376690321e-01 -1.348758821989797831e-02
-9.856155482367612297e-01 -1.686736194196371275e-01 -1.054514318635439186e-02
-9.854644444396782887e-01 -1.697113923443966110e-01 -7.607294873902424939e-03
-9.854071814794277406e-01 -1.701494105103630305e-01 -4.675864112362148294e-03
-9.854443612160301846e-01 -1.699892293166903601e-01 -1.752660367504263635e-03
-9.855754556473358408e-01 -1.692326015770691250e-01 1.160514400781095887e-03
-9.857988177703987942e-01 -1.678814796931196174e-01 4.061861931798936565e-03
-9.861116950790594915e-01 -1.659380222939478289e-01 6.949583969232869807e-03
-9.865102457157662874e-01 -1.634046052123628023e-01 9.821878737296309975e-03
-9.869895573209210848e-01 -1.602838366325953223e-01 1.267693764543995939e-02
-9.875436686459537761e-01 -1.565785762089776934e-01 1.551294227745470336e-02
-9.881655940163451834e-01 -1.522919579198541429e-01 1.832806171879759749e-02
-9.888473507473999335e-01 -1.474274163859555231e-01 2.112045027366619976e-02
-9.895799896282094776e-01 -1.419887163476176994e-01 2.388824562071927352e-02
-9.903536285974801068e-01 -1.359799849606506683e-01 2.662956745335284120e-02
-9.911574897382959826e-01 -1.294057465365490711e-01 2.934251664705142190e-02
-9.919799397170779853e-01 -1.222709593193357508e-01 3.202517499250682326e-02
-9.928085337846624947e-01 -1.145810538589874666e-01 3.467560552889597386e-02
-9.936005376788376031e-01 -1.074039726539166434e-01 3.496224354450885863e-02
-9.943471601097464418e-01 -1.001653053401086874e-01 3.522267864867317799e-02
-9.950466562332511700e-01 -9.287073117550483092e-02 3.545672749133472329e-02
-9.956974274543092251e-01 -8.552599585103902446e-02 3.566423024385244334e-02
-9.962980261092575507e-01 -7.813690432127848307e-02 3.584505107956208192e-02
-9.968471596411225821e-01 -7.070931335902459758e-02 3.599907860196606413e-02
-9.973436942481334055e-01 -6.324912386294931355e-02 3.612622621772056813e-02
-9.977866579880575459e-01 -5.576227294915053062e-02 3.622643245191323885e-02
-9.981752433235735467e-01 -4.825472585909280909e-02 3.629966120346905800e-02
-9.985088090966259822e-01 -4.073246771774136771e-02 3.634590193888477538e-02
-9.987868819225552697e-01 -3.320149517678318285e-02 3.636516982287013589e-02
-9.990091569977260777e-01 -2.566780797864865252e-02 3.635750578486435236e-02
-9.991754983173775084e-01 -1.813740047759189108e-02 3.632297652079469891e-02
-9.992859383034498055e-01 -1.061625315435201812e-02 3.626167442984749856e-02
-9.993406768451849054e-01 -3.110324160899591642e-03 3.617371748642624757e-02
-9.993400797583259498e-01 4.374459068528041561e-03 3.605924904787355390e-02
-9.992846766717187190e-01 1.183220810447706967e-02 3.591843759892916071e-02
-9.991751583530305014e-01 1.925708167263768394e-02 3.575147643428219779e-02
-9.990123734881144468e-01 2.664329363385069954e-02 3.555858328094821386e-02
-9.987973249312435131e-01 3.398512076145713406e-02 3.533999986255747378e-02
-9.985311654459860797e-01 4.127691028528255451e-02 3.509599140797711736e-02
-9.982151929588871653e-01 4.851308717335991311e-02 3.482684610700337302e-02
-9.978508453503229791e-01 5.568816112450383771e-02 3.453287451614866360e-02
-9.974396948089050419e-01 6.279673324703465009e-02 3.421440891780964250e-02
-9.969834417776078928e-01 6.983350240128925746e-02 3.387180263633409599e-02
-9.964839085213670344e-01 7.679327118602402580e-02 3.350542931470604918e-02
-9.959430323472373559e-01 8.367095155138755402e-02 3.311568215573758994e-02
-9.953628585093072800e-01 9.046157002379340284e-02 3.270297313179230947e-02
-9.947455328314315226e-01 9.716027253072859193e-02 3.226773216716865428e-02
-9.940932940814700691e-01 1.037623288162681928e-01 3.181040629734117886e-02
-9.934084661311123332e-01 1.102631364408046405e-01 3.133145880929454757e-02
-9.926934499355202224e-01 1.166582243612178521e-01 3.083136836718936014e-02
-9.919507153669561150e-01 1.229432560903866850e-01 3.031062812757156014e-02
-9.911827929362777567e-01 1.291140324375511794e-01 2.976974484827940234e-02
-9.903922654356928090e-01 1.351664938335583599e-01 2.920923799511525309e-02
-9.895817595354858831e-01 1.410967222474434901e-01 2.862963885023559613e-02
-9.887539373665741316e-01 1.469009427030965598e-01 2.803148962607319300e-02
-9.879114881197298415e-01 1.525755244069256777e-01 2.741534258844281410e-02
-9.870571196911460676e-01 1.581169814994420608e-01 2.678175919229819346e-02
-9.861935504027322663e-01 1.635219734455438667e-01 2.613130923340534900e-02
-9.853235008241301163e-01 1.687873050799610086e-01 2.546457001897850167e-02
-9.844496857219500185e-01 1.739099263258311878e-01 2.478212556009186385e-02
-9.835748061601675696e-01 1.788869316057062064e-01 2.408456578843611376e-02
-9.827015417740040393e-01 1.837155589654328458e-01 2.337248579973462415e-02
-9.818325432379600981e-01 1.883931889323134656e-01 2.264648512587399617e-02
-9.809704249469980430e-01 1.929173431297292463e-01 2.190716703753845668e-02
-9.801177579281870056e-01 1.972856826710052414e-01 2.115513787887018937e-02
-9.792770629984576258e-01 2.014960063557151571e-01 2.039100643541006536e-02
-9.784508041824657720e-01 2.055462486918703535e-01 1.961538333630724606e-02
-9.776413824029546173e-01 2.094344777675175573e-01 1.882888049152371332e-02
-9.768511294544445223e-01 2.131588929951908629e-01 1.803211056450255631e-02
-9.760823022695755968e-01 2.167178227524336753e-01 1.722568648051834780e-02
-9.753370774859894121e-01 2.201097219412337658e-01 1.641022097068563224e-02
-9.746175463202765288e-01 2.233331694887093211e-01 1.558632615136848303e-02
-9.739257097542294295e-01 2.263868658107543175e-01 1.475461313851151972e-02
-9.732634740374458415e-01 2.292696302596095026e-01 1.391569169620150356e-02
-9.726326465092141049e-01 2.319803985754780862e-01 1.307016991856947002e-02
-9.720349317415937218e-01 2.345182203613654093e-01 1.221865394395691209e-02
-9.714719280046738570e-01 2.368822565992976248e-01 1.136174770009639075e-02
-9.709451240541542294e-01 2.390717772249764395e-01 1.050005267889735777e-02
-9.704558962406424349e-01 2.410861587767637870e-01 9.634167739282342713e-03
-9.700055059394009360e-01 2.429248821336723874e-01 8.764688936387050877e-03
-9.695950972986947525e-01 2.445875303557729086e-01 7.892209375320478545e-03
-9.692256953043946188e-01 2.460737866391255468e-01 7.017319087577823626e-03
-9.688982041580638249e-01 2.473834323960099613e-01 6.140604928109761815e-03
-9.686134059654012418e-01 2.485163454698716412e-01 5.262650490976295004e-03
-9.683719597316227112e-01 2.494724984930310197e-01 4.384036041451868856e-03
-9.681744006601259445e-01 2.502519573938208342e-01 3.505338462400388582e-03
-9.680211397506005566e-01 2.508548800584340377e-01 2.627131212704007616e-03
-9.679124636926023095e-01 2.512815151513850820e-01 1.749984295507785994e-03
-9.678485350505050544e-01 2.515322010971149935e-01 8.744642340332031173e-04
-9.678293927356661497e-01 2.516073652239152469e-01 1.134052716793678209e-06
-9.678549527615858405e-01 2.515075230700055120e-01 -8.694467385545277122e-04
-9.679250092777972325e-01 2.512332778502863739e-01 -1.736722159312860001e-03
-9.680392358781904072e-01 2.507853200810009064e-01 -2.600139774646440752e-03
-9.681971871794352591e-01 2.501644273582839806e-01 -3.459150714718080104e-03
-9.683983006651272207e-01 2.493714642853596675e-01 -4.313209699718329425e-03
-9.686418987912234213e-01 2.484073825419678416e-01 -5.161775072236323217e-03
-9.689271913482589982e-01 2.472732210884668047e-01 -6.004308838950689169e-03
-9.692532780757356914e-01 2.459701064959716743e-01 -6.840276723452719775e-03
-9.696191515239410696e-01 2.444992533928521117e-01 -7.669148231914491715e-03
-9.700237001582930896e-01 2.428619650169336619e-01 -8.490396733206121566e-03
-9.704657117010988543e-01 2.410596338618252177e-01 -9.303499554949315464e-03
-9.709438767053716335e-01 2.390937424049369708e-01 -1.010793809686916581e-02
-9.714567923550585515e-01 2.369658639039617931e-01 -1.090319796267315115e-02
-9.720029664856933982e-01 2.346776632478720925e-01 -1.168876911154611252e-02
-9.725808218191044352e-01 2.322308978478371533e-01 -1.246414603020288246e-02
-9.731887004053728640e-01 2.296274185528979217e-01 -1.322882792628694675e-02
-9.738248682647560051e-01 2.268691705747491183e-01 -1.398231894374452750e-02
-9.744875202217597732e-01 2.239581944055780149e-01 -1.472412840063932159e-02
-9.751747849229720488e-01 2.208966267125967997e-01 -1.545377104970464821e-02
-9.758847300296517036e-01 2.176867011926862383e-01 -1.617076736175749804e-02
-9.766153675754115637e-01 2.143307493704446065e-01 -1.687464383192384398e-02
-9.773646594786461472e-01 2.108312013229100279e-01 -1.756493330844728987e-02
-9.781305231986312521e-01 2.071905863143003734e-01 -1.824117534367465307e-02
-9.789108375234822912e-01 2.034115333242937362e-01 -1.890291656663333625e-02
-9.797034484773927687e-01 1.994967714536556302e-01 -1.954971107643725323e-02
-9.805061753338052410e-01 1.954491301914091650e-01 -2.018112085558183139e-02
-9.813168167203879522e-01 1.912715395282398867e-01 -2.079671620201506768e-02
-9.821331568009227242e-01 1.869670299014300763e-01 -2.139607617870215028e-02
-9.828083538173238987e-01 1.835773872460026990e-01 -1.967441407369744516e-02
-9.834043088720991754e-01 1.805378217581521116e-01 -1.794603570568284456e-02
-9.839240221556989630e-01 1.778501612307559765e-01 -1.621230245160079977e-02
-9.843701876830037722e-01 1.755158686772436138e-01 -1.447457798579733675e-02
-9.847451854792785841e-01 1.735360455300768712e-01 -1.273422689537799524e-02
-9.850510753230745653e-01 1.719114347885882799e-01 -1.099261335682772192e-02
-9.852895920559281429e-01 1.706424240729737807e-01 -9.251099866655130080e-03
-9.854621424629870230e-01 1.697290485493629097e-01 -7.511046018331929246e-03
-9.855698037232234476e-01 1.691709936992646934e-01 -5.773807317433027504e-03
-9.856133234226448492e-01 1.689675979152158170e-01 -4.040734026643041758e-03
-9.855931211188461161e-01 1.691178549130430420e-01 -2.313170032180793863e-03
-9.855092914403268400e-01 1.696204159597014260e-01 -5.924517232038324557e-04
-9.853616086991842105e-01 1.704735919240729092e-01 1.120093124111821471e-03
-9.851495329910444632e-01 1.716753551663152688e-01 2.823146465868620059e-03
-9.848722177513847820e-01 1.732233412892545399e-01 4.515401120804231686e-03
-9.845285187326802134e-01 1.751148507828308165e-01 6.195561918911286076e-03
-9.841170043620670604e-01 1.773468505996568523e-01 7.862346874937926888e-03
-9.836359674344143933e-01 1.799159757062565035e-01 9.514488392702675698e-03
-9.830834380908294312e-01 1.828185306604411808e-01 1.115073450538122714e-02
-9.824571980276743943e-01 1.860504912704919189e-01 1.276985015606364390e-02
-9.817547958761466687e-01 1.896075063962771590e-01 1.437061852194702199e-02
-9.809735636873758713e-01 1.934848999560976890e-01 1.595184238453087322e-02
-9.801106344528357495e-01 1.976776732058576347e-01 1.751234554713102659e-02
-9.791629605846856599e-01 2.021805073590716151e-01 1.905097429993396485e-02
-9.781273332754744088e-01 2.069877666171975605e-01 2.056659893168935604e-02
-9.770004026515084483e-01 2.120935016798039252e-01 2.205811528599687515e-02
-9.757786986291510090e-01 2.174914538031225142e-01 2.352444635899713157e-02
-9.744586523784453114e-01 2.231750594735948945e-01 2.496454393413964634e-02
-9.730366182938008368e-01 2.291374557600943940e-01 2.637739024858699877e-02
-9.715088963671263400e-01 2.353714864046114741e-01 2.776199968473758856e-02
-9.698717548548035916e-01 2.418697087063519657e-01 2.911742047932424846e-02
-9.681214531263558909e-01 2.486244012484549459e-01 3.044273644158583536e-02
-9.662542645796488028e-01 2.556275725099388385e-01 3.173706867112761898e-02
-9.642664995050499455e-01 2.628709703980925405e-01 3.299957726529682833e-02
-9.621545277792401540e-01 2.703460927284192516e-01 3.422946300521410162e-02
-9.599148012683859088e-01 2.780441986704977331e-01 3.542596900903142304e-02
-9.575438758202124978e-01 2.859563211688482820e-01 3.658838234054191674e-02
-9.550384327252204875e-01 2.940732803381842508e-01 3.771603556095587395e-02
-9.523952995289058920e-01 3.023856978224109815e-01 3.880830821148711918e-02
-9.496114700794189289e-01 3.108840120965249976e-01 3.986462821436978499e-02
-9.471022801526359780e-01 3.185931598638500617e-01 3.867390647394706310e-02
-9.446112134976819563e-01 3.260461658931487205e-01 3.746404442506608840e-02
-9.421451647838217092e-01 3.332408086832613359e-01 3.623607936358212711e-02
-9.397108647814113036e-01 3.401751306952066067e-01 3.499103565485594397e-02
-9.373148657915433279e-01 3.468474248126137693e-01 3.372992350413868412e-02
-9.349635281470665138e-01 3.532562205689863677e-01 3.245373789087098448e-02
-9.326630077709433531e-01 3.594002702409771488e-01 3.116345766476918966e-02
-9.304192447716658210e-01 3.652785349023730532e-01 2.986004480064036182e-02
-9.282379530499579312e-01 3.708901705286259953e-01 2.854444380802576356e-02
-9.261246108862490889e-01 3.762345142366066986e-01 2.721758129101968862e-02
-9.240844524744011856e-01 3.813110707388818743e-01 2.588036565294552296e-02
-9.221224603638965567e-01 3.861194990862964471e-01 2.453368693999121927e-02
-9.202433587701224216e-01 3.906595997670482268e-01 2.317841681740875209e-02
-9.184516077104907250e-01 3.949313022248340799e-01 2.181540867146242180e-02
-9.167513979228756327e-01 3.989346528530776648e-01 2.044549782996451723e-02
-9.151466465222002356e-01 4.026698035167646794e-01 1.906950189395864928e-02
-9.136409933509123116e-01 4.061370006480528594e-01 1.768822117289556989e-02
-9.122377979795210923e-01 4.093365749566224565e-01 1.630243921548790373e-02
-9.109401373142715919e-01 4.122689317907129447e-01 1.491292342832327075e-02
-9.097508037703692096e-01 4.149345421799741640e-01 1.352042577425387020e-02
-9.082332934895329668e-01 4.182214839221859992e-01 1.425047964107136605e-02
-9.066409441990724849e-01 4.216375515544613095e-01 1.496578186680645739e-02
-9.049736414829189224e-01 4.251791243026110667e-01 1.566594087135592811e-02
-9.032312974079675927e-01 4.288424921306244753e-01 1.635058316912691920e-02
-9.014138547589861661e-01 4.326238612347678147e-01 1.701935374704528769e-02
-8.995212911782799470e-01 4.365193596730148617e-01 1.767191641223665038e-02
-8.975536231897925932e-01 4.405250431202833439e-01 1.830795410822487132e-02
-8.955109100880629391e-01 4.446369007391236527e-01 1.892716919854358498e-02
-8.933932576733027986e-01 4.488508611546925264e-01 1.952928371671840829e-02
-8.912008218148116390e-01 4.531627985220595400e-01 2.011403958165076250e-02
-8.889338118259852983e-01 4.575685386731435655e-01 2.068119877751832536e-02
-8.865924936353114516e-01 4.620638653298718701e-01 2.123054349740162092e-02
-8.841771927389584507e-01 4.666445263695027101e-01 2.176187624995071582e-02
-8.816882969218552413e-01 4.713062401274629165e-01 2.227501992851953216e-02
-8.791262587355143099e-01 4.760447017225317157e-01 2.276981784231738026e-02
-8.764915977222641486e-01 4.808555893887586086e-01 2.324613370925682210e-02
-8.737849023770136725e-01 4.857345707981420846e-01 2.370385161031304463e-02
-8.710068318391707143e-01 4.906773093578220557e-01 2.414287590535142691e-02
-8.681581173088568359e-01 4.956794704653594841e-01 2.456313111052579878e-02
-8.652395631831012457e-01 5.007367277055896349e-01 2.496456173749874580e-02
-8.627780112578592453e-01 5.050441961068870000e-01 2.333376888025739601e-02
-8.604646542210682147e-01 5.090478481577690451e-01 2.169950722834824292e-02
-8.583038724034821598e-01 5.127494121049145370e-01 2.006251448480528971e-02
-8.562996678701744191e-01 5.161506126582779963e-01 1.842349957385676709e-02
-8.544556666504089515e-01 5.192531572091990677e-01 1.678314429130148278e-02
-8.527751213470957659e-01 5.220587232674837042e-01 1.514210504041804684e-02
-8.512609140514046935e-01 5.245689471226581135e-01 1.350101464177325648e-02
-8.499155594944571845e-01 5.267854137301304362e-01 1.186048420578503411e-02
-8.487412083745421443e-01 5.287096478191494198e-01 1.022110505738139594e-02
-8.477396508049562796e-01 5.303431062161643172e-01 8.583450702571394572e-03
-8.469123198342950465e-01 5.316871713744216743e-01 6.948078827199812013e-03
-8.462602949977727773e-01 5.327431460983219624e-01 5.315533318588267636e-03
-8.457843058648933932e-01 5.335122494491466583e-01 3.686346301166498057e-03
-8.454847355554842014e-01 5.339956138171950695e-01 2.061040177564699150e-03
-8.453616242027243155e-01 5.341942831440840145e-01 4.401296669681053521e-04
-8.454146723483130232e-01 5.341092122778977602e-01 -1.175876167173719056e-03
-8.456432442613124323e-01 5.337412674429775628e-01 -2.786471907739244448e-03
-8.460463711784423912e-01 5.330912278053521192e-01 -4.391153800274601865e-03
-8.466227544696871554e-01 5.321597881140734954e-01 -5.989417802355271984e-03
-8.473707687389702148e-01 5.309475623979884595e-01 -7.580757673112462069e-03
-8.482884648753581391e-01 5.294550886966902237e-01 -9.164663109971238689e-03
-8.493735730757403513e-01 5.276828348035106364e-01 -1.074061793958582672e-02
-8.506235058651884229e-01 5.256312049973874689e-01 -1.230809836992637074e-02
-8.520353611462039289e-01 5.233005477392257410e-01 -1.386657131046679231e-02
-8.536059253127998847e-01 5.206911643069380702e-01 -1.541549276744065382e-02
-8.553316764698034591e-01 5.178033183416538288e-01 -1.695430632116581154e-02
-8.572087878018935792e-01 5.146372462756072519e-01 -1.848244169248357965e-02
-8.592331311406689043e-01 5.111931686099215888e-01 -1.999931340540771554e-02
-8.614002807814510332e-01 5.074713020078828185e-01 -2.150431955312619853e-02
-8.637055176045306260e-01 5.034718721663287155e-01 -2.299684067453738878e-02
-8.661438335581277403e-01 4.991951274244575409e-01 -2.447623874852432324e-02
-8.687099365624245673e-01 4.946413530656854629e-01 -2.594185631316866733e-02
-8.713982558955983837e-01 4.898108862641591954e-01 -2.739301571707160668e-02
-8.742029481237982846e-01 4.847041316231729402e-01 -2.882901850987413389e-02
-8.771179036374245896e-01 4.793215772480669545e-01 -3.024914497894602358e-02
-8.801367538558471093e-01 4.736638112912298082e-01 -3.165265383903288765e-02
-8.832528791617939579e-01 4.677315389016247216e-01 -3.303878208140625938e-02
-8.864594176250174540e-01 4.615255995058584748e-01 -3.440674498874495002e-02
-8.897492745724582264e-01 4.550469843422650373e-01 -3.575573632157982157e-02
-8.931151330589525150e-01 4.482968541638505666e-01 -3.708492868165212675e-02
-8.965494652885294125e-01 4.412765570203130983e-01 -3.839347405696146021e-02
-9.000445450314973339e-01 4.339876460237916955e-01 -3.968050455260890841e-02
-9.035924610768175658e-01 4.264318969976060303e-01 -4.094513331076977958e-02
-9.071851317526882230e-01 4.186113259021135846e-01 -4.218645562225640383e-02
-9.108143205408241183e-01 4.105282059270426442e-01 -4.340355023115335248e-02
-9.144716528016340051e-01 4.021850841353614148e-01 -4.459548083292646375e-02
-9.181486336183863894e-01 3.935847975400308396e-01 -4.576129776522491754e-02
-9.218366667585694563e-01 3.847304884919742207e-01 -4.690003988931727014e-02
-9.255270747400367037e-01 3.756256192553953932e-01 -4.801073665873421825e-02
-9.292111199782699948e-01 3.662739856453007814e-01 -4.909241037024134752e-02
-9.328800269792624222e-01 3.566797296018401342e-01 -5.014407859074528767e-02
-9.365250055302409837e-01 3.468473505769755771e-01 -5.116475675215963886e-02
-9.401372748278231661e-01 3.367817156111135302e-01 -5.215346090463813394e-02
-9.437080884703760164e-01 3.264880679807702912e-01 -5.310921061693869849e-02
-9.472287602284654717e-01 3.159720343031559575e-01 -5.403103201103362507e-02
-9.506906904945158221e-01 3.052396299898023080e-01 -5.491796091644826627e-02
-9.540853933003133891e-01 2.942972629490618885e-01 -5.576904612821676627e-02
-9.574045237789726714e-01 2.831517354464710423e-01 -5.658335275081219362e-02
-9.606399059366231841e-01 2.718102440425898547e-01 -5.735996560896449575e-02
-9.637835605885634038e-01 2.602803775399623598e-01 -5.809799270494869078e-02
-9.667040789930889666e-01 2.495762938481914939e-01 -5.652345051388713709e-02
-9.694253795772923565e-01 2.391629005209149894e-01 -5.491396542913440371e-02
-9.719557241961392924e-01 2.290508748095499703e-01 -5.327072374633701896e-02
-9.743034501550600357e-01 2.192504275229414379e-01 -5.159496108744374837e-02
-9.764769319051682661e-01 2.097712943015235532e-01 -4.988795861129893816e-02
-9.784845429611650491e-01 2.006227289811192416e-01 -4.815103926735168210e-02
-9.803346182589237623e-01 1.918134989455432260e-01 -4.638556411646690275e-02
-9.820354171583400849e-01 1.833518823511887386e-01 -4.459292874074966689e-02
-9.835950872844693160e-01 1.752456670929328497e-01 -4.277455976204351529e-02
-9.850216293865300399e-01 1.675021513690721497e-01 -4.093191148637520538e-02
-9.863228633802837431e-01 1.601281456936479719e-01 -3.906646268912869480e-02
-9.875063957248568780e-01 1.531299761974489193e-01 -3.717971355317695181e-02
-9.885795882704839777e-01 1.465134890541681389e-01 -3.527318276961617649e-02
-9.895495286991362605e-01 1.402840558655935599e-01 -3.334840480816607389e-02
-9.904230026657512287e-01 1.344465798392465994e-01 -3.140692736175317717e-02
-9.912064677339601504e-01 1.290055025934597754e-01 -2.945030896731000783e-02
-9.919060291869692403e-01 1.239648114283816160e-01 -2.748011680242692240e-02
-9.925274177817001720e-01 1.193280469066857474e-01 -2.549792465520864596e-02
-9.930759695025190847e-01 1.150983105946999097e-01 -2.350531106253408997e-02
-9.935566073599537695e-01 1.112782728231061224e-01 -2.150385760991305531e-02
-9.940401285351657679e-01 1.068078245681305383e-01 -2.182460550622528084e-02
-9.945104118845614627e-01 1.022710646616533520e-01 -2.212853198806386673e-02
-9.949662457799289816e-01 9.767148913873442695e-02 -2.241543928802611219e-02
-9.954064666688435814e-01 9.301264629844456511e-02 -2.268514273980282506e-02
-9.958299623737967288e-01 8.829813376688352977e-02 -2.293747105529769792e-02
-9.962356752301400054e-01 8.353159542226901157e-02 -2.317226658787727850e-02
-9.966226050520239355e-01 7.871671818742186078e-02 -2.338938558042360713e-02
-9.969898119160334193e-01 7.385722869578792427e-02 -2.358869839691095024e-02
-9.973364187528074298e-01 6.895688983792039317e-02 -2.377008973628636640e-02
-9.976616137375705629e-01 6.401949719609396905e-02 -2.393345882750078785e-02
-9.979646524712013633e-01 5.904887537542605896e-02 -2.407871960461247657e-02
-9.982448599442105275e-01 5.404887424053668454e-02 -2.420580086096756761e-02
-9.985016322767955588e-01 4.902336506738112776e-02 -2.431464638155240998e-02
-9.987344382289805589e-01 4.397623662043408099e-02 -2.440521505270893191e-02
-9.989428204757248020e-01 3.891139116588565594e-02 -2.447748094850657474e-02
-9.991263966427975651e-01 3.383274043192543989e-02 -2.453143339317178512e-02
-9.992848601001549369e-01 2.874420152753644556e-02 -2.456707699908763573e-02
-9.994179805105173342e-01 2.364969283149440799e-02 -2.458443167999138299e-02
-9.995256041318241191e-01 1.855312986346694532e-02 -2.458353263911534567e-02
-9.996076538732309169e-01 1.345842114923028951e-02 -2.456443033213596278e-02
-9.996641291053074418e-01 8.369464092067752797e-03 -2.452719040491598695e-02
-9.996951052260827364e-01 3.290140862383843581e-03 -2.447189360614484416e-02
-9.997007329855659430e-01 -1.775685682538688699e-03 -2.439863567510117126e-02
-9.996812375723349575e-01 -6.824176036893228429e-03 -2.430752720487865115e-02
-9.996369174667301127e-01 -1.185151803132439979e-02 -2.419869348153051714e-02
-9.995681430661047528e-01 -1.685393075335887142e-02 -2.407227429969874960e-02
-9.994753550884684090e-01 -2.182766839252029203e-02 -2.392842375540018066e-02
-9.993590627617013888e-01 -2.676902399981437308e-02 -2.376731001674272856e-02
-9.992198418063203968e-01 -3.167433315178765085e-02 -2.358911507344003608e-02
-9.990583322205282002e-01 -3.653997750993647625e-02 -2.339403446608135859e-02
-9.988752358769774631e-01 -4.136238826686621656e-02 -2.318227699619488519e-02
-9.986713139413261331e-01 -4.613804947126895484e-02 -2.295406441821648547e-02
-9.984473841232442970e-01 -5.086350122449587174e-02 -2.270963111454146408e-02
-9.982043177710566706e-01 -5.553534274224167233e-02 -2.244922375489417227e-02
-9.979430368216646308e-01 -6.015023527562712857e-02 -2.217310094129876577e-02
-9.976645106177867151e-01 -6.470490488675546825e-02 -2.188153283997397100e-02
-9.973697526048852513e-01 -6.919614507462321096e-02 -2.157480080150517288e-02
-9.970598169204100136e-01 -7.362081924807942213e-02 -2.125319697066854058e-02
-9.967357948881865326e-01 -7.797586304334321039e-02 -2.091702388729419285e-02
-9.963988114309100252e-01 -8.225828648440182411e-02 -2.056659407955874555e-02
-9.960500214137726349e-01 -8.646517598541479666e-02 -2.020222965109211635e-02
-9.956906059322603308e-01 -9.059369619503740423e-02 -1.982426186326948642e-02
-9.953217685571001949e-01 -9.464109168334472466e-02 -1.943303071403701399e-02
-9.949447315492306876e-01 -9.860468847277963078e-02 -1.902888451458984234e-02
-9.945607320575009513e-01 -1.024818954152604406e-01 -1.861217946518334970e-02
-9.941710183115917143e-01 -1.062702054182618483e-01 -1.818327923131400278e-02
-9.937768458223844581e-01 -1.099671965233222498e-01 -1.774255452145516096e-02
-9.933794736017012017e-01 -1.135705328410285958e-01 -1.729038266747618541e-02
-9.929801604129899761e-01 -1.170779653470830212e-01 -1.682714720881084425e-02
-9.925801610641469264e-01 -1.204873325445611626e-01 -1.635323748137383626e-02
-9.921807227532536411e-01 -1.237965609979285037e-01 -1.586904821215298633e-02
-9.917830814775648873e-01 -1.270036657447861372e-01 -1.537497912032973792e-02
-9.913884585156168550e-01 -1.301067505916700118e-01 -1.487143452570277059e-02
-9.909980569918390714e-01 -1.331040083005272934e-01 -1.435882296510947349e-02
-9.906130585325546578e-01 -1.359937206727389880e-01 -1.383755681745811768e-02
-9.902346200217370109e-01 -1.387742585377506888e-01 -1.330805193790069244e-02
-9.898638704643720754e-01 -1.414440816535116052e-01 -1.277072730159293894e-02
-9.895019079647474625e-01 -1.440017385260088656e-01 -1.222600465740471959e-02
-9.891497968264605367e-01 -1.464458661552187901e-01 -1.167430819186114806e-02
-9.888085647804120137e-01 -1.487751897147817082e-01 -1.111606420351327236e-02
-9.884792003465261434e-01 -1.509885221726433580e-01 -1.055170078785713263e-02
-9.881626503344231871e-01 -1.530847638597958027e-01 -9.981647532842136475e-03
-9.878598174877581961e-01 -1.550629019940960862e-01 -9.406335224934350703e-03
-9.875715582764440503e-01 -1.569220101659446198e-01 -8.826195565627902376e-03
-9.872986808404878856e-01 -1.586612477923689257e-01 -8.241660898228584872e-03
-9.870419430886966383e-01 -1.602798595457853581e-01 -7.653163944668320284e-03
-9.868020509550475827e-01 -1.617771747634045298e-01 -7.061137552047591116e-03
-9.865796568150747570e-01 -1.631526068429073051e-01 -6.466014448545682330e-03
-9.863753580641918539e-01 -1.644056526296520382e-01 -5.868227008285705620e-03
-9.861896958594581486e-01 -1.655358918002812207e-01 -5.268207024693167227e-03
-9.860231540258963534e-01 -1.665429862471817235e-01 -4.666385491843456045e-03
-9.858761581280862663e-01 -1.674266794678190007e-01 -4.063192393255179481e-03
-9.857490747073915927e-01 -1.681867959625163722e-01 -3.459056497552896303e-03
-9.856422106848218290e-01 -1.688232406437869815e-01 -2.854405160394550469e-03
-9.855558129291920322e-01 -1.693359982598540425e-01 -2.249664132035853782e-03
-9.854900679899162297e-01 -1.697251328345142363e-01 -1.645257369886018095e-03
-9.854451019934536982e-01 -1.699907871250153635e-01 -1.041606855396592576e-03
-9.854209807021243606e-01 -1.701331820991338895e-01 -4.391324146177119723e-04
