1.000000000000000000e+00 0.000000000000000000e+00 0.000000000000000000e+00
1.000000000000000000e+00 0.000000000000000000e+00 0.000000000000000000e+00
1.000000000000000000e+00 0.000000000000000000e+00 0.000000000000000000e+00
1.000000000000000000e+00 0.000000000000000000e+00 0.000000000000000000e+00
1.000000000000000000e+00 0.000000000000000000e+00 0.000000000000000000e+00
1.000000000000000000e+00 0.000000000000000000e+00 0.000000000000000000e+00
1.000000000000000000e+00 0.000000000000000000e+00 0.000000000000000000e+00
1.000000000000000000e+00 0.000000000000000000e+00 0.000000000000000000e+00
1.000000000000000000e+00 0.000000000000000000e+00 0.000000000000000000e+00
1.000000000000000000e+00 0.000000000000000000e+00 0.000000000000000000e+00
1.000000000000000000e+00 0.000000000000000000e+00 0.000000000000000000e+00
1.000000000000000000e+00 0.000000000000000000e+00 0.000000000000000000e+00
1.000000000000000000e+00 0.000000000000000000e+00 0.000000000000000000e+00
1.000000000000000000e+00 0.000000000000000000e+00 0.000000000000000000e+00
1.000000000000000000e+00 0.000000000000000000e+00 0.000000000000000000e+00
1.000000000000000000e+00 0.000000000000000000e+00 0.000000000000000000e+00
1.000000000000000000e+00 0.000000000000000000e+00 0.000000000000000000e+00
1.000000000000000000e+00 0.000000000000000000e+00 0.000000000000000000e+00
1.000000000000000000e+00 0.000000000000000000e+00 0.000000000000000000e+00
1.000000000000000000e+00 0.000000000000000000e+00 0.000000000000000000e+00
1.000000000000000000e+00 0.000000000000000000e+00 0.000000000000000000e+00
1.000000000000000000e+00 0.000000000000000000e+00 0.000000000000000000e+00
1.000000000000000000e+00 0.000000000000000000e+00 0.000000000000000000e+00
1.000000000000000000e+00 0.000000000000000000e+00 0.000000000000000000e+00
1.000000000000000000e+00 0.000000000000000000e+00 0.000000000000000000e+00
1.000000000000000000e+00 0.000000000000000000e+00 0.000000000000000000e+00
1.000000000000000000e+00 0.000000000000000000e+00 0.000000000000000000e+00
1.000000000000000000e+00 0.000000000000000000e+00 0.000000000000000000e+00
1.000000000000000000e+00 0.000000000000000000e+00 0.000000000000000000e+00
1.000000000000000000e+00 0.000000000000000000e+00 0.000000000000000000e+00
1.000000000000000000e+00 0.000000000000000000e+00 0.000000000000000000e+00
1.000000000000000000e+00 0.000000000000000000e+00 0.000000000000000000e+00
1.000000000000000000e+00 0.000000000000000000e+00 0.000000000000000000e+00
1.000000000000000000e+00 0.000000000000000000e+00 0.000000000000000000e+00
1.000000000000000000e+00 0.000000000000000000e+00 0.000000000000000000e+00
1.000000000000000000e+00 0.000000000000000000e+00 0.000000000000000000e+00
1.000000000000000000e+00 0.000000000000000000e+00 0.000000000000000000e+00
1.000000000000000000e+00 0.000000000000000000e+00 0.000000000000000000e+00
1.000000000000000000e+00 0.000000000000000000e+00 0.000000000000000000e+00
1.000000000000000000e+00 0.000000000000000000e+00 0.000000000000000000e+00
1.000000000000000000e+00 0.000000000000000000e+00 0.000000000000000000e+00
1.000000000000000000e+00 0.000000000000000000e+00 0.000000000000000000e+00
9.999962345775397221e-01 1.451448266136045641e-03 -2.329119639023346979e-03
9.999809104650512204e-01 4.101059741883252528e-03 -4.621862374106293705e-03
9.999449971071400212e-01 7.927035232348542126e-03 -6.867869886183686733e-03
9.998757463586950278e-01 1.290216067675740291e-02 -9.057054697466747697e-03
9.997570972425422475e-01 1.899388942498411031e-02 -1.117964199462428976e-02
9.995701561239797028e-01 2.616443599546729171e-02 -1.322621346722973809e-02
9.992937423193583024e-01 3.437088902291218773e-02 -1.518775336628088758e-02
9.989049877757751883e-01 4.356535156002844938e-02 -1.705569670248113442e-02
9.983799781541187190e-01 5.369511682271800590e-02 -1.882197920868706326e-02
9.976944214740087746e-01 6.470288685175068499e-02 -2.047908840126205776e-02
9.968243295059535658e-01 7.652704042135799467e-02 -2.202011480720042144e-02
9.957466964003834908e-01 8.910195489946828862e-02 -2.343880219360345435e-02
9.944401587027206224e-01 1.023583847267038466e-01 -2.472959545795360564e-02
9.928856209883299977e-01 1.162238968294674185e-01 -2.588768472401119236e-02
9.910668319152823313e-01 1.306233607369660099e-01 -2.690904414829375577e-02
9.889708965672759922e-01 1.454794885702532237e-01 -2.779046398128721951e-02
9.865887125455600204e-01 1.607134175597199344e-01 -2.852957454651389169e-02
9.839153193362915051e-01 1.762453254719308360e-01 -2.912486099519909569e-02
9.809501529641413420e-01 1.919950674227624554e-01 -2.957566795556577921e-02
9.776972007490032368e-01 2.078828211364355250e-01 -2.988219351040459146e-02
9.741650539900544858e-01 2.238297268650268901e-01 -3.004547228764595582e-02
9.703668594728672714e-01 2.397585079603627711e-01 -3.006734781696798059e-02
9.663201736864903690e-01 2.555940585002995369e-01 -2.995043467080013219e-02
9.620467264079600733e-01 2.712639853848730076e-01 -2.969807125071768222e-02
9.575721027353563120e-01 2.866990938683276480e-01 -2.931426438237319868e-02
9.529253546244346174e-01 3.018338074834439055e-01 -2.880362712912500414e-02
9.481385544352831651e-01 3.166065156251938739e-01 -2.817131141579470519e-02
9.432463038856415682e-01 3.309598445592414340e-01 -2.742293716348893906e-02
9.382852121326181738e-01 3.448408501723886355e-01 -2.656451967281462517e-02
9.332933564934277060e-01 3.582011332591759634e-01 -2.560239695916990271e-02
9.283097386254755001e-01 3.709968804292527733e-01 -2.454315864696446359e-02
9.233737478953603084e-01 3.831888357330929806e-01 -2.339357787940972086e-02
9.185246422681206946e-01 3.947422097735394653e-01 -2.216054750866096323e-02
9.138010554418437570e-01 4.056265343583407290e-01 -2.085102161025391421e-02
9.092405372374623429e-01 4.158154716405595419e-01 -1.947196312858946038e-02
9.048791325213002557e-01 4.252865871984435331e-01 -1.803029821847280945e-02
9.007510022692608587e-01 4.340210966516332980e-01 -1.653287761173196507e-02
8.968880888424032305e-01 4.420035952378914557e-01 -1.498644511617485547e-02
8.933198261836227116e-01 4.492217793342089815e-01 -1.339761315296696120e-02
8.900728944973551604e-01 4.556661682527023971e-01 -1.177284506220291870e-02
8.871710180561410697e-01 4.613298338297455725e-01 -1.011844375733423826e-02
8.846348040931178991e-01 4.662081444075848458e-01 -8.440546187826448998e-03
8.824816202799903309e-01 4.702985288268828890e-01 -6.745122975195613595e-03
8.807255080384868151e-01 4.736002650445911288e-01 -5.037982518628537562e-03
8.793771288657091789e-01 4.761142969946910997e-01 -3.324778820254581293e-03
8.784437409415624121e-01 4.778430823421419560e-01 -1.611022253985062947e-03
8.779292034985225479e-01 4.787904728578976088e-01 9.790750723121248618e-05
8.778340067383099132e-01 4.789616282737431674e-01 1.796747185618563503e-03
8.781553254448620782e-01 4.783629636633730531e-01 3.480334976952756398e-03
8.788870948378462167e-01 4.770021296401751321e-01 5.143595748706386757e-03
8.800201076072245998e-01 4.748880239597503827e-01 6.781527058032736470e-03
8.815421314408364850e-01 4.720308324623697649e-01 8.389186646697797609e-03
8.834380466800054732e-01 4.684420966836045364e-01 9.961682020195808049e-03
8.856900039921818957e-01 4.641348048977799179e-01 1.149416266161618072e-02
8.882776021171208125e-01 4.591235028383352512e-01 1.298181536718716854e-02
8.911780858101093772e-01 4.534244198640426937e-01 1.441986311944249560e-02
8.943665640621537571e-01 4.470556059158859452e-01 1.580356783524084277e-02
8.978162485169257634e-01 4.400370742449906669e-01 1.712823723912287183e-02
9.014987117264758876e-01 4.323909445990826717e-01 1.838923601768360089e-02
9.053841644962252744e-01 4.241415813477182883e-01 1.958200130813825268e-02
9.099378836571959672e-01 4.141160715785692226e-01 2.282435727230645861e-02
9.150397080871506272e-01 4.025268023791593319e-01 2.597178142039041973e-02
9.206123671826403898e-01 3.893984280390885289e-01 2.901318036899386971e-02
9.265713709926415298e-01 3.747606578835473434e-01 3.193710322661896805e-02
9.328260309696102537e-01 3.586493251278384808e-01 3.473177697595770247e-02
9.392806333462125901e-01 3.411074371253504656e-01 3.738517236538989319e-02
9.458357694236376734e-01 3.221861624063409035e-01 3.988510050472024449e-02
9.523898195739536332e-01 3.019457078183993559e-01 4.221933925186201197e-02
9.588405788536045193e-01 2.804560386607223843e-01 4.437578722544966575e-02
9.650870022280679805e-01 2.577973964069054658e-01 4.634264193107467261e-02
9.710310371097937709e-01 2.340605728016530995e-01 4.810859711640638747e-02
9.765795009436276652e-01 2.093469060119710623e-01 4.966305316309513329e-02
9.816459527622216630e-01 1.837679741198371408e-01 5.099633318507435648e-02
9.861525008324539820e-01 1.574449733137864849e-01 5.209989664241366364e-02
9.900314845183539880e-01 1.305077821498743518e-01 5.296654179911467614e-02
9.932269679385398176e-01 1.030937284250741381e-01 5.359058833445125292e-02
9.956959862934997574e-01 7.534609054308125109e-02 5.396803191098183822e-02
9.974094929583693370e-01 4.741237963098605956e-02 5.409666351678792118e-02
9.983529662988918085e-01 1.944246094731716737e-02 5.397614789611136776e-02
9.985266490331584643e-01 -8.413417720052270704e-03 5.360805727552164085e-02
9.979454088816342994e-01 -3.600661772945004668e-02 5.299585875539965241e-02
9.966382260574953023e-01 -6.319204754495413856e-02 5.214485601349826832e-02
9.946473295882773957e-01 -8.982997679949769609e-02 5.106208819072999977e-02
9.920270193100587663e-01 -1.157876640287261866e-01 4.975619083678782528e-02
9.888422225910667995e-01 -1.409407468470863511e-01 4.823722544517303201e-02
9.851668436546848762e-01 -1.651743570420853569e-01 4.651648530085610023e-02
9.810819683580966899e-01 -1.883839381506988708e-01 4.460628604175214534e-02
9.766739883816093482e-01 -2.104757584029213480e-01 4.251974948811094307e-02
9.720327062725793166e-01 -2.313671264060873090e-01 4.027058895711138620e-02
9.672494772199569102e-01 -2.509863297164167117e-01 3.787290352505978674e-02
9.624154355527025917e-01 -2.692723268634462097e-01 3.534098762310371872e-02
9.576198445922252667e-01 -2.861742310932353095e-01 3.268916106286993972e-02
9.529485984809327181e-01 -3.016506289767104665e-01 2.993162319447949596e-02
9.484828947157232237e-01 -3.156687792184136310e-01 2.708233349947179042e-02
9.442980869663296639e-01 -3.282037368015877088e-01 2.415491959656446835e-02
9.404627198224486673e-01 -3.392374454345700174e-01 2.116261244906067485e-02
9.370377406897797412e-01 -3.487578375899277883e-01 1.811820754725550556e-02
9.340758792829499946e-01 -3.567579767201219942e-01 1.503405001510204307e-02
9.316211820445889913e-01 -3.632352709186087436e-01 1.192204095819984419e-02
9.297086872474257246e-01 -3.681907817311126929e-01 8.793661917423981761e-03
9.288751969094539707e-01 -3.703763888739445287e-01 3.496214141713135243e-03
9.290230530483190030e-01 -3.700176602773608825e-01 -1.767556126712786953e-03
9.301422971818241736e-01 -3.671329216785271243e-01 -6.982393482373789283e-03
9.322000618845740494e-01 -3.617400528191993536e-01 -1.213306973487879303e-02
9.351412496485310699e-01 -3.538571717049402432e-01 -1.720413284260443113e-02
9.388893709215053729e-01 -3.435037886911638250e-01 -2.217968534583752288e-02
9.433475753512295947e-01 -3.307023817012972322e-01 -2.704320389814224290e-02
9.483999220900430904e-01 -3.154803301346852384e-01 -3.177741078745906916e-02
9.539129419465451898e-01 -2.978721299201686490e-01 -3.636420739005695457e-02
9.597375451820763237e-01 -2.779217959358136758e-01 -4.078467815252750234e-02
9.657113229616536287e-01 -2.556853414157124749e-01 -4.501917179364289118e-02
9.716612772823228772e-01 -2.312332083352388601e-01 -4.904746383243813179e-02
9.774069934769979984e-01 -2.046525099515757729e-01 -5.284900121347900492e-02
9.827642416400179659e-01 -1.760489388913309972e-01 -5.640322573536159234e-02
9.875489598718026896e-01 -1.455481937665792647e-01 -5.968996832732553076e-02
9.915815353370595053e-01 -1.132967864081436821e-01 -6.268990122124648567e-02
9.946912619006368361e-01 -7.946211197646091406e-02 -6.538503011500741702e-02
9.967208193652341564e-01 -4.423169598963874738e-02 -6.775920399846108166e-02
9.975305932247229279e-01 -7.811574898959353086e-03 -6.979861694279279605e-02
9.970026393014274069e-01 2.957618207587216913e-02 -7.149227434361035693e-02
9.953078983970023996e-01 6.625692338293104333e-02 -7.051498237317647966e-02
9.923459031770371919e-01 1.022634301726079026e-01 -6.922391344647517430e-02
9.882045893579330942e-01 1.373967288148799926e-01 -6.763116289618119337e-02
9.829923983428064949e-01 1.714725670993075823e-01 -6.575137569896369327e-02
9.768350789710318338e-01 2.043238381871441411e-01 -6.360134601230538198e-02
9.698721617885693869e-01 2.358023082842869711e-01 -6.119957684253556074e-02
9.622532700542643092e-01 2.657796251316493774e-01 -5.856582198974947390e-02
9.541344240803213417e-01 2.941476259373809188e-01 -5.572063145011400126e-02
9.456744779671195644e-01 3.208179991067088843e-01 -5.268491916858449725e-02
9.370318030916592322e-01 3.457213818784669046e-01 -4.947956878918600282e-02
9.283613039076658024e-01 3.688059946998046845e-01 -4.612508924941013250e-02
9.198118216729774810e-01 3.900359228679308732e-01 -4.264132809926356876e-02
9.115239531773836612e-01 4.093891575051359366e-01 -3.904724662717912187e-02
9.036282863302756985e-01 4.268555027645216104e-01 -3.536075749543324959e-02
8.962440338263520934e-01 4.424344460456212103e-01 -3.159862278629727711e-02
8.894780306285303695e-01 4.561330747354178650e-01 -2.777640820857133278e-02
8.834240507260766595e-01 4.679641082342036462e-01 -2.390848770989247724e-02
8.781623931643881553e-01 4.779440991498319913e-01 -2.000809182515460305e-02
8.737596860555028044e-01 4.860918435766535262e-01 -1.608739267165311057e-02
8.702688593868954658e-01 4.924270279917742354e-01 -1.215761846576457819e-02
8.670806431029344230e-01 4.980624113053289115e-01 -1.025014633715750842e-02
8.643537452150737987e-01 5.028154561675691747e-01 -8.324211658762657035e-03
8.621060359701419040e-01 5.066877475885092075e-01 -6.386021849578155628e-03
8.603512657634708738e-01 5.096822971014024484e-01 -4.441564505253133011e-03
8.590990564722473799e-01 5.118033313663897799e-01 -2.496629035573576412e-03
8.583549218654061841e-01 5.130561276950312832e-01 -5.568311087152005064e-04
8.581203136158299660e-01 5.134468973010926085e-01 1.372361131797559305e-03
8.583926901609566507e-01 5.129827161129479896e-01 3.285600075628792357e-03
8.591656064125617887e-01 5.116715021073022784e-01 5.177631834274417158e-03
8.604288230659301595e-01 5.095220373273561254e-01 7.043270515358412975e-03
8.621684349672564807e-01 5.065440320146197273e-01 8.877374434857480262e-03
8.643670186340951522e-01 5.027482275967564140e-01 1.067482506238141837e-02
8.670037995587625002e-01 4.981465346211824130e-01 1.243050943313169648e-02
8.700548403339861681e-01 4.927522010968563571e-01 1.413930669316754672e-02
8.734932509025106206e-01 4.865800061011954503e-01 1.579607937053553735e-02
8.772894223303060457e-01 4.796464729278671069e-01 1.739566988183199880e-02
8.814112854233173699e-01 4.719700955033076517e-01 1.893290269003319176e-02
8.858245952422679759e-01 4.635715713006937078e-01 2.040259242336175602e-02
8.904932421169140522e-01 4.544740335512313378e-01 2.179955814548351078e-02
8.953795891254959782e-01 4.447032752206039330e-01 2.311864383412378862e-02
9.009516653793123719e-01 4.331122551820603683e-01 2.645671458193060710e-02
9.070816103210390668e-01 4.199064527033095073e-01 2.969197791919143958e-02
9.136794498084361837e-01 4.051089692743766180e-01 3.281280715817477822e-02
9.206477907190532273e-01 3.887487581631568490e-01 3.580707978015645887e-02
9.278829564030223187e-01 3.708619068408420816e-01 3.866223167270244759e-02
9.352763076091509253e-01 3.514928788960341999e-01 4.136534720301995177e-02
9.427157537613654048e-01 3.306956625926739113e-01 4.390328507483758774e-02
9.500874495389459717e-01 3.085347707477012480e-01 4.626283854705274395e-02
9.572776601222006132e-01 2.850860363414752241e-01 4.843092703942299820e-02
9.641747657958444906e-01 2.604371508164810001e-01 5.039481448308801709e-02
9.706713636582258165e-01 2.346878978209987199e-01 5.214234809065815268e-02
9.766664119461931914e-01 2.079500444453651342e-01 5.366220964596726123e-02
9.820673520427199987e-01 1.803468647113861956e-01 5.494417008708976646e-02
9.867921356867713767e-01 1.520122857903369595e-01 5.597933721991106559e-02
9.907710812382164445e-01 1.230896653540810293e-01 5.676038598128294727e-02
9.939484838061135585e-01 9.373022748427058126e-02 5.728176086671411121e-02
9.962839100033648032e-01 6.409120330270755284e-02 5.753984099599636359e-02
9.977531189703597869e-01 3.433373944853557180e-02 5.753305980009029014e-02
9.983485665541407261e-01 4.620651265541592112e-03 5.726197339871842013e-02
9.980794681187219464e-01 -2.488589315719694911e-02 5.672927426456964711e-02
9.971761997646029219e-01 -5.258237874193961991e-02 5.361767672803455925e-02
9.956382781344463861e-01 -7.858045257185904131e-02 5.029571735165997565e-02
9.936047217955380484e-01 -1.027674575723745570e-01 4.678276169057245942e-02
9.912142756850989000e-01 -1.250474649705080599e-01 4.309877756875652582e-02
9.886023210299549335e-01 -1.453406143567224362e-01 3.926402705990030689e-02
9.858980621747130968e-01 -1.635821109862691802e-01 3.529880271720671481e-02
9.832220387439415399e-01 -1.797209783250542647e-01 3.122321374324042026e-02
9.806839902931014930e-01 -1.937186647668177053e-01 2.705702453802693794e-02
9.783810822502334581e-01 -2.055475989198220221e-01 2.281954511673681130e-02
9.763964874318747933e-01 -2.151897791443474206e-01 1.852957036849499015e-02
9.747983071388699461e-01 -2.226354713973861810e-01 1.420536309387428198e-02
9.736388097652363127e-01 -2.278820760666689649e-01 9.864674217635500258e-03
9.729539626029822807e-01 -2.309332103011525195e-01 5.524792495388423583e-03
9.727632334678228965e-01 -2.317980380696779696e-01 1.202615366493867133e-03
9.730696421216562531e-01 -2.304908662601470870e-01 -3.085267708494209525e-03
9.738600463683942943e-01 -2.270310118174057590e-01 -7.322488104700318988e-03
9.751056532759083684e-01 -2.214429323082007239e-01 -1.149281552705462041e-02
9.767627513836196762e-01 -2.137566004128076680e-01 -1.558008812354274263e-02
9.787736642115659746e-01 -2.040080916783549858e-01 -1.956816252453559904e-02
9.810679282046682603e-01 -1.922403444805265149e-01 -2.344089022373049142e-02
9.835636988602887154e-01 -1.785040416788075679e-01 -2.718212559693203995e-02
9.861693867891351273e-01 -1.628585551961690414e-01 -3.077576949516091370e-02
9.887855206342581749e-01 -1.453728881254355843e-01 -3.420585074349014043e-02
9.913068261388016111e-01 -1.261265444991948592e-01 -3.745664603854610697e-02
9.936245004971472339e-01 -1.052102551677472075e-01 -4.051283670302462808e-02
9.956286490230218389e-01 -8.272648991790289286e-02 -4.335969859353909495e-02
9.972108379871511552e-01 -5.878969154399543706e-02 -4.598331927118766427e-02
9.982667043347098756e-01 -3.352617735556384648e-02 -4.837083446628904354e-02
9.986985511868187171e-01 -7.073667569086734830e-03 -5.051067405670732480e-02
9.984178489232674591e-01 2.041958221139069524e-02 -5.239280639893736241e-02
9.973475565162395196e-01 4.879604649470341282e-02 -5.400896905871071380e-02
9.954241776725465396e-01 7.789057300366164505e-02 -5.535287390828708132e-02
9.925994718780514203e-01 1.075323603983793508e-01 -5.642037526409355436e-02
9.888417517301010262e-01 1.375472066673505689e-01 -5.720959123618438863e-02
9.841367145088958379e-01 1.677599466483241930e-01 -5.772097067861649972e-02
9.784877767151251016e-01 1.979969845098590586e-01 -5.795730092049332371e-02
9.719159037429677683e-01 2.280888204940140773e-01 -5.792365461141111421e-02
9.644589511018029082e-01 2.578724713739241059e-01 -5.762727728170202041e-02
9.561705566834552972e-01 2.871936908539483579e-01 -5.707742033416331184e-02
9.471186436629681626e-01 3.159089088333751905e-01 -5.628512690504217097e-02
9.379784880368293720e-01 3.426058944043044452e-01 -5.308229492061325439e-02
9.287139546075111607e-01 3.674490578630240090e-01 -4.971667089875964063e-02
9.194867270774397250e-01 3.903959728114012595e-01 -4.620935735423685464e-02
9.104507484961856800e-01 4.114200848631515695e-01 -4.258057194041075383e-02
9.017501482706673510e-01 4.305084712074059294e-01 -3.884943932623483726e-02
8.935176207068530330e-01 4.476595133785044034e-01 -3.503385068521361334e-02
8.858732225610266298e-01 4.628805820200948551e-01 -3.115038695246758957e-02
8.789235430073718547e-01 4.761858160953459373e-01 -2.721430004146021750e-02
8.727611910739494494e-01 4.875940619812714760e-01 -2.323954496074775999e-02
8.674645423043081394e-01 4.971270215567922812e-01 -1.923885513715822490e-02
8.630976872993532112e-01 5.048076436966232317e-01 -1.522385311047873800e-02
8.597105289473193634e-01 5.106587810647457149e-01 -1.120518898224794405e-02
8.573389816587168033e-01 5.147021239682607607e-01 -7.192699449317931266e-03
8.560052339907207042e-01 5.169574152200241413e-01 -3.195580818504733557e-03
8.557180450093397894e-01 5.174419442050498530e-01 7.774300101545542421e-04
8.564730540749456722e-01 5.161703142610285511e-01 4.717872056097819657e-03
8.582530930489340459e-01 5.131544746063848583e-01 8.617379272370582349e-03
8.610284989051726345e-01 5.084040058944897522e-01 1.246750672007729786e-02
8.647574331525216262e-01 5.019266465660173759e-01 1.625956833154983128e-02
8.693862221278363389e-01 4.937290450793807572e-01 1.998449056207541111e-02
8.742886016490576395e-01 4.849261914342614666e-01 2.159129839051613167e-02
8.794857600549621512e-01 4.753632823905931115e-01 2.312364946917700240e-02
8.849356799363095050e-01 4.650645335425185878e-01 2.457598135065583791e-02
8.905948370141587578e-01 4.540572314210577498e-01 2.594272580136461684e-02
8.964186188761159579e-01 4.423719938635577442e-01 2.721834334054519869e-02
9.023617735942289775e-01 4.300429977687480476e-01 2.839736483084805835e-02
9.083788846187152988e-01 4.171081650087042902e-01 2.947443955230558479e-02
9.144248668022065818e-01 4.036092977563047746e-01 3.044438897816326844e-02
9.204554768576401758e-01 3.895921552931014276e-01 3.130226526025928213e-02
9.264278300692239121e-01 3.751064655020522332e-01 3.204341323297626998e-02
9.323009137463508234e-01 3.602058657182405366e-01 3.266353456869513366e-02
9.380360868228779792e-01 3.449477693835727998e-01 3.315875257493644535e-02
9.435975542426411344e-01 3.293931569812449944e-01 3.352567602429429999e-02
9.489528044098449744e-01 3.136062919433266205e-01 3.376146036184878019e-02
9.540729980766674556e-01 2.976543645414116979e-01 3.386386464781822314e-02
9.589332976241774498e-01 2.816070690820424716e-01 3.383130266967677297e-02
9.635131267736373184e-01 2.655361219226939906e-01 3.366288679817495966e-02
9.677963523210475483e-01 2.495147297863659352e-01 3.335846336213719315e-02
9.717713814661285143e-01 2.336170194762088037e-01 3.291863857012277544e-02
9.754311706279368277e-01 2.179174412845458486e-01 3.234479430195802419e-02
9.789832026080891314e-01 2.011005199535859100e-01 3.392105646390928403e-02
9.823910637193594697e-01 1.834638615228190439e-01 3.534091270066638119e-02
9.855998672467713995e-01 1.650869652873414584e-01 3.659738446927063293e-02
9.885585651990260736e-01 1.460549156390742453e-01 3.768421208433946068e-02
9.912209198440338209e-01 1.264579662247704017e-01 3.859595444934667968e-02
9.935463946831103454e-01 1.063909858956388621e-01 3.932808271371639880e-02
9.955009391164603150e-01 8.595277472060730561e-02 3.987706426427044953e-02
9.970576429251039041e-01 6.524526416252854344e-02 4.024043370678564990e-02
9.981972398556798742e-01 4.437262088092071982e-02 4.041684791753131362e-02
9.989084439354259937e-01 2.344027818428730606e-02 4.040612282929646054e-02
9.991881074593654821e-01 2.553922606056302502e-03 4.020925033261290443e-02
9.990411955917477549e-01 -1.818153481562429646e-02 3.982839448087096418e-02
9.984805788608203114e-01 -3.866297235802328147e-02 3.926686704027672337e-02
9.975266511220439725e-01 -5.879002725148793629e-02 3.852908327076080830e-02
9.962067864456878308e-01 -7.846599422520721123e-02 3.762049961125880915e-02
9.945546535128765298e-01 -9.759862971006157129e-02 3.654753562642341219e-02
9.926094102074539682e-01 -1.161008431317868683e-01 3.531748311468992096e-02
9.904148039835360962e-01 -1.338912621176311657e-01 3.393840565406392590e-02
9.880182051818572342e-01 -1.508946641846442838e-01 3.241903205935199594e-02
9.854696007716970962e-01 -1.670422732273175170e-01 3.076864724320126088e-02
9.828205751084748698e-01 -1.822719245546149114e-01 2.899698382555320961e-02
9.801233023919699860e-01 -1.965281070708236877e-01 2.711411754399523089e-02
9.774295728096936697e-01 -2.097618952468426057e-01 2.513036910996361770e-02
9.747898711046258935e-01 -2.219307866577938382e-01 2.305621466557587068e-02
9.722525227709657436e-01 -2.329984630113688671e-01 2.090220645661955423e-02
9.698629194942596232e-01 -2.429344937671022442e-01 1.867890478068510995e-02
9.676628320200000299e-01 -2.517140017119205986e-01 1.639682172361191931e-02
9.656898155218438529e-01 -2.593173093137542962e-01 1.406637668526950977e-02
9.639767098635468878e-01 -2.657295834495153053e-01 1.169786323451886371e-02
9.625512349756693009e-01 -2.709404943340719130e-01 9.301426434672766322e-03
9.614356799217512739e-01 -2.749439022999352611e-01 6.887049451476317391e-03
9.606466830919420108e-01 -2.777375836205459025e-01 4.464547997879439803e-03
9.601951002854365314e-01 -2.793230039453367675e-01 2.043570982751581264e-03
9.600859571524348324e-01 -2.797051452162324647e-01 -3.663943889191554823e-04
9.603184824708984602e-01 -2.788923892390081094e-01 -2.756014873240395131e-03
9.608862189330474868e-01 -2.768964584491121483e-01 -5.116102608996760115e-03
9.617772084085353113e-01 -2.737324118877607071e-01 -7.437607454868537527e-03
9.629742489359415236e-01 -2.694186920296078314e-01 -9.711611888315483873e-03
9.644552208802258386e-01 -2.639772159132989238e-01 -1.192932996097235965e-02
9.661934797023645771e-01 -2.574335020557551035e-01 -1.408211161147922622e-02
9.684679867175381984e-01 -2.484565858515858094e-01 -1.841852557019520858e-02
9.711719653912430639e-01 -2.373021551638932469e-01 -2.264650662732358224e-02
9.742191601262685241e-01 -2.240126591853923987e-01 -2.674931195190103500e-02
9.775106172658647452e-01 -2.086385939832622605e-01 -3.071002379924721304e-02
9.809365245263228505e-01 -1.912398142590627792e-01 -3.451159667001575670e-02
9.843783200679506740e-01 -1.718868373888194634e-01 -3.813695315146946319e-02
9.877110659333609988e-01 -1.506620528924901004e-01 -4.156912899340187151e-02
9.908060668225372458e-01 -1.276607477381397071e-01 -4.479146546895407949e-02
9.935336986322300667e-01 -1.029918593439302643e-01 -4.778784435477112513e-02
9.957663930187957702e-01 -7.677837462136710700e-02 -5.054295806741702923e-02
9.973817059744711777e-01 -4.915730545125691908e-02 -5.304260479443870246e-02
9.982653818369319199e-01 -2.027918870970518012e-02 -5.527399607703559897e-02
9.983143111947279102e-01 9.692918088704288726e-03 -5.722606247209351821e-02
9.974392736221616707e-01 4.058494737680426456e-02 -5.888974186873493361e-02
9.955673555505925032e-01 7.221381067647708596e-02 -6.025823494008513553e-02
9.926439407563649731e-01 1.043898088737925389e-01 -6.132721318209913980e-02
9.886341860526877134e-01 1.369193787169380727e-01 -6.209496703649591137e-02
9.835239170886704851e-01 1.696080678862777469e-01 -6.256248461060030797e-02
9.773199071217624212e-01 2.022636151614314870e-01 -6.273345528050050524e-02
9.700495329919855969e-01 2.346990048491718606e-01 -6.261419669311321656e-02
9.617598346135897147e-01 2.667353664444596095e-01 -6.221350800992548474e-02
9.525160343431037235e-01 2.982046012351587394e-01 -6.154245629111607108e-02
9.423995980648905979e-01 3.289516360764618841e-01 -6.061410636829550613e-02
9.315059387938312563e-01 3.588362289543887140e-01 -5.944320713620527413e-02
9.199418748332847118e-01 3.877342788480476754e-01 -5.804584874928759436e-02
9.078229577039472753e-01 4.155386212418092917e-01 -5.643910569265225136e-02
8.952707806531214896e-01 4.421593180323620809e-01 -5.464068017188501714e-02
8.824103677159726988e-01 4.675234745289383875e-01 -5.266855888512251421e-02
8.693677276410931576e-01 4.915746353428706028e-01 -5.054069421747984375e-02
8.562676383374420164e-01 5.142718244397845861e-01 -4.827471847436815011e-02
8.432317076574834536e-01 5.355883023459152570e-01 -4.588769718639579276e-02
8.303767369074486204e-01 5.555101158516592141e-01 -4.339592498727683906e-02
8.178133957460972381e-01 5.740345133219730833e-01 -4.081476525660491378e-02
8.056452019846243040e-01 5.911682929173546208e-01 -3.815853274888523355e-02
7.939677877276901663e-01 6.069261427463457093e-01 -3.544041686426444016e-02
7.828684244455540453e-01 6.213290222662587459e-01 -3.267244207400289702e-02
7.724257738079363111e-01 6.344026240510537429e-01 -2.986546127683535612e-02
7.627098281123085854e-01 6.461759451028741275e-01 -2.702917748655482566e-02
7.537820034562331406e-01 6.566799877474219782e-01 -2.417218917623272650e-02
7.456953499406638874e-01 6.659466021815261261e-01 -2.130205476364101930e-02
7.384948456607089984e-01 6.740074761227146105e-01 -1.842537204941243137e-02
7.322177445984725530e-01 6.808932717963152026e-01 -1.554786885356273900e-02
7.268939524023636523e-01 6.866329066333175524e-01 -1.267450158504192237e-02
7.225464081185407617e-01 6.912529714193731412e-01 -9.809558980659049965e-03
7.191914540097822384e-01 6.947772780673500126e-01 -6.956768731615530638e-03
7.168391795025755853e-01 6.972265284988555800e-01 -4.119405154674571357e-03
7.154937289527464328e-01 6.986180961271877266e-01 -1.300396445249049106e-03
7.151535662704410212e-01 6.989659119563474965e-01 1.497569637599057129e-03
7.158116924903966671e-01 6.982804481833483345e-01 4.271942563054832720e-03
7.174558151321844823e-01 6.965687932663153781e-01 7.020209036628326585e-03
7.200684707016221653e-01 6.938348135680928452e-01 9.739796863224074036e-03
7.236271039792170345e-01 6.900793977893036057e-01 1.242798326787665844e-02
7.281041098633987962e-01 6.853007813647082891e-01 1.508180829872524803e-02
7.334668455168233958e-01 6.794949487225507845e-01 1.769799400905133421e-02
7.396776224215406703e-01 6.726561117186719008e-01 2.027287022878516975e-02
7.466936896842510940e-01 6.647772625853978212e-01 2.280230788032061584e-02
7.544672215262875348e-01 6.558507993197995045e-01 2.528166095664229410e-02
7.629453233011592728e-01 6.458692205297862365e-01 2.770571844769223815e-02
7.720700715380320878e-01 6.348258853291763870e-01 3.006866765763835034e-02
7.817786043213478253e-01 6.227158319159079580e-01 3.236407048335996489e-02
7.920032786731879826e-01 6.095366460009995491e-01 3.458485430347817136e-02
8.026719113791475069e-01 5.952893673355500459e-01 3.672331913702443079e-02
8.137081187572073881e-01 5.799794193073235515e-01 3.877116265073220214e-02
8.250317690848475438e-01 5.636175430936670727e-01 4.071952440477249330e-02
8.365595586658045590e-01 5.462207143605953830e-01 4.255905041270571093e-02
8.482057187665804632e-01 5.278130172346370275e-01 4.427997864226473207e-02
8.598828558740266859e-01 5.084264475314963505e-01 4.587224549713864868e-02
8.715029219853794862e-01 4.881016153174698169e-01 4.732561260442181422e-02
8.829783050988847526e-01 4.668883161242615709e-01 4.862981240841265929e-02
8.942230229850407497e-01 4.448459408294958561e-01 4.977471017305205164e-02
9.051539960440947441e-01 4.220436965895276171e-01 5.075047906991744795e-02
9.156923680412797362e-01 3.985606154092439235e-01 5.154778413546729637e-02
9.257648372661414493e-01 3.744853329682471532e-01 5.215797008753784297e-02
9.353049557184163199e-01 3.499156280525714813e-01 5.257324736736921494e-02
9.442543507864500363e-01 3.249577220570686320e-01 5.278687038657087910e-02
9.525638229796729028e-01 2.997253480544117554e-01 5.279330186437926342e-02
9.601942748923508741e-01 2.743386092634539919e-01 5.258835737702343555e-02
9.671174308172570955e-01 2.489226566914529981e-01 5.216932482131306226e-02
9.733163131880468999e-01 2.236062245404358273e-01 5.153505440363261719e-02
9.787854509811468873e-01 1.985200689689678166e-01 5.068601595894219047e-02
9.836593053721229829e-01 1.723924366788605611e-01 5.191792491644914298e-02
9.879311125673521099e-01 1.455759918412151133e-01 5.291504769236286126e-02
9.915377931206104112e-01 1.182053618296426967e-01 5.367079456739640153e-02
9.944287889590289753e-01 9.042205956591693738e-02 5.418019233257599654e-02
9.965671932018922430e-01 6.237284857543759498e-02 5.444002574901982139e-02
9.979305542277600027e-01 3.420791107359734406e-02 5.444894013147467265e-02
9.985113183385434521e-01 6.078883785305706083e-03 5.420750011069083024e-02
9.983168907048649565e-01 -2.186316622413595270e-02 5.371820171746539280e-02
9.973693111803856315e-01 -4.946975015153511068e-02 5.298543722351924806e-02
9.957045587797778152e-01 -7.659687625304606451e-02 5.201541450288872659e-02
9.933715148301773823e-01 -1.031068103889925258e-01 5.081603486964532401e-02
9.904306288434527872e-01 -1.288696196176720987e-01 4.939673524544228866e-02
9.869523420652255297e-01 -1.537644529935756899e-01 4.776830198657396748e-02
9.830153308105072929e-01 -1.776805286040882836e-01 4.594266467090560302e-02
9.787046348404501162e-01 -2.005178115985519482e-01 4.393267857521783448e-02
9.741097352836503021e-01 -2.221873833680935717e-01 4.175190447688175571e-02
9.693226423939813596e-01 -2.426115161081489335e-01 3.941439384645303162e-02
9.644360464430327129e-01 -2.617234789475031964e-01 3.693448654783050566e-02
9.595415760929264515e-01 -2.794671111395187757e-01 3.432662693731374642e-02
9.547281985556983486e-01 -2.957962042462009555e-01 3.160520286553417102e-02
9.505735497813929680e-01 -3.093607424689889251e-01 2.657198129895095920e-02
9.470440720682841151e-01 -3.203838813359524695e-01 2.149195735559919149e-02
9.442320113805939830e-01 -3.288733489983268754e-01 1.638406251937520042e-02
9.422073288457500917e-01 -3.348412009686038693e-01 1.126621101364038216e-02
9.410174711064196451e-01 -3.383022870844534791e-01 6.155476461428751114e-03
9.406873959114395722e-01 -3.392731811475543369e-01 1.068298123804131521e-03
9.412198099909266924e-01 -3.377715887355470237e-01 -3.979296690187059636e-03
9.425955920993801529e-01 -3.338162326837528782e-01 -8.971466989786120241e-03
9.447743905563177336e-01 -3.274272014795148733e-01 -1.389234163593653509e-02
9.476954003753859102e-01 -3.186267325655826044e-01 -1.872582382150202868e-02
9.512783389735718353e-01 -3.074403895999149872e-01 -2.345542760370442417e-02
9.554246504047193556e-01 -2.938985795202619933e-01 -2.806415680240963162e-02
9.600189750575496284e-01 -2.780383415414228732e-01 -3.253443557861823709e-02
9.649309238878255313e-01 -2.599053260656701281e-01 -3.684809868991439225e-02
9.700171927628133961e-01 -2.395558674325909965e-01 -4.098644767015269252e-02
9.751240428805408866e-01 -2.170590414372825794e-01 -4.493037690455641692e-02
9.800901573600875327e-01 -1.924985879759660568e-01 -4.866057071618103136e-02
9.847498623703719867e-01 -1.659745727086839040e-01 -5.215776915840299871e-02
9.889366745981365003e-01 -1.376046610568379958e-01 -5.540309631882871233e-02
9.924871071828164082e-01 -1.075248848514158279e-01 -5.837844077745503457e-02
9.952446358888273892e-01 -7.588979776550333622e-02 -6.106687371620599797e-02
9.970636992223179673e-01 -4.287194081931142847e-02 -6.345308641638079672e-02
9.978135836978893058e-01 -8.660573255865368358e-03 -6.552382591628361230e-02
9.973820316969795874e-01 2.654033469014150520e-02 -6.726830583649029416e-02
9.956784069606819942e-01 6.251480496650921315e-02 -6.867856914897536857e-02
9.926362633474670183e-01 9.903816235134949020e-02 -6.974978117278046730e-02
9.882151863097508038e-01 1.358808214447092821e-01 -7.048043434794337703e-02
9.824018122886729598e-01 1.728123841741902589e-01 -7.087245119098517510e-02
9.752099760654512339e-01 2.096058589526679783e-01 -7.093117789037896304e-02
9.666799860008191692e-01 2.460418037956889070e-01 -7.066526772099336606e-02
9.568770773105136351e-01 2.819122020336271017e-01 -7.008646021385676883e-02
9.458891392893067351e-01 3.170238999613466113e-01 -6.920926817798356279e-02
9.338238495434779685e-01 3.512014684668062769e-01 -6.805058968214591775e-02
9.208053738073320726e-01 3.842893917462617548e-01 -6.662926556698062219e-02
9.069708022719239482e-01 4.161535313411510728e-01 -6.496560476914711724e-02
8.924664925740665167e-01 4.466818585466281188e-01 -6.308089970403957247e-02
8.774444771084880523e-01 4.757844888676065476e-01 -6.099695236167610585e-02
8.620590706086217470e-01 5.033930856787375285e-01 -5.873562895029257186e-02
8.464637860578925199e-01 5.294597247730764566e-01 -5.631845728087520042e-02
8.308086361401004760e-01 5.539553264326382287e-01 -5.376627704765204324e-02
8.152378665457598039e-01 5.768677674362644447e-01 -5.109894911345454205e-02
7.998881389055431113e-01 5.981997832412290217e-01 -4.833512617134067685e-02
7.848871566111704778e-01 6.179667621320040771e-01 -4.549208394913302478e-02
7.703527072753548754e-01 6.361945203196927023e-01 -4.258560958000413843e-02
7.563920813906959140e-01 6.529171316506795497e-01 -3.962994192181445996e-02
7.431018176651428275e-01 6.681748693733796651e-01 -3.663775744307094795e-02
7.305677209642933434e-01 6.820123016234685975e-01 -3.362019472784099489e-02
7.188650979902327931e-01 6.944765678647014662e-01 -3.058691058095241652e-02
7.080591579034275496e-01 7.056158510595951228e-01 -2.754616102258296284e-02
6.982055291991843271e-01 7.154780501342727916e-01 -2.450490103457072036e-02
6.893508495229088151e-01 7.241096493972423165e-01 -2.146889765760433971e-02
6.815333911154883850e-01 7.315547758524590938e-01 -1.844285185352725551e-02
6.747836907294715303e-01 7.378544315815699361e-01 -1.543052537328203772e-02
6.691251587940270085e-01 7.430458862688091859e-01 -1.243486965931560329e-02
6.645746481009853213e-01 7.471622141958876862e-01 -9.458154528197185509e-03
6.611429672077739905e-01 7.502319603437971329e-01 -6.502095004531487435e-03
6.588353280590794059e-01 7.522789213307079503e-01 -3.567975200940048160e-03
6.576517210310625083e-01 7.533220285523688498e-01 -6.567685583107386350e-04
6.575872137548821605e-01 7.533753228736529417e-01 2.230745921946549609e-03
6.586321727610792154e-01 7.524480123828793943e-01 5.093871600829412948e-03
6.614714130340242360e-01 7.499107048179444179e-01 9.476490980408489376e-03
6.659630336736944711e-01 7.458567247448989468e-01 1.383056858807397115e-02
6.720695787064008275e-01 7.402655439823260242e-01 1.815785557376511927e-02
6.797438952855706651e-01 7.331058061918505064e-01 2.245922749648657235e-02
6.889285115383406710e-01 7.243363033919162364e-01 2.673443339835650939e-02
6.995548441914737348e-01 7.139071721859969744e-01 3.098185091314946751e-02
7.115422793667927071e-01 7.017613375865596748e-01 3.519824940730970075e-02
7.247971798959906842e-01 6.878362343545890711e-01 3.937856477574425140e-02
7.392118838172617723e-01 6.720658345693727442e-01 4.351569134852835419e-02
7.546637710163830448e-01 6.543830049735223087e-01 4.760029833626323870e-02
7.710144875529113540e-01 6.347222077718681632e-01 5.162068024134704169e-02
7.881094289622011528e-01 6.130225433602016771e-01 5.556265253316170633e-02
8.057775932190922585e-01 5.892311125199503063e-01 5.940950541883776442e-02
8.238319191655398832e-01 5.633066489614925176e-01 6.314202947995149751e-02
8.420702248203081330e-01 5.352233413905473913e-01 6.673862699397835330e-02
8.602768497813410020e-01 5.049747290078262507e-01 7.017552161039322667e-02
8.782250847861029497e-01 4.725775180263464548e-01 7.342707642636979448e-02
8.956804379215584921e-01 4.380751329390818460e-01 7.646622621080308158e-02
9.124047405932347310e-01 4.015407893399156047e-01 7.926502351009542813e-02
9.281610383856276902e-01 3.630798600953471511e-01 8.179529079851152740e-02
9.424717769691663971e-01 3.241170512349178523e-01 8.182575622457308184e-02
9.551525535168569059e-01 2.846678549487798304e-01 8.153636317623480512e-02
9.661497931325898625e-01 2.449640445973746694e-01 8.091698530808416612e-02
9.754383019850734193e-01 2.052478507255366125e-01 7.996123892351209017e-02
9.830224474374467114e-01 1.657672462825579840e-01 7.866666431309606022e-02
9.889363447888893655e-01 1.267710492857690441e-01 7.703477936333878728e-02
9.932430298342949104e-01 8.850407502760987422e-02 7.507100330645716246e-02
9.960326577312335061e-01 5.120256583296525082e-02 7.278445667131247521e-02
9.974198257484455654e-01 1.509010425214704632e-02 7.018765112165155362e-02
9.975401649336670395e-01 -1.962582201826015837e-02 6.729608920703071540e-02
9.965463795039491979e-01 -5.275648400792876114e-02 6.412779855830967601e-02
9.946039305893571436e-01 -8.413373942684274076e-02 6.070282743034158268e-02
9.918865626110492384e-01 -1.136110152199246437e-01 5.704272869045880212e-02
9.885718576404082247e-01 -1.410634859741573821e-01 5.317005757548878137e-02
9.848369785662376419e-01 -1.663875318081786403e-01 4.910790518043552794e-02
9.808547296205065713e-01 -1.894995909739443096e-01 4.487948519540996273e-02
9.767900268339564374e-01 -2.103345422932040298e-01 4.050778639940218195e-02
9.727968350658575680e-01 -2.288437611406896055e-01 3.601529833493413713e-02
9.690155954542337691e-01 -2.449929913844447749e-01 3.142381282110917606e-02
9.655711396574977456e-01 -2.587601665361913827e-01 2.675429979204534126e-02
9.625710663719159177e-01 -2.701332986235411293e-01 2.202685252997983734e-02
9.601045417319687969e-01 -2.791085351603055376e-01 1.726069474580833873e-02
9.582414780659590514e-01 -2.856884649375356910e-01 1.247424010784102186e-02
9.570320443243574005e-01 -2.898807336199068496e-01 7.685193638748409085e-03
9.565064652493019404e-01 -2.916970112599882592e-01 2.910683768915335763e-03
9.566750737803666471e-01 -2.911523363334374004e-01 -1.832586374829360022e-03
9.575285910227230302e-01 -2.882648448719659640e-01 -6.528179765046928859e-03
9.590386190996963434e-01 -2.830558785784479392e-01 -1.115976934763613856e-02
9.611583432047118292e-01 -2.755504521468317702e-01 -1.571099548685437816e-02
9.638234490793226028e-01 -2.657780470387018923e-01 -2.016534681519735819e-02
9.669532699939948905e-01 -2.537736864190850428e-01 -2.450607348737427610e-02
9.704521822263153519e-01 -2.395792337198232869e-01 -2.871614078560178265e-02
9.742112692825084519e-01 -2.232448455066508852e-01 -3.277822969712101964e-02
9.781102721376043752e-01 -2.048304983801452206e-01 -3.667478942606552245e-02
9.820198352656205332e-01 -1.844075002304769728e-01 -4.038814476659703667e-02
9.858040462023776040e-01 -1.620598892323540097e-01 -4.390065883906057315e-02
9.893232502370895576e-01 -1.378856206207064727e-01 -4.719494890796635533e-02
9.924371024310824074e-01 -1.119974426804888346e-01 -5.025414994957625586e-02
9.950077978611829854e-01 -8.452337053479130891e-02 -5.306221747060453631e-02
9.969033995743711296e-01 -5.560667991494162854e-02 -5.560425801089129844e-02
9.980954143630057507e-01 -2.685165254442743385e-02 -5.554148846312825100e-02
9.984725022989111576e-01 1.824249713850905480e-03 -5.522370707229497244e-02
9.980466954737821084e-01 3.026642756676767992e-02 -5.465399421288779508e-02
9.968451351001463845e-01 5.832352066372173405e-02 -5.383738014139125699e-02
9.949092386260393051e-01 8.584938447617036783e-02 -5.278074754079736808e-02
9.922935184122251284e-01 1.127048803713407432e-01 -5.149269158821664916e-02
9.890641026383242274e-01 1.387594198413619195e-01 -4.998334429887535402e-02
9.852970197030328503e-01 1.638922184266433379e-01 -4.826417133534889603e-02
9.810763137865678996e-01 1.879932312676487194e-01 -4.634775034214377865e-02
9.764920612952698864e-01 2.109637591345686625e-01 -4.424754015086998504e-02
9.716383558481244131e-01 2.327167299925390342e-01 -4.197764993048999638e-02
9.666113238621182324e-01 2.531766756217946335e-01 -3.955261660427845244e-02
9.615072244516071898e-01 2.722794347574458707e-01 -3.698719772481620649e-02
9.564206772046692784e-01 2.899716231800812949e-01 -3.429618561151127204e-02
9.514430503825849206e-01 3.062099170188628539e-01 -3.149424703483381938e-02
9.466610310791608862e-01 3.209601983345135023e-01 -2.859579119079803597e-02
9.421553886060893834e-01 3.341966121510314136e-01 -2.561486724267707932e-02
9.379999333909503356e-01 3.459005819611752908e-01 -2.256509138527314565e-02
9.342606663457884153e-01 3.560598268688293100e-01 -1.945960225590982404e-02
9.309951081634258996e-01 3.646674184839825417e-01 -1.631104259762432979e-02
9.282517943441418451e-01 3.717209099426893038e-01 -1.313156437565984186e-02
9.260699198395173637e-01 3.772215633980215976e-01 -9.932854044792686563e-03
9.244791168249456570e-01 3.811736963374900977e-01 -6.726174338577676007e-03
9.234993500218499074e-01 3.835841613479838430e-01 -3.522418773280898766e-03
9.231409158998055142e-01 3.844619685989015823e-01 -3.321749990963210504e-04
9.234045347042278973e-01 3.838180553969722797e-01 2.834206838432736138e-03
9.242815272905093860e-01 3.816652026706575662e-01 5.966544465930050459e-03
9.257540719297091547e-01 3.780180941156356944e-01 9.054756168899016910e-03
9.277955393338255252e-01 3.728935099028705125e-01 1.208879919788195811e-02
9.303709069024710399e-01 3.663106432430696113e-01 1.505861706630449992e-02
9.334372554130835331e-01 3.582915246576969803e-01 1.795409864339894690e-02
9.369443528843441893e-01 3.488615354991549400e-01 2.076505162845485378e-02
9.408353309862800273e-01 3.380499891046338523e-01 2.348119261683962594e-02
9.450474590336230829e-01 3.258907550211017634e-01 2.609215552264010710e-02
9.495130192066109087e-01 3.124228991151896118e-01 2.858751959788135080e-02
9.541602841731516849e-01 2.976913102408703105e-01 3.095685767867667471e-02
9.589145947792410141e-01 2.817472826773784744e-01 3.318980459549392137e-02
9.636995310454481434e-01 2.646490229896604207e-01 3.527614491779387795e-02
9.684381645516131343e-01 2.464620505242809956e-01 3.720591838260997597e-02
9.730543746871955779e-01 2.272594626296470799e-01 3.896954051301688288e-02
9.774742055443004229e-01 2.071220390196445438e-01 4.055793510697117826e-02
9.816272348473767950e-01 1.861381645385764561e-01 4.196267451913551771e-02
9.854479216947072961e-01 1.644035558768758565e-01 4.317612302243811762e-02
9.888768964772026715e-01 1.420207853486516458e-01 4.419157807703574803e-02
9.918621545412206197e-01 1.190986033589846727e-01 4.500340410158275989e-02
9.943601152878767113e-01 9.575107022450750349e-02 4.560715337368768246e-02
9.963365106366111057e-01 7.209651703317121463e-02 4.599966900499249944e-02
9.977670711502778511e-01 4.825636365201572964e-02 4.617916554241988797e-02
9.986379844703625608e-01 2.435382922734944527e-02 4.614528361865491424e-02
9.989461087168596265e-01 5.125760383724344005e-04 4.589911616680812656e-02
9.986989326882019791e-01 -2.314466905665436489e-02 4.544320496140612925e-02
9.979142844616062380e-01 -4.649747036461485822e-02 4.478150757075443494e-02
9.966197996966462691e-01 -6.942897257104838071e-02 4.391933611740848203e-02
9.948521699449799360e-01 -9.182708354944314755e-02 4.286327045803373093e-02
9.926561989955703380e-01 -1.135855167865742615e-01 4.162104943450318367e-02
9.900837012872488740e-01 -1.346046669296354081e-01 4.020144465389766802e-02
9.871922804072046365e-01 -1.547923004831267269e-01 3.861412178634004294e-02
9.840440275492408073e-01 -1.740640526439039826e-01 3.686949460982461013e-02
9.807041795873699952e-01 -1.923437300767858460e-01 3.497857698689470218e-02
9.772397743394167779e-01 -2.095634275803875957e-01 3.295283765591663222e-02
9.737183369811123201e-01 -2.256634736559147703e-01 3.080406220222936184e-02
9.702066268289573081e-01 -2.405922256788498304e-01 2.854422589414276276e-02
9.667694682766022618e-01 -2.543057395260396314e-01 2.618538028239308924e-02
9.634686839717012674e-01 -2.667673410955241908e-01 2.373955562491395638e-02
9.603621427418994605e-01 -2.779471282476622673e-01 2.121868036185594122e-02
9.575029296363456455e-01 -2.878214314496057580e-01 1.863451807040231861e-02
9.549386409786106977e-01 -2.963722600302425847e-01 1.599862160666934083e-02
9.527108036790824519e-01 -3.035867586844137600e-01 1.332230351396933472e-02
9.508544152998114063e-01 -3.094566959402213491e-01 1.061662125434128731e-02
9.493975995009570346e-01 -3.139780029411511908e-01 7.892375406650322875e-03
9.483613704653029997e-01 -3.171503772852406478e-01 5.160118666526441675e-03
9.477594995910268993e-01 -3.189769629597213885e-01 2.430173273487798262e-03
9.475984780273786212e-01 -3.194641137265675224e-01 -2.873456309876775208e-04
9.478775693490009147e-01 -3.186212437322071267e-01 -2.982503254268803125e-03
9.485889476601633286e-01 -3.164607656843241856e-01 -5.645517527293607285e-03
9.497179175285754837e-01 -3.129981136901932581e-01 -8.266733033048135476e-03
9.512432132154792219e-01 -3.082518448022149027e-01 -1.083659877890284610e-02
9.531373755531045155e-01 -3.022438104817409266e-01 -1.334565191234712497e-02
9.553672053987097845e-01 -2.949993865908583923e-01 -1.578450924018517249e-02
9.578942927648096406e-01 -2.865477481832265916e-01 -1.814386812359783385e-02
9.610104045528806704e-01 -2.755831238610798040e-01 -2.265474361708182116e-02
9.645919592712819401e-01 -2.623571569232481249e-01 -2.704391628022816477e-02
9.685323807143347841e-01 -2.469129730511963883e-01 -3.129403833272283858e-02
9.727118520337721952e-01 -2.293026334829702251e-01 -3.538739680346426886e-02
9.769994264239573178e-01 -2.095888366664190594e-01 -3.930598603282706854e-02
9.812554569269605897e-01 -1.878465713480800547e-01 -4.303164027012650744e-02
9.853343413768999026e-01 -1.641646153820570109e-01 -4.654622610657090098e-02
9.890875593285152201e-01 -1.386467718409865879e-01 -4.983189138212575087e-02
9.923669553377616470e-01 -1.114127368219790110e-01 -5.287136382371260962e-02
9.950281988259753740e-01 -8.259850278068553431e-02 -5.564828920136240253e-02
9.969343270936165124e-01 -5.235621797908666941e-02 -5.814759548444960874e-02
9.979592573198597938e-01 -2.085344672593318627e-02 -6.035586664561091302e-02
9.979911381484040112e-01 1.172819426912361657e-02 -6.226170771472964993e-02
9.969354040536588801e-01 4.519501259818217709e-02 -6.385608172265322402e-02
9.947173978722639864e-01 7.934378121958084173e-02 -6.513259951505415146e-02
9.912844395518566332e-01 1.139647580928532661e-01 -6.608774516704545021e-02
9.866072420752090011e-01 1.488450656630526392e-01 -6.672102284928048410e-02
9.806806072307142630e-01 1.837722859462799230e-01 -6.703501529031076489e-02
9.735233718936531222e-01 2.185381114656891333e-01 -6.703534910867259278e-02
9.651776164193116569e-01 2.529418884284339586e-01 -6.673056780605432503e-02
9.557071869023242572e-01 2.867938966866131478e-01 -6.613191862396475273e-02
9.451956188015911975e-01 3.199182302463075556e-01 -6.525306428885258025e-02
9.337435777151628091e-01 3.521551702678878959e-01 -6.410973449949086689e-02
9.214659518062090493e-01 3.833629766762675639e-01 -6.271933456596810730e-02
9.084887385727283826e-01 4.134190612848905322e-01 -6.110052976507476807e-02
8.949458665372777011e-01 4.422205413753407255e-01 -5.927282376131456226e-02
8.809760812512336114e-01 4.696842050441221716e-01 -5.725614802127600156e-02
8.667200067532140340e-01 4.957459461374383314e-01 -5.507047678616799197e-02
8.523174706957401536e-01 5.203597459328200836e-01 -5.273547918181219207e-02
8.379051562306366607e-01 5.434962904717492993e-01 -5.027021676542237083e-02
8.236146186769665034e-01 5.651413169577622631e-01 -4.769289153329683839e-02
8.095706818194566834e-01 5.852937808585219059e-01 -4.502064638644327071e-02
7.958902087061516806e-01 6.039639286054068190e-01 -4.226941744537419249e-02
7.826812257903787984e-01 6.211713505400379143e-01 -3.945383552149784451e-02
7.700423674568717125e-01 6.369430764537207246e-01 -3.658717252543483567e-02
7.580626002467537594e-01 6.513117629803539810e-01 -3.368132760364402067e-02
7.468211820263213063e-01 6.643140092713278877e-01 -3.074684728723005647e-02
7.363878103334648983e-01 6.759888255643776711e-01 -2.779297383100644281e-02
7.268229155144851905e-01 6.863762689522452387e-01 -2.482771612730267849e-02
7.181780573707859938e-01 6.955162521208029247e-01 -2.185793800869788306e-02
7.104963882680103149e-01 7.034475241292433845e-01 -1.888945932563124500e-02
7.038131505109961328e-01 7.102068173755131664e-01 -1.592716582941352751e-02
6.981561808542116054e-01 7.158281515629475455e-01 -1.297512455297509734e-02
6.935464000030914233e-01 7.203422835398968216e-01 -1.003670201881950649e-02
6.899982696679335392e-01 7.237762910817019391e-01 -7.114683186610639386e-03
6.875202040424261973e-01 7.261532787829280133e-01 -4.211389562639202000e-03
6.861149264434664996e-01 7.274921950018006234e-01 -1.328795319529661647e-03
6.857797652677325440e-01 7.278077500461626048e-01 1.531359387261624176e-03
6.865068864286212325e-01 7.271104273350571523e-01 4.367458469055561163e-03
6.882834620919239255e-01 7.254065809619423266e-01 7.177903716344348657e-03
6.910917778985573579e-01 7.226986147968679219e-01 9.961012683540625134e-03
6.949092830187605374e-01 7.189852398865111960e-01 1.271492094127942701e-02
6.997085893905086174e-01 7.142618083475958946e-01 1.543748904269992388e-02
7.054574284106873705e-01 7.085207231156688268e-01 1.812621465919160568e-02
7.121185752099977728e-01 7.017519237289308043e-01 2.077815049943521758e-02
7.196497524703060478e-01 6.939434487221173287e-01 2.338982882358337997e-02
7.280035275304894693e-01 6.850820751092107086e-01 2.595719359098080936e-02
7.371272182402635043e-01 6.751540347832909461e-01 2.847554152179955500e-02
7.469628245973125580e-01 6.641458064045313581e-01 3.093947359480300752e-02
7.574470045462078360e-01 6.520449794467881866e-01 3.334285872684012580e-02
7.691352366181289923e-01 6.379864893127857872e-01 3.747793923301560165e-02
7.818707349655418248e-01 6.220549011346770962e-01 4.154786815474617589e-02
7.955267521561463218e-01 6.042048435928234484e-01 4.554194171910664474e-02
8.099620481682620055e-01 5.843943992867915993e-01 4.944739892973306489e-02
8.250209663549745720e-01 5.625880305315192897e-01 5.324937493761009583e-02
8.405338950217656757e-01 5.387597143518818577e-01 5.693091708618146229e-02
8.563182062112217885e-01 5.128962178212712608e-01 6.047307400027673169e-02
8.721797542518400226e-01 4.850004183991405426e-01 6.385506711593033624e-02
8.879149993769461791e-01 4.550945468046963538e-01 6.705455196849945121e-02
9.033137952628479406e-01 4.232232048361075916e-01 7.004797323693440214e-02
9.181628434758692947e-01 3.894559906400508753e-01 7.281101295666572715e-02
9.322497734783498080e-01 3.538895528524541589e-01 7.531912558566659921e-02
9.453677563128428663e-01 3.166488963120773770e-01 7.754814704286448757e-02
9.573205071027226509e-01 2.778877786247969106e-01 7.947495793312440993e-02
9.679274811151505897e-01 2.377880704087418362e-01 8.107817459862762255e-02
9.770290262205278964e-01 1.965580024083373178e-01 8.233883617580284309e-02
9.844912271651568014e-01 1.544292873856293047e-01 8.324105228932206224e-02
9.902101693510058089e-01 1.116531789656774742e-01 8.377257507126661951e-02
9.941153651876554198e-01 6.849560657265837960e-02 8.392526130665090012e-02
9.961721253147085564e-01 2.523159712222287909e-02 8.369539577919188345e-02
9.963827177622567310e-01 -1.786074801864934863e-02 8.308385501621254332e-02
9.947862350644711693e-01 -6.050641521278324331e-02 8.209610089933674915e-02
9.914571747105664912e-01 -1.024394626809202458e-01 8.074200499043306112e-02
9.865028230675213505e-01 -1.434085247674037333e-01 7.903551572192742125e-02
9.800596080956334166e-01 -1.831815749402317950e-01 7.699419063160019283e-02
9.722886443136511403e-01 -2.215497464641893455e-01 7.463862359182810158e-02
9.633707295838984663e-01 -2.583300826533311834e-01 7.199180183300545044e-02
9.535010654838126376e-01 -2.933671658975197660e-01 6.907842923928218803e-02
9.428839624741466308e-01 -3.265336482596512546e-01 6.592425105620132453e-02
9.317277614694750021e-01 -3.577297697421779610e-01 6.255541128502824233e-02
9.202401601412374399e-01 -3.868819988225880024e-01 5.899786835988388850e-02
9.086240813978282427e-01 -4.139409614365285872e-01 5.527688801366057586e-02
8.970741688178800466e-01 -4.388788393531699028e-01 5.141662530809392589e-02
8.857739442621731518e-01 -4.616864187237147976e-01 4.743980127954863096e-02
8.748936200248387252e-01 -4.823699575341672818e-01 4.336747400475456093e-02
8.645885238238620873e-01 -5.009480203279060850e-01 3.921889939618770915e-02
8.549980704548145738e-01 -5.174484034340665062e-01 3.501147379260122899e-02
8.462451987447833224e-01 -5.319052471803621396e-01 3.076074836975322205e-02
8.384361855022076648e-01 -5.443564056716563293e-01 2.648050441216172335e-02
8.316607479974634787e-01 -5.548411214333123231e-01 2.218287835352882389e-02
8.267084467426650818e-01 -5.624046418894560473e-01 1.595349709398383165e-02
8.234714668792918468e-01 -5.672741536353944625e-01 9.753507695866990568e-03
8.219879244185909206e-01 -5.694939165210806120e-01 3.589778422880519730e-03
8.222687192504696263e-01 -5.690941066842151175e-01 -2.531621291146112819e-03
8.242983544642467075e-01 -5.660905759544376803e-01 -8.604864904914275719e-03
8.280354529734339497e-01 -5.604853225495357583e-01 -1.462382584837617489e-02
8.334129907349407951e-01 -5.522676476890500119e-01 -2.058155635621065904e-02
8.403382990567490607e-01 -5.414159819910614457e-01 -2.646979709169142159e-02
8.486929199940432822e-01 -5.279003709568601543e-01 -3.227852780913313679e-02
8.583324286121035707e-01 -5.116856081648513133e-01 -3.799557122875060061e-02
8.690863632962825269e-01 -4.927349959671167845e-01 -4.360626465626003118e-02
8.807584288738351530e-01 -4.710146949210367029e-01 -4.909321630407884746e-02
8.931271547600223570e-01 -4.464985939741042964e-01 -5.443616530359519229e-02
9.059471984995299820e-01 -4.191735936287543929e-01 -5.961196549730965466e-02
9.189514801841048852e-01 -3.890451454046743862e-01 -6.459471266950664314e-02
9.318543113729326199e-01 -3.561428361026711120e-01 -6.935603232044715294e-02
9.443556399506227717e-01 -3.205257498718654952e-01 -7.386553990895985966e-02
9.561464679110495135e-01 -2.822872920850973411e-01 -7.809147738730999599e-02
9.669154129105278495e-01 -2.415591252735057315e-01 -8.200151887614068325e-02
9.763562805486875051e-01 -1.985138581864266949e-01 -8.556372498204577182e-02
9.841764006273773235e-01 -1.533661528631194704e-01 -8.874761058368772770e-02
9.901053688743213232e-01 -1.063719771214352156e-01 -9.152527645742207507e-02
9.939037404023528532e-01 -5.782583213794990212e-02 -9.387254281275403400e-02
9.953711579681456811e-01 -8.055921764133597285e-03 -9.577001471050994308e-02
9.943533804832664913e-01 4.258260976156719169e-02 -9.720400724452656072e-02
9.907477139472841143e-01 9.371607938440840169e-02 -9.816726344081676270e-02
9.845064393908651290e-01 1.449618632704638421e-01 -9.865941025179207624e-02
9.756379732740073640e-01 1.959386339060913973e-01 -9.868711683827585679e-02
9.642056696621583711e-01 2.462766169239571368e-01 -9.826394249889518206e-02
9.503243591464485274e-01 2.956272484020645575e-01 -9.740988631165405087e-02
9.341548935100909556e-01 3.436716754711119926e-01 -9.615067370169959327e-02
9.158971063160739057e-01 3.901276577871889972e-01 -9.451683392863198530e-02
8.957816924820664051e-01 4.347545780127857751e-01 -9.254263485540589751e-02
8.740615472541027886e-01 4.773564351329571687e-01 -9.026494635881830708e-02
8.510030881642960399e-01 5.177828543696193497e-01 -8.772210155284736188e-02
8.268780212918506178e-01 5.559282842045972783e-01 -8.495281677969519774e-02
8.019559190269274218e-01 5.917296528746035511e-01 -8.199521888116330370e-02
7.764978660203661898e-01 6.251628185470721188e-01 -7.888601364442587860e-02
7.507513176807945054e-01 6.562381702043711407e-01 -7.565981445587915966e-02
7.249462131981079249e-01 6.849957256633611991e-01 -7.234863665134846911e-02
6.992923005042743778e-01 7.115000374758705393e-01 -6.898155186449504706e-02
6.739775677185332325e-01 7.358351659094035657e-01 -6.558448836338798271e-02
6.491676349172146310e-01 7.580999194133355434e-01 -6.218015798798000315e-02
6.250059394500470100e-01 7.784035040021759499e-01 -5.878808758458251710e-02
6.016145439114245486e-01 7.968616689263772201e-01 -5.542473230256803746e-02
5.790954040674931580e-01 8.135933899613165821e-01 -5.210364921709600972e-02
5.575319504081043265e-01 8.287180950198598239e-01 -4.883571192255149046e-02
5.369908579168031215e-01 8.423534096652478542e-01 -4.562934952515453751e-02
5.175239012430901120e-01 8.546133816689140961e-01 -4.249079646729970322e-02
4.991698146127655500e-01 8.656071327241916524e-01 -3.942434256181469310e-02
4.819560961403213661e-01 8.754378802982990537e-01 -3.643257531845831704e-02
4.659007139306001188e-01 8.842022719055019353e-01 -3.351660900443023672e-02
4.510136861549875475e-01 8.919899764864066549e-01 -3.067629685338378598e-02
4.372985191646514558e-01 8.988834819686318811e-01 -2.791042442439588961e-02
4.247534968714481440e-01 9.049580535823688043e-01 -2.521688334199919182e-02
4.133728214123350009e-01 9.102818134522336901e-01 -2.259282556434983116e-02
4.031476098885021231e-01 9.149159079200908096e-01 -2.003479897872085386e-02
3.940667551099861221e-01 9.189147346673952610e-01 -1.753886556173451378e-02
